4.701362741493435138e+00 1.040000000000000036e+00
1.363818741226023690e+01 9.739999999999999769e-01
5.887292081689976975e+00 9.260000000000000453e-01
5.506100508055373766e+00 9.260000000000000453e-01
7.073221421886518812e+00 1.118000000000000105e+00
5.251972792298973403e+00 1.124000000000000110e+00
9.275661625108670094e+00 9.739999999999999769e-01
2.202440203222149506e+00 1.116000000000000103e+00
8.216796142790327551e+00 1.159999999999999920e+00
2.160085583929416408e+00 9.419999999999999485e-01
5.082554315128038347e+00 1.006000000000000005e+00
3.854270355638762524e+00 1.106000000000000094e+00
6.056710558860912030e+00 1.155999999999999917e+00
1.321464121933289881e+01 9.959999999999999964e-01
1.427350670165123958e+01 1.066000000000000059e+00
1.622181918911698872e+01 1.191000000000000059e+00
1.240990345277096196e+01 9.310000000000000497e-01
4.277816548566098831e+00 1.044000000000000039e+00
