4.278833059429123509e+00 1.100999999999999979e+00
1.061372875780471148e+01 1.106000000000000094e+00
1.555939294337863466e+01 9.689999999999999725e-01
9.585697438331479248e+00 1.147000000000000020e+00
7.362927017848816647e+00 1.012000000000000011e+00
1.442022310288126796e+01 1.002999999999999892e+00
7.418496278360885654e+00 1.022000000000000020e+00
1.133612914446157482e+01 9.889999999999999902e-01
7.835265732201382782e+00 1.443000000000000060e+00
5.890341614279053672e+00 9.889999999999999902e-01
3.612001933284325172e+00 1.213000000000000078e+00
8.418742967578081604e+00 1.143999999999999906e+00
2.056062638946462240e+00 9.819999999999999840e-01
5.751418462998888259e+00 1.141999999999999904e+00
2.889601546627459605e+00 1.056000000000000050e+00
7.751911841433283712e+00 1.016999999999999904e+00
2.945170807139526836e+00 9.469999999999999529e-01
7.946404253225515468e+00 1.020000000000000018e+00
9.807974480379746396e+00 1.006000000000000005e+00
3.973202126612757734e+00 1.044000000000000039e+00
6.168187916839386276e+00 9.899999999999999911e-01
9.446774287051312058e+00 9.729999999999999760e-01
9.002220202954779538e+00 1.088999999999999968e+00
1.861570227154229329e+01 1.133000000000000007e+00
