1.814878494845920187e+01 1.118999999999999995e+00
2.370062844535072699e+01 1.282999999999999918e+00
3.445971825656809528e+01 8.960000000000000187e-01
5.322112041847740116e+00 1.094999999999999973e+00
8.997815322548337491e+00 1.012999999999999901e+00
1.477939027448365117e+01 1.183999999999999941e+00
2.569163438906354813e+01 9.609999999999999654e-01
2.431324565880082744e+01 1.014000000000000012e+00
2.584478869242607502e+01 1.106000000000000094e+00
5.666709224413422064e+00 1.008000000000000007e+00
1.611949042890574546e+01 1.024000000000000021e+00
3.319619525382727687e+01 1.477999999999999980e+00
5.264679178086795730e+01 9.509999999999999565e-01
2.695515739180439141e+01 9.799999999999999822e-01
1.841680497934361682e+01 9.280000000000000471e-01
2.898445191135783716e+01 1.072000000000000064e+00
3.560837553178703097e+00 1.032000000000000028e+00
1.209918996563946969e+01 1.193999999999999950e+00
1.661724191483395074e+01 9.040000000000000258e-01
3.442142968072746356e+01 9.749999999999999778e-01
2.768264033277637637e+01 9.859999999999999876e-01
1.343929012006156043e+01 9.389999999999999458e-01
