8.161565719232607208e+00 9.300000000000000488e-01
1.100068055966313096e+01 9.699999999999999734e-01
5.372259911090337958e+00 1.042999999999999927e+00
1.885627650912502284e+00 1.038999999999999924e+00
6.567676686008452336e+00 9.529999999999999583e-01
1.517040811979418358e+01 1.022999999999999909e+00
2.137519042770251332e+01 1.076999999999999957e+00
1.008988682639218659e+01 1.112000000000000099e+00
1.181185622835756011e+00 1.022999999999999909e+00
4.105687375760430413e+00 1.060000000000000053e+00
4.753204795507741665e+00 1.044000000000000039e+00
8.389264152550344633e+00 1.028000000000000025e+00
1.228859982311657717e+01 1.120999999999999996e+00
8.083294382779634191e+00 1.114999999999999991e+00
9.919113001403884411e+00 1.127999999999999892e+00
3.692983965372032440e+00 9.789999999999999813e-01
