3.752958106290543938e+00 1.133999999999999897e+00
1.202532350959293872e+01 1.207000000000000073e+00
7.241623388194429189e+00 1.326000000000000068e+00
1.551398879149682308e+01 1.161000000000000032e+00
1.287106054763024332e+01 1.356999999999999984e+00
7.003759846246436105e+00 1.100999999999999979e+00
7.743779754529080073e+00 1.145000000000000018e+00
1.091529364716897632e+01 1.082000000000000073e+00
8.933097464269039278e+00 9.769999999999999796e-01
9.382395265726358957e+00 1.256000000000000005e+00
3.700099541413212290e+00 1.461000000000000076e+00
5.550149312119818212e+00 1.506999999999999895e+00
3.885104518483871949e+00 1.012000000000000011e+00
1.657116008904345961e+01 1.141999999999999904e+00
3.065796762885232951e+00 1.040000000000000036e+00
1.144387929594228837e+01 1.598000000000000087e+00
1.006955660913166994e+01 1.153999999999999915e+00
1.908194192071671225e+01 1.391000000000000014e+00
1.374322686810621308e+00 1.387999999999999901e+00
9.488112395481021366e+00 1.062999999999999945e+00
1.823620488267940321e+00 1.046000000000000041e+00
4.783700121398509530e+00 1.096000000000000085e+00
2.880791785814572403e+00 1.179000000000000048e+00
9.725975937429014451e+00 1.026000000000000023e+00
2.907221068253238005e+00 1.497000000000000108e+00
4.281543755063859535e+00 1.078000000000000069e+00
2.167201159970595814e+00 1.054000000000000048e+00
6.528032762350452600e+00 1.159000000000000030e+00
1.287106054763024332e+01 1.016000000000000014e+00
1.279177270031424918e+01 1.002000000000000002e+00
9.012385311585036973e+00 1.034000000000000030e+00
8.827380334514376869e+00 1.064999999999999947e+00
