5.391573617487822823e+00 1.000000000000000000e+00
1.001669804425433874e+01 1.000000000000000000e+00
1.744332640951942626e+00 1.000000000000000000e+00
1.876479053145272147e+01 2.000000000000000000e+00
1.036027871595699246e+01 1.000000000000000000e+00
1.213104063934760468e+01 1.000000000000000000e+00
3.118655327762564156e+00 1.000000000000000000e+00
1.900265407340071278e+01 1.000000000000000000e+00
1.411323682224753995e+01 2.000000000000000000e+00
9.725975937429014451e+00 1.000000000000000000e+00
2.251774863774326718e+01 1.000000000000000000e+00
1.580471089832214560e+01 1.000000000000000000e+00
2.050912317240466365e+01 1.000000000000000000e+00
