2.917725013837836556e+01 1.370999999999999996e+00
2.932498305047142040e+01 1.272000000000000020e+00
4.332267647128838917e+01 1.243999999999999995e+00
1.783874913523639094e+01 1.177000000000000046e+00
1.373916082465411037e+01 1.358999999999999986e+00
1.181863296744439751e+01 1.457999999999999963e+00
2.456059663547038951e+01 1.258000000000000007e+00
2.149513870953949635e+01 1.056000000000000050e+00
3.730256030349639218e+01 1.512000000000000011e+00
5.181731891663905287e+01 1.030000000000000027e+00
1.617675387418952226e+01 1.247999999999999998e+00
3.911228847663631569e+01 1.189999999999999947e+00
1.935301148419020123e+01 1.088000000000000078e+00
1.584435482198014711e+01 1.125000000000000000e+00
2.241846941012109085e+01 1.360000000000000098e+00
1.019357093442079432e+01 1.106000000000000094e+00
2.818005298175024720e+01 1.237999999999999989e+00
2.167980484965581667e+01 1.149000000000000021e+00
2.662885740477316432e+01 1.030000000000000027e+00
2.215993681395824666e+01 1.461000000000000076e+00
3.253817388849535774e+01 1.243000000000000105e+00
1.403462664884022360e+01 1.538000000000000034e+00
3.759802612768249475e+01 1.056999999999999940e+00
2.633339158058705820e+01 1.314999999999999947e+00
5.576917431512828927e+01 1.094999999999999973e+00
1.115383486302565075e+01 1.082000000000000073e+00
4.106974956186928694e+01 1.362999999999999989e+00
8.605442129420451280e+00 1.048999999999999932e+00
2.197527067384192634e+01 1.100999999999999979e+00
1.196636587953745234e+01 1.143999999999999906e+00
2.744138842128497302e+01 1.181000000000000050e+00
1.370222759663085199e+01 1.102000000000000091e+00
4.875186099070813128e+00 1.092999999999999972e+00
3.582523118256583672e+01 1.030999999999999917e+00
2.906645045430856911e+01 1.443000000000000060e+00
1.931607825616693930e+01 1.112000000000000099e+00
3.342457136105368676e+01 1.213999999999999968e+00
2.393273175907490469e+01 1.183999999999999941e+00
3.785655872384534604e+01 1.070999999999999952e+00
3.652696251500784541e+01 1.151999999999999913e+00
1.451475861314265181e+01 1.241999999999999993e+00
2.984204824279711232e+01 1.064999999999999947e+00
3.756109289965922926e+01 1.036999999999999922e+00
1.436702570104959520e+01 1.239000000000000101e+00
2.441286372337733823e+01 1.247999999999999998e+00
2.193833744581866441e+01 1.570000000000000062e+00
3.412630269349570256e+01 1.187000000000000055e+00
6.241715535931573022e+00 1.052999999999999936e+00
4.203001349047415403e+01 1.112000000000000099e+00
1.809728173139923868e+01 1.110999999999999988e+00
6.828953861501472034e+01 1.060999999999999943e+00
2.252926909419088375e+01 1.300000000000000044e+00
3.227964129233252066e+01 1.108999999999999986e+00
1.477329120930549777e+01 1.508000000000000007e+00
2.659192417674989883e+01 1.088000000000000078e+00
2.980511501477383973e+01 1.399999999999999911e+00
1.909447888802736060e+01 1.139999999999999902e+00
1.200329910756071783e+01 1.129000000000000004e+00
3.656389574303111623e+00 1.288000000000000034e+00
3.545589890233320318e+01 1.377999999999999892e+00
1.957461085232978348e+01 1.116999999999999993e+00
2.197527067384192634e+01 1.125999999999999890e+00
1.706315134674785128e+01 1.542999999999999927e+00
2.452366340744712403e+01 1.074999999999999956e+00
6.943446868373584380e+00 1.070999999999999952e+00
1.281583012407251942e+01 1.385999999999999899e+00
3.323990522093736466e+00 1.167000000000000037e+00
2.352646625081900567e+01 1.102999999999999980e+00
1.780181590721312546e+01 1.407999999999999918e+00
1.336982854442147506e+01 1.098000000000000087e+00
2.315713397058637568e+01 1.217999999999999972e+00
