2.481167481863772295e+01 1.141999999999999904e+00
2.354083293768310270e+01 1.092000000000000082e+00
7.776341985841332516e+00 8.850000000000000089e-01
8.320988506250454719e+00 1.118999999999999995e+00
3.903300062932031356e+00 9.769999999999999796e-01
7.897374545932248857e+00 1.280999999999999917e+00
1.567371653177358404e+01 1.094000000000000083e+00
2.674819578009237375e+01 9.779999999999999805e-01
1.074163970806876733e+01 9.559999999999999609e-01
1.515932815138719114e+01 1.062000000000000055e+00
1.537113513154629096e+01 9.549999999999999600e-01
2.396444689800131655e+01 1.292999999999999927e+00
1.697481655275092294e+01 1.064999999999999947e+00
8.442021066341370172e+00 1.112000000000000099e+00
8.381504786295911558e+00 9.909999999999999920e-01
7.413244305568586157e+00 9.429999999999999494e-01
2.692974462022873716e+00 1.108000000000000096e+00
1.210325600909156840e+01 1.030000000000000027e+00
6.354209404773074610e+00 1.233000000000000096e+00
1.349513045013709878e+01 1.024000000000000021e+00
1.724713981295548759e+00 1.108999999999999986e+00
8.078923386068623813e+00 9.879999999999999893e-01
5.900337304432139440e+00 1.219000000000000083e+00
8.502537346386825234e+00 9.379999999999999449e-01
7.171179185386755250e+00 8.569999999999999840e-01
1.276893508959160606e+01 9.949999999999999956e-01
1.225454670920521494e+01 9.639999999999999680e-01
9.531314107159611027e+00 8.509999999999999787e-01
1.794307703347825012e+01 8.739999999999999991e-01
8.986667586750490599e+00 1.290999999999999925e+00
9.410281547068693797e+00 9.140000000000000346e-01
