8.630177227087408198e+00 1.038999999999999924e+00
5.001233446085990408e+00 9.859999999999999876e-01
1.418032653920722730e+01 1.153999999999999915e+00
9.971971566281210286e+00 1.159999999999999920e+00
2.775074656059909106e+00 1.143999999999999906e+00
1.103930797245809892e+01 1.322999999999999954e+00
5.153710075539830626e+00 9.809999999999999831e-01
5.824607245136732558e+00 1.028999999999999915e+00
1.128327057958424584e+00 1.250000000000000000e+00
7.898289405708973199e+00 9.939999999999999947e-01
1.076485003944118546e+01 1.112999999999999989e+00
1.024642949929812730e+01 1.397000000000000020e+00
6.434513762952096982e+00 1.038999999999999924e+00
3.689934432782955742e+00 9.829999999999999849e-01
1.027692482518889250e+01 1.181999999999999940e+00
