1.427181251687953178e+00 8.910000000000000142e-01
1.128936964476239702e+01 1.052000000000000046e+00
6.513801610268093789e+00 9.569999999999999618e-01
1.591856011498101742e+00 1.018999999999999906e+00
1.123447805815901646e+01 8.910000000000000142e-01
4.757270838959843928e+00 1.058999999999999941e+00
7.776308102145899070e+00 1.026000000000000023e+00
1.042940145464273627e+01 9.040000000000000258e-01
1.330206115355310459e+01 9.230000000000000426e-01
7.995874448559430192e+00 8.780000000000000027e-01
4.409624123805086171e+00 1.006999999999999895e+00
2.159069073066390843e+00 8.649999999999999911e-01
6.092966112975491733e+00 8.810000000000000053e-01
4.867054012166609489e+00 1.108999999999999986e+00
4.958539989838913975e+00 9.389999999999999458e-01
1.829719553446093938e+00 1.092000000000000082e+00
6.605287587940399163e+00 1.203000000000000069e+00
1.665044793635945375e+00 9.819999999999999840e-01
1.015494352162581926e+01 1.004000000000000004e+00
3.092226045323898109e+00 1.114000000000000101e+00
1.057577901891842309e+01 9.449999999999999512e-01
1.123447805815901646e+01 1.078000000000000069e+00
3.348386782806351381e+00 1.038999999999999924e+00
4.537704492546312807e+00 1.086999999999999966e+00
4.153463386322633788e+00 1.008999999999999897e+00
6.404018437061329561e-01 1.237999999999999989e+00
2.159069073066390843e+00 1.006999999999999895e+00
4.007085822046946078e+00 1.155999999999999917e+00
1.573558815963640445e+00 9.779999999999999805e-01
3.750925084564492806e+00 1.106999999999999984e+00
5.434267073734899256e+00 1.036999999999999922e+00
5.086620358580139722e+00 1.090000000000000080e+00
6.605287587940399163e+00 8.930000000000000160e-01
5.690427811217350751e+00 1.074999999999999956e+00
3.092226045323898109e+00 1.245000000000000107e+00
3.933897039909101334e+00 9.110000000000000320e-01
8.380115554783110099e+00 1.008000000000000007e+00
7.428661386991141313e+00 9.809999999999999831e-01
2.689687743565757572e+00 9.729999999999999760e-01
5.123214749649063648e+00 9.300000000000000488e-01
2.177366268600851473e+00 1.016999999999999904e+00
1.149063879564146795e+01 9.809999999999999831e-01
7.703119320008055659e+00 9.789999999999999813e-01
5.544050246941663929e+00 1.318000000000000060e+00
7.831199688749280519e+00 1.114000000000000101e+00
8.471601532455414585e+00 9.030000000000000249e-01
1.445478447222414253e+00 9.010000000000000231e-01
3.037334458720515329e+00 9.599999999999999645e-01
1.171020514205499907e+01 8.840000000000000080e-01
1.321057517588080010e+01 1.102999999999999980e+00
7.886091275352664631e+00 1.008000000000000007e+00
3.275198000668507525e+00 1.084999999999999964e+00
