8.768422704458894046e+00 9.519999999999999574e-01
4.944308837756555164e+00 9.000000000000000222e-01
6.759797239120291401e+00 1.046999999999999931e+00
9.849990262718138823e+00 9.639999999999999680e-01
6.837052064710237076e+00 9.399999999999999467e-01
8.459403402099107794e+00 9.280000000000000471e-01
8.053815567751888338e+00 8.509999999999999787e-01
6.470091643157994454e+00 1.092000000000000082e+00
7.377835843839861241e+00 1.064999999999999947e+00
1.641665043786356248e+00 1.010999999999999899e+00
4.828426599371636319e-01 9.699999999999999734e-01
2.491468125275764667e+00 1.058000000000000052e+00
3.727545334714903458e+00 9.719999999999999751e-01
9.135383126011136667e+00 9.679999999999999716e-01
2.163135116518493550e+00 8.960000000000000187e-01
6.817738358312751323e+00 1.018999999999999906e+00
8.729795291663918988e+00 9.419999999999999485e-01
1.160753754488941425e+01 9.010000000000000231e-01
5.523720029681151722e+00 8.369999999999999662e-01
6.991561715890129314e+00 1.110999999999999988e+00
1.575998442034902425e+01 1.010000000000000009e+00
7.744796265392102974e+00 9.699999999999999734e-01
1.892743226953681468e+00 9.499999999999999556e-01
8.169697806136808182e+00 1.127000000000000002e+00
6.759797239120291401e+00 9.919999999999999929e-01
2.954997078815441380e+00 1.161000000000000032e+00
1.680292456581329530e+00 9.120000000000000329e-01
1.334577112066319948e+01 1.028999999999999915e+00
5.040877369743989256e+00 8.790000000000000036e-01
2.433527006083304745e+00 8.820000000000000062e-01
4.828426599371637096e+00 9.589999999999999636e-01
1.873429520556194827e+00 9.799999999999999822e-01
2.356272180493358626e+00 1.024999999999999911e+00
5.929307864028369401e+00 1.191000000000000059e+00
1.270841880954614389e+01 9.030000000000000249e-01
2.472154418878277582e+00 9.150000000000000355e-01
4.422838765024419416e+00 1.104999999999999982e+00
5.002249956949015974e+00 8.679999999999999938e-01
3.611663096329984057e+00 8.629999999999999893e-01
4.442152471421905169e+00 1.018000000000000016e+00
5.446465204091206047e+00 9.639999999999999680e-01
3.901368692292282336e+00 1.183000000000000052e+00
1.328783000147074489e+01 9.679999999999999716e-01
1.085430299538743704e+01 1.076000000000000068e+00
8.884304942843810338e+00 1.018999999999999906e+00
8.246952631726756522e+00 9.499999999999999556e-01
5.388524084898747013e+00 8.980000000000000204e-01
5.794111919245962916e+00 8.349999999999999645e-01
5.407837791296233654e+00 9.809999999999999831e-01
