1.602224422300962559e+01 1.546999999999999931e+00
5.240452335851347954e+00 1.245000000000000107e+00
1.757682816953012406e+01 1.070999999999999952e+00
1.389095978019926925e+01 1.197999999999999954e+00
5.566413485928227267e+00 1.449999999999999956e+00
2.203998853212123166e+01 1.245999999999999996e+00
4.989712989638365848e+00 1.161999999999999922e+00
1.331425928390940960e+01 1.122999999999999998e+00
5.767004962898613307e+00 1.038999999999999924e+00
7.873215471087672057e+00 1.088999999999999968e+00
6.293557589945877773e+00 1.272999999999999909e+00
8.149028751921955305e+00 1.092999999999999972e+00
1.328918534928811113e+01 1.068999999999999950e+00
9.302429744501678144e+00 1.090999999999999970e+00
1.007972171776192560e+01 1.207999999999999963e+00
8.449915967377535253e+00 1.030999999999999917e+00
5.064934793502261279e+00 1.052999999999999936e+00
5.340748074336542750e+00 1.044999999999999929e+00
1.406647732254835859e+01 1.127000000000000002e+00
9.728686633063746925e+00 1.165000000000000036e+00
1.612253996149481949e+01 1.497000000000000108e+00
4.914491185774470416e+00 1.114999999999999991e+00
1.479362142656601042e+00 1.104999999999999982e+00
2.539989577137520271e+01 1.370999999999999996e+00
4.964639055017069147e+00 1.364000000000000101e+00
