1.033791547697043178e+01 1.000000000000000000e+00
1.608323487479116665e+01 1.000000000000000000e+00
2.744579330169140796e+00 1.000000000000000000e+00
3.421575564944195680e+00 2.000000000000000000e+00
1.884611140049476719e+00 1.000000000000000000e+00
8.380115554783110099e+00 1.000000000000000000e+00
4.208354972926015236e+00 1.000000000000000000e+00
6.111263308509952807e+00 1.000000000000000000e+00
1.397905738832815814e+01 1.000000000000000000e+00
1.308249480713957169e+01 1.000000000000000000e+00
