3.320602152550318653e+00 1.000000000000000000e+00
1.902705033411332991e+01 1.000000000000000000e+00
1.368088086850731244e+01 1.000000000000000000e+00
2.374230539073477697e+00 1.000000000000000000e+00
4.167355701450649264e+00 2.000000000000000000e+00
3.868501507721120891e+00 1.000000000000000000e+00
5.512199573233528049e+00 1.000000000000000000e+00
1.026066065138048344e+01 1.000000000000000000e+00
1.117382624333182051e+01 1.000000000000000000e+00
6.076701939167082678e+00 2.000000000000000000e+00
7.637384950865731881e+00 1.000000000000000000e+00
5.844259788488560758e+00 1.000000000000000000e+00
