8.367917424426801531e+00 1.000000000000000000e+00
1.593075824533732288e+01 1.000000000000000000e+00
1.410103869189122960e+01 1.000000000000000000e+00
1.471094520970659580e+01 1.000000000000000000e+00
2.368876915194876531e+01 2.000000000000000000e+00
1.429620877759214714e+01 1.000000000000000000e+00
9.221786549368314212e+00 1.000000000000000000e+00
5.489158660338280704e+00 1.000000000000000000e+00
1.007565567430982334e+01 1.000000000000000000e+00
1.375949104191462524e+01 1.000000000000000000e+00
1.027082576001074088e+01 1.000000000000000000e+00
2.159069073066390843e+01 1.000000000000000000e+00
8.050766035162812528e+00 2.000000000000000000e+00
2.281050376629464083e+01 1.000000000000000000e+00
7.758010906611437996e+00 1.000000000000000000e+00
2.110276551641161547e+01 1.000000000000000000e+00
1.256407426699650998e+01 1.000000000000000000e+00
1.371069852048939453e+01 1.000000000000000000e+00
1.458896390614352079e+01 1.000000000000000000e+00
1.607713580961300792e+01 1.000000000000000000e+00
1.017324071716027944e+01 1.000000000000000000e+00
1.563800311678594923e+01 1.000000000000000000e+00
2.693347182672650675e+01 1.000000000000000000e+00
2.098078421284854223e+00 1.000000000000000000e+00
9.026616463667394896e+00 1.000000000000000000e+00
1.131986497065316755e+01 1.000000000000000000e+00
1.417422747402907390e+01 1.000000000000000000e+00
1.893149831298891783e+01 1.000000000000000000e+00
7.611633342335750285e+00 1.000000000000000000e+00
1.368630225977678094e+01 1.000000000000000000e+00
1.075875097426303206e+01 2.000000000000000000e+00
1.451577512400567826e+01 1.000000000000000000e+00
1.378388730262724238e+01 2.000000000000000000e+00
2.427427940905151615e+01 1.000000000000000000e+00
4.391326928270625207e-01 1.000000000000000000e+00
1.236890418129559599e+01 1.000000000000000000e+00
5.415969878200437293e+00 1.000000000000000000e+00
1.210054531345683415e+01 1.000000000000000000e+00
1.256407426699650998e+01 2.000000000000000000e+00
1.368630225977678094e+01 1.000000000000000000e+00
1.724815632381851316e+01 1.000000000000000000e+00
5.586743703188740362e+00 1.000000000000000000e+00
1.858995066301231702e+01 1.000000000000000000e+00
8.489898727989874772e+00 1.000000000000000000e+00
4.196156842569708445e+00 1.000000000000000000e+00
4.806063360385072869e+00 1.000000000000000000e+00
2.717743443385265323e+01 1.000000000000000000e+00
4.684082056821999629e+00 1.000000000000000000e+00
7.514048299485292404e+00 1.000000000000000000e+00
1.290562191697311434e+01 1.000000000000000000e+00
8.758257595828634834e+00 1.000000000000000000e+00
2.000493378434396163e+01 1.000000000000000000e+00
1.500370033825796945e+01 1.000000000000000000e+00
5.391573617487822823e+00 1.000000000000000000e+00
9.416956635069229975e+00 2.000000000000000000e+00
2.051725525930886462e+01 2.000000000000000000e+00
1.849236562016185914e+01 1.000000000000000000e+00
1.110029862423963642e+01 1.000000000000000000e+00
1.446698260258044755e+01 1.000000000000000000e+00
2.078561412714762824e+01 1.000000000000000000e+00
1.968778239507996730e+01 1.000000000000000000e+00
4.391326928270624208e+00 1.000000000000000000e+00
1.497930407754535409e+01 1.000000000000000000e+00
1.941942352724121079e+01 2.000000000000000000e+00
1.124667618851532325e+01 2.000000000000000000e+00
2.310325889484601447e+01 2.000000000000000000e+00
1.841917683802401484e+01 1.000000000000000000e+00
2.068802908429717036e+01 1.000000000000000000e+00
4.098571799719250563e+00 2.000000000000000000e+00
1.475973773113182297e+01 1.000000000000000000e+00
1.532085172752195668e+01 1.000000000000000000e+00
2.020010387004488095e+01 1.000000000000000000e+00
1.478413399184443833e+01 1.000000000000000000e+00
1.378388730262724238e+01 1.000000000000000000e+00
2.229818229132973073e+01 1.000000000000000000e+00
1.192977148846853197e+01 1.000000000000000000e+00
7.221293170933917871e+00 1.000000000000000000e+00
1.383267982405246954e+01 1.000000000000000000e+00
1.285682939554788540e+01 2.000000000000000000e+00
2.051725525930886462e+01 1.000000000000000000e+00
2.673830174102559099e+01 1.000000000000000000e+00
1.119788366709009431e+01 1.000000000000000000e+00
1.070995845283780312e+01 2.000000000000000000e+00
2.561607374824531824e+00 1.000000000000000000e+00
9.538937938632303215e+00 1.000000000000000000e+00
1.978536743793043229e+01 1.000000000000000000e+00
8.733861335116019475e+00 1.000000000000000000e+00
9.685315502907990037e+00 1.000000000000000000e+00
2.205421968420358070e+01 1.000000000000000000e+00
1.295441443839834506e+01 1.000000000000000000e+00
2.659192417674989706e+00 2.000000000000000000e+00
1.536964424894718917e+01 1.000000000000000000e+00
2.320084393769647235e+01 2.000000000000000000e+00
5.611139963901353944e+00 1.000000000000000000e+00
1.998053752363134805e+01 1.000000000000000000e+00
7.440859517347448104e+00 1.000000000000000000e+00
2.461582705902812052e+01 1.000000000000000000e+00
8.172747338725885768e+00 2.000000000000000000e+00
2.295688133057032942e+01 1.000000000000000000e+00
1.710177875954282456e+01 1.000000000000000000e+00
