2.793371851594370181e+00 1.000000000000000000e+00
6.428414697773942699e+00 1.000000000000000000e+00
1.817521423089786481e+00 1.000000000000000000e+00
9.880485588608906022e-01 1.000000000000000000e+00
1.040500519393012091e+01 1.000000000000000000e+00
2.012691508790703132e+00 1.000000000000000000e+00
1.597955076676255137e+00 1.000000000000000000e+00
1.707738249883020976e-01 1.000000000000000000e+00
3.366683978340812899e+00 1.000000000000000000e+00
1.207614905274422057e+00 1.000000000000000000e+00
5.098818488936447402e+00 1.000000000000000000e+00
