# WAVELENGTH   FLUX           
  1150.0       1.5352133E-11  
  1155.0       2.1715327E-11  
  1160.0       1.684666E-11   
  1165.0       3.3615099E-12  
  1170.0       1.7602537E-13  
  1175.0       6.202367E-13   
  1180.0       4.119436E-12   
  1185.0       3.0872345E-12  
  1190.0       4.103073E-13   
  1195.0       4.837767E-13   
  1200.0       4.586691E-12   
  1205.0       1.782735E-11   
  1210.0       5.7475115E-11  
  1215.0       9.0815196E-11  
  1220.0       6.062962E-11   
  1225.0       1.6014171E-11  
  1230.0       2.5804068E-12  
  1235.0       1.4434282E-12  
  1240.0       1.2596421E-12  
  1245.0       8.831358E-13   
  1250.0       6.8634866E-13  
  1255.0       6.805856E-13   
  1260.0       5.821812E-13   
  1265.0       8.244046E-14   
  1270.0       4.0643497E-14  
  1275.0       3.9328393E-13  
  1280.0       1.0768062E-12  
  1285.0       9.999321E-13   
  1290.0       3.279423E-13   
  1295.0       2.6920656E-13  
  1300.0       5.203445E-13   
  1305.0       1.4431592E-13  
  1310.0       5.020463E-13   
  1315.0       9.348714E-13   
  1320.0       7.783879E-13   
  1325.0       5.595672E-13   
  1330.0       7.0809325E-13  
  1335.0       6.0341776E-13  
  1340.0       2.5611409E-13  
  1345.0       8.9101876E-14  
  1350.0       3.1199595E-13  
  1355.0       5.831546E-13   
  1360.0       7.18957E-13    
  1365.0       8.374929E-13   
  1370.0       6.1802473E-13  
  1375.0       8.3242934E-13  
  1380.0       1.0468008E-12  
  1385.0       8.9837453E-13  
  1390.0       4.2186E-13     
  1395.0       7.8173937E-13  
  1400.0       1.1563816E-12  
  1405.0       1.4709876E-12  
  1410.0       1.2040852E-12  
  1415.0       4.092189E-13   
  1420.0       1.0488659E-13  
  1425.0       5.1687436E-13  
  1430.0       9.771394E-13   
  1435.0       8.9616465E-13  
  1440.0       1.464601E-12   
  1445.0       2.550429E-12   
  1450.0       2.1557138E-12  
  1455.0       1.1530578E-12  
  1460.0       6.0125223E-13  
  1465.0       7.542423E-13   
  1470.0       1.2481508E-12  
  1475.0       1.4777585E-12  
  1480.0       1.4487045E-12  
  1485.0       1.144207E-12   
  1490.0       1.1637825E-12  
  1495.0       1.2762029E-12  
  1500.0       1.2761217E-12  
  1505.0       1.2324906E-12  
  1510.0       1.2163146E-12  
  1515.0       1.1910765E-12  
  1520.0       1.1020394E-12  
  1525.0       1.158421E-12   
  1530.0       1.3915309E-12  
  1535.0       1.6649769E-12  
  1540.0       1.9243244E-12  
  1545.0       2.6151644E-12  
  1550.0       2.5297798E-12  
  1555.0       1.738742E-12   
  1560.0       1.9281532E-12  
  1565.0       2.0521315E-12  
  1570.0       2.1035222E-12  
  1575.0       2.3129137E-12  
  1580.0       1.9218561E-12  
  1585.0       1.841158E-12   
  1590.0       1.8440939E-12  
  1595.0       1.3963807E-12  
  1600.0       1.2124145E-12  
  1605.0       1.6267675E-12  
  1610.0       1.5497799E-12  
  1615.0       9.757718E-13   
  1620.0       8.097742E-13   
  1625.0       1.1748959E-12  
  1630.0       1.7465725E-12  
  1635.0       1.9358386E-12  
  1640.0       1.4122935E-12  
  1645.0       1.6732169E-12  
  1650.0       2.0175235E-12  
  1655.0       1.9762898E-12  
  1660.0       2.580545E-12   
  1665.0       2.7087057E-12  
  1670.0       2.3076881E-12  
  1675.0       1.9815887E-12  
  1680.0       2.5111946E-12  
  1685.0       2.5612372E-12  
  1690.0       2.5150518E-12  
  1695.0       2.8197989E-12  
  1700.0       3.146931E-12   
  1705.0       2.7165568E-12  
  1710.0       2.328205E-12   
  1715.0       2.502626E-12   
  1720.0       2.9250409E-12  
  1725.0       3.2176857E-12  
  1730.0       3.2865884E-12  
  1735.0       3.701855E-12   
  1740.0       3.9925142E-12  
  1745.0       4.567333E-12   
  1750.0       4.639849E-12   
  1755.0       4.497389E-12   
  1760.0       4.8567053E-12  
  1765.0       5.511171E-12   
  1770.0       5.9610736E-12  
  1775.0       6.6538598E-12  
  1780.0       6.090992E-12   
  1785.0       5.2891354E-12  
  1790.0       4.091264E-12   
  1795.0       4.5308622E-12  
  1800.0       5.692749E-12   
  1805.0       6.451941E-12   
  1810.0       7.407882E-12   
  1815.0       8.21113E-12    
  1820.0       8.733855E-12   
  1825.0       8.487116E-12   
  1830.0       8.434262E-12   
  1835.0       8.591215E-12   
  1840.0       8.425377E-12   
  1845.0       7.907669E-12   
  1850.0       7.883834E-12   
  1855.0       8.551338E-12   
  1860.0       9.59581E-12    
  1865.0       1.03081285E-11 
  1870.0       1.0874354E-11  
  1875.0       1.1278697E-11  
  1880.0       1.17223444E-11 
  1885.0       1.2395331E-11  
  1890.0       1.2925448E-11  
  1895.0       1.28951684E-11 
  1900.0       1.1992424E-11  
  1905.0       1.22015315E-11 
  1910.0       1.3231238E-11  
  1915.0       1.3877104E-11  
  1920.0       1.4618948E-11  
  1925.0       1.41738895E-11 
  1930.0       1.328055E-11   
  1935.0       1.2945825E-11  
  1940.0       1.4556663E-11  
  1945.0       1.7761256E-11  
  1950.0       2.1508526E-11  
  1955.0       3.402655E-11   
  1960.0       3.6576322E-11  
  1965.0       1.9608164E-11  
  1970.0       3.2856688E-12  
  1975.0       1.7462923E-12  
  1980.0       1.7026148E-11  
  1985.0       5.3842607E-11  
  1990.0       5.8014874E-11  
  1995.0       3.8272538E-11  
  2000.0       2.733634E-11   
  2005.0       3.8045474E-12  
  2010.0       3.458736E-13   
  2015.0       2.070088E-12   
  2020.0       3.4416114E-13  
  2025.0       0.0            
  2030.0       0.0            
  2035.0       0.0            
  2040.0       1.6819545E-13  
  2045.0       3.6292763E-12  
  2050.0       1.9109717E-11  
  2055.0       2.691258E-11   
  2060.0       3.480573E-11   
  2065.0       2.1108757E-11  
  2070.0       2.0390852E-11  
  2075.0       4.7119177E-11  
  2080.0       7.312566E-11   
  2085.0       6.225032E-11   
  2090.0       4.8090146E-11  
  2095.0       4.2617066E-11  
  2100.0       8.3804276E-11  
  2105.0       1.1968719E-10  
  2110.0       1.22639E-10    
  2115.0       1.078029E-10   
  2120.0       1.1454835E-10  
  2125.0       1.05734775E-10 
  2130.0       5.57201E-11    
  2135.0       9.278964E-11   
  2140.0       1.130046E-10   
  2145.0       1.2212556E-10  
  2150.0       1.2834751E-10  
  2155.0       1.1479022E-10  
  2160.0       9.694907E-11   
  2165.0       4.081304E-11   
  2170.0       1.0707296E-11  
  2175.0       5.2053938E-11  
  2180.0       1.1655173E-10  
  2185.0       1.2834732E-10  
  2190.0       9.971452E-11   
  2195.0       8.537886E-11   
  2200.0       1.107536E-10   
  2205.0       1.1258658E-10  
  2210.0       1.2665102E-10  
  2215.0       8.0388175E-11  
  2220.0       9.485366E-11   
  2225.0       1.0150062E-10  
  2230.0       8.188629E-11   
  2235.0       1.04686954E-10 
  2240.0       1.3157915E-10  
  2245.0       1.2595472E-10  
  2250.0       8.87738E-11    
  2255.0       1.3055089E-10  
  2260.0       1.327563E-10   
  2265.0       8.737462E-11   
  2270.0       6.476416E-11   
  2275.0       6.469112E-11   
  2280.0       6.648626E-11   
  2285.0       6.013377E-11   
  2290.0       8.839132E-11   
  2295.0       1.0065089E-10  
  2300.0       1.03768244E-10 
  2305.0       9.900788E-11   
  2310.0       1.06546244E-10 
  2315.0       9.344078E-11   
  2320.0       1.2333573E-10  
  2325.0       1.6235964E-10  
  2330.0       1.3607947E-10  
  2335.0       1.0871031E-10  
  2340.0       1.14123364E-10 
  2345.0       1.0162167E-10  
  2350.0       1.0050122E-10  
  2355.0       1.1087934E-10  
  2360.0       1.2159157E-10  
  2365.0       1.1923974E-10  
  2370.0       1.2868297E-10  
  2375.0       1.1977332E-10  
  2380.0       1.1246194E-10  
  2385.0       1.02404946E-10 
  2390.0       1.1102937E-10  
  2395.0       1.0818616E-10  
  2400.0       9.5716504E-11  
  2405.0       9.297665E-11   
  2410.0       9.9264506E-11  
  2415.0       1.1568104E-10  
  2420.0       1.5736591E-10  
  2425.0       1.9245745E-10  
  2430.0       2.1085608E-10  
  2435.0       2.125078E-10   
  2440.0       2.0714103E-10  
  2445.0       1.7337044E-10  
  2450.0       1.10814365E-10 
  2455.0       8.3388754E-11  
  2460.0       1.0836713E-10  
  2465.0       1.2562185E-10  
  2470.0       1.2395988E-10  
  2475.0       1.2566541E-10  
  2480.0       1.275339E-10   
  2485.0       1.0675767E-10  
  2490.0       9.067759E-11   
  2495.0       1.3033223E-10  
  2500.0       1.7958975E-10  
  2505.0       1.8487611E-10  
  2510.0       1.6206811E-10  
  2515.0       1.2735639E-10  
  2520.0       1.0650473E-10  
  2525.0       1.04810674E-10 
  2530.0       1.262648E-10   
  2535.0       1.3908927E-10  
  2540.0       1.3961435E-10  
  2545.0       1.4991697E-10  
  2550.0       1.6925991E-10  
  2555.0       1.970796E-10   
  2560.0       2.1147872E-10  
  2565.0       2.4534044E-10  
  2570.0       2.906007E-10   
  2575.0       3.1175837E-10  
  2580.0       3.316474E-10   
  2585.0       3.181098E-10   
  2590.0       2.944568E-10   
  2595.0       2.5110278E-10  
  2600.0       2.2689038E-10  
  2605.0       2.1747171E-10  
  2610.0       2.1164595E-10  
  2615.0       2.332815E-10   
  2620.0       2.6440755E-10  
  2625.0       2.5684532E-10  
  2630.0       2.9018443E-10  
  2635.0       4.5369272E-10  
  2640.0       5.9996397E-10  
  2645.0       6.084991E-10   
  2650.0       5.915406E-10   
  2655.0       6.4574535E-10  
  2660.0       6.3882144E-10  
  2665.0       6.050457E-10   
  2670.0       6.1947636E-10  
  2675.0       6.076014E-10   
  2680.0       6.045104E-10   
  2685.0       5.9961963E-10  
  2690.0       5.6501537E-10  
  2695.0       5.505633E-10   
  2700.0       5.9641747E-10  
  2705.0       6.262144E-10   
  2710.0       6.0120414E-10  
  2715.0       5.522822E-10   
  2720.0       4.6076837E-10  
  2725.0       4.800665E-10   
  2730.0       5.019941E-10   
  2735.0       4.3825388E-10  
  2740.0       3.4572467E-10  
  2745.0       3.114569E-10   
  2750.0       3.4234313E-10  
  2755.0       3.886401E-10   
  2760.0       4.6567344E-10  
  2765.0       5.4744315E-10  
  2770.0       5.8306493E-10  
  2775.0       5.211521E-10   
  2780.0       4.3572598E-10  
  2785.0       3.6521894E-10  
  2790.0       2.585092E-10   
  2795.0       1.8651435E-10  
  2800.0       1.8512235E-10  
  2805.0       2.3543645E-10  
  2810.0       3.3867634E-10  
  2815.0       5.0997817E-10  
  2820.0       6.2583144E-10  
  2825.0       6.792099E-10   
  2830.0       7.179836E-10   
  2835.0       7.1448525E-10  
  2840.0       6.6448225E-10  
  2845.0       5.4145427E-10  
  2850.0       3.9888143E-10  
  2855.0       4.580385E-10   
  2860.0       6.6853123E-10  
  2865.0       7.662707E-10   
  2870.0       7.618685E-10   
  2875.0       7.4464857E-10  
  2880.0       7.0508593E-10  
  2885.0       8.0356444E-10  
  2890.0       8.8068874E-10  
  2895.0       9.1403235E-10  
  2900.0       9.776521E-10   
  2905.0       1.0156682E-9   
  2910.0       1.0510447E-9   
  2915.0       1.0720255E-9   
  2920.0       1.0395124E-9   
  2925.0       9.991564E-10   
  2930.0       1.0083292E-9   
  2935.0       1.0364224E-9   
  2940.0       1.0551361E-9   
  2945.0       1.0723106E-9   
  2950.0       1.0804379E-9   
  2955.0       1.1130553E-9   
  2960.0       1.1052231E-9   
  2965.0       1.033349E-9    
  2970.0       1.0511079E-9   
  2975.0       1.1061485E-9   
  2980.0       1.0410732E-9   
  2985.0       9.891855E-10   
  2990.0       1.0546737E-9   
  2995.0       1.0602812E-9   
  3000.0       9.941841E-10   
  3005.0       1.0243628E-9   
  3010.0       1.0952218E-9   
  3015.0       1.0779262E-9   
  3020.0       1.0801435E-9   
  3025.0       1.1951587E-9   
  3030.0       1.308513E-9    
  3035.0       1.3116954E-9   
  3040.0       1.2795464E-9   
  3045.0       1.307409E-9    
  3050.0       1.3198508E-9   
  3055.0       1.2499224E-9   
  3060.0       1.2366667E-9   
  3065.0       1.3016583E-9   
  3070.0       1.387352E-9    
  3075.0       1.4122021E-9   
  3080.0       1.448607E-9    
  3085.0       1.4673286E-9   
  3090.0       1.2783661E-9   
  3095.0       1.1623763E-9   
  3100.0       1.2193566E-9   
  3105.0       1.4078654E-9   
  3110.0       1.5110425E-9   
  3115.0       1.4576673E-9   
  3120.0       1.3478214E-9   
  3125.0       1.3619463E-9   
  3130.0       1.4828747E-9   
  3135.0       1.4884083E-9   
  3140.0       1.3969454E-9   
  3145.0       1.3121289E-9   
  3150.0       1.3124596E-9   
  3155.0       1.2823643E-9   
  3160.0       1.3127031E-9   
  3165.0       1.4050312E-9   
  3170.0       1.510224E-9    
  3175.0       1.5079452E-9   
  3180.0       1.4051694E-9   
  3185.0       1.356824E-9    
  3190.0       1.3490014E-9   
  3195.0       1.4140857E-9   
  3200.0       1.5907657E-9   
  3205.0       1.6524341E-9   
  3210.0       1.6480708E-9   
  3215.0       1.6060997E-9   
  3220.0       1.5370605E-9   
  3225.0       1.458682E-9    
  3230.0       1.4113613E-9   
  3235.0       1.4247562E-9   
  3240.0       1.4776262E-9   
  3245.0       1.5384513E-9   
  3250.0       1.6003135E-9   
  3255.0       1.6719903E-9   
  3260.0       1.774677E-9    
  3265.0       1.9021964E-9   
  3270.0       1.9690674E-9   
  3275.0       1.917288E-9    
  3280.0       1.837916E-9    
  3285.0       1.8345656E-9   
  3290.0       1.8930404E-9   
  3295.0       1.9570996E-9   
  3300.0       1.9829363E-9   
  3305.0       1.9554294E-9   
  3310.0       1.917297E-9    
  3315.0       1.910746E-9    
  3320.0       1.9203639E-9   
  3325.0       1.9166169E-9   
  3330.0       1.892799E-9    
  3335.0       1.8620555E-9   
  3340.0       1.8627566E-9   
  3345.0       1.912221E-9    
  3350.0       1.9505038E-9   
  3355.0       1.9238606E-9   
  3360.0       1.871023E-9    
  3365.0       1.8427974E-9   
  3370.0       1.8288797E-9   
  3375.0       1.810963E-9    
  3380.0       1.8122465E-9   
  3385.0       1.8568433E-9   
  3390.0       1.9275725E-9   
  3395.0       1.9936672E-9   
  3400.0       2.03167E-9     
  3405.0       2.0305793E-9   
  3410.0       2.004345E-9    
  3415.0       1.9792017E-9   
  3420.0       1.986996E-9    
  3425.0       2.0331525E-9   
  3430.0       2.0513402E-9   
  3435.0       1.9875697E-9   
  3440.0       1.8914017E-9   
  3445.0       1.8354441E-9   
  3450.0       1.8460654E-9   
  3455.0       1.9099322E-9   
  3460.0       1.9606063E-9   
  3465.0       1.9471948E-9   
  3470.0       1.9092476E-9   
  3475.0       1.8958821E-9   
  3480.0       1.8917405E-9   
  3485.0       1.8747717E-9   
  3490.0       1.8711817E-9   
  3495.0       1.9089221E-9   
  3500.0       1.9700368E-9   
  3505.0       2.0398245E-9   
  3510.0       2.1600166E-9   
  3515.0       2.1037536E-9   
  3520.0       2.05801E-9     
  3525.0       2.031531E-9    
  3530.0       2.148E-9       
  3535.0       2.260095E-9    
  3540.0       2.3087388E-9   
  3545.0       2.3167235E-9   
  3550.0       2.2967404E-9   
  3555.0       2.264089E-9    
  3560.0       2.2304083E-9   
  3565.0       2.0725057E-9   
  3570.0       1.904856E-9    
  3575.0       1.8917987E-9   
  3580.0       1.8174999E-9   
  3585.0       1.7447142E-9   
  3590.0       1.915849E-9    
  3595.0       2.1841455E-9   
  3600.0       2.2839868E-9   
  3605.0       2.1592208E-9   
  3610.0       2.0662214E-9   
  3615.0       2.0899922E-9   
  3620.0       2.0693667E-9   
  3625.0       2.1747877E-9   
  3630.0       2.2229965E-9   
  3635.0       2.1685143E-9   
  3640.0       2.217532E-9    
  3645.0       2.2350841E-9   
  3650.0       2.268987E-9    
  3655.0       2.454053E-9    
  3660.0       2.5706242E-9   
  3665.0       2.5755538E-9   
  3670.0       2.5450169E-9   
  3675.0       2.5301152E-9   
  3680.0       2.454984E-9    
  3685.0       2.4242377E-9   
  3690.0       2.4884717E-9   
  3695.0       2.5569775E-9   
  3700.0       2.5720166E-9   
  3705.0       2.499021E-9    
  3710.0       2.4671767E-9   
  3715.0       2.5398446E-9   
  3720.0       2.4206122E-9   
  3725.0       2.327847E-9    
  3730.0       2.2698359E-9   
  3735.0       2.1051418E-9   
  3740.0       2.137928E-9    
  3745.0       2.184004E-9    
  3750.0       2.1889832E-9   
  3755.0       2.389052E-9    
  3760.0       2.4405487E-9   
  3765.0       2.4427593E-9   
  3770.0       2.5192917E-9   
  3775.0       2.7425124E-9   
  3780.0       2.9530571E-9   
  3785.0       2.965603E-9    
  3790.0       2.7581148E-9   
  3795.0       2.5481943E-9   
  3800.0       2.5094584E-9   
  3805.0       2.723412E-9    
  3810.0       2.8138936E-9   
  3815.0       2.659714E-9    
  3820.0       2.4228604E-9   
  3825.0       2.1624729E-9   
  3830.0       1.9269182E-9   
  3835.0       1.8459252E-9   
  3840.0       2.0082294E-9   
  3845.0       2.3369942E-9   
  3850.0       2.5809241E-9   
  3855.0       2.6415925E-9   
  3860.0       2.6265738E-9   
  3865.0       2.6984586E-9   
  3870.0       2.6701221E-9   
  3875.0       2.6303755E-9   
  3880.0       2.5308688E-9   
  3885.0       2.389038E-9    
  3890.0       2.3656754E-9   
  3895.0       2.5592255E-9   
  3900.0       2.6988294E-9   
  3905.0       2.6536846E-9   
  3910.0       2.8305334E-9   
  3915.0       2.8986633E-9   
  3920.0       2.7056009E-9   
  3925.0       2.3039857E-9   
  3930.0       1.7637507E-9   
  3935.0       1.5317518E-9   
  3940.0       1.8439807E-9   
  3945.0       2.2823141E-9   
  3950.0       2.6247404E-9   
  3955.0       2.6919897E-9   
  3960.0       2.4232125E-9   
  3965.0       1.9262665E-9   
  3970.0       1.6814269E-9   
  3975.0       2.030837E-9    
  3980.0       2.597782E-9    
  3985.0       3.0460539E-9   
  3990.0       3.4014227E-9   
  3995.0       3.5989185E-9   
  4000.0       3.6415004E-9   
  4005.0       3.632322E-9    
  4010.0       3.6694632E-9   
  4015.0       3.7588004E-9   
  4020.0       3.8278962E-9   
  4025.0       3.834139E-9    
  4030.0       3.7377186E-9   
  4035.0       3.7009635E-9   
  4040.0       3.7224315E-9   
  4045.0       3.652979E-9    
  4050.0       3.6829333E-9   
  4055.0       3.6273842E-9   
  4060.0       3.5079972E-9   
  4065.0       3.4366863E-9   
  4070.0       3.4498808E-9   
  4075.0       3.4921677E-9   
  4080.0       3.5989114E-9   
  4085.0       3.7285783E-9   
  4090.0       3.7150911E-9   
  4095.0       3.484797E-9    
  4100.0       3.1930505E-9   
  4105.0       3.2208256E-9   
  4110.0       3.474468E-9    
  4115.0       3.6935954E-9   
  4120.0       3.7998147E-9   
  4125.0       3.8161847E-9   
  4130.0       3.7589802E-9   
  4135.0       3.747121E-9    
  4140.0       3.774983E-9    
  4145.0       3.752915E-9    
  4150.0       3.7442636E-9   
  4155.0       3.7164296E-9   
  4160.0       3.7409875E-9   
  4165.0       3.7678007E-9   
  4170.0       3.7077372E-9   
  4175.0       3.6284526E-9   
  4180.0       3.648203E-9    
  4185.0       3.6568315E-9   
  4190.0       3.6539525E-9   
  4195.0       3.61978E-9     
  4200.0       3.5683936E-9   
  4205.0       3.6656884E-9   
  4210.0       3.7911643E-9   
  4215.0       3.809648E-9    
  4220.0       3.7512535E-9   
  4225.0       3.593554E-9    
  4230.0       3.5463026E-9   
  4235.0       3.5900647E-9   
  4240.0       3.6265406E-9   
  4245.0       3.7142067E-9   
  4250.0       3.7375747E-9   
  4255.0       3.7470933E-9   
  4260.0       3.6960777E-9   
  4265.0       3.6497265E-9   
  4270.0       3.5423258E-9   
  4275.0       3.4963155E-9   
  4280.0       3.6070016E-9   
  4285.0       3.6025873E-9   
  4290.0       3.4848637E-9   
  4295.0       3.2959868E-9   
  4300.0       3.0037555E-9   
  4305.0       2.8274665E-9   
  4310.0       2.8822091E-9   
  4315.0       3.2411522E-9   
  4320.0       3.5944763E-9   
  4325.0       3.6212866E-9   
  4330.0       3.6519656E-9   
  4335.0       3.5539935E-9   
  4340.0       3.3087677E-9   
  4345.0       3.360838E-9    
  4350.0       3.5834968E-9   
  4355.0       3.7425285E-9   
  4360.0       3.8914907E-9   
  4365.0       3.9817576E-9   
  4370.0       3.916916E-9    
  4375.0       3.7925725E-9   
  4380.0       3.6899632E-9   
  4385.0       3.5589518E-9   
  4390.0       3.6296992E-9   
  4395.0       3.735668E-9    
  4400.0       3.792177E-9    
  4405.0       3.798756E-9    
  4410.0       3.897919E-9    
  4415.0       3.9788E-9      
  4420.0       4.031309E-9    
  4425.0       4.1010737E-9   
  4430.0       4.099036E-9    
  4435.0       4.093349E-9    
  4440.0       4.141419E-9    
  4445.0       4.1391193E-9   
  4450.0       4.1147734E-9   
  4455.0       3.9644217E-9   
  4460.0       3.900931E-9    
  4465.0       3.981268E-9    
  4470.0       4.0634034E-9   
  4475.0       4.16054E-9     
  4480.0       4.1595336E-9   
  4485.0       4.194242E-9    
  4490.0       4.2131325E-9   
  4495.0       4.2457122E-9   
  4500.0       4.3546287E-9   
  4505.0       4.49246E-9     
  4510.0       4.5375987E-9   
  4515.0       4.4326525E-9   
  4520.0       4.295884E-9    
  4525.0       4.1128803E-9   
  4530.0       4.001924E-9    
  4535.0       4.062553E-9    
  4540.0       4.1735535E-9   
  4545.0       4.2043355E-9   
  4550.0       4.1698964E-9   
  4555.0       4.1892063E-9   
  4560.0       4.229202E-9    
  4565.0       4.2311936E-9   
  4570.0       4.271084E-9    
  4575.0       4.2959423E-9   
  4580.0       4.226966E-9    
  4585.0       4.1712416E-9   
  4590.0       4.16928E-9     
  4595.0       4.163237E-9    
  4600.0       4.174978E-9    
  4605.0       4.1987835E-9   
  4610.0       4.2352024E-9   
  4615.0       4.286757E-9    
  4620.0       4.349412E-9    
  4625.0       4.3601895E-9   
  4630.0       4.3060893E-9   
  4635.0       4.2403574E-9   
  4640.0       4.171936E-9    
  4645.0       4.098754E-9    
  4650.0       4.086739E-9    
  4655.0       4.1376254E-9   
  4660.0       4.1363615E-9   
  4665.0       4.0370014E-9   
  4670.0       4.0152526E-9   
  4675.0       4.0549444E-9   
  4680.0       4.088169E-9    
  4685.0       4.122849E-9    
  4690.0       4.1133954E-9   
  4695.0       4.0654244E-9   
  4700.0       3.96593E-9     
  4705.0       3.918242E-9    
  4710.0       3.9686654E-9   
  4715.0       4.050329E-9    
  4720.0       4.132261E-9    
  4725.0       4.174987E-9    
  4730.0       4.1532076E-9   
  4735.0       4.1509223E-9   
  4740.0       4.1774837E-9   
  4745.0       4.2192823E-9   
  4750.0       4.225875E-9    
  4755.0       4.182159E-9    
  4760.0       4.12403E-9     
  4765.0       4.068236E-9    
  4770.0       4.093511E-9    
  4775.0       4.1934616E-9   
  4780.0       4.2316817E-9   
  4785.0       4.209963E-9    
  4790.0       4.2002877E-9   
  4795.0       4.2245603E-9   
  4800.0       4.2148294E-9   
  4805.0       4.1898955E-9   
  4810.0       4.1623887E-9   
  4815.0       4.195638E-9    
  4820.0       4.2192965E-9   
  4825.0       4.1574126E-9   
  4830.0       4.148015E-9    
  4835.0       4.1316377E-9   
  4840.0       4.0680983E-9   
  4845.0       4.0136388E-9   
  4850.0       3.864985E-9    
  4855.0       3.5900523E-9   
  4860.0       3.3410021E-9   
  4865.0       3.391419E-9    
  4870.0       3.52272E-9     
  4875.0       3.6634078E-9   
  4880.0       3.81563E-9     
  4885.0       3.8650465E-9   
  4890.0       3.9403147E-9   
  4895.0       4.062668E-9    
  4900.0       4.0967394E-9   
  4905.0       4.052577E-9    
  4910.0       3.9748786E-9   
  4915.0       3.9195687E-9   
  4920.0       3.8284704E-9   
  4925.0       3.860415E-9    
  4930.0       3.9478834E-9   
  4935.0       3.958717E-9    
  4940.0       3.994877E-9    
  4945.0       4.087524E-9    
  4950.0       4.095021E-9    
  4955.0       4.040466E-9    
  4960.0       4.01518E-9     
  4965.0       4.0380423E-9   
  4970.0       4.0334887E-9   
  4975.0       4.0169272E-9   
  4980.0       3.9314982E-9   
  4985.0       3.855661E-9    
  4990.0       3.9033363E-9   
  4995.0       3.8940544E-9   
  5000.0       3.801171E-9    
  5005.0       3.7154475E-9   
  5010.0       3.7131227E-9   
  5015.0       3.6983392E-9   
  5020.0       3.733276E-9    
  5025.0       3.809595E-9    
  5030.0       3.8647037E-9   
  5035.0       3.8324797E-9   
  5040.0       3.742707E-9    
  5045.0       3.776047E-9    
  5050.0       3.844865E-9    
  5055.0       3.9039487E-9   
  5060.0       3.966647E-9    
  5065.0       3.9376413E-9   
  5070.0       3.870671E-9    
  5075.0       3.817705E-9    
  5080.0       3.7764774E-9   
  5085.0       3.81941E-9     
  5090.0       3.9036396E-9   
  5095.0       3.9214236E-9   
  5100.0       3.888582E-9    
  5105.0       3.8901504E-9   
  5110.0       3.881356E-9    
  5115.0       3.933532E-9    
  5120.0       3.915923E-9    
  5125.0       3.8083003E-9   
  5130.0       3.751431E-9    
  5135.0       3.72544E-9     
  5140.0       3.6970202E-9   
  5145.0       3.7348693E-9   
  5150.0       3.753873E-9    
  5155.0       3.733753E-9    
  5160.0       3.6478998E-9   
  5165.0       3.4229204E-9   
  5170.0       3.2720837E-9   
  5175.0       3.3624974E-9   
  5180.0       3.4433734E-9   
  5185.0       3.4305137E-9   
  5190.0       3.5314933E-9   
  5195.0       3.6025567E-9   
  5200.0       3.6568775E-9   
  5205.0       3.6581498E-9   
  5210.0       3.696602E-9    
  5215.0       3.739438E-9    
  5220.0       3.752161E-9    
  5225.0       3.6755559E-9   
  5230.0       3.6604448E-9   
  5235.0       3.7278505E-9   
  5240.0       3.814635E-9    
  5245.0       3.8457433E-9   
  5250.0       3.8239336E-9   
  5255.0       3.795328E-9    
  5260.0       3.6654064E-9   
  5265.0       3.4462833E-9   
  5270.0       3.3882401E-9   
  5275.0       3.5186034E-9   
  5280.0       3.6662438E-9   
  5285.0       3.764865E-9    
  5290.0       3.862241E-9    
  5295.0       3.835998E-9    
  5300.0       3.816114E-9    
  5305.0       3.8613233E-9   
  5310.0       3.891689E-9    
  5315.0       3.8696433E-9   
  5320.0       3.803099E-9    
  5325.0       3.6795484E-9   
  5330.0       3.6104657E-9   
  5335.0       3.6649535E-9   
  5340.0       3.7216445E-9   
  5345.0       3.79026E-9     
  5350.0       3.846975E-9    
  5355.0       3.886892E-9    
  5360.0       3.837323E-9    
  5365.0       3.7292223E-9   
  5370.0       3.672436E-9    
  5375.0       3.725621E-9    
  5380.0       3.765472E-9    
  5385.0       3.7628527E-9   
  5390.0       3.7240382E-9   
  5395.0       3.656375E-9    
  5400.0       3.6045367E-9   
  5405.0       3.5535066E-9   
  5410.0       3.580922E-9    
  5415.0       3.6383176E-9   
  5420.0       3.6754697E-9   
  5425.0       3.6910044E-9   
  5430.0       3.6716958E-9   
  5435.0       3.6657302E-9   
  5440.0       3.6993764E-9   
  5445.0       3.6976242E-9   
  5450.0       3.725619E-9    
  5455.0       3.7304035E-9   
  5460.0       3.730677E-9    
  5465.0       3.6920842E-9   
  5470.0       3.6521637E-9   
  5475.0       3.5931482E-9   
  5480.0       3.5860974E-9   
  5485.0       3.6480918E-9   
  5490.0       3.6786112E-9   
  5495.0       3.6828922E-9   
  5500.0       3.6669332E-9   
  5505.0       3.6349943E-9   
  5510.0       3.6200756E-9   
  5515.0       3.625314E-9    
  5520.0       3.6368781E-9   
  5525.0       3.6121561E-9   
  5530.0       3.607799E-9    
  5535.0       3.6464918E-9   
  5540.0       3.6701986E-9   
  5545.0       3.6912449E-9   
  5550.0       3.7128935E-9   
  5555.0       3.6960048E-9   
  5560.0       3.6636678E-9   
  5565.0       3.6225847E-9   
  5570.0       3.5866738E-9   
  5575.0       3.572676E-9    
  5580.0       3.5634258E-9   
  5585.0       3.5030576E-9   
  5590.0       3.4524215E-9   
  5595.0       3.4744296E-9   
  5600.0       3.496708E-9    
  5605.0       3.552226E-9    
  5610.0       3.608494E-9    
  5615.0       3.5665488E-9   
  5620.0       3.5586802E-9   
  5625.0       3.5740646E-9   
  5630.0       3.591611E-9    
  5635.0       3.5938512E-9   
  5640.0       3.580301E-9    
  5645.0       3.5742547E-9   
  5650.0       3.5563297E-9   
  5655.0       3.5119507E-9   
  5660.0       3.4813525E-9   
  5665.0       3.4992749E-9   
  5670.0       3.5416077E-9   
  5675.0       3.5726313E-9   
  5680.0       3.5714292E-9   
  5685.0       3.5314442E-9   
  5690.0       3.4927279E-9   
  5695.0       3.4636647E-9   
  5700.0       3.434631E-9    
  5705.0       3.4115062E-9   
  5710.0       3.3994147E-9   
  5715.0       3.4531071E-9   
  5720.0       3.536735E-9    
  5725.0       3.6013559E-9   
  5730.0       3.6324492E-9   
  5735.0       3.6350436E-9   
  5740.0       3.6075072E-9   
  5745.0       3.564818E-9    
  5750.0       3.512874E-9    
  5755.0       3.4872365E-9   
  5760.0       3.4868768E-9   
  5765.0       3.5012886E-9   
  5770.0       3.524765E-9    
  5775.0       3.5356595E-9   
  5780.0       3.491599E-9    
  5785.0       3.4393468E-9   
  5790.0       3.4460104E-9   
  5795.0       3.474108E-9    
  5800.0       3.4756293E-9   
  5805.0       3.4812433E-9   
  5810.0       3.5076666E-9   
  5815.0       3.519033E-9    
  5820.0       3.5460916E-9   
  5825.0       3.5750698E-9   
  5830.0       3.5973062E-9   
  5835.0       3.5890877E-9   
  5840.0       3.5818277E-9   
  5845.0       3.5249565E-9   
  5850.0       3.486918E-9    
  5855.0       3.4534389E-9   
  5860.0       3.455667E-9    
  5865.0       3.4771213E-9   
  5870.0       3.4843846E-9   
  5875.0       3.4658547E-9   
  5880.0       3.4055048E-9   
  5885.0       3.2814658E-9   
  5890.0       3.1754979E-9   
  5895.0       3.2170038E-9   
  5900.0       3.3407441E-9   
  5905.0       3.3980718E-9   
  5910.0       3.4164338E-9   
  5915.0       3.4213672E-9   
  5920.0       3.428004E-9    
  5925.0       3.4186127E-9   
  5930.0       3.3925738E-9   
  5935.0       3.3851109E-9   
  5940.0       3.3828855E-9   
  5945.0       3.3719993E-9   
  5950.0       3.3661873E-9   
  5955.0       3.37497E-9     
  5960.0       3.3849321E-9   
  5965.0       3.3922936E-9   
  5970.0       3.3882248E-9   
  5975.0       3.3644467E-9   
  5980.0       3.3429248E-9   
  5985.0       3.331017E-9    
  5990.0       3.3524015E-9   
  5995.0       3.3591476E-9   
  6000.0       3.3430165E-9   
  6005.0       3.3214846E-9   
  6010.0       3.30541E-9     
  6015.0       3.2909213E-9   
  6020.0       3.2795129E-9   
  6025.0       3.3012433E-9   
  6030.0       3.3339271E-9   
  6035.0       3.3548062E-9   
  6040.0       3.3560625E-9   
  6045.0       3.353758E-9    
  6050.0       3.3427163E-9   
  6055.0       3.3328038E-9   
  6060.0       3.3388532E-9   
  6065.0       3.3387468E-9   
  6070.0       3.3411585E-9   
  6075.0       3.323895E-9    
  6080.0       3.302017E-9    
  6085.0       3.2908378E-9   
  6090.0       3.2694465E-9   
  6095.0       3.2415917E-9   
  6100.0       3.198367E-9    
  6105.0       3.2166516E-9   
  6110.0       3.258453E-9    
  6115.0       3.2723368E-9   
  6120.0       3.239519E-9    
  6125.0       3.2292211E-9   
  6130.0       3.2246952E-9   
  6135.0       3.1834708E-9   
  6140.0       3.1806306E-9   
  6145.0       3.1878764E-9   
  6150.0       3.1888494E-9   
  6155.0       3.1601974E-9   
  6160.0       3.120002E-9    
  6165.0       3.1126093E-9   
  6170.0       3.1403973E-9   
  6175.0       3.1918725E-9   
  6180.0       3.223758E-9    
  6185.0       3.2331118E-9   
  6190.0       3.2340024E-9   
  6195.0       3.2380354E-9   
  6200.0       3.2524017E-9   
  6205.0       3.2424554E-9   
  6210.0       3.2125658E-9   
  6215.0       3.1872152E-9   
  6220.0       3.1819751E-9   
  6225.0       3.1650742E-9   
  6230.0       3.1537213E-9   
  6235.0       3.1491398E-9   
  6240.0       3.1335183E-9   
  6245.0       3.120579E-9    
  6250.0       3.1147682E-9   
  6255.0       3.1025424E-9   
  6260.0       3.1165521E-9   
  6265.0       3.1191894E-9   
  6270.0       3.1353184E-9   
  6275.0       3.090499E-9    
  6280.0       3.0685372E-9   
  6285.0       3.1076466E-9   
  6290.0       3.123579E-9    
  6295.0       3.1085308E-9   
  6300.0       3.081248E-9    
  6305.0       3.0935234E-9   
  6310.0       3.0805531E-9   
  6315.0       3.0491674E-9   
  6320.0       3.0749352E-9   
  6325.0       3.1036063E-9   
  6330.0       3.1009664E-9   
  6335.0       3.0764815E-9   
  6340.0       3.0713674E-9   
  6345.0       3.0813012E-9   
  6350.0       3.0785203E-9   
  6355.0       3.0642555E-9   
  6360.0       3.055535E-9    
  6365.0       3.0741567E-9   
  6370.0       3.0994551E-9   
  6375.0       3.102408E-9    
  6380.0       3.0911558E-9   
  6385.0       3.0923903E-9   
  6390.0       3.0717742E-9   
  6395.0       3.0410605E-9   
  6400.0       3.021775E-9    
  6405.0       3.0166503E-9   
  6410.0       2.9952854E-9   
  6415.0       3.0002631E-9   
  6420.0       3.0064424E-9   
  6425.0       3.0277545E-9   
  6430.0       3.0326648E-9   
  6435.0       3.0223553E-9   
  6440.0       3.0272673E-9   
  6445.0       3.0325251E-9   
  6450.0       3.0155867E-9   
  6455.0       3.0056044E-9   
  6460.0       2.98775E-9     
  6465.0       2.9807847E-9   
  6470.0       2.9828566E-9   
  6475.0       2.9848342E-9   
  6480.0       2.9786176E-9   
  6485.0       2.9545528E-9   
  6490.0       2.899903E-9    
  6495.0       2.8704221E-9   
  6500.0       2.9311034E-9   
  6505.0       2.9949554E-9   
  6510.0       3.0093623E-9   
  6515.0       2.9879437E-9   
  6520.0       2.9794243E-9   
  6525.0       2.9662546E-9   
  6530.0       2.950583E-9    
  6535.0       2.9539085E-9   
  6540.0       2.9541378E-9   
  6545.0       2.9073561E-9   
  6550.0       2.8207785E-9   
  6555.0       2.6580458E-9   
  6560.0       2.453256E-9    
  6565.0       2.4906741E-9   
  6570.0       2.6671607E-9   
  6575.0       2.80076E-9     
  6580.0       2.8634473E-9   
  6585.0       2.890339E-9    
  6590.0       2.8877625E-9   
  6595.0       2.8725544E-9   
  6600.0       2.902282E-9    
  6605.0       2.9215965E-9   
  6610.0       2.931444E-9    
  6615.0       2.9505862E-9   
  6620.0       2.9382383E-9   
  6625.0       2.9083826E-9   
  6630.0       2.8722613E-9   
  6635.0       2.8556377E-9   
  6640.0       2.8739038E-9   
  6645.0       2.8906777E-9   
  6650.0       2.915346E-9    
  6655.0       2.9194145E-9   
  6660.0       2.90867E-9     
  6665.0       2.9043032E-9   
  6670.0       2.8924372E-9   
  6675.0       2.8752092E-9   
  6680.0       2.8892961E-9   
  6685.0       2.9106406E-9   
  6690.0       2.9093197E-9   
  6695.0       2.8844216E-9   
  6700.0       2.8790166E-9   
  6705.0       2.8771137E-9   
  6710.0       2.863649E-9    
  6715.0       2.8348996E-9   
  6720.0       2.8285556E-9   
  6725.0       2.847838E-9    
  6730.0       2.854032E-9    
  6735.0       2.8567382E-9   
  6740.0       2.8514977E-9   
  6745.0       2.850467E-9    
  6750.0       2.8326685E-9   
  6755.0       2.8343408E-9   
  6760.0       2.834922E-9    
  6765.0       2.8368294E-9   
  6770.0       2.838245E-9    
  6775.0       2.8481986E-9   
  6780.0       2.8461962E-9   
  6785.0       2.8430835E-9   
  6790.0       2.8520664E-9   
  6795.0       2.8528113E-9   
  6800.0       2.8513296E-9   
  6805.0       2.841136E-9    
  6810.0       2.8339286E-9   
  6815.0       2.8307487E-9   
  6820.0       2.8347356E-9   
  6825.0       2.8378382E-9   
  6830.0       2.8352145E-9   
  6835.0       2.8203E-9      
  6840.0       2.8165872E-9   
  6845.0       2.8038922E-9   
  6850.0       2.8017342E-9   
  6855.0       2.8106288E-9   
  6860.0       2.8218738E-9   
  6865.0       2.8269769E-9   
  6870.0       2.8220832E-9   
  6875.0       2.8096099E-9   
  6880.0       2.794809E-9    
  6885.0       2.7833316E-9   
  6890.0       2.7790308E-9   
  6895.0       2.783351E-9    
  6900.0       2.7935638E-9   
  6905.0       2.8035316E-9   
  6910.0       2.8064258E-9   
  6915.0       2.7987883E-9   
  6920.0       2.7817035E-9   
  6925.0       2.762341E-9    
  6930.0       2.7484126E-9   
  6935.0       2.7440161E-9   
  6940.0       2.7481737E-9   
  6945.0       2.756027E-9    
  6950.0       2.7625704E-9   
  6955.0       2.7652112E-9   
  6960.0       2.7633178E-9   
  6965.0       2.759042E-9    
  6970.0       2.7515172E-9   
  6975.0       2.716915E-9    
  6980.0       2.7066467E-9   
  6985.0       2.7229063E-9   
  6990.0       2.7412614E-9   
  6995.0       2.7406366E-9   
  7000.0       2.7132652E-9   
  7005.0       2.6912894E-9   
  7010.0       2.684498E-9    
  7015.0       2.6697122E-9   
  7020.0       2.6583549E-9   
  7025.0       2.6645204E-9   
  7030.0       2.663553E-9    
  7035.0       2.6499973E-9   
  7040.0       2.6673421E-9   
  7045.0       2.6926763E-9   
  7050.0       2.689875E-9    
  7055.0       2.6788247E-9   
  7060.0       2.6773452E-9   
  7065.0       2.6643578E-9   
  7070.0       2.6725053E-9   
  7075.0       2.6834588E-9   
  7080.0       2.6731204E-9   
  7085.0       2.6545746E-9   
  7090.0       2.643825E-9    
  7095.0       2.6506035E-9   
  7100.0       2.660276E-9    
  7105.0       2.6501146E-9   
  7110.0       2.6335878E-9   
  7115.0       2.6339142E-9   
  7120.0       2.6242057E-9   
  7125.0       2.6245288E-9   
  7130.0       2.6375726E-9   
  7135.0       2.6738973E-9   
  7140.0       2.6793483E-9   
  7145.0       2.6588776E-9   
  7150.0       2.6472182E-9   
  7155.0       2.6536195E-9   
  7160.0       2.6197977E-9   
  7165.0       2.576123E-9    
  7170.0       2.5614044E-9   
  7175.0       2.5367783E-9   
  7180.0       2.4991123E-9   
  7185.0       2.4663867E-9   
  7190.0       2.4866493E-9   
  7195.0       2.5111575E-9   
  7200.0       2.5414824E-9   
  7205.0       2.5635882E-9   
  7210.0       2.606589E-9    
  7215.0       2.6186757E-9   
  7220.0       2.618515E-9    
  7225.0       2.6260392E-9   
  7230.0       2.6026512E-9   
  7235.0       2.579046E-9    
  7240.0       2.5551543E-9   
  7245.0       2.546316E-9    
  7250.0       2.5363545E-9   
  7255.0       2.5520264E-9   
  7260.0       2.5571287E-9   
  7265.0       2.559345E-9    
  7270.0       2.5378193E-9   
  7275.0       2.5002778E-9   
  7280.0       2.4985154E-9   
  7285.0       2.4910531E-9   
  7290.0       2.5196234E-9   
  7295.0       2.5878444E-9   
  7300.0       2.6015248E-9   
  7305.0       2.588099E-9    
  7310.0       2.5637805E-9   
  7315.0       2.5372748E-9   
  7320.0       2.5318534E-9   
  7325.0       2.54905E-9     
  7330.0       2.5836278E-9   
  7335.0       2.6134623E-9   
  7340.0       2.6118334E-9   
  7345.0       2.592025E-9    
  7350.0       2.5658207E-9   
  7355.0       2.5606626E-9   
  7360.0       2.5636577E-9   
  7365.0       2.576696E-9    
  7370.0       2.5803442E-9   
  7375.0       2.5750142E-9   
  7380.0       2.558205E-9    
  7385.0       2.5336246E-9   
  7390.0       2.537139E-9    
  7395.0       2.5356595E-9   
  7400.0       2.5217877E-9   
  7405.0       2.5054026E-9   
  7410.0       2.5093183E-9   
  7415.0       2.5374802E-9   
  7420.0       2.5648508E-9   
  7425.0       2.5918252E-9   
  7430.0       2.5915508E-9   
  7435.0       2.5648235E-9   
  7440.0       2.529324E-9    
  7445.0       2.5093807E-9   
  7450.0       2.525989E-9    
  7455.0       2.5363147E-9   
  7460.0       2.5427473E-9   
  7465.0       2.5518012E-9   
  7470.0       2.5400193E-9   
  7475.0       2.5164701E-9   
  7480.0       2.498318E-9    
  7485.0       2.491144E-9    
  7490.0       2.484333E-9    
  7495.0       2.4977143E-9   
  7500.0       2.5075955E-9   
  7505.0       2.4972988E-9   
  7510.0       2.492675E-9    
  7515.0       2.4946125E-9   
  7520.0       2.476934E-9    
  7525.0       2.4573417E-9   
  7530.0       2.4443871E-9   
  7535.0       2.443685E-9    
  7540.0       2.4477917E-9   
  7545.0       2.455404E-9    
  7550.0       2.4615552E-9   
  7555.0       2.453399E-9    
  7560.0       2.4398903E-9   
  7565.0       2.437489E-9    
  7570.0       2.4549491E-9   
  7575.0       2.4819573E-9   
  7580.0       2.491114E-9    
  7585.0       2.4578184E-9   
  7590.0       2.3847637E-9   
  7595.0       2.3051736E-9   
  7600.0       2.2606585E-9   
  7605.0       2.2711744E-9   
  7610.0       2.3212303E-9   
  7615.0       2.371727E-9    
  7620.0       2.3899456E-9   
  7625.0       2.3730005E-9   
  7630.0       2.3439612E-9   
  7635.0       2.3284012E-9   
  7640.0       2.332682E-9    
  7645.0       2.34117E-9     
  7650.0       2.3343112E-9   
  7655.0       2.3104014E-9   
  7660.0       2.2892395E-9   
  7665.0       2.2958062E-9   
  7670.0       2.3388234E-9   
  7675.0       2.4011264E-9   
  7680.0       2.450632E-9    
  7685.0       2.4622409E-9   
  7690.0       2.4338265E-9   
  7695.0       2.3862339E-9   
  7700.0       2.3477493E-9   
  7705.0       2.336065E-9    
  7710.0       2.3506168E-9   
  7715.0       2.3765696E-9   
  7720.0       2.396967E-9    
  7725.0       2.403494E-9    
  7730.0       2.3990978E-9   
  7735.0       2.3855073E-9   
  7740.0       2.3566165E-9   
  7745.0       2.336257E-9    
  7750.0       2.338993E-9    
  7755.0       2.3430573E-9   
  7760.0       2.3425766E-9   
  7765.0       2.3389277E-9   
  7770.0       2.3231097E-9   
  7775.0       2.3233229E-9   
  7780.0       2.3438824E-9   
  7785.0       2.3576003E-9   
  7790.0       2.366895E-9    
  7795.0       2.361662E-9    
  7800.0       2.3500302E-9   
  7805.0       2.3315558E-9   
  7810.0       2.3145237E-9   
  7815.0       2.3115987E-9   
  7820.0       2.3200633E-9   
  7825.0       2.3265163E-9   
  7830.0       2.3196047E-9   
  7835.0       2.3070235E-9   
  7840.0       2.2880808E-9   
  7845.0       2.2637037E-9   
  7850.0       2.2619349E-9   
  7855.0       2.2848592E-9   
  7860.0       2.3124287E-9   
  7865.0       2.3217126E-9   
  7870.0       2.2997666E-9   
  7875.0       2.2589877E-9   
  7880.0       2.224377E-9    
  7885.0       2.2060216E-9   
  7890.0       2.2070004E-9   
  7895.0       2.2269948E-9   
  7900.0       2.2551727E-9   
  7905.0       2.2700941E-9   
  7910.0       2.2641877E-9   
  7915.0       2.2557995E-9   
  7920.0       2.239082E-9    
  7925.0       2.220884E-9    
  7930.0       2.2000755E-9   
  7935.0       2.1989488E-9   
  7940.0       2.2012763E-9   
  7945.0       2.2170403E-9   
  7950.0       2.23169E-9     
  7955.0       2.223998E-9    
  7960.0       2.2087467E-9   
  7965.0       2.1983497E-9   
  7970.0       2.190565E-9    
  7975.0       2.1866131E-9   
  7980.0       2.1811177E-9   
  7985.0       2.1833515E-9   
  7990.0       2.1697186E-9   
  7995.0       2.155481E-9    
  8000.0       2.1909392E-9   
  8005.0       2.2047655E-9   
  8010.0       2.2051583E-9   
  8015.0       2.20511E-9     
  8020.0       2.192923E-9    
  8025.0       2.1757178E-9   
  8030.0       2.193473E-9    
  8035.0       2.191735E-9    
  8040.0       2.174063E-9    
  8045.0       2.1583708E-9   
  8050.0       2.1771343E-9   
  8055.0       2.1934918E-9   
  8060.0       2.1929323E-9   
  8065.0       2.1847832E-9   
  8070.0       2.1790718E-9   
  8075.0       2.1698163E-9   
  8080.0       2.1654283E-9   
  8085.0       2.1546032E-9   
  8090.0       2.160309E-9    
  8095.0       2.1564301E-9   
  8100.0       2.1770643E-9   
  8105.0       2.1890996E-9   
  8110.0       2.1873034E-9   
  8115.0       2.1901305E-9   
  8120.0       2.1896156E-9   
  8125.0       2.1847206E-9   
  8130.0       2.1591486E-9   
  8135.0       2.152951E-9    
  8140.0       2.147849E-9    
  8145.0       2.1221869E-9   
  8150.0       2.099255E-9    
  8155.0       2.0893247E-9   
  8160.0       2.0546995E-9   
  8165.0       2.0636013E-9   
  8170.0       2.0971949E-9   
  8175.0       2.0647368E-9   
  8180.0       2.0592048E-9   
  8185.0       2.075359E-9    
  8190.0       2.0597095E-9   
  8195.0       2.060382E-9    
  8200.0       2.122805E-9    
  8205.0       2.15815E-9     
  8210.0       2.1364812E-9   
  8215.0       2.109535E-9    
  8220.0       2.0645052E-9   
  8225.0       1.9775523E-9   
  8230.0       1.9858681E-9   
  8235.0       2.0850577E-9   
  8240.0       2.1208932E-9   
  8245.0       2.1275162E-9   
  8250.0       2.1297766E-9   
  8255.0       2.11179E-9     
  8260.0       2.1264783E-9   
  8265.0       2.1276536E-9   
  8270.0       2.0860558E-9   
  8275.0       2.055008E-9    
  8280.0       2.059734E-9    
  8285.0       2.0557271E-9   
  8290.0       2.0429085E-9   
  8295.0       2.0600182E-9   
  8300.0       2.0492765E-9   
  8305.0       2.045047E-9    
  8310.0       2.0452862E-9   
  8315.0       2.0376112E-9   
  8320.0       2.0207915E-9   
  8325.0       2.021286E-9    
  8330.0       2.011136E-9    
  8335.0       2.0031423E-9   
  8340.0       2.0181967E-9   
  8345.0       2.0310646E-9   
  8350.0       2.051898E-9    
  8355.0       2.045248E-9    
  8360.0       2.0394713E-9   
  8365.0       2.045587E-9    
  8370.0       2.045052E-9    
  8375.0       2.036747E-9    
  8380.0       2.0308029E-9   
  8385.0       2.0136055E-9   
  8390.0       2.0271667E-9   
  8395.0       2.0279416E-9   
  8400.0       2.0194517E-9   
  8405.0       2.0140927E-9   
  8410.0       2.0077267E-9   
  8415.0       1.9986028E-9   
  8420.0       1.9942308E-9   
  8425.0       1.9903166E-9   
  8430.0       1.9829023E-9   
  8435.0       1.9728097E-9   
  8440.0       1.975738E-9    
  8445.0       1.9825295E-9   
  8450.0       2.0016937E-9   
  8455.0       1.993211E-9    
  8460.0       1.976713E-9    
  8465.0       1.9593855E-9   
  8470.0       1.9626063E-9   
  8475.0       1.9805035E-9   
  8480.0       1.9890287E-9   
  8485.0       1.9778852E-9   
  8490.0       1.9131694E-9   
  8495.0       1.8190989E-9   
  8500.0       1.871104E-9    
  8505.0       1.9282898E-9   
  8510.0       1.9275026E-9   
  8515.0       1.9296786E-9   
  8520.0       1.934451E-9    
  8525.0       1.902274E-9    
  8530.0       1.8423739E-9   
  8535.0       1.6969207E-9   
  8540.0       1.5827029E-9   
  8545.0       1.7438727E-9   
  8550.0       1.8553657E-9   
  8555.0       1.8988697E-9   
  8560.0       1.9227382E-9   
  8565.0       1.9327155E-9   
  8570.0       1.923275E-9    
  8575.0       1.9265325E-9   
  8580.0       1.9132365E-9   
  8585.0       1.9185538E-9   
  8590.0       1.9077162E-9   
  8595.0       1.8984396E-9   
  8600.0       1.9072661E-9   
  8605.0       1.904863E-9    
  8610.0       1.8906912E-9   
  8615.0       1.8925226E-9   
  8620.0       1.9027078E-9   
  8625.0       1.9135769E-9   
  8630.0       1.913477E-9    
  8635.0       1.9149329E-9   
  8640.0       1.8989583E-9   
  8645.0       1.8723636E-9   
  8650.0       1.8292851E-9   
  8655.0       1.7063038E-9   
  8660.0       1.6114636E-9   
  8665.0       1.7171574E-9   
  8670.0       1.8120176E-9   
  8675.0       1.8516498E-9   
  8680.0       1.8632638E-9   
  8685.0       1.8519866E-9   
  8690.0       1.8761086E-9   
  8695.0       1.8903918E-9   
  8700.0       1.8989943E-9   
  8705.0       1.8983606E-9   
  8710.0       1.8905255E-9   
  8715.0       1.8937998E-9   
  8720.0       1.894323E-9    
  8725.0       1.8746726E-9   
  8730.0       1.8581127E-9   
  8735.0       1.8508243E-9   
  8740.0       1.8486864E-9   
  8745.0       1.8422619E-9   
  8750.0       1.832775E-9    
  8755.0       1.8349238E-9   
  8760.0       1.8510491E-9   
  8765.0       1.8581969E-9   
  8770.0       1.8559887E-9   
  8775.0       1.8658457E-9   
  8780.0       1.8702135E-9   
  8785.0       1.8484734E-9   
  8790.0       1.8307282E-9   
  8795.0       1.8371901E-9   
  8800.0       1.8169763E-9   
  8805.0       1.7968641E-9   
  8810.0       1.8304538E-9   
  8815.0       1.8419338E-9   
  8820.0       1.822233E-9    
  8825.0       1.8279255E-9   
  8830.0       1.8422905E-9   
  8835.0       1.842277E-9    
  8840.0       1.8246366E-9   
  8845.0       1.8270222E-9   
  8850.0       1.8182933E-9   
  8855.0       1.7910692E-9   
  8860.0       1.7675019E-9   
  8865.0       1.7684433E-9   
  8870.0       1.7966351E-9   
  8875.0       1.8071269E-9   
  8880.0       1.8113789E-9   
  8885.0       1.8128838E-9   
  8890.0       1.8152765E-9   
  8895.0       1.8125883E-9   
  8900.0       1.821188E-9    
  8905.0       1.8203086E-9   
  8910.0       1.8074339E-9   
  8915.0       1.8173998E-9   
  8920.0       1.8090505E-9   
  8925.0       1.799985E-9    
  8930.0       1.8207141E-9   
  8935.0       1.836624E-9    
  8940.0       1.820749E-9    
  8945.0       1.8038864E-9   
  8950.0       1.7992859E-9   
  8955.0       1.7981808E-9   
  8960.0       1.7730065E-9   
  8965.0       1.7580362E-9   
  8970.0       1.7567824E-9   
  8975.0       1.7637335E-9   
  8980.0       1.7393847E-9   
  8985.0       1.665671E-9    
  8990.0       1.6549511E-9   
  8995.0       1.6877337E-9   
  9000.0       1.6666788E-9   
  9005.0       1.6622598E-9   
  9010.0       1.6513171E-9   
  9015.0       1.6492653E-9   
  9020.0       1.6989351E-9   
  9025.0       1.745027E-9    
  9030.0       1.8120803E-9   
  9035.0       1.8499867E-9   
  9040.0       1.8587915E-9   
  9045.0       1.8492098E-9   
  9050.0       1.8293579E-9   
  9055.0       1.8082278E-9   
  9060.0       1.7541286E-9   
  9065.0       1.7381531E-9   
  9070.0       1.7019389E-9   
  9075.0       1.6828623E-9   
  9080.0       1.6610597E-9   
  9085.0       1.6425522E-9   
  9090.0       1.6712443E-9   
  9095.0       1.6898354E-9   
  9100.0       1.7001762E-9   
  9105.0       1.7203964E-9   
  9110.0       1.741657E-9    
  9115.0       1.7220759E-9   
  9120.0       1.7513052E-9   
  9125.0       1.7344782E-9   
  9130.0       1.6815146E-9   
  9135.0       1.6841445E-9   
  9140.0       1.7293125E-9   
  9145.0       1.7235562E-9   
  9150.0       1.6521409E-9   
  9155.0       1.6461694E-9   
  9160.0       1.7039852E-9   
  9165.0       1.7148071E-9   
  9170.0       1.6480407E-9   
  9175.0       1.6502948E-9   
  9180.0       1.6889055E-9   
  9185.0       1.7245106E-9   
  9190.0       1.7347389E-9   
  9195.0       1.7300482E-9   
  9200.0       1.7441605E-9   
  9205.0       1.7137439E-9   
  9210.0       1.6785687E-9   
  9215.0       1.6691037E-9   
  9220.0       1.6710696E-9   
  9225.0       1.6580217E-9   
  9230.0       1.6672683E-9   
  9235.0       1.6786509E-9   
  9240.0       1.6921908E-9   
  9245.0       1.7008983E-9   
  9250.0       1.7182328E-9   
  9255.0       1.7257302E-9   
  9260.0       1.7635542E-9   
  9265.0       1.803917E-9    
  9270.0       1.7999681E-9   
  9275.0       1.7574272E-9   
  9280.0       1.767434E-9    
  9285.0       1.7732498E-9   
  9290.0       1.755717E-9    
  9295.0       1.7193892E-9   
  9300.0       1.6982215E-9   
  9305.0       1.6609475E-9   
  9310.0       1.6044952E-9   
  9315.0       1.5186205E-9   
  9320.0       1.5092763E-9   
  9325.0       1.4743256E-9   
  9330.0       1.4599342E-9   
  9335.0       1.3747522E-9   
  9340.0       1.3141105E-9   
  9345.0       1.3855592E-9   
  9350.0       1.4790804E-9   
  9355.0       1.4311405E-9   
  9360.0       1.5341786E-9   
  9365.0       1.5046758E-9   
  9370.0       1.4944188E-9   
  9375.0       1.5367998E-9   
  9380.0       1.5952802E-9   
  9385.0       1.7245236E-9   
  9390.0       1.8626831E-9   
  9395.0       1.88732E-9     
  9400.0       1.819397E-9    
  9405.0       1.753142E-9    
  9410.0       1.6858372E-9   
  9415.0       1.7057187E-9   
  9420.0       1.6821792E-9   
  9425.0       1.5525988E-9   
  9430.0       1.536743E-9    
  9435.0       1.516289E-9    
  9440.0       1.432652E-9    
  9445.0       1.5502518E-9   
  9450.0       1.5857309E-9   
  9455.0       1.5049866E-9   
  9460.0       1.4945928E-9   
  9465.0       1.6181972E-9   
  9470.0       1.6445802E-9   
  9475.0       1.6064345E-9   
  9480.0       1.5808208E-9   
  9485.0       1.6727816E-9   
  9490.0       1.6363079E-9   
  9495.0       1.5001128E-9   
  9500.0       1.5190292E-9   
  9505.0       1.6677542E-9   
  9510.0       1.7172435E-9   
  9515.0       1.5621314E-9   
  9520.0       1.4866027E-9   
  9525.0       1.539536E-9    
  9530.0       1.5909035E-9   
  9535.0       1.5899615E-9   
  9540.0       1.5632011E-9   
  9545.0       1.4819587E-9   
  9550.0       1.4934696E-9   
  9555.0       1.4964479E-9   
  9560.0       1.5243101E-9   
  9565.0       1.5194628E-9   
  9570.0       1.6023465E-9   
  9575.0       1.6129686E-9   
  9580.0       1.5815828E-9   
  9585.0       1.5568872E-9   
  9590.0       1.4843773E-9   
  9595.0       1.5272872E-9   
  9600.0       1.5618049E-9   
  9605.0       1.5237218E-9   
  9610.0       1.5301392E-9   
  9615.0       1.4895053E-9   
  9620.0       1.472734E-9    
  9625.0       1.4861089E-9   
  9630.0       1.5047401E-9   
  9635.0       1.4854359E-9   
  9640.0       1.475365E-9    
  9645.0       1.4657675E-9   
  9650.0       1.484844E-9    
  9655.0       1.4710169E-9   
  9660.0       1.463707E-9    
  9665.0       1.4871233E-9   
  9670.0       1.520265E-9    
  9675.0       1.5500248E-9   
  9680.0       1.5527761E-9   
  9685.0       1.5547721E-9   
  9690.0       1.560565E-9    
  9695.0       1.5647884E-9   
  9700.0       1.5597832E-9   
  9705.0       1.5550968E-9   
  9710.0       1.5430033E-9   
  9715.0       1.5268599E-9   
  9720.0       1.5104886E-9   
  9725.0       1.4984414E-9   
  9730.0       1.4798378E-9   
  9735.0       1.4581462E-9   
  9740.0       1.4469762E-9   
  9745.0       1.4363927E-9   
  9750.0       1.4232219E-9   
  9755.0       1.4095454E-9   
  9760.0       1.4058563E-9   
  9765.0       1.4340373E-9   
  9770.0       1.4258741E-9   
  9775.0       1.4148388E-9   
  9780.0       1.4086063E-9   
  9785.0       1.415644E-9    
  9790.0       1.4387253E-9   
  9795.0       1.4415291E-9   
  9800.0       1.4470952E-9   
  9805.0       1.4420898E-9   
  9810.0       1.4405325E-9   
  9815.0       1.4384258E-9   
  9820.0       1.4250846E-9   
  9825.0       1.4280317E-9   
  9830.0       1.4355026E-9   
  9835.0       1.4364699E-9   
  9840.0       1.427584E-9    
  9845.0       1.4253355E-9   
  9850.0       1.4341897E-9   
  9855.0       1.4187052E-9   
  9860.0       1.4161603E-9   
  9865.0       1.4302163E-9   
  9870.0       1.4345258E-9   
  9875.0       1.4251985E-9   
  9880.0       1.4305146E-9   
  9885.0       1.4321516E-9   
  9890.0       1.4279872E-9   
  9895.0       1.420407E-9    
  9900.0       1.4084605E-9   
  9905.0       1.4158232E-9   
  9910.0       1.4092406E-9   
  9915.0       1.4159742E-9   
  9920.0       1.4243876E-9   
  9925.0       1.4061182E-9   
  9930.0       1.4127663E-9   
  9935.0       1.4302497E-9   
  9940.0       1.4261754E-9   
  9945.0       1.4010315E-9   
  9950.0       1.4029151E-9   
  9955.0       1.4131571E-9   
  9960.0       1.4119284E-9   
  9965.0       1.4084267E-9   
  9970.0       1.4213057E-9   
  9975.0       1.3907645E-9   
  9980.0       1.4042066E-9   
  9985.0       1.4064729E-9   
  9990.0       1.3900459E-9   
  9995.0       1.3768582E-9   
  10000.0      1.3910567E-9   
  10005.0      1.4092528E-9   
  10010.0      1.3999776E-9   
  10015.0      1.3797531E-9   
  10020.0      1.3956416E-9   
  10025.0      1.4209922E-9   
  10030.0      1.3979143E-9   
  10035.0      1.3566669E-9   
  10040.0      1.3365171E-9   
  10045.0      1.2846606E-9   
  10050.0      1.3075483E-9   
  10055.0      1.3303342E-9   
  10060.0      1.3224241E-9   
  10065.0      1.3220486E-9   
  10070.0      1.3368404E-9   
  10075.0      1.3630372E-9   
  10080.0      1.3378064E-9   
  10085.0      1.3441525E-9   
  10090.0      1.3712281E-9   
  10095.0      1.3748341E-9   
  10100.0      1.3462119E-9   
  10105.0      1.3077702E-9   
  10110.0      1.3398648E-9   
  10115.0      1.3477384E-9   
  10120.0      1.3442443E-9   
  10125.0      1.3388053E-9   
  10130.0      1.3331584E-9   
  10135.0      1.3319335E-9   
  10140.0      1.3295886E-9   
  10145.0      1.3272402E-9   
  10150.0      1.3175944E-9   
  10155.0      1.3400011E-9   
  10160.0      1.3512227E-9   
  10165.0      1.3253322E-9   
  10170.0      1.3063676E-9   
  10175.0      1.3081949E-9   
  10180.0      1.2718406E-9   
  10185.0      1.2592212E-9   
  10190.0      1.2525225E-9   
  10195.0      1.248398E-9    
  10200.0      1.2488617E-9   
  10205.0      1.2546375E-9   
  10210.0      1.2630578E-9   
  10215.0      1.2701514E-9   
  10220.0      1.2719873E-9   
  10225.0      1.2663058E-9   
  10230.0      1.2552144E-9   
  10235.0      1.2424848E-9   
  10240.0      1.2319669E-9   
  10245.0      1.2266022E-9   
  10250.0      1.2269523E-9   
  10255.0      1.2326643E-9   
  10260.0      1.2432472E-9   
  10265.0      1.257655E-9    
  10270.0      1.2734123E-9   
  10275.0      1.2874954E-9   
  10280.0      1.2969293E-9   
  10285.0      1.2996942E-9   
  10290.0      1.2962876E-9   
  10295.0      1.2881698E-9   
  10300.0      1.2769158E-9   
  10305.0      1.264188E-9    
  10310.0      1.2519118E-9   
  10315.0      1.24211E-9     
  10320.0      1.236728E-9    
  10325.0      1.2368797E-9   
  10330.0      1.2415111E-9   
  10335.0      1.24873E-9     
  10340.0      1.2566043E-9   
  10345.0      1.2635853E-9   
  10350.0      1.2691618E-9   
  10355.0      1.2732075E-9   
  10360.0      1.2756455E-9   
  10365.0      1.2764515E-9   
  10370.0      1.2757799E-9   
  10375.0      1.2738274E-9   
  10380.0      1.2708246E-9   
  10385.0      1.2672285E-9   
  10390.0      1.2640737E-9   
  10395.0      1.262622E-9    
  10400.0      1.2640843E-9   
  10405.0      1.2689536E-9   
  10410.0      1.2758663E-9   
  10415.0      1.2827394E-9   
  10420.0      1.2875014E-9   
  10425.0      1.2887784E-9   
  10430.0      1.2870753E-9   
  10435.0      1.2836047E-9   
  10440.0      1.2796102E-9   
  10445.0      1.2758856E-9   
  10450.0      1.2720582E-9   
  10455.0      1.2673143E-9   
  10460.0      1.2608782E-9   
  10465.0      1.2528881E-9   
  10470.0      1.2458595E-9   
  10475.0      1.2432138E-9   
  10480.0      1.2482393E-9   
  10485.0      1.2620698E-9   
  10490.0      1.2801861E-9   
  10495.0      1.2959057E-9   
  10500.0      1.3025928E-9   
  10505.0      1.2963011E-9   
  10510.0      1.2800637E-9   
  10515.0      1.2595888E-9   
  10520.0      1.2407045E-9   
  10525.0      1.2276515E-9   
  10530.0      1.2205659E-9   
  10535.0      1.2180064E-9   
  10540.0      1.218375E-9    
  10545.0      1.2201385E-9   
  10550.0      1.2219294E-9   
  10555.0      1.2224329E-9   
  10560.0      1.2204163E-9   
  10565.0      1.2152677E-9   
  10570.0      1.2080272E-9   
  10575.0      1.2003708E-9   
  10580.0      1.1939847E-9   
  10585.0      1.1901535E-9   
  10590.0      1.189078E-9    
  10595.0      1.190538E-9    
  10600.0      1.1942763E-9   
  10605.0      1.1999827E-9   
  10610.0      1.207204E-9    
  10615.0      1.2154338E-9   
  10620.0      9.169594E-10   
