# WAVELENGTH   FLUX           
  1150.0       1.4101945E-11  
  1155.0       1.9948291E-11  
  1160.0       1.5475909E-11  
  1165.0       3.0887068E-12  
  1170.0       1.6182417E-13  
  1175.0       5.6964535E-13  
  1180.0       3.783449E-12   
  1185.0       2.8355695E-12  
  1190.0       3.7686588E-13  
  1195.0       4.4459166E-13  
  1200.0       4.214296E-12   
  1205.0       1.6375195E-11  
  1210.0       5.279719E-11   
  1215.0       8.342723E-11   
  1220.0       5.569779E-11   
  1225.0       1.4712242E-11  
  1230.0       2.370965E-12   
  1235.0       1.3281638E-12  
  1240.0       1.1581648E-12  
  1245.0       8.104906E-13   
  1250.0       6.3007986E-13  
  1255.0       6.242729E-13   
  1260.0       5.347769E-13   
  1265.0       7.575267E-14   
  1270.0       3.7267396E-14  
  1275.0       3.6088767E-13  
  1280.0       9.894934E-13   
  1285.0       9.19897E-13    
  1290.0       2.997441E-13   
  1295.0       2.4736905E-13  
  1300.0       4.7795535E-13  
  1305.0       1.3256955E-13  
  1310.0       4.612998E-13   
  1315.0       8.588941E-13   
  1320.0       7.1502705E-13  
  1325.0       5.138006E-13   
  1330.0       6.5149904E-13  
  1335.0       5.556862E-13   
  1340.0       2.3468862E-13  
  1345.0       8.3330146E-14  
  1350.0       2.854446E-13   
  1355.0       5.348052E-13   
  1360.0       6.606149E-13   
  1365.0       7.6951444E-13  
  1370.0       5.6719944E-13  
  1375.0       7.6257734E-13  
  1380.0       9.59777E-13    
  1385.0       8.240218E-13   
  1390.0       3.8834666E-13  
  1395.0       7.1698306E-13  
  1400.0       1.0614313E-12  
  1405.0       1.3504587E-12  
  1410.0       1.1068021E-12  
  1415.0       3.7612006E-13  
  1420.0       9.604216E-14   
  1425.0       4.7305524E-13  
  1430.0       8.9826714E-13  
  1435.0       8.235631E-13   
  1440.0       1.3448648E-12  
  1445.0       2.3426068E-12  
  1450.0       1.9803265E-12  
  1455.0       1.0599918E-12  
  1460.0       5.530484E-13   
  1465.0       6.933911E-13   
  1470.0       1.1474492E-12  
  1475.0       1.356365E-12   
  1480.0       1.3316766E-12  
  1485.0       1.051936E-12   
  1490.0       1.0693546E-12  
  1495.0       1.1734417E-12  
  1500.0       1.1724609E-12  
  1505.0       1.1312679E-12  
  1510.0       1.1158942E-12  
  1515.0       1.0945733E-12  
  1520.0       1.0131117E-12  
  1525.0       1.0653137E-12  
  1530.0       1.2772689E-12  
  1535.0       1.5289273E-12  
  1540.0       1.7686337E-12  
  1545.0       2.4036868E-12  
  1550.0       2.3250703E-12  
  1555.0       1.5964125E-12  
  1560.0       1.7729584E-12  
  1565.0       1.8855176E-12  
  1570.0       1.9317959E-12  
  1575.0       2.1244382E-12  
  1580.0       1.7653026E-12  
  1585.0       1.6917596E-12  
  1590.0       1.6933766E-12  
  1595.0       1.2821986E-12  
  1600.0       1.1128602E-12  
  1605.0       1.4931876E-12  
  1610.0       1.4248069E-12  
  1615.0       8.964778E-13   
  1620.0       7.434152E-13   
  1625.0       1.078702E-12   
  1630.0       1.6055961E-12  
  1635.0       1.7789156E-12  
  1640.0       1.2963886E-12  
  1645.0       1.5381134E-12  
  1650.0       1.853404E-12   
  1655.0       1.8141574E-12  
  1660.0       2.3697494E-12  
  1665.0       2.4892638E-12  
  1670.0       2.1201075E-12  
  1675.0       1.820858E-12   
  1680.0       2.3081105E-12  
  1685.0       2.3535225E-12  
  1690.0       2.3092932E-12  
  1695.0       2.5901661E-12  
  1700.0       2.8922596E-12  
  1705.0       2.4971871E-12  
  1710.0       2.139828E-12   
  1715.0       2.2990381E-12  
  1720.0       2.6879354E-12  
  1725.0       2.9562101E-12  
  1730.0       3.0187513E-12  
  1735.0       3.3999992E-12  
  1740.0       3.66761E-12    
  1745.0       4.1954044E-12  
  1750.0       4.262984E-12   
  1755.0       4.131369E-12   
  1760.0       4.4603583E-12  
  1765.0       5.062422E-12   
  1770.0       5.4767167E-12  
  1775.0       6.111947E-12   
  1780.0       5.595784E-12   
  1785.0       4.8585407E-12  
  1790.0       3.75709E-12    
  1795.0       4.1636477E-12  
  1800.0       5.2301974E-12  
  1805.0       5.927254E-12   
  1810.0       6.8059894E-12  
  1815.0       7.544217E-12   
  1820.0       8.022786E-12   
  1825.0       7.795318E-12   
  1830.0       7.7493584E-12  
  1835.0       7.893276E-12   
  1840.0       7.739075E-12   
  1845.0       7.2633353E-12  
  1850.0       7.242026E-12   
  1855.0       7.8576095E-12  
  1860.0       8.815509E-12   
  1865.0       9.469477E-12   
  1870.0       9.989987E-12   
  1875.0       1.03616E-11    
  1880.0       1.0768696E-11  
  1885.0       1.1386207E-11  
  1890.0       1.1872659E-11  
  1895.0       1.1844499E-11  
  1900.0       1.1016114E-11  
  1905.0       1.1207913E-11  
  1910.0       1.21541084E-11 
  1915.0       1.2747067E-11  
  1920.0       1.34294156E-11 
  1925.0       1.301957E-11   
  1930.0       1.2198406E-11  
  1935.0       1.18927E-11    
  1940.0       1.3372918E-11  
  1945.0       1.6314138E-11  
  1950.0       1.975773E-11   
  1955.0       3.1258763E-11  
  1960.0       3.3601774E-11  
  1965.0       1.8013384E-11  
  1970.0       3.0188345E-12  
  1975.0       1.6041185E-12  
  1980.0       1.5639833E-11  
  1985.0       4.946142E-11   
  1990.0       5.3293384E-11  
  1995.0       3.515895E-11   
  2000.0       2.5113148E-11  
  2005.0       3.495149E-12   
  2010.0       3.1767674E-13  
  2015.0       1.9013333E-12  
  2020.0       3.1610454E-13  
  2025.0       0.0            
  2030.0       0.0            
  2035.0       0.0            
  2040.0       1.5474856E-13  
  2045.0       3.335019E-12   
  2050.0       1.7552569E-11  
  2055.0       2.4721461E-11  
  2060.0       3.197439E-11   
  2065.0       1.938998E-11   
  2070.0       1.8730881E-11  
  2075.0       4.3287283E-11  
  2080.0       6.717781E-11   
  2085.0       5.7185343E-11  
  2090.0       4.417953E-11   
  2095.0       3.915091E-11   
  2100.0       7.69869E-11    
  2105.0       1.09950236E-10 
  2110.0       1.1266132E-10  
  2115.0       9.9032955E-11  
  2120.0       1.0523113E-10  
  2125.0       9.713443E-11   
  2130.0       5.118843E-11   
  2135.0       8.524163E-11   
  2140.0       1.0381275E-10  
  2145.0       1.1219162E-10  
  2150.0       1.1790893E-10  
  2155.0       1.0545332E-10  
  2160.0       8.906332E-11   
  2165.0       3.7492443E-11  
  2170.0       9.8360825E-12  
  2175.0       4.7818922E-11  
  2180.0       1.0706985E-10  
  2185.0       1.1790498E-10  
  2190.0       9.1602406E-11  
  2195.0       7.843368E-11   
  2200.0       1.0174252E-10  
  2205.0       1.03427635E-10 
  2210.0       1.1634712E-10  
  2215.0       7.384808E-11   
  2220.0       8.713745E-11   
  2225.0       9.324171E-11   
  2230.0       7.522615E-11   
  2235.0       9.6171314E-11  
  2240.0       1.2087557E-10  
  2245.0       1.1570768E-10  
  2250.0       8.15509E-11    
  2255.0       1.1992926E-10  
  2260.0       1.2195678E-10  
  2265.0       8.0268514E-11  
  2270.0       5.949443E-11   
  2275.0       5.942934E-11   
  2280.0       6.1078885E-11  
  2285.0       5.5244507E-11  
  2290.0       8.120298E-11   
  2295.0       9.2463745E-11  
  2300.0       9.5325185E-11  
  2305.0       9.09523E-11    
  2310.0       9.787802E-11   
  2315.0       8.584071E-11   
  2320.0       1.1330137E-10  
  2325.0       1.4915008E-10  
  2330.0       1.2500784E-10  
  2335.0       9.9865116E-11  
  2340.0       1.0484052E-10  
  2345.0       9.33562E-11    
  2350.0       9.232562E-11   
  2355.0       1.018582E-10   
  2360.0       1.1169968E-10  
  2365.0       1.0953958E-10  
  2370.0       1.1821583E-10  
  2375.0       1.10030526E-10 
  2380.0       1.0331353E-10  
  2385.0       9.407246E-11   
  2390.0       1.0199643E-10  
  2395.0       9.9384334E-11  
  2400.0       8.793011E-11   
  2405.0       8.541299E-11   
  2410.0       9.118901E-11   
  2415.0       1.062717E-10   
  2420.0       1.4456546E-10  
  2425.0       1.7680164E-10  
  2430.0       1.9370258E-10  
  2435.0       1.9522135E-10  
  2440.0       1.902914E-10   
  2445.0       1.5926699E-10  
  2450.0       1.0180085E-10  
  2455.0       7.660626E-11   
  2460.0       9.955268E-11   
  2465.0       1.15402875E-10 
  2470.0       1.1387773E-10  
  2475.0       1.15443106E-10 
  2480.0       1.1715899E-10  
  2485.0       9.8072765E-11  
  2490.0       8.329934E-11   
  2495.0       1.1973075E-10  
  2500.0       1.6498096E-10  
  2505.0       1.6983642E-10  
  2510.0       1.4888354E-10  
  2515.0       1.1699389E-10  
  2520.0       9.783849E-11   
  2525.0       9.628296E-11   
  2530.0       1.1599395E-10  
  2535.0       1.277741E-10   
  2540.0       1.2825717E-10  
  2545.0       1.377212E-10   
  2550.0       1.5549116E-10  
  2555.0       1.8104587E-10  
  2560.0       1.9427351E-10  
  2565.0       2.2537999E-10  
  2570.0       2.6695987E-10  
  2575.0       2.8639577E-10  
  2580.0       3.0466624E-10  
  2585.0       2.9223093E-10  
  2590.0       2.7050173E-10  
  2595.0       2.3067515E-10  
  2600.0       2.0843208E-10  
  2605.0       1.9978212E-10  
  2610.0       1.9442954E-10  
  2615.0       2.1430406E-10  
  2620.0       2.4290012E-10  
  2625.0       2.359505E-10   
  2630.0       2.6657884E-10  
  2635.0       4.1678402E-10  
  2640.0       5.511579E-10   
  2645.0       5.589976E-10   
  2650.0       5.4342064E-10  
  2655.0       5.9321387E-10  
  2660.0       5.868521E-10   
  2665.0       5.5582616E-10  
  2670.0       5.6908184E-10  
  2675.0       5.581719E-10   
  2680.0       5.553324E-10   
  2685.0       5.508386E-10   
  2690.0       5.190494E-10   
  2695.0       5.057723E-10   
  2700.0       5.4789884E-10  
  2705.0       5.752738E-10   
  2710.0       5.5229615E-10  
  2715.0       5.0735327E-10  
  2720.0       4.2328335E-10  
  2725.0       4.4101145E-10  
  2730.0       4.6115683E-10  
  2735.0       4.026026E-10   
  2740.0       3.1759995E-10  
  2745.0       2.861198E-10   
  2750.0       3.1449346E-10  
  2755.0       3.570248E-10   
  2760.0       4.2779164E-10  
  2765.0       5.029095E-10   
  2770.0       5.356325E-10   
  2775.0       4.787563E-10   
  2780.0       4.0027892E-10  
  2785.0       3.355101E-10   
  2790.0       2.3747943E-10  
  2795.0       1.7134166E-10  
  2800.0       1.7006317E-10  
  2805.0       2.1628406E-10  
  2810.0       3.111239E-10   
  2815.0       4.6849224E-10  
  2820.0       5.7492106E-10  
  2825.0       6.239573E-10   
  2830.0       6.5957556E-10  
  2835.0       6.563607E-10   
  2840.0       6.1042754E-10  
  2845.0       4.974104E-10   
  2850.0       3.6643494E-10  
  2855.0       4.2077625E-10  
  2860.0       6.1414507E-10  
  2865.0       7.039321E-10   
  2870.0       6.998892E-10   
  2875.0       6.840737E-10   
  2880.0       6.47726E-10    
  2885.0       7.38193E-10    
  2890.0       8.090446E-10   
  2895.0       8.3967566E-10  
  2900.0       8.9811997E-10  
  2905.0       9.330435E-10   
  2910.0       9.655403E-10   
  2915.0       9.848143E-10   
  2920.0       9.549479E-10   
  2925.0       9.1787494E-10  
  2930.0       9.262998E-10   
  2935.0       9.521077E-10   
  2940.0       9.69299E-10    
  2945.0       9.85078E-10    
  2950.0       9.925423E-10   
  2955.0       1.0225083E-9   
  2960.0       1.0153132E-9   
  2965.0       9.492842E-10   
  2970.0       9.655984E-10   
  2975.0       1.0161632E-9   
  2980.0       9.563816E-10   
  2985.0       9.087152E-10   
  2990.0       9.688758E-10   
  2995.0       9.740272E-10   
  3000.0       9.1330543E-10  
  3005.0       9.410308E-10   
  3010.0       1.0061236E-9   
  3015.0       9.902368E-10   
  3020.0       9.922755E-10   
  3025.0       1.0980771E-9   
  3030.0       1.2040267E-9   
  3035.0       1.2124419E-9   
  3040.0       1.1871739E-9   
  3045.0       1.2116087E-9   
  3050.0       1.2183716E-9   
  3055.0       1.1515905E-9   
  3060.0       1.1418944E-9   
  3065.0       1.2056927E-9   
  3070.0       1.2858092E-9   
  3075.0       1.309717E-9    
  3080.0       1.348585E-9    
  3085.0       1.3754704E-9   
  3090.0       1.2078566E-9   
  3095.0       1.1086331E-9   
  3100.0       1.1717395E-9   
  3105.0       1.3532576E-9   
  3110.0       1.4450878E-9   
  3115.0       1.3835685E-9   
  3120.0       1.2711587E-9   
  3125.0       1.2822481E-9   
  3130.0       1.4021835E-9   
  3135.0       1.4118708E-9   
  3140.0       1.3127386E-9   
  3145.0       1.2094722E-9   
  3150.0       1.1855986E-9   
  3155.0       1.1436615E-9   
  3160.0       1.2001449E-9   
  3165.0       1.2865867E-9   
  3170.0       1.3740074E-9   
  3175.0       1.3621528E-9   
  3180.0       1.2655664E-9   
  3185.0       1.2283154E-9   
  3190.0       1.2369719E-9   
  3195.0       1.3217611E-9   
  3200.0       1.5261092E-9   
  3205.0       1.4830354E-9   
  3210.0       1.4324881E-9   
  3215.0       1.3835412E-9   
  3220.0       1.3225158E-9   
  3225.0       1.2540747E-9   
  3230.0       1.2268953E-9   
  3235.0       1.2731255E-9   
  3240.0       1.3393596E-9   
  3245.0       1.3780864E-9   
  3250.0       1.4407561E-9   
  3255.0       1.57728E-9     
  3260.0       1.7328589E-9   
  3265.0       1.8285593E-9   
  3270.0       1.8316447E-9   
  3275.0       1.7547166E-9   
  3280.0       1.6793966E-9   
  3285.0       1.6850155E-9   
  3290.0       1.7752797E-9   
  3295.0       1.9013622E-9   
  3300.0       1.95759E-9     
  3305.0       1.8813537E-9   
  3310.0       1.7744305E-9   
  3315.0       1.747117E-9    
  3320.0       1.7686911E-9   
  3325.0       1.7752539E-9   
  3330.0       1.7612156E-9   
  3335.0       1.7488351E-9   
  3340.0       1.7685811E-9   
  3345.0       1.8248497E-9   
  3350.0       1.8499995E-9   
  3355.0       1.7878303E-9   
  3360.0       1.6838207E-9   
  3365.0       1.6096692E-9   
  3370.0       1.6009873E-9   
  3375.0       1.65535E-9     
  3380.0       1.7121217E-9   
  3385.0       1.7303838E-9   
  3390.0       1.772987E-9    
  3395.0       1.8855717E-9   
  3400.0       1.9680373E-9   
  3405.0       1.9268696E-9   
  3410.0       1.8330935E-9   
  3415.0       1.792829E-9    
  3420.0       1.8330624E-9   
  3425.0       1.9140893E-9   
  3430.0       1.9111612E-9   
  3435.0       1.7560459E-9   
  3440.0       1.6052815E-9   
  3445.0       1.612148E-9    
  3450.0       1.6983356E-9   
  3455.0       1.7434424E-9   
  3460.0       1.7519102E-9   
  3465.0       1.7609134E-9   
  3470.0       1.7627955E-9   
  3475.0       1.7405688E-9   
  3480.0       1.703019E-9    
  3485.0       1.6791074E-9   
  3490.0       1.7198094E-9   
  3495.0       1.8387971E-9   
  3500.0       1.9342554E-9   
  3505.0       1.9223791E-9   
  3510.0       1.882265E-9    
  3515.0       1.8577496E-9   
  3520.0       1.8196168E-9   
  3525.0       1.8080041E-9   
  3530.0       1.9089563E-9   
  3535.0       2.0443427E-9   
  3540.0       2.129053E-9    
  3545.0       2.1512434E-9   
  3550.0       2.1163074E-9   
  3555.0       2.0503492E-9   
  3560.0       1.9636994E-9   
  3565.0       1.8009696E-9   
  3570.0       1.6642363E-9   
  3575.0       1.6027016E-9   
  3580.0       1.5097151E-9   
  3585.0       1.524733E-9    
  3590.0       1.7208969E-9   
  3595.0       1.9558906E-9   
  3600.0       2.0406463E-9   
  3605.0       1.928662E-9    
  3610.0       1.7874454E-9   
  3615.0       1.7776265E-9   
  3620.0       1.8551293E-9   
  3625.0       1.9902004E-9   
  3630.0       2.0104396E-9   
  3635.0       2.0180897E-9   
  3640.0       2.0537978E-9   
  3645.0       2.0150746E-9   
  3650.0       2.080841E-9    
  3655.0       2.311657E-9    
  3660.0       2.4657947E-9   
  3665.0       2.4624423E-9   
  3670.0       2.3928532E-9   
  3675.0       2.3229512E-9   
  3680.0       2.230307E-9    
  3685.0       2.2146116E-9   
  3690.0       2.290786E-9    
  3695.0       2.3964457E-9   
  3700.0       2.4070073E-9   
  3705.0       2.288405E-9    
  3710.0       2.2760913E-9   
  3715.0       2.2878779E-9   
  3720.0       2.1123845E-9   
  3725.0       2.0698179E-9   
  3730.0       1.985092E-9    
  3735.0       1.8229905E-9   
  3740.0       1.8430264E-9   
  3745.0       1.8314744E-9   
  3750.0       1.8957347E-9   
  3755.0       2.1034874E-9   
  3760.0       2.1515902E-9   
  3765.0       2.209034E-9    
  3770.0       2.3546058E-9   
  3775.0       2.6014908E-9   
  3780.0       2.741022E-9    
  3785.0       2.5998E-9      
  3790.0       2.3332918E-9   
  3795.0       2.1882738E-9   
  3800.0       2.2762867E-9   
  3805.0       2.4614406E-9   
  3810.0       2.4347886E-9   
  3815.0       2.1469233E-9   
  3820.0       1.840229E-9    
  3825.0       1.5861704E-9   
  3830.0       1.4335239E-9   
  3835.0       1.4376775E-9   
  3840.0       1.6663354E-9   
  3845.0       2.0376876E-9   
  3850.0       2.205052E-9    
  3855.0       2.1211588E-9   
  3860.0       2.0420077E-9   
  3865.0       2.1216657E-9   
  3870.0       2.1308089E-9   
  3875.0       2.0992008E-9   
  3880.0       2.0698363E-9   
  3885.0       2.049026E-9    
  3890.0       2.1412656E-9   
  3895.0       2.3202145E-9   
  3900.0       2.4131939E-9   
  3905.0       2.4858362E-9   
  3910.0       2.6246894E-9   
  3915.0       2.602294E-9    
  3920.0       2.3097857E-9   
  3925.0       1.8039276E-9   
  3930.0       1.2918143E-9   
  3935.0       1.2406981E-9   
  3940.0       1.6775841E-9   
  3945.0       2.1741224E-9   
  3950.0       2.5157763E-9   
  3955.0       2.5038143E-9   
  3960.0       2.0952255E-9   
  3965.0       1.5351497E-9   
  3970.0       1.4461115E-9   
  3975.0       2.0488438E-9   
  3980.0       2.720377E-9    
  3985.0       3.0588E-9      
  3990.0       3.1847345E-9   
  3995.0       3.2376457E-9   
  4000.0       3.276454E-9    
  4005.0       3.304381E-9    
  4010.0       3.3871215E-9   
  4015.0       3.4680734E-9   
  4020.0       3.4980312E-9   
  4025.0       3.4593692E-9   
  4030.0       3.3897654E-9   
  4035.0       3.4141108E-9   
  4040.0       3.4342225E-9   
  4045.0       3.338029E-9    
  4050.0       3.3419523E-9   
  4055.0       3.2993444E-9   
  4060.0       3.227352E-9    
  4065.0       3.2195784E-9   
  4070.0       3.2652616E-9   
  4075.0       3.2937162E-9   
  4080.0       3.383713E-9    
  4085.0       3.5458856E-9   
  4090.0       3.5732193E-9   
  4095.0       3.3411025E-9   
  4100.0       3.0948906E-9   
  4105.0       3.2102678E-9   
  4110.0       3.4900611E-9   
  4115.0       3.6312335E-9   
  4120.0       3.6201058E-9   
  4125.0       3.5354053E-9   
  4130.0       3.4638499E-9   
  4135.0       3.4979726E-9   
  4140.0       3.5509464E-9   
  4145.0       3.5297103E-9   
  4150.0       3.5217531E-9   
  4155.0       3.5315206E-9   
  4160.0       3.5890928E-9   
  4165.0       3.5787135E-9   
  4170.0       3.47505E-9     
  4175.0       3.3968068E-9   
  4180.0       3.4046748E-9   
  4185.0       3.4124699E-9   
  4190.0       3.4186238E-9   
  4195.0       3.3664844E-9   
  4200.0       3.333962E-9    
  4205.0       3.4686245E-9   
  4210.0       3.6038532E-9   
  4215.0       3.58763E-9     
  4220.0       3.440149E-9    
  4225.0       3.2374972E-9   
  4230.0       3.2541843E-9   
  4235.0       3.3446013E-9   
  4240.0       3.4017924E-9   
  4245.0       3.3776384E-9   
  4250.0       3.3057757E-9   
  4255.0       3.2939145E-9   
  4260.0       3.3117369E-9   
  4265.0       3.2842997E-9   
  4270.0       3.1566352E-9   
  4275.0       3.1670493E-9   
  4280.0       3.2477008E-9   
  4285.0       3.1992669E-9   
  4290.0       3.0537388E-9   
  4295.0       2.834913E-9    
  4300.0       2.5423565E-9   
  4305.0       2.401983E-9    
  4310.0       2.570618E-9    
  4315.0       3.093077E-9    
  4320.0       3.4615983E-9   
  4325.0       3.4670276E-9   
  4330.0       3.4721546E-9   
  4335.0       3.3254355E-9   
  4340.0       3.1453293E-9   
  4345.0       3.2774785E-9   
  4350.0       3.4656058E-9   
  4355.0       3.5769723E-9   
  4360.0       3.6741592E-9   
  4365.0       3.7089989E-9   
  4370.0       3.6274446E-9   
  4375.0       3.492865E-9    
  4380.0       3.3481258E-9   
  4385.0       3.2516057E-9   
  4390.0       3.3722183E-9   
  4395.0       3.512286E-9    
  4400.0       3.5543715E-9   
  4405.0       3.5697632E-9   
  4410.0       3.6837993E-9   
  4415.0       3.77086E-9     
  4420.0       3.8455332E-9   
  4425.0       3.8664165E-9   
  4430.0       3.845445E-9    
  4435.0       3.81521E-9     
  4440.0       3.850106E-9    
  4445.0       3.895565E-9    
  4450.0       3.8681507E-9   
  4455.0       3.7172248E-9   
  4460.0       3.6711991E-9   
  4465.0       3.786088E-9    
  4470.0       3.943348E-9    
  4475.0       4.0222017E-9   
  4480.0       3.995801E-9    
  4485.0       3.982697E-9    
  4490.0       3.9903383E-9   
  4495.0       4.0372488E-9   
  4500.0       4.1338324E-9   
  4505.0       4.2173065E-9   
  4510.0       4.220278E-9    
  4515.0       4.136193E-9    
  4520.0       4.035563E-9    
  4525.0       3.84594E-9     
  4530.0       3.7401158E-9   
  4535.0       3.851028E-9    
  4540.0       3.9799777E-9   
  4545.0       3.95188E-9     
  4550.0       3.902936E-9    
  4555.0       3.985428E-9    
  4560.0       4.0830894E-9   
  4565.0       4.098778E-9    
  4570.0       4.110926E-9    
  4575.0       4.0822004E-9   
  4580.0       4.0066412E-9   
  4585.0       3.993815E-9    
  4590.0       4.001401E-9    
  4595.0       3.979196E-9    
  4600.0       3.9770307E-9   
  4605.0       4.0383767E-9   
  4610.0       4.085128E-9    
  4615.0       4.089698E-9    
  4620.0       4.1160404E-9   
  4625.0       4.1233266E-9   
  4630.0       4.0992165E-9   
  4635.0       4.034636E-9    
  4640.0       3.9861594E-9   
  4645.0       3.9251E-9      
  4650.0       3.9184784E-9   
  4655.0       3.9908614E-9   
  4660.0       4.0222043E-9   
  4665.0       3.899153E-9    
  4670.0       3.862685E-9    
  4675.0       3.9176458E-9   
  4680.0       3.9541335E-9   
  4685.0       3.9800896E-9   
  4690.0       3.978875E-9    
  4695.0       3.939664E-9    
  4700.0       3.8430246E-9   
  4705.0       3.815222E-9    
  4710.0       3.8767283E-9   
  4715.0       3.9919734E-9   
  4720.0       4.070365E-9    
  4725.0       4.012133E-9    
  4730.0       3.913972E-9    
  4735.0       3.9351074E-9   
  4740.0       4.011353E-9    
  4745.0       4.0676493E-9   
  4750.0       4.0517443E-9   
  4755.0       3.993471E-9    
  4760.0       3.955471E-9    
  4765.0       3.9339003E-9   
  4770.0       4.0039114E-9   
  4775.0       4.0901758E-9   
  4780.0       4.1002024E-9   
  4785.0       4.041475E-9    
  4790.0       4.028555E-9    
  4795.0       4.0791606E-9   
  4800.0       4.0887116E-9   
  4805.0       4.0545896E-9   
  4810.0       4.0409125E-9   
  4815.0       4.0868606E-9   
  4820.0       4.0914774E-9   
  4825.0       4.043811E-9    
  4830.0       4.0149217E-9   
  4835.0       3.986416E-9    
  4840.0       3.9577777E-9   
  4845.0       3.9650097E-9   
  4850.0       3.8662957E-9   
  4855.0       3.5403491E-9   
  4860.0       3.2255536E-9   
  4865.0       3.3436076E-9   
  4870.0       3.5885284E-9   
  4875.0       3.7682955E-9   
  4880.0       3.8571244E-9   
  4885.0       3.7951864E-9   
  4890.0       3.774627E-9    
  4895.0       3.9186596E-9   
  4900.0       4.0226915E-9   
  4905.0       4.0158104E-9   
  4910.0       3.9223207E-9   
  4915.0       3.7912677E-9   
  4920.0       3.6722623E-9   
  4925.0       3.80012E-9     
  4930.0       3.9424153E-9   
  4935.0       3.899071E-9    
  4940.0       3.883218E-9    
  4945.0       3.9892227E-9   
  4950.0       4.0192254E-9   
  4955.0       3.917996E-9    
  4960.0       3.8829917E-9   
  4965.0       3.944068E-9    
  4970.0       3.9516186E-9   
  4975.0       3.9048516E-9   
  4980.0       3.7830503E-9   
  4985.0       3.76658E-9     
  4990.0       3.8653414E-9   
  4995.0       3.87494E-9     
  5000.0       3.801191E-9    
  5005.0       3.7055983E-9   
  5010.0       3.6674324E-9   
  5015.0       3.6263605E-9   
  5020.0       3.651818E-9    
  5025.0       3.752103E-9    
  5030.0       3.8183687E-9   
  5035.0       3.7652916E-9   
  5040.0       3.6789403E-9   
  5045.0       3.725981E-9    
  5050.0       3.793206E-9    
  5055.0       3.858634E-9    
  5060.0       3.8986476E-9   
  5065.0       3.8399213E-9   
  5070.0       3.777956E-9    
  5075.0       3.716022E-9    
  5080.0       3.6864913E-9   
  5085.0       3.769596E-9    
  5090.0       3.8469583E-9   
  5095.0       3.793668E-9    
  5100.0       3.734885E-9    
  5105.0       3.734068E-9    
  5110.0       3.7692733E-9   
  5115.0       3.827594E-9    
  5120.0       3.7910497E-9   
  5125.0       3.703418E-9    
  5130.0       3.6760421E-9   
  5135.0       3.6491883E-9   
  5140.0       3.5981917E-9   
  5145.0       3.619036E-9    
  5150.0       3.6784606E-9   
  5155.0       3.7119745E-9   
  5160.0       3.604075E-9    
  5165.0       3.2502732E-9   
  5170.0       3.0423375E-9   
  5175.0       3.2000516E-9   
  5180.0       3.2957719E-9   
  5185.0       3.3161405E-9   
  5190.0       3.4584575E-9   
  5195.0       3.571083E-9    
  5200.0       3.6335877E-9   
  5205.0       3.5965124E-9   
  5210.0       3.6086656E-9   
  5215.0       3.6805285E-9   
  5220.0       3.6914614E-9   
  5225.0       3.5920364E-9   
  5230.0       3.5592784E-9   
  5235.0       3.6719732E-9   
  5240.0       3.7973242E-9   
  5245.0       3.794693E-9    
  5250.0       3.7423376E-9   
  5255.0       3.7269117E-9   
  5260.0       3.6174421E-9   
  5265.0       3.3820844E-9   
  5270.0       3.339881E-9    
  5275.0       3.5053882E-9   
  5280.0       3.6540593E-9   
  5285.0       3.7695833E-9   
  5290.0       3.828923E-9    
  5295.0       3.7570085E-9   
  5300.0       3.7079992E-9   
  5305.0       3.799752E-9    
  5310.0       3.875786E-9    
  5315.0       3.8435326E-9   
  5320.0       3.7238836E-9   
  5325.0       3.5727539E-9   
  5330.0       3.5779797E-9   
  5335.0       3.6727454E-9   
  5340.0       3.6860015E-9   
  5345.0       3.7058525E-9   
  5350.0       3.76075E-9     
  5355.0       3.834467E-9    
  5360.0       3.814049E-9    
  5365.0       3.6860266E-9   
  5370.0       3.6238001E-9   
  5375.0       3.693403E-9    
  5380.0       3.7572123E-9   
  5385.0       3.752133E-9    
  5390.0       3.6982215E-9   
  5395.0       3.6291778E-9   
  5400.0       3.578442E-9    
  5405.0       3.5448964E-9   
  5410.0       3.5901875E-9   
  5415.0       3.669043E-9    
  5420.0       3.6973786E-9   
  5425.0       3.6762957E-9   
  5430.0       3.6535641E-9   
  5435.0       3.7016585E-9   
  5440.0       3.766811E-9    
  5445.0       3.7192465E-9   
  5450.0       3.6953804E-9   
  5455.0       3.694612E-9    
  5460.0       3.7034087E-9   
  5465.0       3.7102372E-9   
  5470.0       3.700159E-9    
  5475.0       3.6435925E-9   
  5480.0       3.627313E-9    
  5485.0       3.6752368E-9   
  5490.0       3.7049481E-9   
  5495.0       3.7145813E-9   
  5500.0       3.7015009E-9   
  5505.0       3.6661618E-9   
  5510.0       3.6555243E-9   
  5515.0       3.6857353E-9   
  5520.0       3.7090726E-9   
  5525.0       3.6549739E-9   
  5530.0       3.6161938E-9   
  5535.0       3.6430474E-9   
  5540.0       3.6740566E-9   
  5545.0       3.7065735E-9   
  5550.0       3.7409484E-9   
  5555.0       3.7128403E-9   
  5560.0       3.6599437E-9   
  5565.0       3.6195378E-9   
  5570.0       3.5812717E-9   
  5575.0       3.606564E-9    
  5580.0       3.6158596E-9   
  5585.0       3.524985E-9    
  5590.0       3.4598346E-9   
  5595.0       3.4829732E-9   
  5600.0       3.5147099E-9   
  5605.0       3.5915817E-9   
  5610.0       3.6498324E-9   
  5615.0       3.5781273E-9   
  5620.0       3.548835E-9    
  5625.0       3.590212E-9    
  5630.0       3.6252332E-9   
  5635.0       3.617427E-9    
  5640.0       3.604465E-9    
  5645.0       3.6213916E-9   
  5650.0       3.622989E-9    
  5655.0       3.5562289E-9   
  5660.0       3.5112708E-9   
  5665.0       3.5468186E-9   
  5670.0       3.6016843E-9   
  5675.0       3.6188124E-9   
  5680.0       3.584887E-9    
  5685.0       3.5470187E-9   
  5690.0       3.5642764E-9   
  5695.0       3.5898358E-9   
  5700.0       3.562466E-9    
  5705.0       3.4907357E-9   
  5710.0       3.446776E-9    
  5715.0       3.5166023E-9   
  5720.0       3.609527E-9    
  5725.0       3.6514984E-9   
  5730.0       3.6493857E-9   
  5735.0       3.644276E-9    
  5740.0       3.6365093E-9   
  5745.0       3.608767E-9    
  5750.0       3.5721182E-9   
  5755.0       3.5464531E-9   
  5760.0       3.5537198E-9   
  5765.0       3.5826477E-9   
  5770.0       3.6075447E-9   
  5775.0       3.5844723E-9   
  5780.0       3.528844E-9    
  5785.0       3.5125773E-9   
  5790.0       3.5426009E-9   
  5795.0       3.5707637E-9   
  5800.0       3.5913563E-9   
  5805.0       3.5929637E-9   
  5810.0       3.5868417E-9   
  5815.0       3.5979717E-9   
  5820.0       3.6147936E-9   
  5825.0       3.6227714E-9   
  5830.0       3.6253411E-9   
  5835.0       3.6251626E-9   
  5840.0       3.6337215E-9   
  5845.0       3.6098764E-9   
  5850.0       3.5585916E-9   
  5855.0       3.5016143E-9   
  5860.0       3.4961818E-9   
  5865.0       3.5363148E-9   
  5870.0       3.5811443E-9   
  5875.0       3.5909387E-9   
  5880.0       3.5363412E-9   
  5885.0       3.3859893E-9   
  5890.0       3.2170087E-9   
  5895.0       3.2254974E-9   
  5900.0       3.3815981E-9   
  5905.0       3.4883023E-9   
  5910.0       3.496608E-9    
  5915.0       3.487292E-9    
  5920.0       3.4901977E-9   
  5925.0       3.4754726E-9   
  5930.0       3.4617178E-9   
  5935.0       3.4813272E-9   
  5940.0       3.483931E-9    
  5945.0       3.4555223E-9   
  5950.0       3.4302652E-9   
  5955.0       3.4459338E-9   
  5960.0       3.4636916E-9   
  5965.0       3.4674326E-9   
  5970.0       3.459455E-9    
  5975.0       3.4328367E-9   
  5980.0       3.4116678E-9   
  5985.0       3.3929466E-9   
  5990.0       3.404636E-9    
  5995.0       3.423145E-9    
  6000.0       3.407665E-9    
  6005.0       3.375869E-9    
  6010.0       3.3600687E-9   
  6015.0       3.3399734E-9   
  6020.0       3.321724E-9    
  6025.0       3.3435636E-9   
  6030.0       3.3890515E-9   
  6035.0       3.4159602E-9   
  6040.0       3.4145864E-9   
  6045.0       3.4192682E-9   
  6050.0       3.415233E-9    
  6055.0       3.405339E-9    
  6060.0       3.3951386E-9   
  6065.0       3.3974643E-9   
  6070.0       3.4131256E-9   
  6075.0       3.3924314E-9   
  6080.0       3.3501395E-9   
  6085.0       3.3403345E-9   
  6090.0       3.3333336E-9   
  6095.0       3.3206886E-9   
  6100.0       3.299583E-9    
  6105.0       3.314036E-9    
  6110.0       3.343542E-9    
  6115.0       3.3264485E-9   
  6120.0       3.296561E-9    
  6125.0       3.3061398E-9   
  6130.0       3.3018484E-9   
  6135.0       3.2493976E-9   
  6140.0       3.2435514E-9   
  6145.0       3.2826417E-9   
  6150.0       3.2946628E-9   
  6155.0       3.2583505E-9   
  6160.0       3.1854088E-9   
  6165.0       3.1617124E-9   
  6170.0       3.2030343E-9   
  6175.0       3.2658238E-9   
  6180.0       3.3030922E-9   
  6185.0       3.2913938E-9   
  6190.0       3.2648042E-9   
  6195.0       3.2870726E-9   
  6200.0       3.3226673E-9   
  6205.0       3.3296996E-9   
  6210.0       3.2999046E-9   
  6215.0       3.2631329E-9   
  6220.0       3.25365E-9     
  6225.0       3.2549332E-9   
  6230.0       3.2278882E-9   
  6235.0       3.2237257E-9   
  6240.0       3.2253757E-9   
  6245.0       3.2070502E-9   
  6250.0       3.1939953E-9   
  6255.0       3.173309E-9    
  6260.0       3.1907983E-9   
  6265.0       3.2179053E-9   
  6270.0       3.2359255E-9   
  6275.0       3.2023115E-9   
  6280.0       3.1692777E-9   
  6285.0       3.2118714E-9   
  6290.0       3.2289447E-9   
  6295.0       3.1997622E-9   
  6300.0       3.165528E-9    
  6305.0       3.1822454E-9   
  6310.0       3.1887555E-9   
  6315.0       3.1575376E-9   
  6320.0       3.163374E-9    
  6325.0       3.2022904E-9   
  6330.0       3.2099812E-9   
  6335.0       3.1766962E-9   
  6340.0       3.1700729E-9   
  6345.0       3.1943244E-9   
  6350.0       3.2064178E-9   
  6355.0       3.1809646E-9   
  6360.0       3.1481517E-9   
  6365.0       3.1581373E-9   
  6370.0       3.193914E-9    
  6375.0       3.2042498E-9   
  6380.0       3.1942717E-9   
  6385.0       3.1912384E-9   
  6390.0       3.1781322E-9   
  6395.0       3.1475935E-9   
  6400.0       3.133892E-9    
  6405.0       3.1294891E-9   
  6410.0       3.1172647E-9   
  6415.0       3.1187122E-9   
  6420.0       3.1236533E-9   
  6425.0       3.1445588E-9   
  6430.0       3.146357E-9    
  6435.0       3.1378926E-9   
  6440.0       3.1429923E-9   
  6445.0       3.1513394E-9   
  6450.0       3.1289904E-9   
  6455.0       3.1124099E-9   
  6460.0       3.096906E-9    
  6465.0       3.097937E-9    
  6470.0       3.1110505E-9   
  6475.0       3.115701E-9    
  6480.0       3.1165455E-9   
  6485.0       3.1088534E-9   
  6490.0       3.056725E-9    
  6495.0       2.9963256E-9   
  6500.0       3.0452219E-9   
  6505.0       3.1125713E-9   
  6510.0       3.1349483E-9   
  6515.0       3.110291E-9    
  6520.0       3.097589E-9    
  6525.0       3.1022904E-9   
  6530.0       3.1043377E-9   
  6535.0       3.099805E-9    
  6540.0       3.083491E-9    
  6545.0       3.0513339E-9   
  6550.0       2.9836138E-9   
  6555.0       2.8079974E-9   
  6560.0       2.555922E-9    
  6565.0       2.602457E-9    
  6570.0       2.8383726E-9   
  6575.0       2.979674E-9    
  6580.0       3.0358254E-9   
  6585.0       3.0383436E-9   
  6590.0       3.0203364E-9   
  6595.0       3.0207252E-9   
  6600.0       3.0476195E-9   
  6605.0       3.040565E-9    
  6610.0       3.0409675E-9   
  6615.0       3.0557372E-9   
  6620.0       3.0617056E-9   
  6625.0       3.0445921E-9   
  6630.0       3.0115952E-9   
  6635.0       2.998313E-9    
  6640.0       3.0072889E-9   
  6645.0       3.0130145E-9   
  6650.0       3.024826E-9    
  6655.0       3.0240017E-9   
  6660.0       3.0054397E-9   
  6665.0       2.9959288E-9   
  6670.0       3.0006302E-9   
  6675.0       2.9839575E-9   
  6680.0       2.9797205E-9   
  6685.0       2.9962646E-9   
  6690.0       2.9993008E-9   
  6695.0       2.9855305E-9   
  6700.0       2.976765E-9    
  6705.0       2.975216E-9    
  6710.0       2.9689284E-9   
  6715.0       2.9454645E-9   
  6720.0       2.939523E-9    
  6725.0       2.9528782E-9   
  6730.0       2.9612301E-9   
  6735.0       2.9644496E-9   
  6740.0       2.9609717E-9   
  6745.0       2.952906E-9    
  6750.0       2.9451581E-9   
  6755.0       2.9493201E-9   
  6760.0       2.9524811E-9   
  6765.0       2.9404617E-9   
  6770.0       2.92881E-9     
  6775.0       2.9372955E-9   
  6780.0       2.94297E-9     
  6785.0       2.9418954E-9   
  6790.0       2.9411242E-9   
  6795.0       2.932424E-9    
  6800.0       2.9285747E-9   
  6805.0       2.9213723E-9   
  6810.0       2.9235034E-9   
  6815.0       2.9269152E-9   
  6820.0       2.9245466E-9   
  6825.0       2.9228604E-9   
  6830.0       2.9138658E-9   
  6835.0       2.8982114E-9   
  6840.0       2.882993E-9    
  6845.0       2.878856E-9    
  6850.0       2.8829585E-9   
  6855.0       2.879078E-9    
  6860.0       2.876287E-9    
  6865.0       2.8810434E-9   
  6870.0       2.8802019E-9   
  6875.0       2.8827405E-9   
  6880.0       2.8815625E-9   
  6885.0       2.8740073E-9   
  6890.0       2.8727236E-9   
  6895.0       2.8736888E-9   
  6900.0       2.8744556E-9   
  6905.0       2.8748064E-9   
  6910.0       2.8714013E-9   
  6915.0       2.8626463E-9   
  6920.0       2.8590406E-9   
  6925.0       2.8617833E-9   
  6930.0       2.8631741E-9   
  6935.0       2.8649034E-9   
  6940.0       2.8605822E-9   
  6945.0       2.8540035E-9   
  6950.0       2.8538727E-9   
  6955.0       2.8548852E-9   
  6960.0       2.858087E-9    
  6965.0       2.8634368E-9   
  6970.0       2.8612315E-9   
  6975.0       2.8367126E-9   
  6980.0       2.8282165E-9   
  6985.0       2.8446219E-9   
  6990.0       2.8441542E-9   
  6995.0       2.8345035E-9   
  7000.0       2.8109952E-9   
  7005.0       2.7928015E-9   
  7010.0       2.7956082E-9   
  7015.0       2.781969E-9    
  7020.0       2.7825913E-9   
  7025.0       2.7836993E-9   
  7030.0       2.7967932E-9   
  7035.0       2.7942275E-9   
  7040.0       2.8082758E-9   
  7045.0       2.831688E-9    
  7050.0       2.8233853E-9   
  7055.0       2.804466E-9    
  7060.0       2.795806E-9    
  7065.0       2.7918696E-9   
  7070.0       2.7989904E-9   
  7075.0       2.8081129E-9   
  7080.0       2.7975895E-9   
  7085.0       2.7739715E-9   
  7090.0       2.7725693E-9   
  7095.0       2.7891525E-9   
  7100.0       2.8031248E-9   
  7105.0       2.799983E-9    
  7110.0       2.7834355E-9   
  7115.0       2.7755038E-9   
  7120.0       2.7776934E-9   
  7125.0       2.7722826E-9   
  7130.0       2.7722393E-9   
  7135.0       2.7905969E-9   
  7140.0       2.8023002E-9   
  7145.0       2.772305E-9    
  7150.0       2.754554E-9    
  7155.0       2.773797E-9    
  7160.0       2.7619331E-9   
  7165.0       2.7126945E-9   
  7170.0       2.6908538E-9   
  7175.0       2.665484E-9    
  7180.0       2.6310878E-9   
  7185.0       2.5647944E-9   
  7190.0       2.540336E-9    
  7195.0       2.565062E-9    
  7200.0       2.5913267E-9   
  7205.0       2.616774E-9    
  7210.0       2.6717022E-9   
  7215.0       2.7190201E-9   
  7220.0       2.7249882E-9   
  7225.0       2.7212395E-9   
  7230.0       2.7026001E-9   
  7235.0       2.6604527E-9   
  7240.0       2.6503442E-9   
  7245.0       2.65939E-9     
  7250.0       2.6682239E-9   
  7255.0       2.6583633E-9   
  7260.0       2.6590778E-9   
  7265.0       2.658513E-9    
  7270.0       2.6534095E-9   
  7275.0       2.6201674E-9   
  7280.0       2.6087381E-9   
  7285.0       2.5935916E-9   
  7290.0       2.5640705E-9   
  7295.0       2.595229E-9    
  7300.0       2.630583E-9    
  7305.0       2.6099138E-9   
  7310.0       2.6034708E-9   
  7315.0       2.6314935E-9   
  7320.0       2.645131E-9    
  7325.0       2.6333007E-9   
  7330.0       2.6259817E-9   
  7335.0       2.6463518E-9   
  7340.0       2.6694884E-9   
  7345.0       2.6600107E-9   
  7350.0       2.6314173E-9   
  7355.0       2.6127365E-9   
  7360.0       2.6163949E-9   
  7365.0       2.6204596E-9   
  7370.0       2.6290976E-9   
  7375.0       2.6321847E-9   
  7380.0       2.6165141E-9   
  7385.0       2.5645093E-9   
  7390.0       2.53791E-9     
  7395.0       2.5630318E-9   
  7400.0       2.580776E-9    
  7405.0       2.57385E-9     
  7410.0       2.5445424E-9   
  7415.0       2.535288E-9    
  7420.0       2.549577E-9    
  7425.0       2.584219E-9    
  7430.0       2.615636E-9    
  7435.0       2.6235554E-9   
  7440.0       2.601125E-9    
  7445.0       2.5756877E-9   
  7450.0       2.5877747E-9   
  7455.0       2.606138E-9    
  7460.0       2.6038447E-9   
  7465.0       2.6101616E-9   
  7470.0       2.6200462E-9   
  7475.0       2.6087066E-9   
  7480.0       2.5952358E-9   
  7485.0       2.5888292E-9   
  7490.0       2.5724067E-9   
  7495.0       2.5520561E-9   
  7500.0       2.5563707E-9   
  7505.0       2.5509015E-9   
  7510.0       2.5319717E-9   
  7515.0       2.5483187E-9   
  7520.0       2.559578E-9    
  7525.0       2.5448923E-9   
  7530.0       2.538798E-9    
  7535.0       2.5555482E-9   
  7540.0       2.5702256E-9   
  7545.0       2.5649685E-9   
  7550.0       2.5537383E-9   
  7555.0       2.5439266E-9   
  7560.0       2.539796E-9    
  7565.0       2.53933E-9     
  7570.0       2.5336755E-9   
  7575.0       2.5320437E-9   
  7580.0       2.5284577E-9   
  7585.0       2.5263907E-9   
  7590.0       2.5387887E-9   
  7595.0       2.5510152E-9   
  7600.0       2.549568E-9    
  7605.0       2.5338536E-9   
  7610.0       2.5136573E-9   
  7615.0       2.5018712E-9   
  7620.0       2.5054467E-9   
  7625.0       2.5140243E-9   
  7630.0       2.516924E-9    
  7635.0       2.5200768E-9   
  7640.0       2.5190787E-9   
  7645.0       2.5135687E-9   
  7650.0       2.505659E-9    
  7655.0       2.4915663E-9   
  7660.0       2.475942E-9    
  7665.0       2.4726627E-9   
  7670.0       2.4847255E-9   
  7675.0       2.4950102E-9   
  7680.0       2.4927622E-9   
  7685.0       2.4861857E-9   
  7690.0       2.4811497E-9   
  7695.0       2.474544E-9    
  7700.0       2.4764082E-9   
  7705.0       2.481041E-9    
  7710.0       2.4773992E-9   
  7715.0       2.4683091E-9   
  7720.0       2.4649844E-9   
  7725.0       2.4597804E-9   
  7730.0       2.4590798E-9   
  7735.0       2.4693967E-9   
  7740.0       2.4597582E-9   
  7745.0       2.4255282E-9   
  7750.0       2.413717E-9    
  7755.0       2.440387E-9    
  7760.0       2.4586204E-9   
  7765.0       2.4622449E-9   
  7770.0       2.4470284E-9   
  7775.0       2.4246662E-9   
  7780.0       2.4150728E-9   
  7785.0       2.422708E-9    
  7790.0       2.4289972E-9   
  7795.0       2.426315E-9    
  7800.0       2.4189368E-9   
  7805.0       2.4171756E-9   
  7810.0       2.4180224E-9   
  7815.0       2.4315565E-9   
  7820.0       2.4378761E-9   
  7825.0       2.4325375E-9   
  7830.0       2.4056392E-9   
  7835.0       2.387859E-9    
  7840.0       2.4015008E-9   
  7845.0       2.4094995E-9   
  7850.0       2.4071432E-9   
  7855.0       2.409703E-9    
  7860.0       2.4137214E-9   
  7865.0       2.4099494E-9   
  7870.0       2.4030193E-9   
  7875.0       2.3969131E-9   
  7880.0       2.390568E-9    
  7885.0       2.4040834E-9   
  7890.0       2.3998619E-9   
  7895.0       2.3793627E-9   
  7900.0       2.3703153E-9   
  7905.0       2.3759976E-9   
  7910.0       2.3754048E-9   
  7915.0       2.3626787E-9   
  7920.0       2.346348E-9    
  7925.0       2.3391566E-9   
  7930.0       2.3265356E-9   
  7935.0       2.310969E-9    
  7940.0       2.304718E-9    
  7945.0       2.2971753E-9   
  7950.0       2.315236E-9    
  7955.0       2.335677E-9    
  7960.0       2.341527E-9    
  7965.0       2.3492075E-9   
  7970.0       2.3553963E-9   
  7975.0       2.356883E-9    
  7980.0       2.355809E-9    
  7985.0       2.3554974E-9   
  7990.0       2.3467146E-9   
  7995.0       2.3176803E-9   
  8000.0       2.2959554E-9   
  8005.0       2.3079496E-9   
  8010.0       2.3197269E-9   
  8015.0       2.3272353E-9   
  8020.0       2.3224787E-9   
  8025.0       2.2979303E-9   
  8030.0       2.2866007E-9   
  8035.0       2.299878E-9    
  8040.0       2.3029048E-9   
  8045.0       2.2782316E-9   
  8050.0       2.2707685E-9   
  8055.0       2.2941846E-9   
  8060.0       2.312774E-9    
  8065.0       2.3050337E-9   
  8070.0       2.2926794E-9   
  8075.0       2.2899385E-9   
  8080.0       2.2906133E-9   
  8085.0       2.278774E-9    
  8090.0       2.2684075E-9   
  8095.0       2.2531603E-9   
  8100.0       2.2533777E-9   
  8105.0       2.271119E-9    
  8110.0       2.2818762E-9   
  8115.0       2.274793E-9    
  8120.0       2.2711282E-9   
  8125.0       2.2751732E-9   
  8130.0       2.2679536E-9   
  8135.0       2.25491E-9     
  8140.0       2.2394642E-9   
  8145.0       2.2200277E-9   
  8150.0       2.2065219E-9   
  8155.0       2.2029851E-9   
  8160.0       2.1933826E-9   
  8165.0       2.172906E-9    
  8170.0       2.167127E-9    
  8175.0       2.1675917E-9   
  8180.0       2.1591084E-9   
  8185.0       2.1499498E-9   
  8190.0       2.1430955E-9   
  8195.0       2.1144124E-9   
  8200.0       2.1241666E-9   
  8205.0       2.1819297E-9   
  8210.0       2.2110538E-9   
  8215.0       2.2001654E-9   
  8220.0       2.1573316E-9   
  8225.0       2.1146251E-9   
  8230.0       2.087015E-9    
  8235.0       2.1296434E-9   
  8240.0       2.1774857E-9   
  8245.0       2.1938378E-9   
  8250.0       2.1931574E-9   
  8255.0       2.1811168E-9   
  8260.0       2.188842E-9    
  8265.0       2.20596E-9     
  8270.0       2.199925E-9    
  8275.0       2.1674564E-9   
  8280.0       2.149191E-9    
  8285.0       2.1494089E-9   
  8290.0       2.144684E-9    
  8295.0       2.1443542E-9   
  8300.0       2.1459905E-9   
  8305.0       2.141508E-9    
  8310.0       2.1385138E-9   
  8315.0       2.1360096E-9   
  8320.0       2.1312816E-9   
  8325.0       2.1242554E-9   
  8330.0       2.1055275E-9   
  8335.0       2.0929047E-9   
  8340.0       2.0934159E-9   
  8345.0       2.1070448E-9   
  8350.0       2.132992E-9    
  8355.0       2.1499253E-9   
  8360.0       2.1448432E-9   
  8365.0       2.1370299E-9   
  8370.0       2.1348312E-9   
  8375.0       2.1350661E-9   
  8380.0       2.1280837E-9   
  8385.0       2.1061735E-9   
  8390.0       2.1025612E-9   
  8395.0       2.1232716E-9   
  8400.0       2.134626E-9    
  8405.0       2.1286284E-9   
  8410.0       2.1224074E-9   
  8415.0       2.1175781E-9   
  8420.0       2.111198E-9    
  8425.0       2.1079392E-9   
  8430.0       2.1065532E-9   
  8435.0       2.0937003E-9   
  8440.0       2.0902395E-9   
  8445.0       2.0944013E-9   
  8450.0       2.1063906E-9   
  8455.0       2.1216566E-9   
  8460.0       2.1225086E-9   
  8465.0       2.1024846E-9   
  8470.0       2.0865887E-9   
  8475.0       2.095929E-9    
  8480.0       2.1041564E-9   
  8485.0       2.1058162E-9   
  8490.0       2.0724387E-9   
  8495.0       1.9652957E-9   
  8500.0       1.9027564E-9   
  8505.0       1.9814443E-9   
  8510.0       2.0425037E-9   
  8515.0       2.037652E-9    
  8520.0       2.037323E-9    
  8525.0       2.029845E-9    
  8530.0       2.0069792E-9   
  8535.0       1.9129884E-9   
  8540.0       1.7255654E-9   
  8545.0       1.6727079E-9   
  8550.0       1.784739E-9    
  8555.0       1.9061122E-9   
  8560.0       1.9813633E-9   
  8565.0       2.0132895E-9   
  8570.0       2.0136035E-9   
  8575.0       2.0075965E-9   
  8580.0       1.9984854E-9   
  8585.0       1.9929947E-9   
  8590.0       1.9907036E-9   
  8595.0       1.9853366E-9   
  8600.0       1.9864341E-9   
  8605.0       1.994411E-9    
  8610.0       1.9882334E-9   
  8615.0       1.9777275E-9   
  8620.0       1.982961E-9    
  8625.0       1.9921316E-9   
  8630.0       2.0038202E-9   
  8635.0       2.0099122E-9   
  8640.0       2.0033923E-9   
  8645.0       1.9861777E-9   
  8650.0       1.9646316E-9   
  8655.0       1.90022E-9     
  8660.0       1.7603855E-9   
  8665.0       1.6877203E-9   
  8670.0       1.7586163E-9   
  8675.0       1.8616892E-9   
  8680.0       1.9253685E-9   
  8685.0       1.9273487E-9   
  8690.0       1.9225552E-9   
  8695.0       1.9603448E-9   
  8700.0       1.9952466E-9   
  8705.0       1.9982422E-9   
  8710.0       1.9836777E-9   
  8715.0       1.9819189E-9   
  8720.0       1.991923E-9    
  8725.0       1.988281E-9    
  8730.0       1.9759971E-9   
  8735.0       1.962829E-9    
  8740.0       1.9606237E-9   
  8745.0       1.962496E-9    
  8750.0       1.953361E-9    
  8755.0       1.9502886E-9   
  8760.0       1.9633362E-9   
  8765.0       1.9692497E-9   
  8770.0       1.9656212E-9   
  8775.0       1.9645519E-9   
  8780.0       1.9688773E-9   
  8785.0       1.9610007E-9   
  8790.0       1.9418578E-9   
  8795.0       1.9362054E-9   
  8800.0       1.9261268E-9   
  8805.0       1.8875088E-9   
  8810.0       1.8888981E-9   
  8815.0       1.9297635E-9   
  8820.0       1.941999E-9    
  8825.0       1.9352198E-9   
  8830.0       1.9411788E-9   
  8835.0       1.928981E-9    
  8840.0       1.9187303E-9   
  8845.0       1.9291464E-9   
  8850.0       1.9370512E-9   
  8855.0       1.9311692E-9   
  8860.0       1.9069941E-9   
  8865.0       1.8840483E-9   
  8870.0       1.8896367E-9   
  8875.0       1.9099935E-9   
  8880.0       1.922215E-9    
  8885.0       1.9305324E-9   
  8890.0       1.9297146E-9   
  8895.0       1.9205608E-9   
  8900.0       1.9228037E-9   
  8905.0       1.9312296E-9   
  8910.0       1.9266537E-9   
  8915.0       1.9214756E-9   
  8920.0       1.9087814E-9   
  8925.0       1.8931672E-9   
  8930.0       1.8911095E-9   
  8935.0       1.9067263E-9   
  8940.0       1.9066442E-9   
  8945.0       1.8887336E-9   
  8950.0       1.8808977E-9   
  8955.0       1.8880593E-9   
  8960.0       1.8849586E-9   
  8965.0       1.8714215E-9   
  8970.0       1.8649726E-9   
  8975.0       1.8671094E-9   
  8980.0       1.8761668E-9   
  8985.0       1.8502798E-9   
  8990.0       1.827148E-9    
  8995.0       1.8693846E-9   
  9000.0       1.8499039E-9   
  9005.0       1.830262E-9    
  9010.0       1.8335199E-9   
  9015.0       1.8250305E-9   
  9020.0       1.8366457E-9   
  9025.0       1.8494364E-9   
  9030.0       1.8842428E-9   
  9035.0       1.9087159E-9   
  9040.0       1.905827E-9    
  9045.0       1.9027897E-9   
  9050.0       1.900014E-9    
  9055.0       1.8897204E-9   
  9060.0       1.8602945E-9   
  9065.0       1.8439223E-9   
  9070.0       1.8430827E-9   
  9075.0       1.8389572E-9   
  9080.0       1.8188736E-9   
  9085.0       1.8063308E-9   
  9090.0       1.7941976E-9   
  9095.0       1.7891878E-9   
  9100.0       1.8061141E-9   
  9105.0       1.8249826E-9   
  9110.0       1.8338027E-9   
  9115.0       1.8264112E-9   
  9120.0       1.8290657E-9   
  9125.0       1.8381338E-9   
  9130.0       1.8187968E-9   
  9135.0       1.8077738E-9   
  9140.0       1.8271944E-9   
  9145.0       1.8234139E-9   
  9150.0       1.7970013E-9   
  9155.0       1.78549E-9     
  9160.0       1.8185877E-9   
  9165.0       1.8319194E-9   
  9170.0       1.8061083E-9   
  9175.0       1.7898074E-9   
  9180.0       1.8050543E-9   
  9185.0       1.8253472E-9   
  9190.0       1.8245204E-9   
  9195.0       1.818769E-9    
  9200.0       1.8277357E-9   
  9205.0       1.8211669E-9   
  9210.0       1.7971171E-9   
  9215.0       1.7804405E-9   
  9220.0       1.7950695E-9   
  9225.0       1.8235413E-9   
  9230.0       1.8164296E-9   
  9235.0       1.7912193E-9   
  9240.0       1.7836548E-9   
  9245.0       1.7912969E-9   
  9250.0       1.7895477E-9   
  9255.0       1.7735192E-9   
  9260.0       1.7779067E-9   
  9265.0       1.8151256E-9   
  9270.0       1.8343994E-9   
  9275.0       1.8335872E-9   
  9280.0       1.8274068E-9   
  9285.0       1.8245906E-9   
  9290.0       1.8199189E-9   
  9295.0       1.8025405E-9   
  9300.0       1.7935272E-9   
  9305.0       1.7701786E-9   
  9310.0       1.7554633E-9   
  9315.0       1.7217786E-9   
  9320.0       1.6872682E-9   
  9325.0       1.6840699E-9   
  9330.0       1.6898107E-9   
  9335.0       1.6501508E-9   
  9340.0       1.6161815E-9   
  9345.0       1.6125337E-9   
  9350.0       1.6713637E-9   
  9355.0       1.642724E-9    
  9360.0       1.6594233E-9   
  9365.0       1.6892798E-9   
  9370.0       1.679277E-9    
  9375.0       1.6887131E-9   
  9380.0       1.7055651E-9   
  9385.0       1.7563573E-9   
  9390.0       1.8198651E-9   
  9395.0       1.8594257E-9   
  9400.0       1.8309719E-9   
  9405.0       1.7933754E-9   
  9410.0       1.745925E-9    
  9415.0       1.7308933E-9   
  9420.0       1.7262403E-9   
  9425.0       1.6951277E-9   
  9430.0       1.6804119E-9   
  9435.0       1.6865621E-9   
  9440.0       1.6238585E-9   
  9445.0       1.663921E-9    
  9450.0       1.7167878E-9   
  9455.0       1.6767543E-9   
  9460.0       1.6583286E-9   
  9465.0       1.7122066E-9   
  9470.0       1.7297171E-9   
  9475.0       1.7107394E-9   
  9480.0       1.6935271E-9   
  9485.0       1.7232678E-9   
  9490.0       1.7418393E-9   
  9495.0       1.6720083E-9   
  9500.0       1.6347712E-9   
  9505.0       1.7142263E-9   
  9510.0       1.752572E-9    
  9515.0       1.7029398E-9   
  9520.0       1.6468774E-9   
  9525.0       1.6653584E-9   
  9530.0       1.6941403E-9   
  9535.0       1.722218E-9    
  9540.0       1.7214667E-9   
  9545.0       1.679082E-9    
  9550.0       1.6714581E-9   
  9555.0       1.660874E-9    
  9560.0       1.6641162E-9   
  9565.0       1.6539505E-9   
  9570.0       1.6603858E-9   
  9575.0       1.6886641E-9   
  9580.0       1.6656518E-9   
  9585.0       1.6499124E-9   
  9590.0       1.6353949E-9   
  9595.0       1.6503884E-9   
  9600.0       1.6706326E-9   
  9605.0       1.6627785E-9   
  9610.0       1.6609583E-9   
  9615.0       1.6523848E-9   
  9620.0       1.6385768E-9   
  9625.0       1.6268066E-9   
  9630.0       1.6214459E-9   
  9635.0       1.6001666E-9   
  9640.0       1.5933436E-9   
  9645.0       1.5904683E-9   
  9650.0       1.5907383E-9   
  9655.0       1.5932226E-9   
  9660.0       1.5997806E-9   
  9665.0       1.605737E-9    
  9670.0       1.6322171E-9   
  9675.0       1.6614369E-9   
  9680.0       1.6728077E-9   
  9685.0       1.6836578E-9   
  9690.0       1.6882099E-9   
  9695.0       1.6929067E-9   
  9700.0       1.677696E-9    
  9705.0       1.6685727E-9   
  9710.0       1.6786277E-9   
  9715.0       1.683971E-9    
  9720.0       1.6747389E-9   
  9725.0       1.664472E-9    
  9730.0       1.6581494E-9   
  9735.0       1.6309764E-9   
  9740.0       1.6020439E-9   
  9745.0       1.5915368E-9   
  9750.0       1.5810292E-9   
  9755.0       1.5589168E-9   
  9760.0       1.5494241E-9   
  9765.0       1.5607637E-9   
  9770.0       1.5711414E-9   
  9775.0       1.5697545E-9   
  9780.0       1.5830972E-9   
  9785.0       1.5879463E-9   
  9790.0       1.5696613E-9   
  9795.0       1.5591773E-9   
  9800.0       1.5658193E-9   
  9805.0       1.5764805E-9   
  9810.0       1.5881105E-9   
  9815.0       1.5811091E-9   
  9820.0       1.6008124E-9   
  9825.0       1.591978E-9    
  9830.0       1.5983149E-9   
  9835.0       1.6034034E-9   
  9840.0       1.6048962E-9   
  9845.0       1.5769787E-9   
  9850.0       1.588451E-9    
  9855.0       1.589765E-9    
  9860.0       1.5658393E-9   
  9865.0       1.5628029E-9   
  9870.0       1.56126E-9     
  9875.0       1.5664322E-9   
  9880.0       1.5756679E-9   
  9885.0       1.5659296E-9   
  9890.0       1.5729252E-9   
  9895.0       1.5704634E-9   
  9900.0       1.5680707E-9   
  9905.0       1.5812711E-9   
  9910.0       1.5640955E-9   
  9915.0       1.5366683E-9   
  9920.0       1.5638422E-9   
  9925.0       1.5558809E-9   
  9930.0       1.5430005E-9   
  9935.0       1.5443573E-9   
  9940.0       1.5732357E-9   
  9945.0       1.5730939E-9   
  9950.0       1.563338E-9    
  9955.0       1.567173E-9    
  9960.0       1.5622602E-9   
  9965.0       1.5623387E-9   
  9970.0       1.5529519E-9   
  9975.0       1.5560095E-9   
  9980.0       1.5612953E-9   
  9985.0       1.5419778E-9   
  9990.0       1.5542744E-9   
  9995.0       1.5577972E-9   
  10000.0      1.536713E-9    
  10005.0      1.5470814E-9   
  10010.0      1.5325828E-9   
  10015.0      1.5297307E-9   
  10020.0      1.5628963E-9   
  10025.0      1.5448526E-9   
  10030.0      1.5423882E-9   
  10035.0      1.5222748E-9   
  10040.0      1.5025423E-9   
  10045.0      1.482065E-9    
  10050.0      1.4553264E-9   
  10055.0      1.4741471E-9   
  10060.0      1.4969143E-9   
  10065.0      1.4878256E-9   
  10070.0      1.4907733E-9   
  10075.0      1.5219795E-9   
  10080.0      1.5215287E-9   
  10085.0      1.5067365E-9   
  10090.0      1.4967206E-9   
  10095.0      1.4810976E-9   
  10100.0      1.4956247E-9   
  10105.0      1.5059692E-9   
  10110.0      1.5130158E-9   
  10115.0      1.5048758E-9   
  10120.0      1.4991061E-9   
  10125.0      1.476431E-9    
  10130.0      1.4827652E-9   
  10135.0      1.4825847E-9   
  10140.0      1.4683909E-9   
  10145.0      1.4845307E-9   
  10150.0      1.4964627E-9   
  10155.0      1.4929465E-9   
  10160.0      1.4904339E-9   
  10165.0      1.5000635E-9   
  10170.0      1.4938623E-9   
  10175.0      1.4611528E-9   
  10180.0      1.4664067E-9   
  10185.0      1.472643E-9    
  10190.0      1.4816156E-9   
  10195.0      1.4901156E-9   
  10200.0      1.4926056E-9   
  10205.0      1.4860168E-9   
  10210.0      1.4736672E-9   
  10215.0      1.4613316E-9   
  10220.0      1.4547643E-9   
  10225.0      1.4571809E-9   
  10230.0      1.4651385E-9   
  10235.0      1.4726363E-9   
  10240.0      1.4736763E-9   
  10245.0      1.4648458E-9   
  10250.0      1.4494193E-9   
  10255.0      1.4332545E-9   
  10260.0      1.4222494E-9   
  10265.0      1.4202118E-9   
  10270.0      1.4254727E-9   
  10275.0      1.4342664E-9   
  10280.0      1.442724E-9    
  10285.0      1.4479805E-9   
  10290.0      1.4498107E-9   
  10295.0      1.4489882E-9   
  10300.0      1.4463867E-9   
  10305.0      1.4425794E-9   
  10310.0      1.437432E-9    
  10315.0      1.4305387E-9   
  10320.0      1.4215306E-9   
  10325.0      1.4106514E-9   
  10330.0      1.3997491E-9   
  10335.0      1.3913067E-9   
  10340.0      1.3877216E-9   
  10345.0      1.3901483E-9   
  10350.0      1.3964723E-9   
  10355.0      1.4033131E-9   
  10360.0      1.4073275E-9   
  10365.0      1.406827E-9    
  10370.0      1.4043735E-9   
  10375.0      1.4041813E-9   
  10380.0      1.4103783E-9   
  10385.0      1.4247917E-9   
  10390.0      1.4431966E-9   
  10395.0      1.4590577E-9   
  10400.0      1.4658836E-9   
  10405.0      1.4600382E-9   
  10410.0      1.4453148E-9   
  10415.0      1.4283483E-9   
  10420.0      1.4157959E-9   
  10425.0      1.4116516E-9   
  10430.0      1.4129595E-9   
  10435.0      1.4141168E-9   
  10440.0      1.4095082E-9   
  10445.0      1.3962217E-9   
  10450.0      1.3783673E-9   
  10455.0      1.3627657E-9   
  10460.0      1.3561832E-9   
  10465.0      1.3624069E-9   
  10470.0      1.3773936E-9   
  10475.0      1.3941026E-9   
  10480.0      1.4054647E-9   
  10485.0      1.4070147E-9   
  10490.0      1.4010776E-9   
  10495.0      1.3925954E-9   
  10500.0      1.3866045E-9   
  10505.0      1.3863458E-9   
  10510.0      1.3904622E-9   
  10515.0      1.395815E-9    
  10520.0      1.399216E-9    
  10525.0      1.3986494E-9   
  10530.0      1.3951647E-9   
  10535.0      1.3909998E-9   
  10540.0      1.3884099E-9   
  10545.0      1.3886329E-9   
  10550.0      1.3903142E-9   
  10555.0      1.3910829E-9   
  10560.0      1.3885612E-9   
  10565.0      1.3814309E-9   
  10570.0      1.3710503E-9   
  10575.0      1.359826E-9    
  10580.0      1.3501774E-9   
  10585.0      1.3436975E-9   
  10590.0      1.3397738E-9   
  10595.0      1.3369749E-9   
  10600.0      1.3338093E-9   
  10605.0      1.3292185E-9   
  10610.0      1.323227E-9    
  10615.0      1.3162725E-9   
  10620.0      9.824869E-10   
