# WAVELENGTH   FLUX  
  1150.0       0.0   
  1155.0       0.0   
  1160.0       0.0   
  1165.0       0.0   
  1170.0       0.0   
  1175.0       0.0   
  1180.0       0.0   
  1185.0       0.0   
  1190.0       0.0   
  1195.0       0.0   
  1200.0       0.0   
  1205.0       0.0   
  1210.0       0.0   
  1215.0       0.0   
  1220.0       0.0   
  1225.0       0.0   
  1230.0       0.0   
  1235.0       0.0   
  1240.0       0.0   
  1245.0       0.0   
  1250.0       0.0   
  1255.0       0.0   
  1260.0       0.0   
  1265.0       0.0   
  1270.0       0.0   
  1275.0       0.0   
  1280.0       0.0   
  1285.0       0.0   
  1290.0       0.0   
  1295.0       0.0   
  1300.0       0.0   
  1305.0       0.0   
  1310.0       0.0   
  1315.0       0.0   
  1320.0       0.0   
  1325.0       0.0   
  1330.0       0.0   
  1335.0       0.0   
  1340.0       0.0   
  1345.0       0.0   
  1350.0       0.0   
  1355.0       0.0   
  1360.0       0.0   
  1365.0       0.0   
  1370.0       0.0   
  1375.0       0.0   
  1380.0       0.0   
  1385.0       0.0   
  1390.0       0.0   
  1395.0       0.0   
  1400.0       0.0   
  1405.0       0.0   
  1410.0       0.0   
  1415.0       0.0   
  1420.0       0.0   
  1425.0       0.0   
  1430.0       0.0   
  1435.0       0.0   
  1440.0       0.0   
  1445.0       0.0   
  1450.0       0.0   
  1455.0       0.0   
  1460.0       0.0   
  1465.0       0.0   
  1470.0       0.0   
  1475.0       0.0   
  1480.0       0.0   
  1485.0       0.0   
  1490.0       0.0   
  1495.0       0.0   
  1500.0       0.0   
  1505.0       0.0   
  1510.0       0.0   
  1515.0       0.0   
  1520.0       0.0   
  1525.0       0.0   
  1530.0       0.0   
  1535.0       0.0   
  1540.0       0.0   
  1545.0       0.0   
  1550.0       0.0   
  1555.0       0.0   
  1560.0       0.0   
  1565.0       0.0   
  1570.0       0.0   
  1575.0       0.0   
  1580.0       0.0   
  1585.0       0.0   
  1590.0       0.0   
  1595.0       0.0   
  1600.0       0.0   
  1605.0       0.0   
  1610.0       0.0   
  1615.0       0.0   
  1620.0       0.0   
  1625.0       0.0   
  1630.0       0.0   
  1635.0       0.0   
  1640.0       0.0   
  1645.0       0.0   
  1650.0       0.0   
  1655.0       0.0   
  1660.0       0.0   
  1665.0       0.0   
  1670.0       0.0   
  1675.0       0.0   
  1680.0       0.0   
  1685.0       0.0   
  1690.0       0.0   
  1695.0       0.0   
  1700.0       0.0   
  1705.0       0.0   
  1710.0       0.0   
  1715.0       0.0   
  1720.0       0.0   
  1725.0       0.0   
  1730.0       0.0   
  1735.0       0.0   
  1740.0       0.0   
  1745.0       0.0   
  1750.0       0.0   
  1755.0       0.0   
  1760.0       0.0   
  1765.0       0.0   
  1770.0       0.0   
  1775.0       0.0   
  1780.0       0.0   
  1785.0       0.0   
  1790.0       0.0   
  1795.0       0.0   
  1800.0       0.0   
  1805.0       0.0   
  1810.0       0.0   
  1815.0       0.0   
  1820.0       0.0   
  1825.0       0.0   
  1830.0       0.0   
  1835.0       0.0   
  1840.0       0.0   
  1845.0       0.0   
  1850.0       0.0   
  1855.0       0.0   
  1860.0       0.0   
  1865.0       0.0   
  1870.0       0.0   
  1875.0       0.0   
  1880.0       0.0   
  1885.0       0.0   
  1890.0       0.0   
  1895.0       0.0   
  1900.0       0.0   
  1905.0       0.0   
  1910.0       0.0   
  1915.0       0.0   
  1920.0       0.0   
  1925.0       0.0   
  1930.0       0.0   
  1935.0       0.0   
  1940.0       0.0   
  1945.0       0.0   
  1950.0       0.0   
  1955.0       0.0   
  1960.0       0.0   
  1965.0       0.0   
  1970.0       0.0   
  1975.0       0.0   
  1980.0       0.0   
  1985.0       0.0   
  1990.0       0.0   
  1995.0       0.0   
  2000.0       0.0   
  2005.0       0.0   
  2010.0       0.0   
  2015.0       0.0   
  2020.0       0.0   
  2025.0       0.0   
  2030.0       0.0   
  2035.0       0.0   
  2040.0       0.0   
  2045.0       0.0   
  2050.0       0.0   
  2055.0       0.0   
  2060.0       0.0   
  2065.0       0.0   
  2070.0       0.0   
  2075.0       0.0   
  2080.0       0.0   
  2085.0       0.0   
  2090.0       0.0   
  2095.0       0.0   
  2100.0       0.0   
  2105.0       0.0   
  2110.0       0.0   
  2115.0       0.0   
  2120.0       0.0   
  2125.0       0.0   
  2130.0       0.0   
  2135.0       0.0   
  2140.0       0.0   
  2145.0       0.0   
  2150.0       0.0   
  2155.0       0.0   
  2160.0       0.0   
  2165.0       0.0   
  2170.0       0.0   
  2175.0       0.0   
  2180.0       0.0   
  2185.0       0.0   
  2190.0       0.0   
  2195.0       0.0   
  2200.0       0.0   
  2205.0       0.0   
  2210.0       0.0   
  2215.0       0.0   
  2220.0       0.0   
  2225.0       0.0   
  2230.0       0.0   
  2235.0       0.0   
  2240.0       0.0   
  2245.0       0.0   
  2250.0       0.0   
  2255.0       0.0   
  2260.0       0.0   
  2265.0       0.0   
  2270.0       0.0   
  2275.0       0.0   
  2280.0       0.0   
  2285.0       0.0   
  2290.0       0.0   
  2295.0       0.0   
  2300.0       0.0   
  2305.0       0.0   
  2310.0       0.0   
  2315.0       0.0   
  2320.0       0.0   
  2325.0       0.0   
  2330.0       0.0   
  2335.0       0.0   
  2340.0       0.0   
  2345.0       0.0   
  2350.0       0.0   
  2355.0       0.0   
  2360.0       0.0   
  2365.0       0.0   
  2370.0       0.0   
  2375.0       0.0   
  2380.0       0.0   
  2385.0       0.0   
  2390.0       0.0   
  2395.0       0.0   
  2400.0       4.7622416E-16
  2405.0       3.8038462E-15
  2410.0       7.605712E-15
  2415.0       1.1407564E-14
  2420.0       1.5209444E-14
  2425.0       1.853509E-14
  2430.0       1.9009352E-14
  2435.0       1.8533138E-14
  2440.0       1.5205534E-14
  2445.0       1.0451253E-14
  2450.0       1.4227903E-15
  2455.0       0.0   
  2460.0       0.0   
  2465.0       0.0   
  2470.0       0.0   
  2475.0       0.0   
  2480.0       0.0   
  2485.0       0.0   
  2490.0       0.0   
  2495.0       0.0   
  2500.0       6.666574E-15
  2505.0       5.4205104E-14
  2510.0       1.1408643E-13
  2515.0       1.7396388E-13
  2520.0       2.2671005E-13
  2525.0       2.6709638E-13
  2530.0       2.8514197E-13
  2535.0       2.7324535E-13
  2540.0       2.2617758E-13
  2545.0       1.344342E-13
  2550.0       1.7549166E-14
  2555.0       0.0   
  2560.0       0.0   
  2565.0       0.0   
  2570.0       0.0   
  2575.0       0.0   
  2580.0       0.0   
  2585.0       0.0   
  2590.0       0.0   
  2595.0       0.0   
  2600.0       9.284875E-14
  2605.0       7.669558E-13
  2610.0       1.7084874E-12
  2615.0       2.839629E-12
  2620.0       4.1456495E-12
  2625.0       5.611342E-12
  2630.0       7.221494E-12
  2635.0       8.960426E-12
  2640.0       1.0811041E-11
  2645.0       1.2762861E-11
  2650.0       1.4798326E-11
  2655.0       1.6896982E-11
  2660.0       1.9029361E-11
  2665.0       2.1161727E-11
  2670.0       2.3260324E-11
  2675.0       2.5293346E-11
  2680.0       2.7224153E-11
  2685.0       2.9018093E-11
  2690.0       3.0640917E-11
  2695.0       3.2058925E-11
  2700.0       3.324118E-11
  2705.0       3.416301E-11
  2710.0       3.4833452E-11
  2715.0       3.526628E-11
  2720.0       3.5484338E-11
  2725.0       3.5502296E-11
  2730.0       3.5340644E-11
  2735.0       3.5016472E-11
  2740.0       3.4550668E-11
  2745.0       3.3959915E-11
  2750.0       3.326319E-11
  2755.0       3.2482305E-11
  2760.0       3.1638758E-11
  2765.0       3.0762903E-11
  2770.0       2.9877562E-11
  2775.0       2.9013575E-11
  2780.0       2.8195264E-11
  2785.0       2.7446793E-11
  2790.0       2.6799113E-11
  2795.0       2.6274509E-11
  2800.0       2.5902008E-11
  2805.0       2.571437E-11
  2810.0       2.5759173E-11
  2815.0       2.608865E-11
  2820.0       2.675365E-11
  2825.0       2.780886E-11
  2830.0       2.9303206E-11
  2835.0       3.1294186E-11
  2840.0       3.383265E-11
  2845.0       3.696899E-11
  2850.0       4.0755482E-11
  2855.0       4.5208687E-11
  2860.0       5.0257364E-11
  2865.0       5.580539E-11
  2870.0       6.174361E-11
  2875.0       6.797216E-11
  2880.0       7.4381674E-11
  2885.0       8.0872926E-11
  2890.0       8.733888E-11
  2895.0       9.3677927E-11
  2900.0       9.9783154E-11
  2905.0       1.05558465E-10
  2910.0       1.1091649E-10
  2915.0       1.1577688E-10
  2920.0       1.2006274E-10
  2925.0       1.2369474E-10
  2930.0       1.2659306E-10
  2935.0       1.2867732E-10
  2940.0       1.2986878E-10
  2945.0       1.3009001E-10
  2950.0       1.292649E-10
  2955.0       1.2738831E-10
  2960.0       1.2463447E-10
  2965.0       1.2123626E-10
  2970.0       1.174415E-10
  2975.0       1.1349181E-10
  2980.0       1.0963283E-10
  2985.0       1.0610889E-10
  2990.0       1.0316304E-10
  2995.0       1.01041654E-10
  3000.0       9.99771E-11
  3005.0       1.00121626E-10
  3010.0       1.01405176E-10
  3015.0       1.0366951E-10
  3020.0       1.0674782E-10
  3025.0       1.10475844E-10
  3030.0       1.14686566E-10
  3035.0       1.1921387E-10
  3040.0       1.2389587E-10
  3045.0       1.28566E-10
  3050.0       1.3305901E-10
  3055.0       1.3726095E-10
  3060.0       1.4116579E-10
  3065.0       1.4480606E-10
  3070.0       1.4822543E-10
  3075.0       1.5146549E-10
  3080.0       1.5456479E-10
  3085.0       1.5756317E-10
  3090.0       1.6050619E-10
  3095.0       1.6343114E-10
  3100.0       1.663787E-10
  3105.0       1.6938205E-10
  3110.0       1.72448E-10
  3115.0       1.7558432E-10
  3120.0       1.7879327E-10
  3125.0       1.8207495E-10
  3130.0       1.8543168E-10
  3135.0       1.8886533E-10
  3140.0       1.9237878E-10
  3145.0       1.9597526E-10
  3150.0       1.9965476E-10
  3155.0       2.010062E-10
  3160.0       1.9435978E-10
  3165.0       2.2084479E-10
  3170.0       2.3499958E-10
  3175.0       2.2223283E-10
  3180.0       2.0064114E-10
  3185.0       1.9316163E-10
  3190.0       2.0868549E-10
  3195.0       2.4825364E-10
  3200.0       3.0959058E-10
  3205.0       3.1412473E-10
  3210.0       2.885402E-10
  3215.0       2.679761E-10
  3220.0       2.4849228E-10
  3225.0       2.1899753E-10
  3230.0       1.8852804E-10
  3235.0       1.7216595E-10
  3240.0       1.7886238E-10
  3245.0       2.0690683E-10
  3250.0       2.3438015E-10
  3255.0       2.467711E-10
  3260.0       2.6744354E-10
  3265.0       3.147058E-10
  3270.0       3.5662953E-10
  3275.0       3.611593E-10
  3280.0       3.4665898E-10
  3285.0       3.4241032E-10
  3290.0       3.5416822E-10
  3295.0       3.721888E-10
  3300.0       3.7229186E-10
  3305.0       3.4248954E-10
  3310.0       3.1509959E-10
  3315.0       3.1972303E-10
  3320.0       3.353407E-10
  3325.0       3.3547345E-10
  3330.0       3.3042682E-10
  3335.0       3.3746958E-10
  3340.0       3.5378395E-10
  3345.0       3.6805597E-10
  3350.0       3.6803047E-10
  3355.0       3.4536737E-10
  3360.0       3.0323483E-10
  3365.0       2.5698157E-10
  3370.0       2.4107696E-10
  3375.0       2.7554892E-10
  3380.0       3.2470482E-10
  3385.0       3.497407E-10
  3390.0       3.5891792E-10
  3395.0       3.7020761E-10
  3400.0       3.7926462E-10
  3405.0       3.794848E-10
  3410.0       3.8169495E-10
  3415.0       3.972768E-10
  3420.0       4.204439E-10
  3425.0       4.361032E-10
  3430.0       4.235534E-10
  3435.0       3.7628536E-10
  3440.0       3.2941697E-10
  3445.0       3.1922553E-10
  3450.0       3.430275E-10
  3455.0       3.803018E-10
  3460.0       4.043015E-10
  3465.0       3.9948353E-10
  3470.0       3.8410672E-10
  3475.0       3.7909376E-10
  3480.0       3.793937E-10
  3485.0       3.7762954E-10
  3490.0       3.862205E-10
  3495.0       4.1397383E-10
  3500.0       4.4029388E-10
  3505.0       4.446508E-10
  3510.0       4.3614004E-10
  3515.0       4.2860035E-10
  3520.0       4.1890028E-10
  3525.0       4.0671538E-10
  3530.0       4.153938E-10
  3535.0       4.5749526E-10
  3540.0       4.9429927E-10
  3545.0       4.883956E-10
  3550.0       4.5701862E-10
  3555.0       4.280662E-10
  3560.0       4.019203E-10
  3565.0       3.7118156E-10
  3570.0       3.3745134E-10
  3575.0       3.0908312E-10
  3580.0       3.016885E-10
  3585.0       3.2566924E-10
  3590.0       3.7047107E-10
  3595.0       4.169981E-10
  3600.0       4.455596E-10
  3605.0       4.4826348E-10
  3610.0       4.4769038E-10
  3615.0       4.6693105E-10
  3620.0       5.00083E-10
  3625.0       5.306196E-10
  3630.0       5.446181E-10
  3635.0       5.404209E-10
  3640.0       5.442001E-10
  3645.0       5.780299E-10
  3650.0       6.2598593E-10
  3655.0       6.644195E-10
  3660.0       6.8765305E-10
  3665.0       6.951453E-10
  3670.0       6.816503E-10
  3675.0       6.4880584E-10
  3680.0       6.2095035E-10
  3685.0       6.182151E-10
  3690.0       6.2723843E-10
  3695.0       6.285918E-10
  3700.0       6.206587E-10
  3705.0       6.0726435E-10
  3710.0       5.8773714E-10
  3715.0       5.5963595E-10
  3720.0       5.2132676E-10
  3725.0       4.749196E-10
  3730.0       4.3143708E-10
  3735.0       4.0327258E-10
  3740.0       3.9719528E-10
  3745.0       4.1339143E-10
  3750.0       4.4071266E-10
  3755.0       4.68404E-10
  3760.0       4.9778676E-10
  3765.0       5.342723E-10
  3770.0       5.80766E-10
  3775.0       6.2917216E-10
  3780.0       6.4689004E-10
  3785.0       6.130633E-10
  3790.0       5.6133304E-10
  3795.0       5.315554E-10
  3800.0       5.245965E-10
  3805.0       5.223436E-10
  3810.0       4.9823545E-10
  3815.0       4.3830836E-10
  3820.0       3.6873632E-10
  3825.0       3.2390213E-10
  3830.0       3.1876554E-10
  3835.0       3.4899628E-10
  3840.0       3.8091263E-10
  3845.0       3.8601164E-10
  3850.0       3.7747178E-10
  3855.0       3.7636466E-10
  3860.0       3.8255424E-10
  3865.0       3.8943782E-10
  3870.0       3.9623357E-10
  3875.0       4.08683E-10
  3880.0       4.422832E-10
  3885.0       5.053935E-10
  3890.0       5.783052E-10
  3895.0       6.3693445E-10
  3900.0       6.7382144E-10
  3905.0       6.8822226E-10
  3910.0       6.7958295E-10
  3915.0       6.4514033E-10
  3920.0       5.7816E-10
  3925.0       4.8492255E-10
  3930.0       4.0960563E-10
  3935.0       3.9957648E-10
  3940.0       4.7006365E-10
  3945.0       5.975906E-10
  3950.0       6.922359E-10
  3955.0       6.810852E-10
  3960.0       6.023564E-10
  3965.0       5.3808935E-10
  3970.0       5.7006744E-10
  3975.0       7.3189066E-10
  3980.0       9.35634E-10
  3985.0       1.0838875E-9
  3990.0       1.1744657E-9
  3995.0       1.2378673E-9
  4000.0       1.2926298E-9
  4005.0       1.3485535E-9
  4010.0       1.4070266E-9
  4015.0       1.4601667E-9
  4020.0       1.4842078E-9
  4025.0       1.4624475E-9
  4030.0       1.4125174E-9
  4035.0       1.3626869E-9
  4040.0       1.3341424E-9
  4045.0       1.3368027E-9
  4050.0       1.3585444E-9
  4055.0       1.3783674E-9
  4060.0       1.3750603E-9
  4065.0       1.3477682E-9
  4070.0       1.3466495E-9
  4075.0       1.4103322E-9
  4080.0       1.4968998E-9
  4085.0       1.5484639E-9
  4090.0       1.5476378E-9
  4095.0       1.5045644E-9
  4100.0       1.4582365E-9
  4105.0       1.4416855E-9
  4110.0       1.445381E-9
  4115.0       1.4498088E-9
  4120.0       1.4514727E-9
  4125.0       1.447755E-9
  4130.0       1.4221857E-9
  4135.0       1.3675657E-9
  4140.0       1.315036E-9
  4145.0       1.298655E-9
  4150.0       1.3206428E-9
  4155.0       1.3624112E-9
  4160.0       1.3849356E-9
  4165.0       1.364633E-9
  4170.0       1.3367711E-9
  4175.0       1.3406412E-9
  4180.0       1.3672441E-9
  4185.0       1.3926947E-9
  4190.0       1.4046798E-9
  4195.0       1.4069725E-9
  4200.0       1.4304798E-9
  4205.0       1.4901524E-9
  4210.0       1.5344116E-9
  4215.0       1.5156575E-9
  4220.0       1.4640812E-9
  4225.0       1.4355136E-9
  4230.0       1.4712375E-9
  4235.0       1.5740652E-9
  4240.0       1.6649268E-9
  4245.0       1.6747208E-9
  4250.0       1.6403771E-9
  4255.0       1.6208637E-9
  4260.0       1.6251366E-9
  4265.0       1.6392386E-9
  4270.0       1.6426447E-9
  4275.0       1.623475E-9
  4280.0       1.5960157E-9
  4285.0       1.5689665E-9
  4290.0       1.5135193E-9
  4295.0       1.4231553E-9
  4300.0       1.385215E-9
  4305.0       1.4767386E-9
  4310.0       1.6523143E-9
  4315.0       1.8246683E-9
  4320.0       1.924032E-9
  4325.0       1.9298105E-9
  4330.0       1.9266881E-9
  4335.0       1.9908133E-9
  4340.0       2.0742383E-9
  4345.0       2.1132085E-9
  4350.0       2.1275042E-9
  4355.0       2.1521243E-9
  4360.0       2.174669E-9
  4365.0       2.1641966E-9
  4370.0       2.0937845E-9
  4375.0       1.9694824E-9
  4380.0       1.87586E-9
  4385.0       1.8842345E-9
  4390.0       1.9535777E-9
  4395.0       2.0158222E-9
  4400.0       2.0466564E-9
  4405.0       2.0536857E-9
  4410.0       2.0793587E-9
  4415.0       2.149076E-9
  4420.0       2.2129738E-9
  4425.0       2.2272868E-9
  4430.0       2.2377664E-9
  4435.0       2.2910476E-9
  4440.0       2.346014E-9
  4445.0       2.3491062E-9
  4450.0       2.305593E-9
  4455.0       2.2553523E-9
  4460.0       2.2650002E-9
  4465.0       2.3701456E-9
  4470.0       2.5015916E-9
  4475.0       2.5807012E-9
  4480.0       2.6088867E-9
  4485.0       2.616732E-9
  4490.0       2.6290485E-9
  4495.0       2.6636917E-9
  4500.0       2.7267832E-9
  4505.0       2.7998381E-9
  4510.0       2.8138765E-9
  4515.0       2.7238534E-9
  4520.0       2.596735E-9
  4525.0       2.51772E-9
  4530.0       2.506653E-9
  4535.0       2.5514102E-9
  4540.0       2.6239324E-9
  4545.0       2.696656E-9
  4550.0       2.7565754E-9
  4555.0       2.7963405E-9
  4560.0       2.809773E-9
  4565.0       2.8008778E-9
  4570.0       2.7984555E-9
  4575.0       2.8200289E-9
  4580.0       2.8307205E-9
  4585.0       2.801856E-9
  4590.0       2.7727962E-9
  4595.0       2.7903597E-9
  4600.0       2.8512954E-9
  4605.0       2.9330474E-9
  4610.0       3.0135177E-9
  4615.0       3.070852E-9
  4620.0       3.0825578E-9
  4625.0       3.0371623E-9
  4630.0       2.9539162E-9
  4635.0       2.8658385E-9
  4640.0       2.8103784E-9
  4645.0       2.8085427E-9
  4650.0       2.8345395E-9
  4655.0       2.85311E-9
  4660.0       2.8514022E-9
  4665.0       2.835778E-9
  4670.0       2.8378209E-9
  4675.0       2.8761373E-9
  4680.0       2.9123284E-9
  4685.0       2.9088132E-9
  4690.0       2.8869191E-9
  4695.0       2.8794305E-9
  4700.0       2.8892726E-9
  4705.0       2.9115175E-9
  4710.0       2.9509029E-9
  4715.0       3.0035874E-9
  4720.0       3.0342937E-9
  4725.0       3.0210312E-9
  4730.0       3.0069356E-9
  4735.0       3.0360099E-9
  4740.0       3.0887466E-9
  4745.0       3.1255099E-9
  4750.0       3.1205438E-9
  4755.0       3.0745289E-9
  4760.0       3.0399336E-9
  4765.0       3.0599732E-9
  4770.0       3.1033447E-9
  4775.0       3.1267882E-9
  4780.0       3.1310354E-9
  4785.0       3.132944E-9
  4790.0       3.145508E-9
  4795.0       3.1748595E-9
  4800.0       3.2143979E-9
  4805.0       3.2531269E-9
  4810.0       3.2808503E-9
  4815.0       3.288953E-9
  4820.0       3.2727216E-9
  4825.0       3.2369185E-9
  4830.0       3.2068177E-9
  4835.0       3.2021568E-9
  4840.0       3.2076624E-9
  4845.0       3.1960872E-9
  4850.0       3.1461829E-9
  4855.0       3.0629679E-9
  4860.0       3.0108784E-9
  4865.0       3.03736E-9
  4870.0       3.0882614E-9
  4875.0       3.1018632E-9
  4880.0       3.0988345E-9
  4885.0       3.1213934E-9
  4890.0       3.181554E-9
  4895.0       3.259832E-9
  4900.0       3.2897467E-9
  4905.0       3.2303156E-9
  4910.0       3.1511687E-9
  4915.0       3.1288316E-9
  4920.0       3.1474516E-9
  4925.0       3.1693186E-9
  4930.0       3.193993E-9
  4935.0       3.2323253E-9
  4940.0       3.2837668E-9
  4945.0       3.3339813E-9
  4950.0       3.3472631E-9
  4955.0       3.3056995E-9
  4960.0       3.2573875E-9
  4965.0       3.2472005E-9
  4970.0       3.2467087E-9
  4975.0       3.2199947E-9
  4980.0       3.185289E-9
  4985.0       3.1681686E-9
  4990.0       3.1575311E-9
  4995.0       3.1324359E-9
  5000.0       3.0854812E-9
  5005.0       3.0253913E-9
  5010.0       2.9875742E-9
  5015.0       2.9994753E-9
  5020.0       3.0413883E-9
  5025.0       3.079244E-9
  5030.0       3.0899814E-9
  5035.0       3.0710072E-9
  5040.0       3.0599643E-9
  5045.0       3.0890128E-9
  5050.0       3.1362442E-9
  5055.0       3.1621126E-9
  5060.0       3.1374972E-9
  5065.0       3.0606622E-9
  5070.0       2.9883327E-9
  5075.0       2.9723992E-9
  5080.0       2.9940608E-9
  5085.0       3.0119702E-9
  5090.0       2.9986502E-9
  5095.0       2.9512155E-9
  5100.0       2.913608E-9
  5105.0       2.9211196E-9
  5110.0       2.9413447E-9
  5115.0       2.9335838E-9
  5120.0       2.9039016E-9
  5125.0       2.873345E-9
  5130.0       2.8535632E-9
  5135.0       2.8491671E-9
  5140.0       2.8564535E-9
  5145.0       2.8642473E-9
  5150.0       2.8497378E-9
  5155.0       2.7929685E-9
  5160.0       2.6948144E-9
  5165.0       2.582641E-9
  5170.0       2.5301399E-9
  5175.0       2.592609E-9
  5180.0       2.7305258E-9
  5185.0       2.8721185E-9
  5190.0       2.9582143E-9
  5195.0       2.9645508E-9
  5200.0       2.9428622E-9
  5205.0       2.955535E-9
  5210.0       3.0170286E-9
  5215.0       3.1100265E-9
  5220.0       3.185406E-9
  5225.0       3.2120926E-9
  5230.0       3.2344076E-9
  5235.0       3.295096E-9
  5240.0       3.3576195E-9
  5245.0       3.3696763E-9
  5250.0       3.3195382E-9
  5255.0       3.2215324E-9
  5260.0       3.116948E-9
  5265.0       3.060166E-9
  5270.0       3.1104364E-9
  5275.0       3.2777328E-9
  5280.0       3.4415975E-9
  5285.0       3.4932575E-9
  5290.0       3.4835015E-9
  5295.0       3.5002479E-9
  5300.0       3.5649828E-9
  5305.0       3.6512529E-9
  5310.0       3.6808847E-9
  5315.0       3.6024685E-9
  5320.0       3.4831147E-9
  5325.0       3.4103798E-9
  5330.0       3.4060632E-9
  5335.0       3.4615075E-9
  5340.0       3.5557628E-9
  5345.0       3.6596726E-9
  5350.0       3.7329793E-9
  5355.0       3.7471324E-9
  5360.0       3.7159347E-9
  5365.0       3.671989E-9
  5370.0       3.6530232E-9
  5375.0       3.6726728E-9
  5380.0       3.6789396E-9
  5385.0       3.6216947E-9
  5390.0       3.5217642E-9
  5395.0       3.4270136E-9
  5400.0       3.3831429E-9
  5405.0       3.4188745E-9
  5410.0       3.5206356E-9
  5415.0       3.6446444E-9
  5420.0       3.7126937E-9
  5425.0       3.6801402E-9
  5430.0       3.6219376E-9
  5435.0       3.6204577E-9
  5440.0       3.6587366E-9
  5445.0       3.6928334E-9
  5450.0       3.7101202E-9
  5455.0       3.7122365E-9
  5460.0       3.7035124E-9
  5465.0       3.686057E-9
  5470.0       3.6556107E-9
  5475.0       3.616224E-9
  5480.0       3.5990289E-9
  5485.0       3.6296877E-9
  5490.0       3.6915389E-9
  5495.0       3.748538E-9
  5500.0       3.7590824E-9
  5505.0       3.7115238E-9
  5510.0       3.6747954E-9
  5515.0       3.7087278E-9
  5520.0       3.770598E-9
  5525.0       3.8029766E-9
  5530.0       3.813507E-9
  5535.0       3.827746E-9
  5540.0       3.8503307E-9
  5545.0       3.875955E-9
  5550.0       3.8960657E-9
  5555.0       3.9023926E-9
  5560.0       3.8905017E-9
  5565.0       3.864404E-9
  5570.0       3.8453467E-9
  5575.0       3.8449826E-9
  5580.0       3.8340575E-9
  5585.0       3.7881827E-9
  5590.0       3.736797E-9
  5595.0       3.7225287E-9
  5600.0       3.7659165E-9
  5605.0       3.8562344E-9
  5610.0       3.9265573E-9
  5615.0       3.923926E-9
  5620.0       3.8863845E-9
  5625.0       3.8666665E-9
  5630.0       3.864635E-9
  5635.0       3.865123E-9
  5640.0       3.8684154E-9
  5645.0       3.8760812E-9
  5650.0       3.8765853E-9
  5655.0       3.8624046E-9
  5660.0       3.8498844E-9
  5665.0       3.8578936E-9
  5670.0       3.887221E-9
  5675.0       3.926215E-9
  5680.0       3.9499883E-9
  5685.0       3.9419126E-9
  5690.0       3.9185672E-9
  5695.0       3.8941823E-9
  5700.0       3.846131E-9
  5705.0       3.7677226E-9
  5710.0       3.728984E-9
  5715.0       3.7873225E-9
  5720.0       3.8904755E-9
  5725.0       3.9669987E-9
  5730.0       4.0064325E-9
  5735.0       4.0214974E-9
  5740.0       4.0220165E-9
  5745.0       4.014638E-9
  5750.0       4.00293E-9
  5755.0       3.9893413E-9
  5760.0       3.9761407E-9
  5765.0       3.9652375E-9
  5770.0       3.957423E-9
  5775.0       3.95312E-9
  5780.0       3.9527075E-9
  5785.0       3.956841E-9
  5790.0       3.966848E-9
  5795.0       3.9843044E-9
  5800.0       4.0106336E-9
  5805.0       4.045398E-9
  5810.0       4.0833052E-9
  5815.0       4.117192E-9
  5820.0       4.1400186E-9
  5825.0       4.147494E-9
  5830.0       4.1427137E-9
  5835.0       4.1315142E-9
  5840.0       4.119805E-9
  5845.0       4.110734E-9
  5850.0       4.1004555E-9
  5855.0       4.0824437E-9
  5860.0       4.0502E-9
  5865.0       4.0007704E-9
  5870.0       3.940199E-9
  5875.0       3.878042E-9
  5880.0       3.8240477E-9
  5885.0       3.7864094E-9
  5890.0       3.7692627E-9
  5895.0       3.7752073E-9
  5900.0       3.8063392E-9
  5905.0       3.861054E-9
  5910.0       3.9283066E-9
  5915.0       3.9933803E-9
  5920.0       4.0417407E-9
  5925.0       4.0642285E-9
  5930.0       4.0655896E-9
  5935.0       4.0559547E-9
  5940.0       4.0456767E-9
  5945.0       4.042105E-9
  5950.0       4.0447756E-9
  5955.0       4.050239E-9
  5960.0       4.054793E-9
  5965.0       4.055503E-9
  5970.0       4.051421E-9
  5975.0       4.0422936E-9
  5980.0       4.0281014E-9
  5985.0       4.00975E-9
  5990.0       3.9907047E-9
  5995.0       3.9753965E-9
  6000.0       3.9681747E-9
  6005.0       3.9715764E-9
  6010.0       3.983493E-9
  6015.0       4.00003E-9
  6020.0       4.017215E-9
  6025.0       4.0321635E-9
  6030.0       4.0448276E-9
  6035.0       4.0562185E-9
  6040.0       4.067415E-9
  6045.0       4.078527E-9
  6050.0       4.087305E-9
  6055.0       4.0905834E-9
  6060.0       4.085279E-9
  6065.0       4.070084E-9
  6070.0       4.0483346E-9
  6075.0       4.0251398E-9
  6080.0       4.0056354E-9
  6085.0       3.993175E-9
  6090.0       3.986647E-9
  6095.0       3.9831716E-9
  6100.0       3.9797827E-9
  6105.0       3.9741375E-9
  6110.0       3.9656345E-9
  6115.0       3.954318E-9
  6120.0       3.940334E-9
  6125.0       3.924353E-9
  6130.0       3.90843E-9
  6135.0       3.895118E-9
  6140.0       3.8869086E-9
  6145.0       3.885149E-9
  6150.0       3.8881174E-9
  6155.0       3.892958E-9
  6160.0       3.8968055E-9
  6165.0       3.898007E-9
  6170.0       3.8979966E-9
  6175.0       3.899421E-9
  6180.0       3.904892E-9
  6185.0       3.9154036E-9
  6190.0       3.9277546E-9
  6195.0       3.9371666E-9
  6200.0       3.9388617E-9
  6205.0       3.9298658E-9
  6210.0       3.9119046E-9
  6215.0       3.8885286E-9
  6220.0       3.863344E-9
  6225.0       3.839403E-9
  6230.0       3.818085E-9
  6235.0       3.800155E-9
  6240.0       3.7863095E-9
  6245.0       3.777185E-9
  6250.0       3.773259E-9
  6255.0       3.774938E-9
  6260.0       3.7825765E-9
  6265.0       3.7958996E-9
  6270.0       3.8130548E-9
  6275.0       3.8315946E-9
  6280.0       3.8490646E-9
  6285.0       3.863571E-9
  6290.0       3.874758E-9
  6295.0       3.8828594E-9
  6300.0       3.8881627E-9
  6305.0       3.8910413E-9
  6310.0       3.8920827E-9
  6315.0       3.891978E-9
  6320.0       3.8914054E-9
  6325.0       3.8910026E-9
  6330.0       3.8912047E-9
  6335.0       3.8924397E-9
  6340.0       3.895058E-9
  6345.0       3.8991534E-9
  6350.0       3.9041095E-9
  6355.0       3.909066E-9
  6360.0       3.9131516E-9
  6365.0       3.9159205E-9
  6370.0       3.918015E-9
  6375.0       3.9204733E-9
  6380.0       3.924336E-9
  6385.0       3.930085E-9
  6390.0       3.936693E-9
  6395.0       3.9426156E-9
  6400.0       3.9462718E-9
  6405.0       3.946651E-9
  6410.0       3.944136E-9
  6415.0       3.9397063E-9
  6420.0       3.934367E-9
  6425.0       3.9291663E-9
  6430.0       3.9252717E-9
  6435.0       3.9238417E-9
  6440.0       3.9259884E-9
  6445.0       3.9317154E-9
  6450.0       3.9382524E-9
  6455.0       3.9417447E-9
  6460.0       3.9384185E-9
  6465.0       3.9262633E-9
  6470.0       3.9079002E-9
  6475.0       3.887723E-9
  6480.0       3.8702117E-9
  6485.0       3.859195E-9
  6490.0       3.8567434E-9
  6495.0       3.864247E-9
  6500.0       3.882826E-9
  6505.0       3.9115764E-9
  6510.0       3.9443164E-9
  6515.0       3.9728283E-9
  6520.0       3.988988E-9
  6525.0       3.987827E-9
  6530.0       3.9724064E-9
  6535.0       3.948918E-9
  6540.0       3.923756E-9
  6545.0       3.9022905E-9
  6550.0       3.8871986E-9
  6555.0       3.880171E-9
  6560.0       3.882647E-9
  6565.0       3.8949017E-9
  6570.0       3.9142143E-9
  6575.0       3.936684E-9
  6580.0       3.9583914E-9
  6585.0       3.9762336E-9
  6590.0       3.989235E-9
  6595.0       3.9972625E-9
  6600.0       4.000302E-9
  6605.0       3.9988177E-9
  6610.0       3.994552E-9
  6615.0       3.9896637E-9
  6620.0       3.9863415E-9
  6625.0       3.9858112E-9
  6630.0       3.9870085E-9
  6635.0       3.9879677E-9
  6640.0       3.9866896E-9
  6645.0       3.9822643E-9
  6650.0       3.976428E-9
  6655.0       3.9719517E-9
  6660.0       3.971555E-9
  6665.0       3.976433E-9
  6670.0       3.9837853E-9
  6675.0       3.989278E-9
  6680.0       3.9886277E-9
  6685.0       3.9795274E-9
  6690.0       3.9647934E-9
  6695.0       3.9492187E-9
  6700.0       3.937625E-9
  6705.0       3.9332946E-9
  6710.0       3.9354418E-9
  6715.0       3.941727E-9
  6720.0       3.949675E-9
  6725.0       3.9569623E-9
  6730.0       3.9617185E-9
  6735.0       3.962223E-9
  6740.0       3.9569077E-9
  6745.0       3.945685E-9
  6750.0       3.9322434E-9
  6755.0       3.9217225E-9
  6760.0       3.9192063E-9
  6765.0       3.9274557E-9
  6770.0       3.9433496E-9
  6775.0       3.9614774E-9
  6780.0       3.9763326E-9
  6785.0       3.98392E-9
  6790.0       3.984142E-9
  6795.0       3.978356E-9
  6800.0       3.968209E-9
  6805.0       3.956329E-9
  6810.0       3.947957E-9
  6815.0       3.9493155E-9
  6820.0       3.9663095E-9
  6825.0       4.000119E-9
  6830.0       4.039874E-9
  6835.0       4.070004E-9
  6840.0       4.075177E-9
  6845.0       4.046709E-9
  6850.0       3.993318E-9
  6855.0       3.9303902E-9
  6860.0       3.873592E-9
  6865.0       3.834664E-9
  6870.0       3.8151895E-9
  6875.0       3.8127808E-9
  6880.0       3.824664E-9
  6885.0       3.8474446E-9
  6890.0       3.876296E-9
  6895.0       3.9057864E-9
  6900.0       3.930586E-9
  6905.0       3.94678E-9
  6910.0       3.95418E-9
  6915.0       3.953991E-9
  6920.0       3.947575E-9
  6925.0       3.9363273E-9
  6930.0       3.9217602E-9
  6935.0       3.9053885E-9
  6940.0       3.8887102E-9
  6945.0       3.872971E-9
  6950.0       3.8587022E-9
  6955.0       3.8461603E-9
  6960.0       3.8355745E-9
  6965.0       3.827111E-9
  6970.0       3.8207184E-9
  6975.0       3.8163046E-9
  6980.0       3.813721E-9
  6985.0       3.812585E-9
  6990.0       3.811824E-9
  6995.0       3.810125E-9
  7000.0       3.808748E-9
  7005.0       3.8175356E-9
  7010.0       3.814041E-9
  7015.0       3.809575E-9
  7020.0       3.808192E-9
  7025.0       3.8107926E-9
  7030.0       3.8163215E-9
  7035.0       3.8229686E-9
  7040.0       3.8289145E-9
  7045.0       3.8326764E-9
  7050.0       3.8337507E-9
  7055.0       3.8320116E-9
  7060.0       3.827346E-9
  7065.0       3.819883E-9
  7070.0       3.8104004E-9
  7075.0       3.79988E-9
  7080.0       3.7893457E-9
  7085.0       3.7795718E-9
  7090.0       3.770786E-9
  7095.0       3.762975E-9
  7100.0       3.7561034E-9
  7105.0       3.7501002E-9
  7110.0       3.7446815E-9
  7115.0       3.739558E-9
  7120.0       3.73441E-9
  7125.0       3.72931E-9
  7130.0       3.725232E-9
  7135.0       3.723459E-9
  7140.0       3.7252665E-9
  7145.0       3.7310777E-9
  7150.0       3.7390655E-9
  7155.0       3.746606E-9
  7160.0       3.7510253E-9
  7165.0       3.7505132E-9
  7170.0       3.7454853E-9
  7175.0       3.7372083E-9
  7180.0       3.72705E-9
  7185.0       3.716344E-9
  7190.0       3.7063463E-9
  7195.0       3.6983263E-9
  7200.0       3.693476E-9
  7205.0       3.6923267E-9
  7210.0       3.6937602E-9
  7215.0       3.6960415E-9
  7220.0       3.6973735E-9
  7225.0       3.696577E-9
  7230.0       3.6938668E-9
  7235.0       3.690051E-9
  7240.0       3.6859438E-9
  7245.0       3.6822396E-9
  7250.0       3.6792052E-9
  7255.0       3.6769272E-9
  7260.0       3.6753771E-9
  7265.0       3.6744803E-9
  7270.0       3.6740682E-9
  7275.0       3.6739358E-9
  7280.0       3.6739003E-9
  7285.0       3.673928E-9
  7290.0       3.6744097E-9
  7295.0       3.67586E-9
  7300.0       3.678769E-9
  7305.0       3.6830414E-9
  7310.0       3.6871264E-9
  7315.0       3.6888774E-9
  7320.0       3.686198E-9
  7325.0       3.678179E-9
  7330.0       3.666893E-9
  7335.0       3.6555898E-9
  7340.0       3.6475143E-9
  7345.0       3.6447947E-9
  7350.0       3.6467351E-9
  7355.0       3.6514693E-9
  7360.0       3.6570382E-9
  7365.0       3.661909E-9
  7370.0       3.6659018E-9
  7375.0       3.669303E-9
  7380.0       3.6724501E-9
  7385.0       3.6755292E-9
  7390.0       3.6783714E-9
  7395.0       3.680666E-9
  7400.0       3.6821106E-9
  7405.0       3.6827206E-9
  7410.0       3.6833099E-9
  7415.0       3.684998E-9
  7420.0       3.6888534E-9
  7425.0       3.6952965E-9
  7430.0       3.7030146E-9
  7435.0       3.7100267E-9
  7440.0       3.7143584E-9
  7445.0       3.7148336E-9
  7450.0       3.7124068E-9
  7455.0       3.7088228E-9
  7460.0       3.7058652E-9
  7465.0       3.7047538E-9
  7470.0       3.705175E-9
  7475.0       3.7062484E-9
  7480.0       3.7070877E-9
  7485.0       3.7072514E-9
  7490.0       3.7075412E-9
  7495.0       3.7091945E-9
  7500.0       3.7134427E-9
  7505.0       3.7208205E-9
  7510.0       3.730036E-9
  7515.0       3.7391175E-9
  7520.0       3.7460643E-9
  7525.0       3.7496166E-9
  7530.0       3.7502894E-9
  7535.0       3.749317E-9
  7540.0       3.7479597E-9
  7545.0       3.746995E-9
  7550.0       3.740013E-9
  7555.0       3.7024945E-9
  7560.0       3.6954177E-9
  7565.0       3.694266E-9
  7570.0       3.6929295E-9
  7575.0       3.6914396E-9
  7580.0       3.6898071E-9
  7585.0       3.6880599E-9
  7590.0       3.6862118E-9
  7595.0       3.6843006E-9
  7600.0       3.6823202E-9
  7605.0       3.6803138E-9
  7610.0       3.678269E-9
  7615.0       3.6761862E-9
  7620.0       3.6740617E-9
  7625.0       3.6718784E-9
  7630.0       3.6696475E-9
  7635.0       3.6673635E-9
  7640.0       3.6650163E-9
  7645.0       3.6626127E-9
  7650.0       3.6601422E-9
  7655.0       3.6576056E-9
  7660.0       3.6550303E-9
  7665.0       3.6524666E-9
  7670.0       3.6499537E-9
  7675.0       3.6475267E-9
  7680.0       3.645213E-9
  7685.0       3.6430705E-9
  7690.0       3.6411303E-9
  7695.0       3.6394194E-9
  7700.0       3.6380041E-9
  7705.0       3.6368792E-9
  7710.0       3.636035E-9
  7715.0       3.638102E-9
  7720.0       3.6543062E-9
  7725.0       3.6609242E-9
  7730.0       3.666194E-9
  7735.0       3.6718737E-9
  7740.0       3.6774375E-9
  7745.0       3.6823882E-9
  7750.0       3.686144E-9
  7755.0       3.6881207E-9
  7760.0       3.687792E-9
  7765.0       3.6849985E-9
  7770.0       3.6806007E-9
  7775.0       3.6758068E-9
  7780.0       3.6718586E-9
  7785.0       3.669588E-9
  7790.0       3.6688705E-9
  7795.0       3.6692125E-9
  7800.0       3.6700658E-9
  7805.0       3.670868E-9
  7810.0       3.6710057E-9
  7815.0       3.6698466E-9
  7820.0       3.6667767E-9
  7825.0       3.6615053E-9
  7830.0       3.6545227E-9
  7835.0       3.6466226E-9
  7840.0       3.638616E-9
  7845.0       3.6311496E-9
  7850.0       3.6244139E-9
  7855.0       3.6184467E-9
  7860.0       3.613273E-9
  7865.0       3.6087802E-9
  7870.0       3.6044758E-9
  7875.0       3.5997099E-9
  7880.0       3.5938332E-9
  7885.0       3.5863552E-9
  7890.0       3.5772345E-9
  7895.0       3.5665286E-9
  7900.0       3.5543968E-9
  7905.0       3.5411525E-9
  7910.0       3.5276786E-9
  7915.0       3.5150176E-9
  7920.0       3.5042504E-9
  7925.0       3.4962604E-9
  7930.0       3.4914514E-9
  7935.0       3.4900498E-9
  7940.0       3.4922343E-9
  7945.0       3.497956E-9
  7950.0       3.506502E-9
  7955.0       3.5169199E-9
  7960.0       3.5281502E-9
  7965.0       3.5391454E-9
  7970.0       3.5489054E-9
  7975.0       3.5564516E-9
  7980.0       3.5608316E-9
  7985.0       3.5615615E-9
  7990.0       3.5592007E-9
  7995.0       3.5547785E-9
  8000.0       3.5493184E-9
  8005.0       3.5438419E-9
  8010.0       3.5392467E-9
  8015.0       3.5363723E-9
  8020.0       3.5360201E-9
  8025.0       3.538364E-9
  8030.0       3.5420427E-9
  8035.0       3.5450853E-9
  8040.0       3.5455248E-9
  8045.0       3.5420478E-9
  8050.0       3.5349927E-9
  8055.0       3.525449E-9
  8060.0       3.5146008E-9
  8065.0       3.503251E-9
  8070.0       3.4909573E-9
  8075.0       3.476814E-9
  8080.0       3.4599765E-9
  8085.0       3.440564E-9
  8090.0       3.421244E-9
  8095.0       3.4056404E-9
  8100.0       3.3973282E-9
  8105.0       3.3981236E-9
  8110.0       3.4052872E-9
  8115.0       3.4143879E-9
  8120.0       3.4208911E-9
  8125.0       3.4216723E-9
  8130.0       3.417076E-9
  8135.0       3.4088417E-9
  8140.0       3.398781E-9
  8145.0       3.388461E-9
  8150.0       3.378739E-9
  8155.0       3.3702015E-9
  8160.0       3.3634373E-9
  8165.0       3.3594447E-9
  8170.0       3.360271E-9
  8175.0       3.3684042E-9
  8180.0       3.3861303E-9
  8185.0       3.4137735E-9
  8190.0       3.4463927E-9
  8195.0       3.47706E-9
  8200.0       3.498892E-9
  8205.0       3.5075745E-9
  8210.0       3.505491E-9
  8215.0       3.4975798E-9
  8220.0       3.4889298E-9
  8225.0       3.4835856E-9
  8230.0       3.4828613E-9
  8235.0       3.4870111E-9
  8240.0       3.4961094E-9
  8245.0       3.5091905E-9
  8250.0       3.5227317E-9
  8255.0       3.532276E-9
  8260.0       3.5335705E-9
  8265.0       3.524182E-9
  8270.0       3.5062155E-9
  8275.0       3.4834997E-9
  8280.0       3.4599377E-9
  8285.0       3.4383942E-9
  8290.0       3.4190675E-9
  8295.0       3.4010876E-9
  8300.0       3.383549E-9
  8305.0       3.3660355E-9
  8310.0       3.3494403E-9
  8315.0       3.3350898E-9
  8320.0       3.3243541E-9
  8325.0       3.3178036E-9
  8330.0       3.3140715E-9
  8335.0       3.3110104E-9
  8340.0       3.3065408E-9
  8345.0       3.2997576E-9
  8350.0       3.2927856E-9
  8355.0       3.2888559E-9
  8360.0       3.2909817E-9
  8365.0       3.3005143E-9
  8370.0       3.314844E-9
  8375.0       3.3298004E-9
  8380.0       3.3412055E-9
  8385.0       3.346339E-9
  8390.0       3.3462848E-9
  8395.0       3.3435912E-9
  8400.0       3.3408607E-9
  8405.0       3.3400884E-9
  8410.0       3.3415792E-9
  8415.0       3.3450107E-9
  8420.0       3.3499994E-9
  8425.0       3.3562113E-9
  8430.0       3.363445E-9
  8435.0       3.3715457E-9
  8440.0       3.3803245E-9
  8445.0       3.3891212E-9
  8450.0       3.396125E-9
  8455.0       3.3990952E-9
  8460.0       3.3959E-9
  8465.0       3.3857743E-9
  8470.0       3.3712626E-9
  8475.0       3.3561671E-9
  8480.0       3.3442848E-9
  8485.0       3.3375118E-9
  8490.0       3.332901E-9
  8495.0       3.32562E-9
  8500.0       3.3108791E-9
  8505.0       3.2860843E-9
  8510.0       3.254261E-9
  8515.0       3.2206562E-9
  8520.0       3.1906082E-9
  8525.0       3.1683487E-9
  8530.0       3.1552856E-9
  8535.0       3.1517182E-9
  8540.0       3.157774E-9
  8545.0       3.1728236E-9
  8550.0       3.1942369E-9
  8555.0       3.21843E-9
  8560.0       3.2413168E-9
  8565.0       3.2601686E-9
  8570.0       3.2763177E-9
  8575.0       3.2926541E-9
  8580.0       3.3120695E-9
  8585.0       3.3356884E-9
  8590.0       3.360033E-9
  8595.0       3.379878E-9
  8600.0       3.3899965E-9
  8605.0       3.386831E-9
  8610.0       3.3712553E-9
  8615.0       3.3458218E-9
  8620.0       3.3132848E-9
  8625.0       3.2764578E-9
  8630.0       3.238394E-9
  8635.0       3.20225E-9
  8640.0       3.1710936E-9
  8645.0       3.1473815E-9
  8650.0       3.1319172E-9
  8655.0       3.124572E-9
  8660.0       3.124458E-9
  8665.0       3.130607E-9
  8670.0       3.1425054E-9
  8675.0       3.1598657E-9
  8680.0       3.1823066E-9
  8685.0       3.2085787E-9
  8690.0       3.2352232E-9
  8695.0       3.2578784E-9
  8700.0       3.2723018E-9
  8705.0       3.2760346E-9
  8710.0       3.2713003E-9
  8715.0       3.2620953E-9
  8720.0       3.2525063E-9
  8725.0       3.2454701E-9
  8730.0       3.2409768E-9
  8735.0       3.2378917E-9
  8740.0       3.2349463E-9
  8745.0       3.2308134E-9
  8750.0       3.2240333E-9
  8755.0       3.2129859E-9
  8760.0       3.196117E-9
  8765.0       3.1733964E-9
  8770.0       3.1490341E-9
  8775.0       3.12882E-9
  8780.0       3.1184488E-9
  8785.0       3.1208889E-9
  8790.0       3.131988E-9
  8795.0       3.1448653E-9
  8800.0       3.1526164E-9
  8805.0       3.1508227E-9
  8810.0       3.1415746E-9
  8815.0       3.1294123E-9
  8820.0       3.1190166E-9
  8825.0       3.1135494E-9
  8830.0       3.112314E-9
  8835.0       3.1131002E-9
  8840.0       3.1136362E-9
  8845.0       3.1124097E-9
  8850.0       3.1098457E-9
  8855.0       3.1071303E-9
  8860.0       3.105445E-9
  8865.0       3.1052434E-9
  8870.0       3.105162E-9
  8875.0       3.1031142E-9
  8880.0       3.097084E-9
  8885.0       3.0864373E-9
  8890.0       3.0740661E-9
  8895.0       3.064234E-9
  8900.0       3.0611258E-9
  8905.0       3.0667078E-9
  8910.0       3.0771858E-9
  8915.0       3.0865417E-9
  8920.0       3.0887974E-9
  8925.0       3.0804266E-9
  8930.0       3.0642835E-9
  8935.0       3.0456906E-9
  8940.0       3.0300558E-9
  8945.0       3.021145E-9
  8950.0       3.0185323E-9
  8955.0       3.0201297E-9
  8960.0       3.0236997E-9
  8965.0       3.0271552E-9
  8970.0       3.0288678E-9
  8975.0       3.0273828E-9
  8980.0       3.0213887E-9
  8985.0       3.0107337E-9
  8990.0       2.998286E-9
  8995.0       2.9880944E-9
  9000.0       2.9841698E-9
  9005.0       2.9892002E-9
  9010.0       3.0024219E-9
  9015.0       3.021721E-9
  9020.0       3.0448435E-9
  9025.0       3.069131E-9
  9030.0       3.09095E-9
  9035.0       3.106289E-9
  9040.0       3.1112797E-9
  9045.0       3.103839E-9
  9050.0       3.0864828E-9
  9055.0       3.0635285E-9
  9060.0       3.0393703E-9
  9065.0       3.017791E-9
  9070.0       3.0010572E-9
  9075.0       2.9908227E-9
  9080.0       2.9885487E-9
  9085.0       2.9942924E-9
  9090.0       3.0044698E-9
  9095.0       3.014061E-9
  9100.0       3.0181349E-9
  9105.0       3.013568E-9
  9110.0       3.002083E-9
  9115.0       2.9872214E-9
  9120.0       2.9725835E-9
  9125.0       2.9604417E-9
  9130.0       2.949592E-9
  9135.0       2.9374945E-9
  9140.0       2.921626E-9
  9145.0       2.901061E-9
  9150.0       2.8790172E-9
  9155.0       2.860278E-9
  9160.0       2.849558E-9
  9165.0       2.8495717E-9
  9170.0       2.8580065E-9
  9175.0       2.8705662E-9
  9180.0       2.8828802E-9
  9185.0       2.8915983E-9
  9190.0       2.896027E-9
  9195.0       2.896494E-9
  9200.0       2.8934497E-9
  9205.0       2.8875977E-9
  9210.0       2.8802398E-9
  9215.0       2.8729177E-9
  9220.0       2.8671097E-9
  9225.0       2.8634806E-9
  9230.0       2.8605176E-9
  9235.0       2.8558833E-9
  9240.0       2.8473166E-9
  9245.0       2.8339517E-9
  9250.0       2.8186387E-9
  9255.0       2.8056533E-9
  9260.0       2.7991431E-9
  9265.0       2.8013145E-9
  9270.0       2.8092912E-9
  9275.0       2.8182625E-9
  9280.0       2.823342E-9
  9285.0       2.8208977E-9
  9290.0       2.8106226E-9
  9295.0       2.7934395E-9
  9300.0       2.7705502E-9
  9305.0       2.7446079E-9
  9310.0       2.721979E-9
  9315.0       2.7104887E-9
  9320.0       2.717634E-9
  9325.0       2.746281E-9
  9330.0       2.787323E-9
  9335.0       2.8270088E-9
  9340.0       2.8516625E-9
  9345.0       2.852768E-9
  9350.0       2.8352354E-9
  9355.0       2.809124E-9
  9360.0       2.7847211E-9
  9365.0       2.7702673E-9
  9370.0       2.7687022E-9
  9375.0       2.7809413E-9
  9380.0       2.8073859E-9
  9385.0       2.8454161E-9
  9390.0       2.8844742E-9
  9395.0       2.9109943E-9
  9400.0       2.9116995E-9
  9405.0       2.8794742E-9
  9410.0       2.8231688E-9
  9415.0       2.757801E-9
  9420.0       2.6986402E-9
  9425.0       2.6574514E-9
  9430.0       2.6369509E-9
  9435.0       2.6363378E-9
  9440.0       2.6542575E-9
  9445.0       2.6873181E-9
  9450.0       2.7267966E-9
  9455.0       2.7619314E-9
  9460.0       2.7820974E-9
  9465.0       2.780793E-9
  9470.0       2.7621656E-9
  9475.0       2.734496E-9
  9480.0       2.7063318E-9
  9485.0       2.6848135E-9
  9490.0       2.673442E-9
  9495.0       2.6743388E-9
  9500.0       2.689246E-9
  9505.0       2.7176152E-9
  9510.0       2.7529954E-9
  9515.0       2.7866505E-9
  9520.0       2.8099105E-9
  9525.0       2.8172673E-9
  9530.0       2.8113343E-9
  9535.0       2.7978488E-9
  9540.0       2.7827494E-9
  9545.0       2.7706093E-9
  9550.0       2.7624656E-9
  9555.0       2.7580485E-9
  9560.0       2.7568916E-9
  9565.0       2.7579812E-9
  9570.0       2.7589284E-9
  9575.0       2.7568317E-9
  9580.0       2.7488778E-9
  9585.0       2.7342342E-9
  9590.0       2.7170788E-9
  9595.0       2.7035192E-9
  9600.0       2.6995512E-9
  9605.0       2.707966E-9
  9610.0       2.7232676E-9
  9615.0       2.7367828E-9
  9620.0       2.7398777E-9
  9625.0       2.727685E-9
  9630.0       2.7050808E-9
  9635.0       2.680704E-9
  9640.0       2.66325E-9
  9645.0       2.658337E-9
  9650.0       2.6635663E-9
  9655.0       2.6734777E-9
  9660.0       2.682498E-9
  9665.0       2.6867917E-9
  9670.0       2.6869837E-9
  9675.0       2.6854E-9
  9680.0       2.6844258E-9
  9685.0       2.6853564E-9
  9690.0       2.6865972E-9
  9695.0       2.685472E-9
  9700.0       2.6793237E-9
  9705.0       2.6671472E-9
  9710.0       2.6521305E-9
  9715.0       2.6390845E-9
  9720.0       2.6327662E-9
  9725.0       2.6356806E-9
  9730.0       2.6445228E-9
  9735.0       2.6537297E-9
  9740.0       2.6577487E-9
  9745.0       2.6532525E-9
  9750.0       2.642783E-9
  9755.0       2.6310698E-9
  9760.0       2.622916E-9
  9765.0       2.6216533E-9
  9770.0       2.6268503E-9
  9775.0       2.6366251E-9
  9780.0       2.6489657E-9
  9785.0       2.6619058E-9
  9790.0       2.6736797E-9
  9795.0       2.6825822E-9
  9800.0       2.6870144E-9
  9805.0       2.6862486E-9
  9810.0       2.6818487E-9
  9815.0       2.6762663E-9
  9820.0       2.6719345E-9
  9825.0       2.6701223E-9
  9830.0       2.6691627E-9
  9835.0       2.6662406E-9
  9840.0       2.6585778E-9
  9845.0       2.6451275E-9
  9850.0       2.6292564E-9
  9855.0       2.6160045E-9
  9860.0       2.610307E-9
  9865.0       2.614677E-9
  9870.0       2.6253353E-9
  9875.0       2.6361067E-9
  9880.0       2.6407985E-9
  9885.0       2.6357285E-9
  9890.0       2.6236542E-9
  9895.0       2.609824E-9
  9900.0       2.5995468E-9
  9905.0       2.5963427E-9
  9910.0       2.59905E-9
  9915.0       2.6046971E-9
  9920.0       2.6102134E-9
  9925.0       2.6131985E-9
  9930.0       2.613024E-9
  9935.0       2.6096993E-9
  9940.0       2.60339E-9
  9945.0       2.5946265E-9
  9950.0       2.584967E-9
  9955.0       2.5763471E-9
  9960.0       2.5706093E-9
  9965.0       2.5689324E-9
  9970.0       2.5707727E-9
  9975.0       2.5749203E-9
  9980.0       2.580134E-9
  9985.0       2.5853293E-9
  9990.0       2.5898677E-9
  9995.0       2.5932718E-9
  10000.0      2.5951317E-9
  10005.0      2.5953628E-9
  10010.0      2.5947937E-9
  10015.0      2.5945917E-9
  10020.0      2.5958888E-9
  10025.0      2.5991833E-9
  10030.0      2.6032925E-9
  10035.0      2.6063902E-9
  10040.0      2.6066793E-9
  10045.0      2.6031317E-9
  10050.0      2.596803E-9
  10055.0      2.5895341E-9
  10060.0      2.5831515E-9
  10065.0      2.579063E-9
  10070.0      2.5775984E-9
  10075.0      2.578671E-9
  10080.0      2.5820903E-9
  10085.0      2.5870477E-9
  10090.0      2.5911566E-9
  10095.0      2.591398E-9
  10100.0      2.584883E-9
  10105.0      2.5705764E-9
  10110.0      2.5522544E-9
  10115.0      2.5355462E-9
  10120.0      2.5260292E-9
  10125.0      2.526939E-9
  10130.0      2.5354145E-9
  10135.0      2.5462639E-9
  10140.0      2.554225E-9
  10145.0      2.5558486E-9
  10150.0      2.5523397E-9
  10155.0      2.546651E-9
  10160.0      2.5417533E-9
  10165.0      2.5394196E-9
  10170.0      2.538361E-9
  10175.0      2.5361442E-9
  10180.0      2.530342E-9
  10185.0      2.5199869E-9
  10190.0      2.507845E-9
  10195.0      2.4981295E-9
  10200.0      2.4949778E-9
  10205.0      2.50047E-9
  10210.0      2.5113236E-9
  10215.0      2.522183E-9
  10220.0      2.527679E-9
  10225.0      2.5245093E-9
  10230.0      2.5147007E-9
  10235.0      2.5023519E-9
  10240.0      2.4916038E-9
  10245.0      2.4853561E-9
  10250.0      2.4831632E-9
  10255.0      2.4833064E-9
  10260.0      2.4839357E-9
  10265.0      2.4834903E-9
  10270.0      2.4811475E-9
  10275.0      2.476387E-9
  10280.0      2.4687545E-9
  10285.0      2.4583993E-9
  10290.0      2.44699E-9
  10295.0      2.4367932E-9
  10300.0      2.4300006E-9
  10305.0      2.4277675E-9
  10310.0      2.4284592E-9
  10315.0      2.429371E-9
  10320.0      2.427827E-9
  10325.0      2.4224711E-9
  10330.0      2.4153683E-9
  10335.0      2.4098976E-9
  10340.0      2.4094082E-9
  10345.0      2.4155178E-9
  10350.0      2.4254194E-9
  10355.0      2.4345832E-9
  10360.0      2.43844E-9
  10365.0      2.4343072E-9
  10370.0      2.4244335E-9
  10375.0      2.4129536E-9
  10380.0      2.4040665E-9
  10385.0      2.4007318E-9
  10390.0      2.4027325E-9
  10395.0      2.4085933E-9
  10400.0      2.4167008E-9
  10405.0      2.4252518E-9
  10410.0      2.4319433E-9
  10415.0      2.4342826E-9
  10420.0      2.4299178E-9
  10425.0      2.4180977E-9
  10430.0      2.4022846E-9
  10435.0      2.3875597E-9
  10440.0      2.3789337E-9
  10445.0      2.3793003E-9
  10450.0      2.386001E-9
  10455.0      2.3942395E-9
  10460.0      2.3992237E-9
  10465.0      2.3982218E-9
  10470.0      2.393868E-9
  10475.0      2.390875E-9
  10480.0      2.393903E-9
  10485.0      2.4052231E-9
  10490.0      2.4208395E-9
  10495.0      2.4343767E-9
  10500.0      2.4394622E-9
  10505.0      2.4324944E-9
  10510.0      2.4170308E-9
  10515.0      2.3993731E-9
  10520.0      2.38592E-9
  10525.0      2.3810771E-9
  10530.0      2.384183E-9
  10535.0      2.3925957E-9
  10540.0      2.4035118E-9
  10545.0      2.414517E-9
  10550.0      2.424113E-9
  10555.0      2.4311864E-9
  10560.0      2.4346831E-9
  10565.0      2.4339193E-9
  10570.0      2.429137E-9
  10575.0      2.4209181E-9
  10580.0      2.4099216E-9
  10585.0      2.3971423E-9
  10590.0      2.3844475E-9
  10595.0      2.3740088E-9
  10600.0      2.367976E-9
  10605.0      2.3676743E-9
  10610.0      2.3723135E-9
  10615.0      2.3803013E-9
  10620.0      1.7910979E-9
