# WAVELENGTH   FLUX  
  1150.0       0.0   
  1155.0       0.0   
  1160.0       0.0   
  1165.0       0.0   
  1170.0       0.0   
  1175.0       0.0   
  1180.0       0.0   
  1185.0       0.0   
  1190.0       0.0   
  1195.0       0.0   
  1200.0       0.0   
  1205.0       0.0   
  1210.0       0.0   
  1215.0       0.0   
  1220.0       0.0   
  1225.0       0.0   
  1230.0       0.0   
  1235.0       0.0   
  1240.0       0.0   
  1245.0       0.0   
  1250.0       0.0   
  1255.0       0.0   
  1260.0       0.0   
  1265.0       0.0   
  1270.0       0.0   
  1275.0       0.0   
  1280.0       0.0   
  1285.0       0.0   
  1290.0       0.0   
  1295.0       0.0   
  1300.0       0.0   
  1305.0       0.0   
  1310.0       0.0   
  1315.0       0.0   
  1320.0       0.0   
  1325.0       0.0   
  1330.0       0.0   
  1335.0       0.0   
  1340.0       0.0   
  1345.0       0.0   
  1350.0       0.0   
  1355.0       0.0   
  1360.0       0.0   
  1365.0       0.0   
  1370.0       0.0   
  1375.0       0.0   
  1380.0       0.0   
  1385.0       0.0   
  1390.0       0.0   
  1395.0       0.0   
  1400.0       0.0   
  1405.0       0.0   
  1410.0       0.0   
  1415.0       0.0   
  1420.0       0.0   
  1425.0       0.0   
  1430.0       0.0   
  1435.0       0.0   
  1440.0       0.0   
  1445.0       0.0   
  1450.0       0.0   
  1455.0       0.0   
  1460.0       0.0   
  1465.0       0.0   
  1470.0       0.0   
  1475.0       0.0   
  1480.0       0.0   
  1485.0       0.0   
  1490.0       0.0   
  1495.0       0.0   
  1500.0       0.0   
  1505.0       0.0   
  1510.0       0.0   
  1515.0       0.0   
  1520.0       0.0   
  1525.0       0.0   
  1530.0       0.0   
  1535.0       0.0   
  1540.0       0.0   
  1545.0       0.0   
  1550.0       0.0   
  1555.0       0.0   
  1560.0       0.0   
  1565.0       0.0   
  1570.0       0.0   
  1575.0       0.0   
  1580.0       0.0   
  1585.0       0.0   
  1590.0       0.0   
  1595.0       0.0   
  1600.0       0.0   
  1605.0       0.0   
  1610.0       0.0   
  1615.0       0.0   
  1620.0       0.0   
  1625.0       0.0   
  1630.0       0.0   
  1635.0       0.0   
  1640.0       0.0   
  1645.0       0.0   
  1650.0       0.0   
  1655.0       0.0   
  1660.0       0.0   
  1665.0       0.0   
  1670.0       0.0   
  1675.0       0.0   
  1680.0       0.0   
  1685.0       0.0   
  1690.0       0.0   
  1695.0       0.0   
  1700.0       0.0   
  1705.0       0.0   
  1710.0       0.0   
  1715.0       0.0   
  1720.0       0.0   
  1725.0       0.0   
  1730.0       0.0   
  1735.0       0.0   
  1740.0       0.0   
  1745.0       0.0   
  1750.0       0.0   
  1755.0       0.0   
  1760.0       0.0   
  1765.0       0.0   
  1770.0       0.0   
  1775.0       0.0   
  1780.0       0.0   
  1785.0       0.0   
  1790.0       0.0   
  1795.0       0.0   
  1800.0       0.0   
  1805.0       0.0   
  1810.0       0.0   
  1815.0       0.0   
  1820.0       0.0   
  1825.0       0.0   
  1830.0       0.0   
  1835.0       0.0   
  1840.0       0.0   
  1845.0       0.0   
  1850.0       0.0   
  1855.0       0.0   
  1860.0       0.0   
  1865.0       0.0   
  1870.0       0.0   
  1875.0       0.0   
  1880.0       0.0   
  1885.0       0.0   
  1890.0       0.0   
  1895.0       0.0   
  1900.0       0.0   
  1905.0       0.0   
  1910.0       0.0   
  1915.0       0.0   
  1920.0       0.0   
  1925.0       0.0   
  1930.0       0.0   
  1935.0       0.0   
  1940.0       0.0   
  1945.0       0.0   
  1950.0       0.0   
  1955.0       0.0   
  1960.0       0.0   
  1965.0       0.0   
  1970.0       0.0   
  1975.0       0.0   
  1980.0       0.0   
  1985.0       0.0   
  1990.0       0.0   
  1995.0       0.0   
  2000.0       0.0   
  2005.0       0.0   
  2010.0       0.0   
  2015.0       0.0   
  2020.0       0.0   
  2025.0       0.0   
  2030.0       0.0   
  2035.0       0.0   
  2040.0       0.0   
  2045.0       0.0   
  2050.0       0.0   
  2055.0       0.0   
  2060.0       0.0   
  2065.0       0.0   
  2070.0       0.0   
  2075.0       0.0   
  2080.0       0.0   
  2085.0       0.0   
  2090.0       0.0   
  2095.0       0.0   
  2100.0       0.0   
  2105.0       0.0   
  2110.0       0.0   
  2115.0       0.0   
  2120.0       0.0   
  2125.0       0.0   
  2130.0       0.0   
  2135.0       0.0   
  2140.0       0.0   
  2145.0       0.0   
  2150.0       0.0   
  2155.0       0.0   
  2160.0       0.0   
  2165.0       0.0   
  2170.0       0.0   
  2175.0       0.0   
  2180.0       0.0   
  2185.0       0.0   
  2190.0       0.0   
  2195.0       0.0   
  2200.0       0.0   
  2205.0       0.0   
  2210.0       0.0   
  2215.0       0.0   
  2220.0       0.0   
  2225.0       0.0   
  2230.0       0.0   
  2235.0       0.0   
  2240.0       0.0   
  2245.0       0.0   
  2250.0       0.0   
  2255.0       0.0   
  2260.0       0.0   
  2265.0       0.0   
  2270.0       0.0   
  2275.0       0.0   
  2280.0       0.0   
  2285.0       0.0   
  2290.0       0.0   
  2295.0       0.0   
  2300.0       4.7968953E-16
  2305.0       3.8312643E-15
  2310.0       8.140137E-15
  2315.0       1.484121E-14
  2320.0       1.9148E-14
  2325.0       2.2497529E-14
  2330.0       2.2975155E-14
  2335.0       2.2495472E-14
  2340.0       1.8664229E-14
  2345.0       1.1003822E-14
  2350.0       1.4328918E-15
  2355.0       0.0   
  2360.0       0.0   
  2365.0       0.0   
  2370.0       0.0   
  2375.0       0.0   
  2380.0       0.0   
  2385.0       0.0   
  2390.0       0.0   
  2395.0       0.0   
  2400.0       7.67433E-15
  2405.0       6.1778545E-14
  2410.0       1.2735636E-13
  2415.0       1.9771676E-13
  2420.0       2.5849795E-13
  2425.0       3.0348117E-13
  2430.0       3.250056E-13
  2435.0       3.1254117E-13
  2440.0       2.579516E-13
  2445.0       1.5357863E-13
  2450.0       2.0062197E-14
  2455.0       0.0   
  2460.0       0.0   
  2465.0       0.0   
  2470.0       0.0   
  2475.0       0.0   
  2480.0       0.0   
  2485.0       0.0   
  2490.0       0.0   
  2495.0       0.0   
  2500.0       1.05033685E-13
  2505.0       8.6395084E-13
  2510.0       1.8960046E-12
  2515.0       3.0802437E-12
  2520.0       4.364013E-12
  2525.0       5.695147E-12
  2530.0       7.0286524E-12
  2535.0       8.312349E-12
  2540.0       9.494073E-12
  2545.0       1.05283395E-11
  2550.0       1.1363483E-11
  2555.0       1.1976049E-11
  2560.0       1.2393329E-11
  2565.0       1.2671376E-11
  2570.0       1.2861852E-11
  2575.0       1.3018841E-11
  2580.0       1.3200755E-11
  2585.0       1.3456887E-11
  2590.0       1.3843224E-11
  2595.0       1.4416277E-11
  2600.0       1.5225309E-11
  2605.0       1.6300959E-11
  2610.0       1.7615435E-11
  2615.0       1.9117022E-11
  2620.0       2.0750214E-11
  2625.0       2.2465715E-11
  2630.0       2.4205138E-11
  2635.0       2.5914835E-11
  2640.0       2.754652E-11
  2645.0       2.9044094E-11
  2650.0       3.0352634E-11
  2655.0       3.1438095E-11
  2660.0       3.2309162E-11
  2665.0       3.2982547E-11
  2670.0       3.348357E-11
  2675.0       3.3837735E-11
  2680.0       3.406361E-11
  2685.0       3.418848E-11
  2690.0       3.4233467E-11
  2695.0       3.422144E-11
  2700.0       3.4178375E-11
  2705.0       3.4130976E-11
  2710.0       3.412624E-11
  2715.0       3.4216265E-11
  2720.0       3.4449964E-11
  2725.0       3.4884193E-11
  2730.0       3.556587E-11
  2735.0       3.655209E-11
  2740.0       3.7891464E-11
  2745.0       3.9636353E-11
  2750.0       4.1833086E-11
  2755.0       4.4486432E-11
  2760.0       4.7483392E-11
  2765.0       5.0664E-11
  2770.0       5.3864736E-11
  2775.0       5.6926082E-11
  2780.0       5.9682356E-11
  2785.0       6.1973995E-11
  2790.0       6.363455E-11
  2795.0       6.4502924E-11
  2800.0       6.4429156E-11
  2805.0       6.3351324E-11
  2810.0       6.1469996E-11
  2815.0       5.9076126E-11
  2820.0       5.6472285E-11
  2825.0       5.3963212E-11
  2830.0       5.184926E-11
  2835.0       5.0432894E-11
  2840.0       5.0018836E-11
  2845.0       5.090796E-11
  2850.0       5.3390913E-11
  2855.0       5.7617147E-11
  2860.0       6.3370614E-11
  2865.0       7.0305706E-11
  2870.0       7.805723E-11
  2875.0       8.6262865E-11
  2880.0       9.455395E-11
  2885.0       1.02568204E-10
  2890.0       1.0994001E-10
  2895.0       1.16307936E-10
  2900.0       1.2132031E-10
  2905.0       1.2474309E-10
  2910.0       1.2666547E-10
  2915.0       1.2729391E-10
  2920.0       1.268498E-10
  2925.0       1.2555232E-10
  2930.0       1.2362306E-10
  2935.0       1.2128325E-10
  2940.0       1.187492E-10
  2945.0       1.1624222E-10
  2950.0       1.1397887E-10
  2955.0       1.12125094E-10
  2960.0       1.1072112E-10
  2965.0       1.09751506E-10
  2970.0       1.09205985E-10
  2975.0       1.09069614E-10
  2980.0       1.09325105E-10
  2985.0       1.0995851E-10
  2990.0       1.1095275E-10
  2995.0       1.1229449E-10
  3000.0       1.1396703E-10
  3005.0       1.15961206E-10
  3010.0       1.1827084E-10
  3015.0       1.2089792E-10
  3020.0       1.2384264E-10
  3025.0       1.2710481E-10
  3030.0       1.3068131E-10
  3035.0       1.3457237E-10
  3040.0       1.3878067E-10
  3045.0       1.4330646E-10
  3050.0       1.4814669E-10
  3055.0       1.533005E-10
  3060.0       1.5876338E-10
  3065.0       1.6452614E-10
  3070.0       1.70583E-10
  3075.0       1.7692704E-10
  3080.0       1.8355063E-10
  3085.0       1.9044676E-10
  3090.0       1.9760944E-10
  3095.0       2.0502636E-10
  3100.0       2.1269468E-10
  3105.0       2.2059825E-10
  3110.0       2.287065E-10
  3115.0       2.369772E-10
  3120.0       2.453734E-10
  3125.0       2.5385746E-10
  3130.0       2.6238792E-10
  3135.0       2.7092611E-10
  3140.0       2.794303E-10
  3145.0       2.878676E-10
  3150.0       2.96192E-10
  3155.0       3.1455324E-10
  3160.0       3.7940454E-10
  3165.0       3.7034112E-10
  3170.0       3.6158784E-10
  3175.0       3.7189574E-10
  3180.0       3.8057651E-10
  3185.0       3.7165723E-10
  3190.0       3.6529718E-10
  3195.0       3.8343578E-10
  3200.0       4.155357E-10
  3205.0       3.8195141E-10
  3210.0       3.1589834E-10
  3215.0       2.6563637E-10
  3220.0       2.5458427E-10
  3225.0       2.8379257E-10
  3230.0       3.209704E-10
  3235.0       3.3798225E-10
  3240.0       3.494525E-10
  3245.0       3.786595E-10
  3250.0       4.2780507E-10
  3255.0       4.863084E-10
  3260.0       5.326057E-10
  3265.0       5.48475E-10
  3270.0       5.355655E-10
  3275.0       5.1059584E-10
  3280.0       5.0855564E-10
  3285.0       5.507435E-10
  3290.0       6.0530897E-10
  3295.0       6.322532E-10
  3300.0       6.2413497E-10
  3305.0       5.9375227E-10
  3310.0       5.721532E-10
  3315.0       5.801986E-10
  3320.0       5.9586874E-10
  3325.0       5.949287E-10
  3330.0       5.8988414E-10
  3335.0       5.9980854E-10
  3340.0       6.226462E-10
  3345.0       6.435472E-10
  3350.0       6.3771827E-10
  3355.0       5.9568317E-10
  3360.0       5.560324E-10
  3365.0       5.534054E-10
  3370.0       5.652426E-10
  3375.0       5.6397986E-10
  3380.0       5.662496E-10
  3385.0       5.9307587E-10
  3390.0       6.312327E-10
  3395.0       6.57535E-10
  3400.0       6.5894884E-10
  3405.0       6.361054E-10
  3410.0       6.1387306E-10
  3415.0       6.152302E-10
  3420.0       6.337486E-10
  3425.0       6.4644906E-10
  3430.0       6.189426E-10
  3435.0       5.4109384E-10
  3440.0       4.751354E-10
  3445.0       4.79055E-10
  3450.0       5.2761945E-10
  3455.0       5.723304E-10
  3460.0       5.8920846E-10
  3465.0       5.7713E-10
  3470.0       5.669257E-10
  3475.0       5.8321276E-10
  3480.0       6.049135E-10
  3485.0       6.119076E-10
  3490.0       6.3126865E-10
  3495.0       6.8717354E-10
  3500.0       7.479555E-10
  3505.0       7.6158835E-10
  3510.0       6.930824E-10
  3515.0       6.9468087E-10
  3520.0       6.432775E-10
  3525.0       6.5132655E-10
  3530.0       7.8541573E-10
  3535.0       8.972771E-10
  3540.0       9.414585E-10
  3545.0       9.219381E-10
  3550.0       8.5736124E-10
  3555.0       7.7392576E-10
  3560.0       6.906671E-10
  3565.0       5.4934346E-10
  3570.0       4.844861E-10
  3575.0       4.5648502E-10
  3580.0       4.0153142E-10
  3585.0       4.5635215E-10
  3590.0       5.480309E-10
  3595.0       6.407018E-10
  3600.0       6.5413186E-10
  3605.0       5.747011E-10
  3610.0       5.8212346E-10
  3615.0       6.282487E-10
  3620.0       6.9884815E-10
  3625.0       7.7705653E-10
  3630.0       6.739402E-10
  3635.0       7.4379813E-10
  3640.0       8.362987E-10
  3645.0       7.46193E-10
  3650.0       8.6847207E-10
  3655.0       1.1198595E-9
  3660.0       1.2347203E-9
  3665.0       1.2136486E-9
  3670.0       1.139993E-9
  3675.0       9.829367E-10
  3680.0       8.007711E-10
  3685.0       8.429374E-10
  3690.0       1.0076356E-9
  3695.0       1.1322332E-9
  3700.0       1.0652776E-9
  3705.0       8.820285E-10
  3710.0       7.8836393E-10
  3715.0       7.1544326E-10
  3720.0       6.330718E-10
  3725.0       6.180696E-10
  3730.0       5.4663624E-10
  3735.0       4.6528142E-10
  3740.0       4.5883594E-10
  3745.0       4.4952325E-10
  3750.0       5.22172E-10
  3755.0       6.1131333E-10
  3760.0       6.327618E-10
  3765.0       7.106097E-10
  3770.0       8.6072377E-10
  3775.0       9.796683E-10
  3780.0       1.0136483E-9
  3785.0       9.047895E-10
  3790.0       7.9605966E-10
  3795.0       7.603526E-10
  3800.0       8.1342516E-10
  3805.0       8.871688E-10
  3810.0       8.367733E-10
  3815.0       6.4600986E-10
  3820.0       4.803478E-10
  3825.0       4.0728612E-10
  3830.0       4.1659015E-10
  3835.0       4.6352877E-10
  3840.0       5.527346E-10
  3845.0       6.91169E-10
  3850.0       7.019519E-10
  3855.0       5.951736E-10
  3860.0       5.61475E-10
  3865.0       6.393277E-10
  3870.0       6.9388784E-10
  3875.0       6.7395917E-10
  3880.0       6.4374744E-10
  3885.0       6.544647E-10
  3890.0       7.3179884E-10
  3895.0       7.428363E-10
  3900.0       7.323978E-10
  3905.0       7.4603873E-10
  3910.0       7.9717277E-10
  3915.0       7.7375284E-10
  3920.0       6.763421E-10
  3925.0       5.5377464E-10
  3930.0       4.3873866E-10
  3935.0       4.1637363E-10
  3940.0       4.9484633E-10
  3945.0       6.323266E-10
  3950.0       7.506426E-10
  3955.0       7.3022466E-10
  3960.0       6.135853E-10
  3965.0       5.204849E-10
  3970.0       5.4694516E-10
  3975.0       7.2108747E-10
  3980.0       9.31161E-10
  3985.0       1.1051644E-9
  3990.0       1.2157951E-9
  3995.0       1.2532363E-9
  4000.0       1.2737018E-9
  4005.0       1.298911E-9
  4010.0       1.3742412E-9
  4015.0       1.4635154E-9
  4020.0       1.5362777E-9
  4025.0       1.5271462E-9
  4030.0       1.4318248E-9
  4035.0       1.4091286E-9
  4040.0       1.3592496E-9
  4045.0       1.300343E-9
  4050.0       1.3952629E-9
  4055.0       1.4442398E-9
  4060.0       1.427307E-9
  4065.0       1.3905713E-9
  4070.0       1.3550194E-9
  4075.0       1.4043986E-9
  4080.0       1.5814796E-9
  4085.0       1.8003682E-9
  4090.0       1.8885244E-9
  4095.0       1.7803481E-9
  4100.0       1.6569074E-9
  4105.0       1.6436793E-9
  4110.0       1.6723668E-9
  4115.0       1.7237791E-9
  4120.0       1.7510188E-9
  4125.0       1.726983E-9
  4130.0       1.6515234E-9
  4135.0       1.6323052E-9
  4140.0       1.5733584E-9
  4145.0       1.5589569E-9
  4150.0       1.6367784E-9
  4155.0       1.7491074E-9
  4160.0       1.8370496E-9
  4165.0       1.7981264E-9
  4170.0       1.7098972E-9
  4175.0       1.6993316E-9
  4180.0       1.7294298E-9
  4185.0       1.7314661E-9
  4190.0       1.7354236E-9
  4195.0       1.660259E-9
  4200.0       1.6204056E-9
  4205.0       1.7439086E-9
  4210.0       1.852642E-9
  4215.0       1.8018435E-9
  4220.0       1.5489657E-9
  4225.0       1.2070641E-9
  4230.0       1.1543401E-9
  4235.0       1.3373775E-9
  4240.0       1.5992635E-9
  4245.0       1.714401E-9
  4250.0       1.6436742E-9
  4255.0       1.5838268E-9
  4260.0       1.5804298E-9
  4265.0       1.6206413E-9
  4270.0       1.5958266E-9
  4275.0       1.65024E-9
  4280.0       1.6933469E-9
  4285.0       1.645956E-9
  4290.0       1.5758697E-9
  4295.0       1.5406028E-9
  4300.0       1.4769845E-9
  4305.0       1.455171E-9
  4310.0       1.6198146E-9
  4315.0       1.9578734E-9
  4320.0       2.1470596E-9
  4325.0       2.1462E-9
  4330.0       2.2096862E-9
  4335.0       2.257109E-9
  4340.0       2.3191464E-9
  4345.0       2.4227775E-9
  4350.0       2.4256004E-9
  4355.0       2.4590383E-9
  4360.0       2.5341758E-9
  4365.0       2.5587585E-9
  4370.0       2.4769835E-9
  4375.0       2.307622E-9
  4380.0       2.0792734E-9
  4385.0       1.987007E-9
  4390.0       2.1084072E-9
  4395.0       2.2930435E-9
  4400.0       2.335114E-9
  4405.0       2.2669724E-9
  4410.0       2.3155131E-9
  4415.0       2.3971034E-9
  4420.0       2.5158005E-9
  4425.0       2.513865E-9
  4430.0       2.4988858E-9
  4435.0       2.5342204E-9
  4440.0       2.6612708E-9
  4445.0       2.7734008E-9
  4450.0       2.7039937E-9
  4455.0       2.4756408E-9
  4460.0       2.4082085E-9
  4465.0       2.6051443E-9
  4470.0       2.8599556E-9
  4475.0       3.0147425E-9
  4480.0       3.0693E-9
  4485.0       3.121349E-9
  4490.0       3.1025271E-9
  4495.0       3.0942044E-9
  4500.0       3.215575E-9
  4505.0       3.3665504E-9
  4510.0       3.4481993E-9
  4515.0       3.425588E-9
  4520.0       3.271928E-9
  4525.0       2.9749667E-9
  4530.0       2.7625782E-9
  4535.0       2.8227187E-9
  4540.0       2.9893898E-9
  4545.0       3.0885416E-9
  4550.0       3.1896026E-9
  4555.0       3.3272483E-9
  4560.0       3.4221315E-9
  4565.0       3.4484795E-9
  4570.0       3.4407315E-9
  4575.0       3.4251566E-9
  4580.0       3.3858223E-9
  4585.0       3.4078163E-9
  4590.0       3.404969E-9
  4595.0       3.369406E-9
  4600.0       3.3611836E-9
  4605.0       3.4297996E-9
  4610.0       3.5086969E-9
  4615.0       3.5494612E-9
  4620.0       3.58864E-9
  4625.0       3.623436E-9
  4630.0       3.5950165E-9
  4635.0       3.5065484E-9
  4640.0       3.4220633E-9
  4645.0       3.3346301E-9
  4650.0       3.3273675E-9
  4655.0       3.4330707E-9
  4660.0       3.5136416E-9
  4665.0       3.4328926E-9
  4670.0       3.3944523E-9
  4675.0       3.4245404E-9
  4680.0       3.4637235E-9
  4685.0       3.5018617E-9
  4690.0       3.4677892E-9
  4695.0       3.3860537E-9
  4700.0       3.2518221E-9
  4705.0       3.201605E-9
  4710.0       3.256461E-9
  4715.0       3.3615075E-9
  4720.0       3.450778E-9
  4725.0       3.4475935E-9
  4730.0       3.3895207E-9
  4735.0       3.3555878E-9
  4740.0       3.3804612E-9
  4745.0       3.435512E-9
  4750.0       3.4357344E-9
  4755.0       3.36135E-9
  4760.0       3.2593646E-9
  4765.0       3.1340492E-9
  4770.0       3.0344476E-9
  4775.0       2.9524176E-9
  4780.0       2.9166907E-9
  4785.0       2.9643374E-9
  4790.0       3.0923235E-9
  4795.0       3.2264236E-9
  4800.0       3.3396108E-9
  4805.0       3.4048537E-9
  4810.0       3.4477552E-9
  4815.0       3.458147E-9
  4820.0       3.3903589E-9
  4825.0       3.299225E-9
  4830.0       3.2485894E-9
  4835.0       3.2591474E-9
  4840.0       3.334639E-9
  4845.0       3.4288794E-9
  4850.0       3.4440966E-9
  4855.0       3.3495935E-9
  4860.0       3.2342007E-9
  4865.0       3.1822758E-9
  4870.0       3.1584524E-9
  4875.0       3.2163752E-9
  4880.0       3.2116934E-9
  4885.0       3.1289857E-9
  4890.0       3.1309484E-9
  4895.0       3.3066017E-9
  4900.0       3.435545E-9
  4905.0       3.4692378E-9
  4910.0       3.365815E-9
  4915.0       3.178978E-9
  4920.0       3.0650633E-9
  4925.0       3.2398544E-9
  4930.0       3.3972571E-9
  4935.0       3.3482752E-9
  4940.0       3.3070564E-9
  4945.0       3.4148706E-9
  4950.0       3.463616E-9
  4955.0       3.3028729E-9
  4960.0       3.2222092E-9
  4965.0       3.2568153E-9
  4970.0       3.2882839E-9
  4975.0       3.2586849E-9
  4980.0       3.1196983E-9
  4985.0       3.0705631E-9
  4990.0       3.0707712E-9
  4995.0       3.0432417E-9
  5000.0       2.9856362E-9
  5005.0       2.8952032E-9
  5010.0       2.8340605E-9
  5015.0       2.798214E-9
  5020.0       2.8438267E-9
  5025.0       2.9036047E-9
  5030.0       2.9459803E-9
  5035.0       2.8693232E-9
  5040.0       2.7748757E-9
  5045.0       2.8344127E-9
  5050.0       2.9048544E-9
  5055.0       2.984466E-9
  5060.0       2.982975E-9
  5065.0       2.8384017E-9
  5070.0       2.7162996E-9
  5075.0       2.6679845E-9
  5080.0       2.664768E-9
  5085.0       2.733158E-9
  5090.0       2.788921E-9
  5095.0       2.7373646E-9
  5100.0       2.6436686E-9
  5105.0       2.6025724E-9
  5110.0       2.6266112E-9
  5115.0       2.6931994E-9
  5120.0       2.6932656E-9
  5125.0       2.6027285E-9
  5130.0       2.577039E-9
  5135.0       2.6041096E-9
  5140.0       2.5867601E-9
  5145.0       2.552436E-9
  5150.0       2.5500384E-9
  5155.0       2.630551E-9
  5160.0       2.6080649E-9
  5165.0       2.2538251E-9
  5170.0       1.9288744E-9
  5175.0       1.8791586E-9
  5180.0       1.922093E-9
  5185.0       2.1136561E-9
  5190.0       2.4222435E-9
  5195.0       2.6903026E-9
  5200.0       2.7247966E-9
  5205.0       2.4759927E-9
  5210.0       2.5349483E-9
  5215.0       2.9353013E-9
  5220.0       3.2312102E-9
  5225.0       3.2231038E-9
  5230.0       3.2459397E-9
  5235.0       3.4107503E-9
  5240.0       3.5719367E-9
  5245.0       3.5615628E-9
  5250.0       3.5085945E-9
  5255.0       3.4953413E-9
  5260.0       3.3141265E-9
  5265.0       2.9262035E-9
  5270.0       2.8061835E-9
  5275.0       3.0599447E-9
  5280.0       3.3648069E-9
  5285.0       3.6028116E-9
  5290.0       3.6812553E-9
  5295.0       3.5698733E-9
  5300.0       3.5397831E-9
  5305.0       3.682702E-9
  5310.0       3.8215493E-9
  5315.0       3.845106E-9
  5320.0       3.6690713E-9
  5325.0       3.3601697E-9
  5330.0       3.2636196E-9
  5335.0       3.3490295E-9
  5340.0       3.430349E-9
  5345.0       3.5165677E-9
  5350.0       3.6490782E-9
  5355.0       3.82933E-9
  5360.0       3.839663E-9
  5365.0       3.6307635E-9
  5370.0       3.4998766E-9
  5375.0       3.650667E-9
  5380.0       3.805465E-9
  5385.0       3.8026378E-9
  5390.0       3.6817565E-9
  5395.0       3.5296874E-9
  5400.0       3.4069156E-9
  5405.0       3.3022602E-9
  5410.0       3.3669527E-9
  5415.0       3.5929986E-9
  5420.0       3.7516448E-9
  5425.0       3.703995E-9
  5430.0       3.590452E-9
  5435.0       3.61093E-9
  5440.0       3.6799828E-9
  5445.0       3.6367465E-9
  5450.0       3.6403287E-9
  5455.0       3.6887364E-9
  5460.0       3.7721226E-9
  5465.0       3.821524E-9
  5470.0       3.802944E-9
  5475.0       3.735148E-9
  5480.0       3.725894E-9
  5485.0       3.799879E-9
  5490.0       3.8596024E-9
  5495.0       3.8628527E-9
  5500.0       3.8166537E-9
  5505.0       3.7435313E-9
  5510.0       3.7085965E-9
  5515.0       3.7797374E-9
  5520.0       3.892014E-9
  5525.0       3.8760635E-9
  5530.0       3.859722E-9
  5535.0       3.9113206E-9
  5540.0       3.9753125E-9
  5545.0       4.0310364E-9
  5550.0       4.06787E-9
  5555.0       4.0408525E-9
  5560.0       3.9545567E-9
  5565.0       3.8345678E-9
  5570.0       3.7689443E-9
  5575.0       3.8185557E-9
  5580.0       3.8415813E-9
  5585.0       3.6910253E-9
  5590.0       3.568911E-9
  5595.0       3.5887542E-9
  5600.0       3.687009E-9
  5605.0       3.870664E-9
  5610.0       3.9775365E-9
  5615.0       3.8780663E-9
  5620.0       3.825973E-9
  5625.0       3.887153E-9
  5630.0       3.9989723E-9
  5635.0       4.063371E-9
  5640.0       4.0787955E-9
  5645.0       4.0790025E-9
  5650.0       4.0705705E-9
  5655.0       4.0054786E-9
  5660.0       3.9520422E-9
  5665.0       3.995336E-9
  5670.0       4.0584363E-9
  5675.0       4.100862E-9
  5680.0       4.076265E-9
  5685.0       4.013627E-9
  5690.0       3.9946966E-9
  5695.0       3.994216E-9
  5700.0       3.935351E-9
  5705.0       3.86643E-9
  5710.0       3.8534034E-9
  5715.0       3.9555474E-9
  5720.0       4.0876746E-9
  5725.0       4.134451E-9
  5730.0       4.1180077E-9
  5735.0       4.1158628E-9
  5740.0       4.117146E-9
  5745.0       4.134714E-9
  5750.0       4.1474992E-9
  5755.0       4.143802E-9
  5760.0       4.157351E-9
  5765.0       4.183572E-9
  5770.0       4.207134E-9
  5775.0       4.1603885E-9
  5780.0       4.051597E-9
  5785.0       3.98807E-9
  5790.0       4.030143E-9
  5795.0       4.1206882E-9
  5800.0       4.20186E-9
  5805.0       4.2460093E-9
  5810.0       4.2736175E-9
  5815.0       4.2897255E-9
  5820.0       4.2953223E-9
  5825.0       4.2855763E-9
  5830.0       4.2950394E-9
  5835.0       4.329919E-9
  5840.0       4.3651376E-9
  5845.0       4.3299315E-9
  5850.0       4.2220893E-9
  5855.0       4.1048525E-9
  5860.0       4.0923904E-9
  5865.0       4.1601727E-9
  5870.0       4.2421493E-9
  5875.0       4.2131747E-9
  5880.0       3.9323944E-9
  5885.0       3.2911474E-9
  5890.0       2.713455E-9
  5895.0       2.7525024E-9
  5900.0       3.2147494E-9
  5905.0       3.7273598E-9
  5910.0       4.071833E-9
  5915.0       4.2108153E-9
  5920.0       4.224026E-9
  5925.0       4.192418E-9
  5930.0       4.180802E-9
  5935.0       4.188774E-9
  5940.0       4.202208E-9
  5945.0       4.2137414E-9
  5950.0       4.1998107E-9
  5955.0       4.2174535E-9
  5960.0       4.248222E-9
  5965.0       4.2564885E-9
  5970.0       4.254199E-9
  5975.0       4.1979638E-9
  5980.0       4.1613606E-9
  5985.0       4.140707E-9
  5990.0       4.165519E-9
  5995.0       4.180226E-9
  6000.0       4.1691E-9
  6005.0       4.1267625E-9
  6010.0       4.093206E-9
  6015.0       4.0526404E-9
  6020.0       4.0397548E-9
  6025.0       4.1058734E-9
  6030.0       4.1773047E-9
  6035.0       4.224416E-9
  6040.0       4.260308E-9
  6045.0       4.300061E-9
  6050.0       4.2913513E-9
  6055.0       4.2656425E-9
  6060.0       4.2370556E-9
  6065.0       4.2182937E-9
  6070.0       4.2385575E-9
  6075.0       4.2216386E-9
  6080.0       4.1852406E-9
  6085.0       4.1642627E-9
  6090.0       4.1259365E-9
  6095.0       4.0745753E-9
  6100.0       4.0273194E-9
  6105.0       4.0670556E-9
  6110.0       4.0886956E-9
  6115.0       4.0088537E-9
  6120.0       3.9082844E-9
  6125.0       3.9515267E-9
  6130.0       4.002153E-9
  6135.0       3.9549404E-9
  6140.0       3.9662944E-9
  6145.0       4.045605E-9
  6150.0       4.049578E-9
  6155.0       3.888754E-9
  6160.0       3.6576395E-9
  6165.0       3.634067E-9
  6170.0       3.765602E-9
  6175.0       3.954505E-9
  6180.0       4.059918E-9
  6185.0       4.079051E-9
  6190.0       4.0620733E-9
  6195.0       4.09674E-9
  6200.0       4.1395607E-9
  6205.0       4.169341E-9
  6210.0       4.119718E-9
  6215.0       4.0292347E-9
  6220.0       3.9803005E-9
  6225.0       3.9554053E-9
  6230.0       3.936671E-9
  6235.0       3.9879184E-9
  6240.0       4.013834E-9
  6245.0       4.0006176E-9
  6250.0       3.935595E-9
  6255.0       3.8475263E-9
  6260.0       3.835168E-9
  6265.0       3.9172567E-9
  6270.0       3.9975006E-9
  6275.0       4.006457E-9
  6280.0       4.0045323E-9
  6285.0       4.0658006E-9
  6290.0       4.080168E-9
  6295.0       4.0050123E-9
  6300.0       3.9513126E-9
  6305.0       3.975328E-9
  6310.0       4.0133687E-9
  6315.0       4.0092516E-9
  6320.0       4.037936E-9
  6325.0       4.094957E-9
  6330.0       4.1110346E-9
  6335.0       4.0743853E-9
  6340.0       4.0697916E-9
  6345.0       4.1145722E-9
  6350.0       4.1310133E-9
  6355.0       4.0910484E-9
  6360.0       4.051566E-9
  6365.0       4.0800696E-9
  6370.0       4.132413E-9
  6375.0       4.1423354E-9
  6380.0       4.1139625E-9
  6385.0       4.0941734E-9
  6390.0       4.0527928E-9
  6395.0       4.003737E-9
  6400.0       3.9842423E-9
  6405.0       4.009828E-9
  6410.0       4.0400066E-9
  6415.0       4.063254E-9
  6420.0       4.0721666E-9
  6425.0       4.099103E-9
  6430.0       4.10433E-9
  6435.0       4.086377E-9
  6440.0       4.068136E-9
  6445.0       4.0879935E-9
  6450.0       4.0898294E-9
  6455.0       4.0811994E-9
  6460.0       4.0300336E-9
  6465.0       4.0411674E-9
  6470.0       4.0857424E-9
  6475.0       4.122051E-9
  6480.0       4.1474246E-9
  6485.0       4.148819E-9
  6490.0       4.0547827E-9
  6495.0       3.9347774E-9
  6500.0       3.9522234E-9
  6505.0       4.067197E-9
  6510.0       4.1811963E-9
  6515.0       4.2278776E-9
  6520.0       4.2393506E-9
  6525.0       4.253392E-9
  6530.0       4.2654356E-9
  6535.0       4.281292E-9
  6540.0       4.2697574E-9
  6545.0       4.22275E-9
  6550.0       4.1574326E-9
  6555.0       4.0620787E-9
  6560.0       3.950333E-9
  6565.0       3.998598E-9
  6570.0       4.093545E-9
  6575.0       4.162679E-9
  6580.0       4.2082093E-9
  6585.0       4.203635E-9
  6590.0       4.1772465E-9
  6595.0       4.1928643E-9
  6600.0       4.2204262E-9
  6605.0       4.2115076E-9
  6610.0       4.2207318E-9
  6615.0       4.2454356E-9
  6620.0       4.2451807E-9
  6625.0       4.213924E-9
  6630.0       4.1766826E-9
  6635.0       4.171381E-9
  6640.0       4.192101E-9
  6645.0       4.2198818E-9
  6650.0       4.241852E-9
  6655.0       4.2272115E-9
  6660.0       4.1907895E-9
  6665.0       4.1806913E-9
  6670.0       4.166157E-9
  6675.0       4.1157766E-9
  6680.0       4.1188293E-9
  6685.0       4.172333E-9
  6690.0       4.199324E-9
  6695.0       4.18735E-9
  6700.0       4.1705257E-9
  6705.0       4.158416E-9
  6710.0       4.1278088E-9
  6715.0       4.0756354E-9
  6720.0       4.0862362E-9
  6725.0       4.114128E-9
  6730.0       4.1391077E-9
  6735.0       4.1555115E-9
  6740.0       4.1386525E-9
  6745.0       4.111002E-9
  6750.0       4.0994665E-9
  6755.0       4.1283963E-9
  6760.0       4.1421755E-9
  6765.0       4.119186E-9
  6770.0       4.1042045E-9
  6775.0       4.1238835E-9
  6780.0       4.1264316E-9
  6785.0       4.1009076E-9
  6790.0       4.0752535E-9
  6795.0       4.073483E-9
  6800.0       4.0833723E-9
  6805.0       4.089333E-9
  6810.0       4.093502E-9
  6815.0       4.1030987E-9
  6820.0       4.1130663E-9
  6825.0       4.120962E-9
  6830.0       4.125326E-9
  6835.0       4.1278603E-9
  6840.0       4.1125743E-9
  6845.0       4.1038097E-9
  6850.0       4.0943453E-9
  6855.0       4.087556E-9
  6860.0       4.0849275E-9
  6865.0       4.080671E-9
  6870.0       4.066829E-9
  6875.0       4.0425285E-9
  6880.0       4.0178363E-9
  6885.0       4.0075547E-9
  6890.0       4.0192574E-9
  6895.0       4.0454258E-9
  6900.0       4.0675876E-9
  6905.0       4.071186E-9
  6910.0       4.057081E-9
  6915.0       4.0400594E-9
  6920.0       4.0365093E-9
  6925.0       4.0512345E-9
  6930.0       4.074649E-9
  6935.0       4.092812E-9
  6940.0       4.0993227E-9
  6945.0       4.097727E-9
  6950.0       4.0955386E-9
  6955.0       4.095516E-9
  6960.0       4.0919206E-9
  6965.0       4.0805035E-9
  6970.0       4.062875E-9
  6975.0       4.0381685E-9
  6980.0       4.031276E-9
  6985.0       4.073015E-9
  6990.0       4.1011985E-9
  6995.0       4.1132497E-9
  7000.0       4.1027515E-9
  7005.0       4.084147E-9
  7010.0       4.0870085E-9
  7015.0       4.082416E-9
  7020.0       4.081414E-9
  7025.0       4.092504E-9
  7030.0       4.099853E-9
  7035.0       4.0933874E-9
  7040.0       4.1155284E-9
  7045.0       4.1478128E-9
  7050.0       4.15844E-9
  7055.0       4.1398724E-9
  7060.0       4.1004227E-9
  7065.0       4.095448E-9
  7070.0       4.123828E-9
  7075.0       4.1551576E-9
  7080.0       4.146216E-9
  7085.0       4.1112127E-9
  7090.0       4.082031E-9
  7095.0       4.0837067E-9
  7100.0       4.086854E-9
  7105.0       4.0923034E-9
  7110.0       4.101933E-9
  7115.0       4.1202095E-9
  7120.0       4.1136774E-9
  7125.0       4.095673E-9
  7130.0       4.0699746E-9
  7135.0       4.066131E-9
  7140.0       4.0196766E-9
  7145.0       3.949E-9
  7150.0       3.941732E-9
  7155.0       3.9995416E-9
  7160.0       4.0396926E-9
  7165.0       4.031542E-9
  7170.0       4.0059245E-9
  7175.0       3.957498E-9
  7180.0       3.8876498E-9
  7185.0       3.782114E-9
  7190.0       3.7533856E-9
  7195.0       3.7880348E-9
  7200.0       3.8090415E-9
  7205.0       3.814719E-9
  7210.0       3.8734282E-9
  7215.0       3.9843253E-9
  7220.0       4.07489E-9
  7225.0       4.116256E-9
  7230.0       4.1030335E-9
  7235.0       4.033529E-9
  7240.0       3.9485015E-9
  7245.0       3.9126142E-9
  7250.0       3.9118766E-9
  7255.0       3.9355155E-9
  7260.0       3.9857073E-9
  7265.0       4.008304E-9
  7270.0       4.01101E-9
  7275.0       3.9805697E-9
  7280.0       3.9717443E-9
  7285.0       3.968866E-9
  7290.0       3.9532484E-9
  7295.0       3.9771595E-9
  7300.0       3.9839096E-9
  7305.0       3.971204E-9
  7310.0       3.9750567E-9
  7315.0       3.9764347E-9
  7320.0       3.980862E-9
  7325.0       3.9845514E-9
  7330.0       4.0136126E-9
  7335.0       4.04072E-9
  7340.0       4.053006E-9
  7345.0       4.0534425E-9
  7350.0       4.04034E-9
  7355.0       4.003385E-9
  7360.0       3.9806807E-9
  7365.0       3.993229E-9
  7370.0       4.032674E-9
  7375.0       4.0499115E-9
  7380.0       4.027251E-9
  7385.0       3.9713073E-9
  7390.0       3.946465E-9
  7395.0       3.9705954E-9
  7400.0       3.9667634E-9
  7405.0       3.9545203E-9
  7410.0       3.9470796E-9
  7415.0       3.9548738E-9
  7420.0       3.9729247E-9
  7425.0       4.0241486E-9
  7430.0       4.0472155E-9
  7435.0       4.0723123E-9
  7440.0       4.0855053E-9
  7445.0       4.0674E-9
  7450.0       4.0374375E-9
  7455.0       4.0236596E-9
  7460.0       4.0238213E-9
  7465.0       4.030027E-9
  7470.0       4.046206E-9
  7475.0       4.068658E-9
  7480.0       4.079701E-9
  7485.0       4.065386E-9
  7490.0       4.029709E-9
  7495.0       3.9858805E-9
  7500.0       3.942492E-9
  7505.0       3.9092005E-9
  7510.0       3.9078207E-9
  7515.0       3.9457495E-9
  7520.0       3.9846086E-9
  7525.0       3.9878816E-9
  7530.0       3.9733243E-9
  7535.0       3.9676076E-9
  7540.0       3.960713E-9
  7545.0       3.9425494E-9
  7550.0       3.931409E-9
  7555.0       3.943928E-9
  7560.0       3.9625396E-9
  7565.0       3.9739763E-9
  7570.0       3.9761128E-9
  7575.0       3.9775188E-9
  7580.0       3.9878265E-9
  7585.0       4.0056496E-9
  7590.0       4.01611E-9
  7595.0       4.002902E-9
  7600.0       3.9642236E-9
  7605.0       3.916872E-9
  7610.0       3.8852086E-9
  7615.0       3.8826955E-9
  7620.0       3.9009422E-9
  7625.0       3.9172976E-9
  7630.0       3.9137555E-9
  7635.0       3.889729E-9
  7640.0       3.8599923E-9
  7645.0       3.840901E-9
  7650.0       3.8373527E-9
  7655.0       3.8430628E-9
  7660.0       3.850936E-9
  7665.0       3.8613654E-9
  7670.0       3.8803254E-9
  7675.0       3.90927E-9
  7680.0       3.937182E-9
  7685.0       3.945298E-9
  7690.0       3.9222083E-9
  7695.0       3.8755754E-9
  7700.0       3.8304666E-9
  7705.0       3.814129E-9
  7710.0       3.8369707E-9
  7715.0       3.8849066E-9
  7720.0       3.9288435E-9
  7725.0       3.9428794E-9
  7730.0       3.922966E-9
  7735.0       3.897777E-9
  7740.0       3.857518E-9
  7745.0       3.8009302E-9
  7750.0       3.7776404E-9
  7755.0       3.8181467E-9
  7760.0       3.872588E-9
  7765.0       3.887759E-9
  7770.0       3.872322E-9
  7775.0       3.8578465E-9
  7780.0       3.858228E-9
  7785.0       3.8696575E-9
  7790.0       3.880664E-9
  7795.0       3.8762558E-9
  7800.0       3.842164E-9
  7805.0       3.7888803E-9
  7810.0       3.759497E-9
  7815.0       3.7824064E-9
  7820.0       3.834656E-9
  7825.0       3.8659334E-9
  7830.0       3.835657E-9
  7835.0       3.7498245E-9
  7840.0       3.6789287E-9
  7845.0       3.6861665E-9
  7850.0       3.7484056E-9
  7855.0       3.805132E-9
  7860.0       3.8332675E-9
  7865.0       3.8324846E-9
  7870.0       3.8006824E-9
  7875.0       3.754269E-9
  7880.0       3.7292054E-9
  7885.0       3.740683E-9
  7890.0       3.7656744E-9
  7895.0       3.773196E-9
  7900.0       3.7533323E-9
  7905.0       3.7218089E-9
  7910.0       3.7072707E-9
  7915.0       3.7233798E-9
  7920.0       3.7531867E-9
  7925.0       3.763636E-9
  7930.0       3.728333E-9
  7935.0       3.648825E-9
  7940.0       3.5606684E-9
  7945.0       3.507999E-9
  7950.0       3.5194307E-9
  7955.0       3.5876397E-9
  7960.0       3.6582903E-9
  7965.0       3.6828458E-9
  7970.0       3.6679737E-9
  7975.0       3.6475216E-9
  7980.0       3.6472372E-9
  7985.0       3.670297E-9
  7990.0       3.6876082E-9
  7995.0       3.6702703E-9
  8000.0       3.6350742E-9
  8005.0       3.6148304E-9
  8010.0       3.6137595E-9
  8015.0       3.6257306E-9
  8020.0       3.6424204E-9
  8025.0       3.655152E-9
  8030.0       3.6823533E-9
  8035.0       3.7299444E-9
  8040.0       3.743701E-9
  8045.0       3.6946242E-9
  8050.0       3.6534926E-9
  8055.0       3.6819254E-9
  8060.0       3.7309524E-9
  8065.0       3.7356607E-9
  8070.0       3.7112025E-9
  8075.0       3.6934664E-9
  8080.0       3.6784291E-9
  8085.0       3.6532377E-9
  8090.0       3.6253593E-9
  8095.0       3.607E-9
  8100.0       3.6036119E-9
  8105.0       3.6131658E-9
  8110.0       3.6196441E-9
  8115.0       3.6130767E-9
  8120.0       3.6144117E-9
  8125.0       3.6396812E-9
  8130.0       3.6618384E-9
  8135.0       3.6535222E-9
  8140.0       3.630479E-9
  8145.0       3.6174408E-9
  8150.0       3.616751E-9
  8155.0       3.6199341E-9
  8160.0       3.61133E-9
  8165.0       3.583503E-9
  8170.0       3.5638907E-9
  8175.0       3.5702514E-9
  8180.0       3.5605545E-9
  8185.0       3.5002432E-9
  8190.0       3.4212506E-9
  8195.0       3.3758814E-9
  8200.0       3.4094116E-9
  8205.0       3.523576E-9
  8210.0       3.6283896E-9
  8215.0       3.6442631E-9
  8220.0       3.5962755E-9
  8225.0       3.5427272E-9
  8230.0       3.517757E-9
  8235.0       3.5318557E-9
  8240.0       3.5713261E-9
  8245.0       3.612498E-9
  8250.0       3.6290195E-9
  8255.0       3.6127366E-9
  8260.0       3.5958532E-9
  8265.0       3.6057246E-9
  8270.0       3.6193666E-9
  8275.0       3.609702E-9
  8280.0       3.595473E-9
  8285.0       3.5986802E-9
  8290.0       3.6026426E-9
  8295.0       3.5879302E-9
  8300.0       3.5616987E-9
  8305.0       3.5405685E-9
  8310.0       3.5384207E-9
  8315.0       3.5516043E-9
  8320.0       3.5416148E-9
  8325.0       3.4859575E-9
  8330.0       3.4335805E-9
  8335.0       3.433768E-9
  8340.0       3.4625227E-9
  8345.0       3.4818712E-9
  8350.0       3.494599E-9
  8355.0       3.5100063E-9
  8360.0       3.5142442E-9
  8365.0       3.4986685E-9
  8370.0       3.4905412E-9
  8375.0       3.5070356E-9
  8380.0       3.503017E-9
  8385.0       3.4480068E-9
  8390.0       3.4089775E-9
  8395.0       3.44784E-9
  8400.0       3.5189627E-9
  8405.0       3.5551473E-9
  8410.0       3.545131E-9
  8415.0       3.5061012E-9
  8420.0       3.4656868E-9
  8425.0       3.4435148E-9
  8430.0       3.4271155E-9
  8435.0       3.407822E-9
  8440.0       3.4221797E-9
  8445.0       3.4928558E-9
  8450.0       3.5680912E-9
  8455.0       3.5952457E-9
  8460.0       3.5900747E-9
  8465.0       3.5867909E-9
  8470.0       3.58952E-9
  8475.0       3.5892138E-9
  8480.0       3.5822851E-9
  8485.0       3.5609395E-9
  8490.0       3.5063203E-9
  8495.0       3.4250933E-9
  8500.0       3.3803291E-9
  8505.0       3.415049E-9
  8510.0       3.4699512E-9
  8515.0       3.468892E-9
  8520.0       3.4241194E-9
  8525.0       3.375206E-9
  8530.0       3.320816E-9
  8535.0       3.2422236E-9
  8540.0       3.090409E-9
  8545.0       2.8766185E-9
  8550.0       2.8184475E-9
  8555.0       3.057332E-9
  8560.0       3.3646392E-9
  8565.0       3.4910907E-9
  8570.0       3.4755216E-9
  8575.0       3.4397714E-9
  8580.0       3.4163619E-9
  8585.0       3.3966545E-9
  8590.0       3.3804173E-9
  8595.0       3.3704508E-9
  8600.0       3.3572816E-9
  8605.0       3.3344367E-9
  8610.0       3.3150755E-9
  8615.0       3.3120087E-9
  8620.0       3.3244618E-9
  8625.0       3.3525098E-9
  8630.0       3.4026784E-9
  8635.0       3.466811E-9
  8640.0       3.505833E-9
  8645.0       3.4880634E-9
  8650.0       3.4318128E-9
  8655.0       3.3592589E-9
  8660.0       3.227358E-9
  8665.0       3.0370442E-9
  8670.0       2.974905E-9
  8675.0       3.162682E-9
  8680.0       3.4043328E-9
  8685.0       3.483887E-9
  8690.0       3.4296443E-9
  8695.0       3.3651009E-9
  8700.0       3.3982237E-9
  8705.0       3.439007E-9
  8710.0       3.4803886E-9
  8715.0       3.5015586E-9
  8720.0       3.492572E-9
  8725.0       3.4643244E-9
  8730.0       3.4364076E-9
  8735.0       3.4207406E-9
  8740.0       3.4136332E-9
  8745.0       3.399321E-9
  8750.0       3.3614405E-9
  8755.0       3.2957643E-9
  8760.0       3.2165803E-9
  8765.0       3.1509206E-9
  8770.0       3.1230478E-9
  8775.0       3.1389555E-9
  8780.0       3.1808267E-9
  8785.0       3.2171703E-9
  8790.0       3.2249508E-9
  8795.0       3.2070506E-9
  8800.0       3.189337E-9
  8805.0       3.20027E-9
  8810.0       3.2492824E-9
  8815.0       3.319877E-9
  8820.0       3.3831964E-9
  8825.0       3.4202916E-9
  8830.0       3.432788E-9
  8835.0       3.4345664E-9
  8840.0       3.4351821E-9
  8845.0       3.4298924E-9
  8850.0       3.4050247E-9
  8855.0       3.3538083E-9
  8860.0       3.2857752E-9
  8865.0       3.2222E-9
  8870.0       3.1824106E-9
  8875.0       3.171987E-9
  8880.0       3.182122E-9
  8885.0       3.1993561E-9
  8890.0       3.2158431E-9
  8895.0       3.232009E-9
  8900.0       3.2522245E-9
  8905.0       3.2781518E-9
  8910.0       3.3053218E-9
  8915.0       3.3255034E-9
  8920.0       3.331964E-9
  8925.0       3.3236296E-9
  8930.0       3.305875E-9
  8935.0       3.2879752E-9
  8940.0       3.2784149E-9
  8945.0       3.2805954E-9
  8950.0       3.2915894E-9
  8955.0       3.3047955E-9
  8960.0       3.3142398E-9
  8965.0       3.3181735E-9
  8970.0       3.319415E-9
  8975.0       3.3216478E-9
  8980.0       3.3258098E-9
  8985.0       3.3290135E-9
  8990.0       3.3262522E-9
  8995.0       3.3135246E-9
  9000.0       3.290536E-9
  9005.0       3.2609502E-9
  9010.0       3.2315142E-9
  9015.0       3.2105456E-9
  9020.0       3.2051992E-9
  9025.0       3.2179868E-9
  9030.0       3.2442191E-9
  9035.0       3.2734035E-9
  9040.0       3.2950036E-9
  9045.0       3.304609E-9
  9050.0       3.3057412E-9
  9055.0       3.3054492E-9
  9060.0       3.3064211E-9
  9065.0       3.3032226E-9
  9070.0       3.2866492E-9
  9075.0       3.2527796E-9
  9080.0       3.2083656E-9
  9085.0       3.1675502E-9
  9090.0       3.1419656E-9
  9095.0       3.1322296E-9
  9100.0       3.1344467E-9
  9105.0       3.1600953E-9
  9110.0       3.1589544E-9
  9115.0       3.1478027E-9
  9120.0       3.1328355E-9
  9125.0       3.1141576E-9
  9130.0       3.091792E-9
  9135.0       3.0670344E-9
  9140.0       3.0445395E-9
  9145.0       3.0312621E-9
  9150.0       3.0313534E-9
  9155.0       3.0440743E-9
  9160.0       3.0644816E-9
  9165.0       3.0865024E-9
  9170.0       3.106376E-9
  9175.0       3.1236687E-9
  9180.0       3.1390472E-9
  9185.0       3.1512906E-9
  9190.0       3.1571485E-9
  9195.0       3.1544307E-9
  9200.0       3.144999E-9
  9205.0       3.1351992E-9
  9210.0       3.132742E-9
  9215.0       3.1393088E-9
  9220.0       3.1479743E-9
  9225.0       3.1462488E-9
  9230.0       3.1218406E-9
  9235.0       3.071306E-9
  9240.0       3.002888E-9
  9245.0       2.9330336E-9
  9250.0       2.8799383E-9
  9255.0       2.85488E-9
  9260.0       2.8584313E-9
  9265.0       2.881732E-9
  9270.0       2.9109248E-9
  9275.0       2.9350276E-9
  9280.0       2.9502052E-9
  9285.0       2.9595228E-9
  9290.0       2.9697602E-9
  9295.0       2.984484E-9
  9300.0       3.0001994E-9
  9305.0       3.0081564E-9
  9310.0       2.9999094E-9
  9315.0       2.973685E-9
  9320.0       2.93656E-9
  9325.0       2.9002825E-9
  9330.0       2.8723706E-9
  9335.0       2.852666E-9
  9340.0       2.8339435E-9
  9345.0       2.8082066E-9
  9350.0       2.776619E-9
  9355.0       2.7465465E-9
  9360.0       2.7283464E-9
  9365.0       2.7314242E-9
  9370.0       2.7582936E-9
  9375.0       2.808809E-9
  9380.0       2.8808886E-9
  9385.0       2.9667806E-9
  9390.0       3.0494594E-9
  9395.0       3.1067913E-9
  9400.0       3.119232E-9
  9405.0       3.0793221E-9
  9410.0       3.00044E-9
  9415.0       2.904876E-9
  9420.0       2.8130869E-9
  9425.0       2.7378575E-9
  9430.0       2.6818847E-9
  9435.0       2.6462954E-9
  9440.0       2.633987E-9
  9445.0       2.6458145E-9
  9450.0       2.6745672E-9
  9455.0       2.7068503E-9
  9460.0       2.7293505E-9
  9465.0       2.7365183E-9
  9470.0       2.7351634E-9
  9475.0       2.735548E-9
  9480.0       2.742808E-9
  9485.0       2.7546088E-9
  9490.0       2.7647544E-9
  9495.0       2.772264E-9
  9500.0       2.784203E-9
  9505.0       2.8097853E-9
  9510.0       2.8509741E-9
  9515.0       2.898407E-9
  9520.0       2.9368517E-9
  9525.0       2.9553087E-9
  9530.0       2.9543796E-9
  9535.0       2.9434066E-9
  9540.0       2.9321028E-9
  9545.0       2.923098E-9
  9550.0       2.9114158E-9
  9555.0       2.8908365E-9
  9560.0       2.8602498E-9
  9565.0       2.8254914E-9
  9570.0       2.7954945E-9
  9575.0       2.7761498E-9
  9580.0       2.766925E-9
  9585.0       2.7628524E-9
  9590.0       2.7598603E-9
  9595.0       2.7586486E-9
  9600.0       2.7654075E-9
  9605.0       2.787549E-9
  9610.0       2.8262395E-9
  9615.0       2.8743077E-9
  9620.0       2.9175864E-9
  9625.0       2.9416432E-9
  9630.0       2.9425427E-9
  9635.0       2.9274467E-9
  9640.0       2.9107265E-9
  9645.0       2.905117E-9
  9650.0       2.910305E-9
  9655.0       2.916607E-9
  9660.0       2.911443E-9
  9665.0       2.887334E-9
  9670.0       2.8499803E-9
  9675.0       2.8101246E-9
  9680.0       2.7770897E-9
  9685.0       2.7557077E-9
  9690.0       2.7454394E-9
  9695.0       2.7471212E-9
  9700.0       2.76474E-9
  9705.0       2.8009461E-9
  9710.0       2.8513671E-9
  9715.0       2.9029612E-9
  9720.0       2.9382121E-9
  9725.0       2.944033E-9
  9730.0       2.9204537E-9
  9735.0       2.8784848E-9
  9740.0       2.8341012E-9
  9745.0       2.8002665E-9
  9750.0       2.779991E-9
  9755.0       2.76889E-9
  9760.0       2.7603237E-9
  9765.0       2.750535E-9
  9770.0       2.7421516E-9
  9775.0       2.7423508E-9
  9780.0       2.7584695E-9
  9785.0       2.7927076E-9
  9790.0       2.83862E-9
  9795.0       2.8826324E-9
  9800.0       2.909637E-9
  9805.0       2.9101057E-9
  9810.0       2.885157E-9
  9815.0       2.8462177E-9
  9820.0       2.8087848E-9
  9825.0       2.7847245E-9
  9830.0       2.7782125E-9
  9835.0       2.7846452E-9
  9840.0       2.79552E-9
  9845.0       2.8041658E-9
  9850.0       2.8067197E-9
  9855.0       2.8030618E-9
  9860.0       2.7946636E-9
  9865.0       2.7830134E-9
  9870.0       2.7715221E-9
  9875.0       2.7637514E-9
  9880.0       2.7630396E-9
  9885.0       2.771026E-9
  9890.0       2.7844125E-9
  9895.0       2.7979135E-9
  9900.0       2.8066174E-9
  9905.0       2.810228E-9
  9910.0       2.8070124E-9
  9915.0       2.8010103E-9
  9920.0       2.797181E-9
  9925.0       2.7986489E-9
  9930.0       2.803776E-9
  9935.0       2.809127E-9
  9940.0       2.8112652E-9
  9945.0       2.8086617E-9
  9950.0       2.8047706E-9
  9955.0       2.804951E-9
  9960.0       2.8144218E-9
  9965.0       2.835053E-9
  9970.0       2.8600176E-9
  9975.0       2.8791372E-9
  9980.0       2.8824185E-9
  9985.0       2.8650324E-9
  9990.0       2.835542E-9
  9995.0       2.8076788E-9
  10000.0      2.7950953E-9
  10005.0      2.8056115E-9
  10010.0      2.8318319E-9
  10015.0      2.8605445E-9
  10020.0      2.8783873E-9
  10025.0      2.8766831E-9
  10030.0      2.8588252E-9
  10035.0      2.8328588E-9
  10040.0      2.8071037E-9
  10045.0      2.7878138E-9
  10050.0      2.775955E-9
  10055.0      2.770442E-9
  10060.0      2.7699611E-9
  10065.0      2.773093E-9
  10070.0      2.7780795E-9
  10075.0      2.7830271E-9
  10080.0      2.7860911E-9
  10085.0      2.7857523E-9
  10090.0      2.7813973E-9
  10095.0      2.7727722E-9
  10100.0      2.759763E-9
  10105.0      2.743346E-9
  10110.0      2.7273312E-9
  10115.0      2.716631E-9
  10120.0      2.7159404E-9
  10125.0      2.7268556E-9
  10130.0      2.742878E-9
  10135.0      2.7543978E-9
  10140.0      2.751936E-9
  10145.0      2.7305673E-9
  10150.0      2.6971283E-9
  10155.0      2.663008E-9
  10160.0      2.6395954E-9
  10165.0      2.6339073E-9
  10170.0      2.6415428E-9
  10175.0      2.6537506E-9
  10180.0      2.6616507E-9
  10185.0      2.6596396E-9
  10190.0      2.6506175E-9
  10195.0      2.6407385E-9
  10200.0      2.6362161E-9
  10205.0      2.6403721E-9
  10210.0      2.6490115E-9
  10215.0      2.6550826E-9
  10220.0      2.6515496E-9
  10225.0      2.63474E-9
  10230.0      2.6095937E-9
  10235.0      2.5844091E-9
  10240.0      2.5674791E-9
  10245.0      2.5639715E-9
  10250.0      2.5708704E-9
  10255.0      2.5820261E-9
  10260.0      2.5912068E-9
  10265.0      2.5944715E-9
  10270.0      2.5938647E-9
  10275.0      2.5937181E-9
  10280.0      2.5983782E-9
  10285.0      2.6100224E-9
  10290.0      2.6252067E-9
  10295.0      2.6382994E-9
  10300.0      2.6437328E-9
  10305.0      2.638627E-9
  10310.0      2.627042E-9
  10315.0      2.6157303E-9
  10320.0      2.6114382E-9
  10325.0      2.6181346E-9
  10330.0      2.6326143E-9
  10335.0      2.6488944E-9
  10340.0      2.6609661E-9
  10345.0      2.6649967E-9
  10350.0      2.6629594E-9
  10355.0      2.6590308E-9
  10360.0      2.6574154E-9
  10365.0      2.6605662E-9
  10370.0      2.666314E-9
  10375.0      2.6706883E-9
  10380.0      2.6697997E-9
  10385.0      2.661908E-9
  10390.0      2.6509281E-9
  10395.0      2.6429758E-9
  10400.0      2.644034E-9
  10405.0      2.6569207E-9
  10410.0      2.6761235E-9
  10415.0      2.69298E-9
  10420.0      2.6988214E-9
  10425.0      2.6884783E-9
  10430.0      2.665844E-9
  10435.0      2.6383002E-9
  10440.0      2.6133575E-9
  10445.0      2.5964841E-9
  10450.0      2.5877587E-9
  10455.0      2.5852236E-9
  10460.0      2.5867353E-9
  10465.0      2.5906064E-9
  10470.0      2.5962723E-9
  10475.0      2.6036298E-9
  10480.0      2.6125344E-9
  10485.0      2.6223579E-9
  10490.0      2.6311116E-9
  10495.0      2.6362763E-9
  10500.0      2.6354237E-9
  10505.0      2.6273423E-9
  10510.0      2.614022E-9
  10515.0      2.5986573E-9
  10520.0      2.5845497E-9
  10525.0      2.574424E-9
  10530.0      2.569621E-9
  10535.0      2.5709532E-9
  10540.0      2.579042E-9
  10545.0      2.5933597E-9
  10550.0      2.610321E-9
  10555.0      2.625168E-9
  10560.0      2.6331826E-9
  10565.0      2.6310065E-9
  10570.0      2.6188762E-9
  10575.0      2.5984173E-9
  10580.0      2.5714917E-9
  10585.0      2.5411588E-9
  10590.0      2.5135405E-9
  10595.0      2.4959421E-9
  10600.0      2.4955107E-9
  10605.0      2.5165472E-9
  10610.0      2.5559521E-9
  10615.0      2.607795E-9
  10620.0      1.991874E-9
