# Extracted from file: pickles_101.fits
#SIMPLETrueFits standard
#BITPIX16Bits per pixel
#NAXIS0Number of axes
#EXTENDTrueFile may contain extensions
#DATE2007-01-11T20:44:27Date FITS file was generated
#IRAF-TLM15:44:43 (11/01/2007)Time of last modification
#COMMENT  FITS (Flexible Image Transport System) format is defined in 'Astronomy
#COMMENT  and Astrophysics', volume 376, page 359; bibcode: 2001A&A...376..359H
#ORIGINSTScI-STSDAS/TABLESTables version 2002-02-22
#FILENAMEpickles_101.fitsname of file
#NEXTEND1number of extensions in file
#COMMENT1spectral type: M6III
#COMMENT2metallicity: solar
#COMMENT3original filename: m6iii.dat
#HISTORY  File created by F.R.Boffi.
#HISTORY  SEDs from Pickles UVILIB Library (1998, PASP 110, 863).
#HISTORY  Wavelength is in Angstrom.
#HISTORY  Fluxes are tabulated in units of erg/s/cm^2/A
#HISTORY  and were calculated by normalizing the original fluxes
#HISTORY  in the Pickles V band to a 0 magnitude in vegamag.
#HISTORY  In the vegamag system, Vega has magnitude zero in all passbands.
#HISTORY  Please refer to the SYNPHOT manual for further information.
#
#
#
#
#
#
#
#
#
#
#
#
#
#  
#Columns WAVELENGTH FLUX
#Units  angstroms flam
1150.0  0.0
1155.0  0.0
1160.0  0.0
1165.0  0.0
1170.0  0.0
1175.0  0.0
1180.0  0.0
1185.0  0.0
1190.0  0.0
1195.0  0.0
1200.0  0.0
1205.0  0.0
1210.0  0.0
1215.0  0.0
1220.0  0.0
1225.0  0.0
1230.0  0.0
1235.0  0.0
1240.0  0.0
1245.0  0.0
1250.0  0.0
1255.0  0.0
1260.0  0.0
1265.0  0.0
1270.0  0.0
1275.0  0.0
1280.0  0.0
1285.0  0.0
1290.0  0.0
1295.0  0.0
1300.0  0.0
1305.0  0.0
1310.0  0.0
1315.0  0.0
1320.0  0.0
1325.0  0.0
1330.0  0.0
1335.0  0.0
1340.0  0.0
1345.0  0.0
1350.0  0.0
1355.0  0.0
1360.0  0.0
1365.0  0.0
1370.0  0.0
1375.0  0.0
1380.0  0.0
1385.0  0.0
1390.0  0.0
1395.0  0.0
1400.0  0.0
1405.0  0.0
1410.0  0.0
1415.0  0.0
1420.0  0.0
1425.0  0.0
1430.0  0.0
1435.0  0.0
1440.0  0.0
1445.0  0.0
1450.0  0.0
1455.0  0.0
1460.0  0.0
1465.0  0.0
1470.0  0.0
1475.0  0.0
1480.0  0.0
1485.0  0.0
1490.0  0.0
1495.0  0.0
1500.0  0.0
1505.0  0.0
1510.0  0.0
1515.0  0.0
1520.0  0.0
1525.0  0.0
1530.0  0.0
1535.0  0.0
1540.0  0.0
1545.0  0.0
1550.0  0.0
1555.0  0.0
1560.0  0.0
1565.0  0.0
1570.0  0.0
1575.0  0.0
1580.0  0.0
1585.0  0.0
1590.0  0.0
1595.0  0.0
1600.0  0.0
1605.0  0.0
1610.0  0.0
1615.0  0.0
1620.0  0.0
1625.0  0.0
1630.0  0.0
1635.0  0.0
1640.0  0.0
1645.0  0.0
1650.0  0.0
1655.0  0.0
1660.0  0.0
1665.0  0.0
1670.0  0.0
1675.0  0.0
1680.0  0.0
1685.0  0.0
1690.0  0.0
1695.0  0.0
1700.0  0.0
1705.0  0.0
1710.0  0.0
1715.0  0.0
1720.0  0.0
1725.0  0.0
1730.0  0.0
1735.0  0.0
1740.0  0.0
1745.0  0.0
1750.0  0.0
1755.0  0.0
1760.0  0.0
1765.0  0.0
1770.0  0.0
1775.0  0.0
1780.0  0.0
1785.0  0.0
1790.0  0.0
1795.0  0.0
1800.0  0.0
1805.0  0.0
1810.0  0.0
1815.0  0.0
1820.0  0.0
1825.0  0.0
1830.0  0.0
1835.0  0.0
1840.0  0.0
1845.0  0.0
1850.0  0.0
1855.0  0.0
1860.0  0.0
1865.0  0.0
1870.0  0.0
1875.0  0.0
1880.0  0.0
1885.0  0.0
1890.0  0.0
1895.0  0.0
1900.0  0.0
1905.0  0.0
1910.0  0.0
1915.0  0.0
1920.0  0.0
1925.0  0.0
1930.0  0.0
1935.0  0.0
1940.0  0.0
1945.0  0.0
1950.0  0.0
1955.0  0.0
1960.0  0.0
1965.0  0.0
1970.0  0.0
1975.0  0.0
1980.0  0.0
1985.0  0.0
1990.0  0.0
1995.0  0.0
2000.0  0.0
2005.0  0.0
2010.0  0.0
2015.0  0.0
2020.0  0.0
2025.0  0.0
2030.0  0.0
2035.0  0.0
2040.0  0.0
2045.0  0.0
2050.0  0.0
2055.0  0.0
2060.0  0.0
2065.0  0.0
2070.0  0.0
2075.0  0.0
2080.0  0.0
2085.0  0.0
2090.0  0.0
2095.0  0.0
2100.0  0.0
2105.0  0.0
2110.0  0.0
2115.0  0.0
2120.0  0.0
2125.0  0.0
2130.0  0.0
2135.0  0.0
2140.0  0.0
2145.0  0.0
2150.0  0.0
2155.0  0.0
2160.0  0.0
2165.0  0.0
2170.0  0.0
2175.0  0.0
2180.0  0.0
2185.0  0.0
2190.0  0.0
2195.0  0.0
2200.0  0.0
2205.0  0.0
2210.0  0.0
2215.0  0.0
2220.0  0.0
2225.0  0.0
2230.0  0.0
2235.0  0.0
2240.0  0.0
2245.0  0.0
2250.0  0.0
2255.0  0.0
2260.0  0.0
2265.0  0.0
2270.0  0.0
2275.0  0.0
2280.0  0.0
2285.0  0.0
2290.0  0.0
2295.0  0.0
2300.0  0.0
2305.0  0.0
2310.0  0.0
2315.0  0.0
2320.0  0.0
2325.0  0.0
2330.0  0.0
2335.0  0.0
2340.0  0.0
2345.0  0.0
2350.0  0.0
2355.0  0.0
2360.0  0.0
2365.0  0.0
2370.0  0.0
2375.0  0.0
2380.0  0.0
2385.0  0.0
2390.0  0.0
2395.0  0.0
2400.0  0.0
2405.0  0.0
2410.0  0.0
2415.0  0.0
2420.0  0.0
2425.0  0.0
2430.0  0.0
2435.0  0.0
2440.0  0.0
2445.0  0.0
2450.0  0.0
2455.0  0.0
2460.0  0.0
2465.0  0.0
2470.0  0.0
2475.0  0.0
2480.0  0.0
2485.0  0.0
2490.0  0.0
2495.0  0.0
2500.0  0.0
2505.0  0.0
2510.0  0.0
2515.0  0.0
2520.0  0.0
2525.0  0.0
2530.0  0.0
2535.0  0.0
2540.0  0.0
2545.0  0.0
2550.0  0.0
2555.0  0.0
2560.0  0.0
2565.0  0.0
2570.0  0.0
2575.0  0.0
2580.0  0.0
2585.0  0.0
2590.0  0.0
2595.0  0.0
2600.0  0.0
2605.0  0.0
2610.0  0.0
2615.0  0.0
2620.0  0.0
2625.0  0.0
2630.0  0.0
2635.0  0.0
2640.0  0.0
2645.0  0.0
2650.0  0.0
2655.0  0.0
2660.0  0.0
2665.0  0.0
2670.0  0.0
2675.0  0.0
2680.0  0.0
2685.0  0.0
2690.0  0.0
2695.0  0.0
2700.0  0.0
2705.0  0.0
2710.0  0.0
2715.0  0.0
2720.0  0.0
2725.0  0.0
2730.0  0.0
2735.0  0.0
2740.0  0.0
2745.0  0.0
2750.0  4.28443e-16
2755.0  3.42288e-15
2760.0  6.84421e-15
2765.0  1.02655e-14
2770.0  1.36869e-14
2775.0  1.66798e-14
2780.0  1.71066e-14
2785.0  1.66782e-14
2790.0  1.36838e-14
2795.0  9.40559e-15
2800.0  1.28071e-15
2805.0  0.0
2810.0  0.0
2815.0  0.0
2820.0  0.0
2825.0  0.0
2830.0  0.0
2835.0  0.0
2840.0  0.0
2845.0  0.0
2850.0  5.56941e-15
2855.0  4.53536e-14
2860.0  9.58197e-14
2865.0  1.46711e-13
2870.0  1.93323e-13
2875.0  2.27102e-13
2880.0  2.42916e-13
2885.0  2.3264e-13
2890.0  1.9328e-13
2895.0  1.14572e-13
2900.0  1.49425e-14
2905.0  0.0
2910.0  0.0
2915.0  0.0
2920.0  0.0
2925.0  0.0
2930.0  0.0
2935.0  0.0
2940.0  0.0
2945.0  0.0
2950.0  7.83956e-14
2955.0  6.46074e-13
2960.0  1.42577e-12
2965.0  2.33161e-12
2970.0  3.33024e-12
2975.0  4.39045e-12
2980.0  5.48186e-12
2985.0  6.57582e-12
2990.0  7.63898e-12
2995.0  8.6384e-12
3000.0  9.54843e-12
3005.0  1.03477e-11
3010.0  1.1049e-11
3015.0  1.16772e-11
3020.0  1.22516e-11
3025.0  1.2796e-11
3030.0  1.33391e-11
3035.0  1.39028e-11
3040.0  1.45088e-11
3045.0  1.5185e-11
3050.0  1.59506e-11
3055.0  1.68205e-11
3060.0  1.77789e-11
3065.0  1.88015e-11
3070.0  1.98591e-11
3075.0  2.09266e-11
3080.0  2.19769e-11
3085.0  2.29832e-11
3090.0  2.39206e-11
3095.0  2.47622e-11
3100.0  2.54823e-11
3105.0  2.60711e-11
3110.0  2.65561e-11
3115.0  2.69816e-11
3120.0  2.73875e-11
3125.0  2.78182e-11
3130.0  2.8322e-11
3135.0  2.89374e-11
3140.0  2.97125e-11
3145.0  3.06898e-11
3150.0  3.19108e-11
3155.0  4.08242e-11
3160.0  8.66835e-11
3165.0  9.39098e-11
3170.0  9.67404e-11
3175.0  1.01942e-10
3180.0  9.83556e-11
3185.0  7.98069e-11
3190.0  6.2721e-11
3195.0  6.54632e-11
3200.0  9.00545e-11
3205.0  9.23737e-11
3210.0  7.815e-11
3215.0  6.12961e-11
3220.0  6.03413e-11
3225.0  8.109e-11
3230.0  9.19374e-11
3235.0  6.83557e-11
3240.0  4.05529e-11
3245.0  4.13102e-11
3250.0  5.53075e-11
3255.0  5.87475e-11
3260.0  5.47584e-11
3265.0  5.31031e-11
3270.0  5.29042e-11
3275.0  5.21851e-11
3280.0  5.70587e-11
3285.0  7.04651e-11
3290.0  7.91409e-11
3295.0  7.2557e-11
3300.0  6.32176e-11
3305.0  6.46221e-11
3310.0  6.98912e-11
3315.0  7.01839e-11
3320.0  7.197e-11
3325.0  8.16548e-11
3330.0  8.9962e-11
3335.0  8.75137e-11
3340.0  8.05613e-11
3345.0  7.74959e-11
3350.0  7.64579e-11
3355.0  7.34306e-11
3360.0  6.94128e-11
3365.0  6.72662e-11
3370.0  6.93384e-11
3375.0  7.64062e-11
3380.0  8.58005e-11
3385.0  9.39443e-11
3390.0  9.83567e-11
3395.0  9.81812e-11
3400.0  9.56881e-11
3405.0  9.40402e-11
3410.0  9.55136e-11
3415.0  1.00057e-10
3420.0  1.02771e-10
3425.0  1.01058e-10
3430.0  1.02633e-10
3435.0  1.12538e-10
3440.0  1.19081e-10
3445.0  1.13409e-10
3450.0  1.10349e-10
3455.0  1.23284e-10
3460.0  1.3835e-10
3465.0  1.40284e-10
3470.0  1.3754e-10
3475.0  1.41276e-10
3480.0  1.45683e-10
3485.0  1.43179e-10
3490.0  1.3909e-10
3495.0  1.41669e-10
3500.0  1.52932e-10
3505.0  1.63839e-10
3510.0  1.44807e-10
3515.0  1.33134e-10
3520.0  1.2541e-10
3525.0  1.23616e-10
3530.0  1.51131e-10
3535.0  1.88457e-10
3540.0  2.15492e-10
3545.0  2.20931e-10
3550.0  2.09473e-10
3555.0  2.08591e-10
3560.0  2.01962e-10
3565.0  1.877e-10
3570.0  1.67347e-10
3575.0  1.49249e-10
3580.0  1.38626e-10
3585.0  1.46614e-10
3590.0  1.62407e-10
3595.0  1.79841e-10
3600.0  1.86894e-10
3605.0  1.82375e-10
3610.0  1.97388e-10
3615.0  2.26945e-10
3620.0  2.57528e-10
3625.0  2.74428e-10
3630.0  2.70835e-10
3635.0  2.64035e-10
3640.0  2.72704e-10
3645.0  2.67081e-10
3650.0  2.74516e-10
3655.0  3.01433e-10
3660.0  3.31286e-10
3665.0  3.47085e-10
3670.0  3.41413e-10
3675.0  3.42647e-10
3680.0  3.2407e-10
3685.0  3.01616e-10
3690.0  3.117e-10
3695.0  3.49501e-10
3700.0  4.33848e-10
3705.0  4.33116e-10
3710.0  4.18437e-10
3715.0  4.09728e-10
3720.0  3.89526e-10
3725.0  3.80634e-10
3730.0  3.61143e-10
3735.0  3.39256e-10
3740.0  3.43195e-10
3745.0  3.52991e-10
3750.0  3.86857e-10
3755.0  4.39248e-10
3760.0  4.69938e-10
3765.0  5.00161e-10
3770.0  5.48236e-10
3775.0  5.97799e-10
3780.0  6.17949e-10
3785.0  5.75426e-10
3790.0  5.14339e-10
3795.0  5.02521e-10
3800.0  5.25842e-10
3805.0  5.51698e-10
3810.0  5.31857e-10
3815.0  4.61292e-10
3820.0  3.95201e-10
3825.0  3.89201e-10
3830.0  4.28709e-10
3835.0  4.64568e-10
3840.0  4.86807e-10
3845.0  5.12653e-10
3850.0  5.13612e-10
3855.0  4.75614e-10
3860.0  4.56441e-10
3865.0  5.0349e-10
3870.0  5.52126e-10
3875.0  5.36247e-10
3880.0  5.22289e-10
3885.0  5.17322e-10
3890.0  5.36267e-10
3895.0  5.54438e-10
3900.0  5.64524e-10
3905.0  5.84106e-10
3910.0  5.93361e-10
3915.0  5.70751e-10
3920.0  5.07496e-10
3925.0  4.1934e-10
3930.0  3.3284e-10
3935.0  3.19442e-10
3940.0  3.91827e-10
3945.0  5.068e-10
3950.0  6.07656e-10
3955.0  6.02538e-10
3960.0  5.08612e-10
3965.0  4.2984e-10
3970.0  4.47026e-10
3975.0  5.79046e-10
3980.0  7.33167e-10
3985.0  8.50352e-10
3990.0  9.39516e-10
3995.0  1.03266e-09
4000.0  1.11737e-09
4005.0  1.15696e-09
4010.0  1.18434e-09
4015.0  1.21639e-09
4020.0  1.20565e-09
4025.0  1.18362e-09
4030.0  1.17202e-09
4035.0  1.22517e-09
4040.0  1.28314e-09
4045.0  1.28472e-09
4050.0  1.31518e-09
4055.0  1.32753e-09
4060.0  1.33255e-09
4065.0  1.35501e-09
4070.0  1.36653e-09
4075.0  1.34165e-09
4080.0  1.36469e-09
4085.0  1.47012e-09
4090.0  1.53468e-09
4095.0  1.49377e-09
4100.0  1.42041e-09
4105.0  1.40589e-09
4110.0  1.41329e-09
4115.0  1.42046e-09
4120.0  1.41672e-09
4125.0  1.40454e-09
4130.0  1.37279e-09
4135.0  1.37854e-09
4140.0  1.41555e-09
4145.0  1.47371e-09
4150.0  1.55754e-09
4155.0  1.66707e-09
4160.0  1.73528e-09
4165.0  1.67161e-09
4170.0  1.54183e-09
4175.0  1.48671e-09
4180.0  1.52909e-09
4185.0  1.56062e-09
4190.0  1.56596e-09
4195.0  1.53741e-09
4200.0  1.49734e-09
4205.0  1.49189e-09
4210.0  1.43625e-09
4215.0  1.25247e-09
4220.0  1.02263e-09
4225.0  8.40183e-10
4230.0  8.76189e-10
4235.0  1.11884e-09
4240.0  1.37441e-09
4245.0  1.47871e-09
4250.0  1.43862e-09
4255.0  1.39444e-09
4260.0  1.4171e-09
4265.0  1.43498e-09
4270.0  1.38504e-09
4275.0  1.34647e-09
4280.0  1.35741e-09
4285.0  1.34e-09
4290.0  1.31779e-09
4295.0  1.34219e-09
4300.0  1.34562e-09
4305.0  1.34512e-09
4310.0  1.36531e-09
4315.0  1.40667e-09
4320.0  1.4721e-09
4325.0  1.55934e-09
4330.0  1.66375e-09
4335.0  1.70169e-09
4340.0  1.64571e-09
4345.0  1.61347e-09
4350.0  1.57483e-09
4355.0  1.54122e-09
4360.0  1.55657e-09
4365.0  1.61058e-09
4370.0  1.6568e-09
4375.0  1.67957e-09
4380.0  1.68274e-09
4385.0  1.66385e-09
4390.0  1.64693e-09
4395.0  1.61261e-09
4400.0  1.58091e-09
4405.0  1.58343e-09
4410.0  1.66047e-09
4415.0  1.7111e-09
4420.0  1.63897e-09
4425.0  1.48044e-09
4430.0  1.37917e-09
4435.0  1.34817e-09
4440.0  1.40313e-09
4445.0  1.50921e-09
4450.0  1.57361e-09
4455.0  1.51418e-09
4460.0  1.36773e-09
4465.0  1.23975e-09
4470.0  1.2108e-09
4475.0  1.28141e-09
4480.0  1.39391e-09
4485.0  1.49693e-09
4490.0  1.5587e-09
4495.0  1.57973e-09
4500.0  1.55548e-09
4505.0  1.47654e-09
4510.0  1.42098e-09
4515.0  1.46016e-09
4520.0  1.51781e-09
4525.0  1.53497e-09
4530.0  1.54809e-09
4535.0  1.60076e-09
4540.0  1.64694e-09
4545.0  1.59906e-09
4550.0  1.53376e-09
4555.0  1.5947e-09
4560.0  1.75985e-09
4565.0  1.93091e-09
4570.0  2.05546e-09
4575.0  2.05613e-09
4580.0  1.85257e-09
4585.0  1.46868e-09
4590.0  1.17345e-09
4595.0  1.11082e-09
4600.0  1.20052e-09
4605.0  1.35837e-09
4610.0  1.58684e-09
4615.0  1.76192e-09
4620.0  1.7255e-09
4625.0  1.46558e-09
4630.0  1.19797e-09
4635.0  1.10225e-09
4640.0  1.10973e-09
4645.0  1.17943e-09
4650.0  1.29062e-09
4655.0  1.42895e-09
4660.0  1.53789e-09
4665.0  1.49577e-09
4670.0  1.34634e-09
4675.0  1.29126e-09
4680.0  1.34103e-09
4685.0  1.47034e-09
4690.0  1.64308e-09
4695.0  1.798e-09
4700.0  1.90089e-09
4705.0  1.92799e-09
4710.0  1.87913e-09
4715.0  1.81322e-09
4720.0  1.81068e-09
4725.0  1.8906e-09
4730.0  1.9732e-09
4735.0  2.01847e-09
4740.0  2.10058e-09
4745.0  2.31815e-09
4750.0  2.47825e-09
4755.0  2.31437e-09
4760.0  1.73356e-09
4765.0  1.16852e-09
4770.0  9.52405e-10
4775.0  9.88864e-10
4780.0  1.09331e-09
4785.0  1.21262e-09
4790.0  1.36142e-09
4795.0  1.49579e-09
4800.0  1.50118e-09
4805.0  1.28952e-09
4810.0  1.11605e-09
4815.0  1.1474e-09
4820.0  1.25503e-09
4825.0  1.33861e-09
4830.0  1.4369e-09
4835.0  1.56924e-09
4840.0  1.63409e-09
4845.0  1.57664e-09
4850.0  1.47294e-09
4855.0  1.4359e-09
4860.0  1.46132e-09
4865.0  1.54696e-09
4870.0  1.67949e-09
4875.0  1.81904e-09
4880.0  1.95512e-09
4885.0  2.08603e-09
4890.0  2.17959e-09
4895.0  2.26564e-09
4900.0  2.40845e-09
4905.0  2.61467e-09
4910.0  2.84223e-09
4915.0  3.02559e-09
4920.0  3.17871e-09
4925.0  3.43041e-09
4930.0  3.7334e-09
4935.0  3.96474e-09
4940.0  4.19858e-09
4945.0  4.36209e-09
4950.0  3.9775e-09
4955.0  2.6542e-09
4960.0  1.42659e-09
4965.0  1.00651e-09
4970.0  1.00723e-09
4975.0  1.08334e-09
4980.0  1.17503e-09
4985.0  1.3176e-09
4990.0  1.43568e-09
4995.0  1.43161e-09
5000.0  1.31719e-09
5005.0  1.22115e-09
5010.0  1.21899e-09
5015.0  1.27279e-09
5020.0  1.38315e-09
5025.0  1.54423e-09
5030.0  1.73791e-09
5035.0  1.91966e-09
5040.0  2.09704e-09
5045.0  2.2612e-09
5050.0  2.35145e-09
5055.0  2.4836e-09
5060.0  2.67343e-09
5065.0  2.84015e-09
5070.0  3.02376e-09
5075.0  3.1527e-09
5080.0  3.25529e-09
5085.0  3.43077e-09
5090.0  3.6138e-09
5095.0  3.73036e-09
5100.0  3.77831e-09
5105.0  3.84025e-09
5110.0  3.98259e-09
5115.0  4.31588e-09
5120.0  4.61305e-09
5125.0  4.74946e-09
5130.0  4.87376e-09
5135.0  4.89616e-09
5140.0  4.78663e-09
5145.0  4.73767e-09
5150.0  4.92909e-09
5155.0  5.34934e-09
5160.0  5.30852e-09
5165.0  3.94467e-09
5170.0  2.17961e-09
5175.0  1.36085e-09
5180.0  1.23962e-09
5185.0  1.35774e-09
5190.0  1.5661e-09
5195.0  1.77784e-09
5200.0  1.87961e-09
5205.0  1.84526e-09
5210.0  1.88095e-09
5215.0  2.05943e-09
5220.0  2.2805e-09
5225.0  2.50212e-09
5230.0  2.73144e-09
5235.0  2.82807e-09
5240.0  2.72938e-09
5245.0  2.61361e-09
5250.0  2.64786e-09
5255.0  2.8216e-09
5260.0  2.9068e-09
5265.0  2.83169e-09
5270.0  2.86022e-09
5275.0  3.06289e-09
5280.0  3.30127e-09
5285.0  3.55302e-09
5290.0  3.78197e-09
5295.0  3.9057e-09
5300.0  3.9652e-09
5305.0  3.93074e-09
5310.0  3.75627e-09
5315.0  3.68613e-09
5320.0  3.69562e-09
5325.0  3.65168e-09
5330.0  3.63586e-09
5335.0  3.72708e-09
5340.0  3.87792e-09
5345.0  4.09391e-09
5350.0  4.32218e-09
5355.0  4.30504e-09
5360.0  4.00706e-09
5365.0  3.79107e-09
5370.0  3.80397e-09
5375.0  4.01353e-09
5380.0  4.23812e-09
5385.0  4.30908e-09
5390.0  4.29812e-09
5395.0  4.34124e-09
5400.0  4.44804e-09
5405.0  4.38561e-09
5410.0  4.31314e-09
5415.0  4.47192e-09
5420.0  4.63303e-09
5425.0  4.63124e-09
5430.0  4.63069e-09
5435.0  4.83719e-09
5440.0  4.98064e-09
5445.0  4.34569e-09
5450.0  3.19884e-09
5455.0  2.51604e-09
5460.0  2.35372e-09
5465.0  2.40972e-09
5470.0  2.54744e-09
5475.0  2.71919e-09
5480.0  2.91649e-09
5485.0  3.09753e-09
5490.0  3.1578e-09
5495.0  3.0326e-09
5500.0  2.82649e-09
5505.0  2.78796e-09
5510.0  2.90506e-09
5515.0  3.09591e-09
5520.0  3.28345e-09
5525.0  3.3488e-09
5530.0  3.40204e-09
5535.0  3.53359e-09
5540.0  3.70533e-09
5545.0  3.80414e-09
5550.0  3.80742e-09
5555.0  3.7891e-09
5560.0  3.75383e-09
5565.0  3.66332e-09
5570.0  3.52259e-09
5575.0  3.46296e-09
5580.0  3.49387e-09
5585.0  3.50066e-09
5590.0  3.42969e-09
5595.0  3.19698e-09
5600.0  2.93869e-09
5605.0  2.83396e-09
5610.0  2.809e-09
5615.0  2.75523e-09
5620.0  2.67871e-09
5625.0  2.65671e-09
5630.0  2.65903e-09
5635.0  2.6873e-09
5640.0  2.73406e-09
5645.0  2.85246e-09
5650.0  3.03757e-09
5655.0  3.21967e-09
5660.0  3.26395e-09
5665.0  3.15189e-09
5670.0  3.06302e-09
5675.0  3.12843e-09
5680.0  3.2844e-09
5685.0  3.42276e-09
5690.0  3.516e-09
5695.0  3.62018e-09
5700.0  3.76136e-09
5705.0  3.92725e-09
5710.0  4.03689e-09
5715.0  3.98547e-09
5720.0  3.93149e-09
5725.0  3.99378e-09
5730.0  4.09632e-09
5735.0  4.13707e-09
5740.0  4.15578e-09
5745.0  4.30573e-09
5750.0  4.46389e-09
5755.0  4.4415e-09
5760.0  4.20425e-09
5765.0  4.01619e-09
5770.0  4.0166e-09
5775.0  4.1098e-09
5780.0  4.23836e-09
5785.0  4.42293e-09
5790.0  4.66532e-09
5795.0  4.93655e-09
5800.0  5.15146e-09
5805.0  5.17936e-09
5810.0  4.87086e-09
5815.0  4.43406e-09
5820.0  4.22916e-09
5825.0  4.25726e-09
5830.0  4.39763e-09
5835.0  4.42409e-09
5840.0  4.21011e-09
5845.0  3.81067e-09
5850.0  3.2367e-09
5855.0  2.88138e-09
5860.0  2.86817e-09
5865.0  2.86593e-09
5870.0  2.7714e-09
5875.0  2.60253e-09
5880.0  2.60789e-09
5885.0  2.50179e-09
5890.0  2.35777e-09
5895.0  2.31639e-09
5900.0  2.25345e-09
5905.0  2.26821e-09
5910.0  2.29777e-09
5915.0  2.39689e-09
5920.0  2.50505e-09
5925.0  2.56294e-09
5930.0  2.64168e-09
5935.0  2.76127e-09
5940.0  2.94463e-09
5945.0  3.0591e-09
5950.0  3.06468e-09
5955.0  3.00268e-09
5960.0  2.95585e-09
5965.0  3.06608e-09
5970.0  3.21864e-09
5975.0  3.29148e-09
5980.0  3.39685e-09
5985.0  3.5118e-09
5990.0  3.83472e-09
5995.0  3.96998e-09
6000.0  4.02109e-09
6005.0  3.94428e-09
6010.0  3.96112e-09
6015.0  4.16104e-09
6020.0  4.32786e-09
6025.0  4.21311e-09
6030.0  4.36578e-09
6035.0  4.47719e-09
6040.0  4.73579e-09
6045.0  4.89309e-09
6050.0  5.02807e-09
6055.0  5.13815e-09
6060.0  5.23298e-09
6065.0  5.17874e-09
6070.0  5.31363e-09
6075.0  5.33312e-09
6080.0  5.29375e-09
6085.0  5.24584e-09
6090.0  5.4101e-09
6095.0  5.54998e-09
6100.0  5.73306e-09
6105.0  5.89707e-09
6110.0  5.92092e-09
6115.0  5.90608e-09
6120.0  6.1242e-09
6125.0  6.40104e-09
6130.0  6.59457e-09
6135.0  6.62449e-09
6140.0  6.83372e-09
6145.0  6.60846e-09
6150.0  5.7323e-09
6155.0  4.71762e-09
6160.0  3.75148e-09
6165.0  3.13131e-09
6170.0  3.07907e-09
6175.0  3.08064e-09
6180.0  2.97996e-09
6185.0  2.86892e-09
6190.0  2.70228e-09
6195.0  2.71294e-09
6200.0  2.89118e-09
6205.0  3.02352e-09
6210.0  3.1765e-09
6215.0  3.07406e-09
6220.0  2.93105e-09
6225.0  2.72682e-09
6230.0  2.6725e-09
6235.0  2.85411e-09
6240.0  3.06501e-09
6245.0  3.12877e-09
6250.0  3.31266e-09
6255.0  3.44861e-09
6260.0  3.68826e-09
6265.0  3.91171e-09
6270.0  3.98792e-09
6275.0  3.97999e-09
6280.0  4.01881e-09
6285.0  4.25183e-09
6290.0  4.44464e-09
6295.0  4.44891e-09
6300.0  4.60456e-09
6305.0  4.89894e-09
6310.0  5.2095e-09
6315.0  5.46429e-09
6320.0  5.521e-09
6325.0  5.43558e-09
6330.0  5.58469e-09
6335.0  5.92155e-09
6340.0  6.23561e-09
6345.0  6.34021e-09
6350.0  6.18087e-09
6355.0  5.8292e-09
6360.0  5.69007e-09
6365.0  5.92025e-09
6370.0  6.42502e-09
6375.0  6.81242e-09
6380.0  6.90084e-09
6385.0  6.87885e-09
6390.0  6.95374e-09
6395.0  7.28966e-09
6400.0  7.71298e-09
6405.0  8.06246e-09
6410.0  8.08815e-09
6415.0  7.62689e-09
6420.0  7.11758e-09
6425.0  7.01095e-09
6430.0  7.26452e-09
6435.0  7.71403e-09
6440.0  8.15573e-09
6445.0  8.30778e-09
6450.0  8.24213e-09
6455.0  8.4335e-09
6460.0  8.81442e-09
6465.0  9.2712e-09
6470.0  9.47593e-09
6475.0  9.14535e-09
6480.0  8.4739e-09
6485.0  7.99858e-09
6490.0  7.96878e-09
6495.0  8.14057e-09
6500.0  8.49045e-09
6505.0  8.89151e-09
6510.0  9.08981e-09
6515.0  9.13818e-09
6520.0  9.34203e-09
6525.0  9.76121e-09
6530.0  1.01579e-08
6535.0  1.04679e-08
6540.0  1.0508e-08
6545.0  1.00233e-08
6550.0  9.40876e-09
6555.0  9.1772e-09
6560.0  8.95843e-09
6565.0  8.4652e-09
6570.0  8.20639e-09
6575.0  8.20795e-09
6580.0  8.30944e-09
6585.0  8.51754e-09
6590.0  8.5119e-09
6595.0  8.25242e-09
6600.0  8.10942e-09
6605.0  8.16022e-09
6610.0  8.21008e-09
6615.0  8.08175e-09
6620.0  7.85092e-09
6625.0  7.66301e-09
6630.0  7.52669e-09
6635.0  7.33967e-09
6640.0  7.20649e-09
6645.0  6.96839e-09
6650.0  6.31292e-09
6655.0  5.70402e-09
6660.0  5.66083e-09
6665.0  5.98282e-09
6670.0  6.21082e-09
6675.0  6.12492e-09
6680.0  5.64919e-09
6685.0  5.16379e-09
6690.0  5.17522e-09
6695.0  5.45827e-09
6700.0  5.685e-09
6705.0  5.9288e-09
6710.0  5.91244e-09
6715.0  5.24168e-09
6720.0  4.6833e-09
6725.0  4.71618e-09
6730.0  5.06327e-09
6735.0  5.40576e-09
6740.0  5.62894e-09
6745.0  5.71927e-09
6750.0  5.70802e-09
6755.0  5.82274e-09
6760.0  6.14162e-09
6765.0  6.52494e-09
6770.0  6.76023e-09
6775.0  7.00128e-09
6780.0  6.79775e-09
6785.0  6.291e-09
6790.0  6.1638e-09
6795.0  6.49444e-09
6800.0  6.8928e-09
6805.0  7.17016e-09
6810.0  7.36866e-09
6815.0  7.4331e-09
6820.0  7.55545e-09
6825.0  7.8351e-09
6830.0  8.17564e-09
6835.0  8.49251e-09
6840.0  8.83952e-09
6845.0  9.04225e-09
6850.0  9.19737e-09
6855.0  9.37863e-09
6860.0  9.6228e-09
6865.0  9.91736e-09
6870.0  1.02181e-08
6875.0  1.04954e-08
6880.0  1.07515e-08
6885.0  1.10289e-08
6890.0  1.13773e-08
6895.0  1.18126e-08
6900.0  1.22911e-08
6905.0  1.27286e-08
6910.0  1.30531e-08
6915.0  1.32525e-08
6920.0  1.33865e-08
6925.0  1.35558e-08
6930.0  1.38432e-08
6935.0  1.42527e-08
6940.0  1.47185e-08
6945.0  1.51713e-08
6950.0  1.55835e-08
6955.0  1.59871e-08
6960.0  1.64245e-08
6965.0  1.69274e-08
6970.0  1.74904e-08
6975.0  1.78907e-08
6980.0  1.83089e-08
6985.0  1.82878e-08
6990.0  1.78178e-08
6995.0  1.77811e-08
7000.0  1.82185e-08
7005.0  1.86593e-08
7010.0  1.91824e-08
7015.0  1.95104e-08
7020.0  1.96367e-08
7025.0  1.96651e-08
7030.0  1.97927e-08
7035.0  1.98064e-08
7040.0  1.96339e-08
7045.0  1.96438e-08
7050.0  1.81805e-08
7055.0  1.35452e-08
7060.0  9.29885e-09
7065.0  8.11859e-09
7070.0  8.4214e-09
7075.0  8.93783e-09
7080.0  9.25266e-09
7085.0  8.76053e-09
7090.0  7.33597e-09
7095.0  6.52975e-09
7100.0  6.58022e-09
7105.0  7.05767e-09
7110.0  7.63059e-09
7115.0  8.07188e-09
7120.0  8.17523e-09
7125.0  7.23801e-09
7130.0  5.9445e-09
7135.0  5.60856e-09
7140.0  5.72975e-09
7145.0  6.1054e-09
7150.0  6.57111e-09
7155.0  6.93602e-09
7160.0  7.08294e-09
7165.0  7.13784e-09
7170.0  7.32892e-09
7175.0  7.688e-09
7180.0  8.07918e-09
7185.0  8.35348e-09
7190.0  8.51865e-09
7195.0  8.41445e-09
7200.0  8.12831e-09
7205.0  8.0934e-09
7210.0  8.42538e-09
7215.0  9.00432e-09
7220.0  9.52517e-09
7225.0  9.95841e-09
7230.0  1.02707e-08
7235.0  1.04491e-08
7240.0  1.09295e-08
7245.0  1.15711e-08
7250.0  1.23836e-08
7255.0  1.30127e-08
7260.0  1.36432e-08
7265.0  1.40585e-08
7270.0  1.41778e-08
7275.0  1.41062e-08
7280.0  1.43976e-08
7285.0  1.50518e-08
7290.0  1.57378e-08
7295.0  1.65119e-08
7300.0  1.75649e-08
7305.0  1.84507e-08
7310.0  1.93983e-08
7315.0  2.0307e-08
7320.0  2.11366e-08
7325.0  2.2034e-08
7330.0  2.28618e-08
7335.0  2.36552e-08
7340.0  2.44907e-08
7345.0  2.43436e-08
7350.0  2.41939e-08
7355.0  2.446e-08
7360.0  2.52136e-08
7365.0  2.63728e-08
7370.0  2.76862e-08
7375.0  2.84747e-08
7380.0  2.90609e-08
7385.0  2.95369e-08
7390.0  2.98811e-08
7395.0  3.01909e-08
7400.0  3.05989e-08
7405.0  3.10632e-08
7410.0  3.1204e-08
7415.0  3.11179e-08
7420.0  3.07123e-08
7425.0  3.04303e-08
7430.0  3.08807e-08
7435.0  3.094e-08
7440.0  3.08801e-08
7445.0  3.11524e-08
7450.0  3.15291e-08
7455.0  3.16071e-08
7460.0  3.13994e-08
7465.0  3.16997e-08
7470.0  3.20345e-08
7475.0  3.22751e-08
7480.0  3.28391e-08
7485.0  3.32234e-08
7490.0  3.32395e-08
7495.0  3.30374e-08
7500.0  3.33656e-08
7505.0  3.37114e-08
7510.0  3.38919e-08
7515.0  3.4172e-08
7520.0  3.44666e-08
7525.0  3.46293e-08
7530.0  3.47346e-08
7535.0  3.4888e-08
7540.0  3.51669e-08
7545.0  3.56112e-08
7550.0  3.5737e-08
7555.0  3.53764e-08
7560.0  3.5038e-08
7565.0  3.47939e-08
7570.0  3.44508e-08
7575.0  3.37669e-08
7580.0  3.23748e-08
7585.0  3.03114e-08
7590.0  2.80712e-08
7595.0  2.62933e-08
7600.0  2.5365e-08
7605.0  2.5195e-08
7610.0  2.52617e-08
7615.0  2.49888e-08
7620.0  2.41321e-08
7625.0  2.28879e-08
7630.0  2.17016e-08
7635.0  2.0927e-08
7640.0  2.06106e-08
7645.0  2.05124e-08
7650.0  2.03022e-08
7655.0  1.97879e-08
7660.0  1.89899e-08
7665.0  1.80792e-08
7670.0  1.72651e-08
7675.0  1.66763e-08
7680.0  1.63336e-08
7685.0  1.61817e-08
7690.0  1.61197e-08
7695.0  1.60522e-08
7700.0  1.59305e-08
7705.0  1.57717e-08
7710.0  1.56573e-08
7715.0  1.56536e-08
7720.0  1.57511e-08
7725.0  1.60438e-08
7730.0  1.64748e-08
7735.0  1.69545e-08
7740.0  1.70371e-08
7745.0  1.62962e-08
7750.0  1.53686e-08
7755.0  1.51144e-08
7760.0  1.53702e-08
7765.0  1.59134e-08
7770.0  1.65369e-08
7775.0  1.7007e-08
7780.0  1.72155e-08
7785.0  1.70361e-08
7790.0  1.72368e-08
7795.0  1.7908e-08
7800.0  1.88341e-08
7805.0  1.98473e-08
7810.0  2.07089e-08
7815.0  2.13344e-08
7820.0  2.12706e-08
7825.0  2.04382e-08
7830.0  1.95414e-08
7835.0  1.93406e-08
7840.0  1.97181e-08
7845.0  2.01957e-08
7850.0  2.0668e-08
7855.0  2.11295e-08
7860.0  2.14455e-08
7865.0  2.12616e-08
7870.0  2.12368e-08
7875.0  2.18877e-08
7880.0  2.2822e-08
7885.0  2.36109e-08
7890.0  2.40875e-08
7895.0  2.38634e-08
7900.0  2.3206e-08
7905.0  2.28854e-08
7910.0  2.25964e-08
7915.0  2.24915e-08
7920.0  2.28359e-08
7925.0  2.35538e-08
7930.0  2.44778e-08
7935.0  2.5097e-08
7940.0  2.52172e-08
7945.0  2.52658e-08
7950.0  2.57107e-08
7955.0  2.62973e-08
7960.0  2.66756e-08
7965.0  2.71413e-08
7970.0  2.77856e-08
7975.0  2.79333e-08
7980.0  2.7609e-08
7985.0  2.74315e-08
7990.0  2.74213e-08
7995.0  2.77869e-08
8000.0  2.84294e-08
8005.0  2.93544e-08
8010.0  3.04492e-08
8015.0  3.13543e-08
8020.0  3.18266e-08
8025.0  3.20205e-08
8030.0  3.26161e-08
8035.0  3.38591e-08
8040.0  3.48002e-08
8045.0  3.51336e-08
8050.0  3.56686e-08
8055.0  3.67703e-08
8060.0  3.76782e-08
8065.0  3.79878e-08
8070.0  3.80197e-08
8075.0  3.85048e-08
8080.0  3.94302e-08
8085.0  4.02452e-08
8090.0  4.07133e-08
8095.0  4.09681e-08
8100.0  4.22028e-08
8105.0  4.30901e-08
8110.0  4.39088e-08
8115.0  4.43934e-08
8120.0  4.51747e-08
8125.0  4.65499e-08
8130.0  4.76602e-08
8135.0  4.80369e-08
8140.0  4.83392e-08
8145.0  4.84566e-08
8150.0  4.88485e-08
8155.0  4.93858e-08
8160.0  4.94048e-08
8165.0  4.92423e-08
8170.0  4.95784e-08
8175.0  5.0236e-08
8180.0  5.05731e-08
8185.0  5.02341e-08
8190.0  4.95618e-08
8195.0  4.80755e-08
8200.0  4.53349e-08
8205.0  4.24117e-08
8210.0  4.05785e-08
8215.0  4.02855e-08
8220.0  4.08894e-08
8225.0  4.14048e-08
8230.0  4.17593e-08
8235.0  4.27765e-08
8240.0  4.4023e-08
8245.0  4.47276e-08
8250.0  4.47543e-08
8255.0  4.34943e-08
8260.0  4.29669e-08
8265.0  4.34193e-08
8270.0  4.32743e-08
8275.0  4.16625e-08
8280.0  3.99372e-08
8285.0  3.88914e-08
8290.0  3.8312e-08
8295.0  3.7928e-08
8300.0  3.74459e-08
8305.0  3.66243e-08
8310.0  3.6415e-08
8315.0  3.71979e-08
8320.0  3.82596e-08
8325.0  3.90119e-08
8330.0  3.91167e-08
8335.0  3.84634e-08
8340.0  3.76924e-08
8345.0  3.75002e-08
8350.0  3.74561e-08
8355.0  3.77695e-08
8360.0  3.82483e-08
8365.0  3.84193e-08
8370.0  3.84292e-08
8375.0  3.799e-08
8380.0  3.72991e-08
8385.0  3.67157e-08
8390.0  3.64233e-08
8395.0  3.70058e-08
8400.0  3.78176e-08
8405.0  3.8435e-08
8410.0  3.89142e-08
8415.0  3.88061e-08
8420.0  3.81152e-08
8425.0  3.68649e-08
8430.0  3.51489e-08
8435.0  3.2237e-08
8440.0  2.97872e-08
8445.0  2.79879e-08
8450.0  2.63185e-08
8455.0  2.50601e-08
8460.0  2.44699e-08
8465.0  2.43843e-08
8470.0  2.45819e-08
8475.0  2.52263e-08
8480.0  2.60472e-08
8485.0  2.69099e-08
8490.0  2.75079e-08
8495.0  2.73143e-08
8500.0  2.70981e-08
8505.0  2.73916e-08
8510.0  2.73764e-08
8515.0  2.71651e-08
8520.0  2.70509e-08
8525.0  2.735e-08
8530.0  2.75897e-08
8535.0  2.75955e-08
8540.0  2.73164e-08
8545.0  2.76302e-08
8550.0  2.89338e-08
8555.0  3.02981e-08
8560.0  3.12739e-08
8565.0  3.17777e-08
8570.0  3.19535e-08
8575.0  3.21246e-08
8580.0  3.24518e-08
8585.0  3.27848e-08
8590.0  3.32385e-08
8595.0  3.36226e-08
8600.0  3.42539e-08
8605.0  3.50262e-08
8610.0  3.59371e-08
8615.0  3.68837e-08
8620.0  3.77856e-08
8625.0  3.84379e-08
8630.0  3.90049e-08
8635.0  3.96227e-08
8640.0  3.98626e-08
8645.0  3.98007e-08
8650.0  3.95359e-08
8655.0  3.9116e-08
8660.0  3.8136e-08
8665.0  3.77285e-08
8670.0  3.84643e-08
8675.0  3.9572e-08
8680.0  4.07413e-08
8685.0  4.12342e-08
8690.0  4.1817e-08
8695.0  4.31695e-08
8700.0  4.32466e-08
8705.0  4.32755e-08
8710.0  4.38964e-08
8715.0  4.4349e-08
8720.0  4.48639e-08
8725.0  4.51483e-08
8730.0  4.5116e-08
8735.0  4.50212e-08
8740.0  4.53412e-08
8745.0  4.58936e-08
8750.0  4.61713e-08
8755.0  4.63035e-08
8760.0  4.61151e-08
8765.0  4.58398e-08
8770.0  4.61087e-08
8775.0  4.68276e-08
8780.0  4.77579e-08
8785.0  4.92697e-08
8790.0  4.97986e-08
8795.0  4.98034e-08
8800.0  4.9873e-08
8805.0  5.02223e-08
8810.0  5.08064e-08
8815.0  5.17457e-08
8820.0  5.20343e-08
8825.0  5.19802e-08
8830.0  5.25026e-08
8835.0  5.31262e-08
8840.0  5.35028e-08
8845.0  5.37054e-08
8850.0  5.28753e-08
8855.0  5.05436e-08
8860.0  4.60177e-08
8865.0  4.11193e-08
8870.0  3.82179e-08
8875.0  3.65567e-08
8880.0  3.65048e-08
8885.0  3.73528e-08
8890.0  3.83138e-08
8895.0  3.92998e-08
8900.0  4.01001e-08
8905.0  4.12274e-08
8910.0  4.22081e-08
8915.0  4.3128e-08
8920.0  4.39322e-08
8925.0  4.46111e-08
8930.0  4.48784e-08
8935.0  4.4472e-08
8940.0  4.34964e-08
8945.0  4.30408e-08
8950.0  4.27422e-08
8955.0  4.30776e-08
8960.0  4.39192e-08
8965.0  4.44575e-08
8970.0  4.5069e-08
8975.0  4.56626e-08
8980.0  4.64171e-08
8985.0  4.69217e-08
8990.0  4.70472e-08
8995.0  4.77738e-08
9000.0  4.85443e-08
9005.0  4.87572e-08
9010.0  4.89734e-08
9015.0  4.88753e-08
9020.0  4.84991e-08
9025.0  4.86543e-08
9030.0  4.92991e-08
9035.0  5.05077e-08
9040.0  5.13769e-08
9045.0  5.21605e-08
9050.0  5.28237e-08
9055.0  5.33435e-08
9060.0  5.37254e-08
9065.0  5.37646e-08
9070.0  5.3412e-08
9075.0  5.30777e-08
9080.0  5.30475e-08
9085.0  5.25099e-08
9090.0  5.21865e-08
9095.0  5.2977e-08
9100.0  5.35755e-08
9105.0  5.38333e-08
9110.0  5.39464e-08
9115.0  5.42697e-08
9120.0  5.42715e-08
9125.0  5.49228e-08
9130.0  5.49862e-08
9135.0  5.46531e-08
9140.0  5.46829e-08
9145.0  5.50533e-08
9150.0  5.51461e-08
9155.0  5.49371e-08
9160.0  5.52852e-08
9165.0  5.58602e-08
9170.0  5.58719e-08
9175.0  5.57401e-08
9180.0  5.63474e-08
9185.0  5.69405e-08
9190.0  5.69214e-08
9195.0  5.63659e-08
9200.0  5.57205e-08
9205.0  5.51282e-08
9210.0  5.41928e-08
9215.0  5.35146e-08
9220.0  5.29487e-08
9225.0  5.24476e-08
9230.0  5.14428e-08
9235.0  5.03166e-08
9240.0  4.96173e-08
9245.0  4.9098e-08
9250.0  4.88977e-08
9255.0  4.9227e-08
9260.0  4.97181e-08
9265.0  5.03506e-08
9270.0  5.08592e-08
9275.0  5.03703e-08
9280.0  4.94312e-08
9285.0  4.91067e-08
9290.0  4.88045e-08
9295.0  4.85435e-08
9300.0  4.80849e-08
9305.0  4.79481e-08
9310.0  4.78238e-08
9315.0  4.69653e-08
9320.0  4.51764e-08
9325.0  4.50249e-08
9330.0  4.51159e-08
9335.0  4.50164e-08
9340.0  4.46669e-08
9345.0  4.37841e-08
9350.0  4.35086e-08
9355.0  4.27195e-08
9360.0  4.18653e-08
9365.0  4.2921e-08
9370.0  4.28132e-08
9375.0  4.3618e-08
9380.0  4.46202e-08
9385.0  4.56151e-08
9390.0  4.72957e-08
9395.0  4.92246e-08
9400.0  4.97981e-08
9405.0  4.97315e-08
9410.0  4.94003e-08
9415.0  4.8787e-08
9420.0  4.79273e-08
9425.0  4.67039e-08
9430.0  4.53666e-08
9435.0  4.54662e-08
9440.0  4.46898e-08
9445.0  4.45075e-08
9450.0  4.6241e-08
9455.0  4.69109e-08
9460.0  4.6694e-08
9465.0  4.75704e-08
9470.0  4.88028e-08
9475.0  4.89222e-08
9480.0  4.88116e-08
9485.0  4.92112e-08
9490.0  5.04163e-08
9495.0  4.99444e-08
9500.0  4.90639e-08
9505.0  5.03443e-08
9510.0  5.25825e-08
9515.0  5.34337e-08
9520.0  5.33081e-08
9525.0  5.37691e-08
9530.0  5.48764e-08
9535.0  5.54938e-08
9540.0  5.5272e-08
9545.0  5.45604e-08
9550.0  5.46748e-08
9555.0  5.44804e-08
9560.0  5.42434e-08
9565.0  5.3573e-08
9570.0  5.29965e-08
9575.0  5.35221e-08
9580.0  5.33338e-08
9585.0  5.33116e-08
9590.0  5.29348e-08
9595.0  5.30473e-08
9600.0  5.40725e-08
9605.0  5.50951e-08
9610.0  5.60912e-08
9615.0  5.70183e-08
9620.0  5.76111e-08
9625.0  5.79603e-08
9630.0  5.79455e-08
9635.0  5.71714e-08
9640.0  5.5728e-08
9645.0  5.54297e-08
9650.0  5.52261e-08
9655.0  5.51715e-08
9660.0  5.49581e-08
9665.0  5.44176e-08
9670.0  5.41839e-08
9675.0  5.43787e-08
9680.0  5.48664e-08
9685.0  5.52837e-08
9690.0  5.54075e-08
9695.0  5.5824e-08
9700.0  5.63274e-08
9705.0  5.61139e-08
9710.0  5.6886e-08
9715.0  5.6759e-08
9720.0  5.65452e-08
9725.0  5.66836e-08
9730.0  5.59125e-08
9735.0  5.46781e-08
9740.0  5.38935e-08
9745.0  5.34551e-08
9750.0  5.33129e-08
9755.0  5.32542e-08
9760.0  5.37215e-08
9765.0  5.39692e-08
9770.0  5.40048e-08
9775.0  5.40213e-08
9780.0  5.40979e-08
9785.0  5.41637e-08
9790.0  5.50668e-08
9795.0  5.66575e-08
9800.0  5.77874e-08
9805.0  5.73796e-08
9810.0  5.69294e-08
9815.0  5.64163e-08
9820.0  5.58452e-08
9825.0  5.53971e-08
9830.0  5.51034e-08
9835.0  5.51002e-08
9840.0  5.55952e-08
9845.0  5.59502e-08
9850.0  5.62622e-08
9855.0  5.66292e-08
9860.0  5.65822e-08
9865.0  5.72097e-08
9870.0  5.69091e-08
9875.0  5.67982e-08
9880.0  5.75977e-08
9885.0  5.83377e-08
9890.0  5.84804e-08
9895.0  5.72989e-08
9900.0  5.61912e-08
9905.0  5.57202e-08
9910.0  5.56427e-08
9915.0  5.55787e-08
9920.0  5.5989e-08
9925.0  5.62303e-08
9930.0  5.68057e-08
9935.0  5.72599e-08
9940.0  5.75539e-08
9945.0  5.7488e-08
9950.0  5.7393e-08
9955.0  5.75565e-08
9960.0  5.77346e-08
9965.0  5.78731e-08
9970.0  5.79658e-08
9975.0  5.80071e-08
9980.0  5.79922e-08
9985.0  5.79263e-08
9990.0  5.784e-08
9995.0  5.77742e-08
10000.0  5.77682e-08
10005.0  5.78371e-08
10010.0  5.79316e-08
10015.0  5.79787e-08
10020.0  5.79058e-08
10025.0  5.76757e-08
10030.0  5.73415e-08
10035.0  5.69917e-08
10040.0  5.67155e-08
10045.0  5.65772e-08
10050.0  5.65761e-08
10055.0  5.66865e-08
10060.0  5.68802e-08
10065.0  5.71274e-08
10070.0  5.73944e-08
10075.0  5.76464e-08
10080.0  5.78495e-08
10085.0  5.79844e-08
10090.0  5.80694e-08
10095.0  5.81374e-08
10100.0  5.8221e-08
10105.0  5.83369e-08
10110.0  5.84603e-08
10115.0  5.85508e-08
10120.0  5.85679e-08
10125.0  5.84911e-08
10130.0  5.83511e-08
10135.0  5.81983e-08
10140.0  5.8083e-08
10145.0  5.80342e-08
10150.0  5.80256e-08
10155.0  5.80103e-08
10160.0  5.7941e-08
10165.0  5.77966e-08
10170.0  5.76211e-08
10175.0  5.74844e-08
10180.0  5.74559e-08
10185.0  5.75756e-08
10190.0  5.78072e-08
10195.0  5.80844e-08
10200.0  5.83408e-08
10205.0  5.85282e-08
10210.0  5.86486e-08
10215.0  5.87222e-08
10220.0  5.8771e-08
10225.0  5.88114e-08
10230.0  5.88447e-08
10235.0  5.8867e-08
10240.0  5.88739e-08
10245.0  5.88633e-08
10250.0  5.88403e-08
10255.0  5.88122e-08
10260.0  5.87862e-08
10265.0  5.87658e-08
10270.0  5.87455e-08
10275.0  5.87157e-08
10280.0  5.86678e-08
10285.0  5.85982e-08
10290.0  5.85201e-08
10295.0  5.84522e-08
10300.0  5.84128e-08
10305.0  5.84098e-08
10310.0  5.84231e-08
10315.0  5.84229e-08
10320.0  5.83793e-08
10325.0  5.82792e-08
10330.0  5.8153e-08
10335.0  5.80481e-08
10340.0  5.80109e-08
10345.0  5.80658e-08
10350.0  5.81806e-08
10355.0  5.83005e-08
10360.0  5.83711e-08
10365.0  5.83578e-08
10370.0  5.828e-08
10375.0  5.81772e-08
10380.0  5.80898e-08
10385.0  5.80474e-08
10390.0  5.80505e-08
10395.0  5.80889e-08
10400.0  5.8151e-08
10405.0  5.82285e-08
10410.0  5.83186e-08
10415.0  5.84214e-08
10420.0  5.85368e-08
10425.0  5.86587e-08
10430.0  5.87673e-08
10435.0  5.88371e-08
10440.0  5.88432e-08
10445.0  5.87734e-08
10450.0  5.8649e-08
10455.0  5.85034e-08
10460.0  5.83704e-08
10465.0  5.82707e-08
10470.0  5.8191e-08
10475.0  5.81048e-08
10480.0  5.79859e-08
10485.0  5.78203e-08
10490.0  5.7627e-08
10495.0  5.7437e-08
10500.0  5.72821e-08
10505.0  5.71853e-08
10510.0  5.71475e-08
10515.0  5.71614e-08
10520.0  5.72186e-08
10525.0  5.73103e-08
10530.0  5.74272e-08
10535.0  5.75594e-08
10540.0  5.76972e-08
10545.0  5.78254e-08
10550.0  5.79168e-08
10555.0  5.79395e-08
10560.0  5.7863e-08
10565.0  5.76737e-08
10570.0  5.7404e-08
10575.0  5.71028e-08
10580.0  5.68204e-08
10585.0  5.65961e-08
10590.0  5.64422e-08
10595.0  5.63604e-08
10600.0  5.63507e-08
10605.0  5.64097e-08
10610.0  5.65232e-08
10615.0  5.66734e-08
10620.0  4.26066e-08
