# Extracted from file: pickles_108.fits
#SIMPLETrueFits standard
#BITPIX16Bits per pixel
#NAXIS0Number of axes
#EXTENDTrueFile may contain extensions
#DATE2007-01-11T20:44:28Date FITS file was generated
#IRAF-TLM15:44:44 (11/01/2007)Time of last modification
#COMMENT  FITS (Flexible Image Transport System) format is defined in 'Astronomy
#COMMENT  and Astrophysics', volume 376, page 359; bibcode: 2001A&A...376..359H
#ORIGINSTScI-STSDAS/TABLESTables version 2002-02-22
#FILENAMEpickles_108.fitsname of file
#NEXTEND1number of extensions in file
#COMMENT1spectral type: F0II
#COMMENT2metallicity: solar
#COMMENT3original filename: f0ii.dat
#HISTORY  File created by F.R.Boffi.
#HISTORY  SEDs from Pickles UVILIB Library (1998, PASP 110, 863).
#HISTORY  Wavelength is in Angstrom.
#HISTORY  Fluxes are tabulated in units of erg/s/cm^2/A
#HISTORY  and were calculated by normalizing the original fluxes
#HISTORY  in the Pickles V band to a 0 magnitude in vegamag.
#HISTORY  In the vegamag system, Vega has magnitude zero in all passbands.
#HISTORY  Please refer to the SYNPHOT manual for further information.
#
#
#
#
#
#
#
#
#
#
#
#
#
#  
#Columns WAVELENGTH FLUX
#Units  angstroms flam
1150.0  0.0
1155.0  0.0
1160.0  0.0
1165.0  0.0
1170.0  0.0
1175.0  0.0
1180.0  0.0
1185.0  0.0
1190.0  0.0
1195.0  0.0
1200.0  0.0
1205.0  0.0
1210.0  0.0
1215.0  0.0
1220.0  4.38605e-16
1225.0  3.05948e-15
1230.0  3.49451e-15
1235.0  3.05593e-15
1240.0  4.35053e-16
1245.0  0.0
1250.0  0.0
1255.0  0.0
1260.0  0.0
1265.0  0.0
1270.0  0.0
1275.0  0.0
1280.0  0.0
1285.0  0.0
1290.0  0.0
1295.0  0.0
1300.0  4.38494e-16
1305.0  3.93635e-15
1310.0  1.00517e-14
1315.0  1.39814e-14
1320.0  1.74759e-14
1325.0  2.09704e-14
1330.0  2.3588e-14
1335.0  2.09638e-14
1340.0  1.70309e-14
1345.0  1.00386e-14
1350.0  1.30559e-15
1355.0  0.0
1360.0  0.0
1365.0  0.0
1370.0  0.0
1375.0  0.0
1380.0  0.0
1385.0  0.0
1390.0  0.0
1395.0  0.0
1400.0  7.01399e-15
1405.0  5.72771e-14
1410.0  1.22805e-13
1415.0  1.90945e-13
1420.0  2.49904e-13
1425.0  2.94005e-13
1430.0  3.14074e-13
1435.0  3.02248e-13
1440.0  2.49356e-13
1445.0  1.49717e-13
1450.0  1.95889e-14
1455.0  0.0
1460.0  0.0
1465.0  0.0
1470.0  0.0
1475.0  0.0
1480.0  0.0
1485.0  0.0
1490.0  0.0
1495.0  0.0
1500.0  1.01679e-13
1505.0  8.38572e-13
1510.0  1.86176e-12
1515.0  3.06794e-12
1520.0  4.43047e-12
1525.0  5.91966e-12
1530.0  7.50973e-12
1535.0  9.17229e-12
1540.0  1.0875e-11
1545.0  1.25939e-11
1550.0  1.42996e-11
1555.0  1.59691e-11
1560.0  1.75935e-11
1565.0  1.91691e-11
1570.0  2.06927e-11
1575.0  2.21633e-11
1580.0  2.35777e-11
1585.0  2.493e-11
1590.0  2.6219e-11
1595.0  2.74421e-11
1600.0  2.85995e-11
1605.0  2.97086e-11
1610.0  3.08536e-11
1615.0  3.21353e-11
1620.0  3.36587e-11
1625.0  3.55308e-11
1630.0  3.78541e-11
1635.0  4.07332e-11
1640.0  4.42732e-11
1645.0  4.85812e-11
1650.0  5.37569e-11
1655.0  5.98694e-11
1660.0  6.69015e-11
1665.0  7.48046e-11
1670.0  8.35309e-11
1675.0  9.3027e-11
1680.0  1.03242e-10
1685.0  1.14122e-10
1690.0  1.25616e-10
1695.0  1.37673e-10
1700.0  1.50239e-10
1705.0  1.63257e-10
1710.0  1.76643e-10
1715.0  1.90303e-10
1720.0  2.04151e-10
1725.0  2.18092e-10
1730.0  2.32035e-10
1735.0  2.45889e-10
1740.0  2.59559e-10
1745.0  2.72959e-10
1750.0  2.85996e-10
1755.0  2.98577e-10
1760.0  3.10603e-10
1765.0  3.2198e-10
1770.0  3.32611e-10
1775.0  3.42396e-10
1780.0  3.5124e-10
1785.0  3.59046e-10
1790.0  3.65715e-10
1795.0  3.7115e-10
1800.0  3.75265e-10
1805.0  3.78043e-10
1810.0  3.79666e-10
1815.0  3.80393e-10
1820.0  3.8049e-10
1825.0  3.80225e-10
1830.0  3.79861e-10
1835.0  3.79663e-10
1840.0  3.799e-10
1845.0  3.80838e-10
1850.0  3.82733e-10
1855.0  3.8576e-10
1860.0  3.89878e-10
1865.0  3.94971e-10
1870.0  4.00904e-10
1875.0  4.07551e-10
1880.0  4.1478e-10
1885.0  4.22466e-10
1890.0  4.30473e-10
1895.0  4.38676e-10
1900.0  4.46944e-10
1905.0  4.5517e-10
1910.0  4.63284e-10
1915.0  4.71239e-10
1920.0  4.78984e-10
1925.0  4.86473e-10
1930.0  4.93659e-10
1935.0  5.00491e-10
1940.0  5.06922e-10
1945.0  5.12904e-10
1950.0  5.18394e-10
1955.0  5.23372e-10
1960.0  5.27897e-10
1965.0  5.32045e-10
1970.0  5.35906e-10
1975.0  5.39568e-10
1980.0  5.43113e-10
1985.0  5.46624e-10
1990.0  5.5019e-10
1995.0  5.53897e-10
2000.0  5.57826e-10
2005.0  5.62036e-10
2010.0  5.66518e-10
2015.0  5.71238e-10
2020.0  5.7616e-10
2025.0  5.81244e-10
2030.0  5.86457e-10
2035.0  5.91757e-10
2040.0  5.97113e-10
2045.0  6.02486e-10
2050.0  6.07838e-10
2055.0  6.13091e-10
2060.0  6.18091e-10
2065.0  6.2264e-10
2070.0  6.26544e-10
2075.0  6.29611e-10
2080.0  6.31638e-10
2085.0  6.32434e-10
2090.0  6.31803e-10
2095.0  6.29545e-10
2100.0  6.25483e-10
2105.0  6.19571e-10
2110.0  6.12136e-10
2115.0  6.03641e-10
2120.0  5.94559e-10
2125.0  5.85372e-10
2130.0  5.76557e-10
2135.0  5.6859e-10
2140.0  5.6195e-10
2145.0  5.57113e-10
2150.0  5.54535e-10
2155.0  5.54463e-10
2160.0  5.56592e-10
2165.0  5.60413e-10
2170.0  5.65388e-10
2175.0  5.70987e-10
2180.0  5.76676e-10
2185.0  5.8192e-10
2190.0  5.86186e-10
2195.0  5.88938e-10
2200.0  5.89667e-10
2205.0  5.88068e-10
2210.0  5.84389e-10
2215.0  5.79087e-10
2220.0  5.72636e-10
2225.0  5.6552e-10
2230.0  5.58211e-10
2235.0  5.51187e-10
2240.0  5.44926e-10
2245.0  5.39909e-10
2250.0  5.36587e-10
2255.0  5.35212e-10
2260.0  5.35495e-10
2265.0  5.36936e-10
2270.0  5.3902e-10
2275.0  5.41224e-10
2280.0  5.43036e-10
2285.0  5.43931e-10
2290.0  5.43396e-10
2295.0  5.4091e-10
2300.0  5.35979e-10
2305.0  5.28321e-10
2310.0  5.18222e-10
2315.0  5.06182e-10
2320.0  4.92723e-10
2325.0  4.78369e-10
2330.0  4.63642e-10
2335.0  4.49066e-10
2340.0  4.35163e-10
2345.0  4.22454e-10
2350.0  4.11452e-10
2355.0  4.02541e-10
2360.0  3.95787e-10
2365.0  3.91134e-10
2370.0  3.88506e-10
2375.0  3.87837e-10
2380.0  3.89056e-10
2385.0  3.92091e-10
2390.0  3.96871e-10
2395.0  4.03327e-10
2400.0  4.11382e-10
2405.0  4.20931e-10
2410.0  4.31766e-10
2415.0  4.43656e-10
2420.0  4.56361e-10
2425.0  4.69639e-10
2430.0  4.8325e-10
2435.0  4.96954e-10
2440.0  5.10514e-10
2445.0  5.23687e-10
2450.0  5.36235e-10
2455.0  5.47937e-10
2460.0  5.58629e-10
2465.0  5.68153e-10
2470.0  5.76364e-10
2475.0  5.83113e-10
2480.0  5.88247e-10
2485.0  5.91618e-10
2490.0  5.93079e-10
2495.0  5.9248e-10
2500.0  5.89683e-10
2505.0  5.84665e-10
2510.0  5.77708e-10
2515.0  5.69208e-10
2520.0  5.59572e-10
2525.0  5.49212e-10
2530.0  5.38532e-10
2535.0  5.27942e-10
2540.0  5.17849e-10
2545.0  5.08664e-10
2550.0  5.00785e-10
2555.0  4.94556e-10
2560.0  4.90172e-10
2565.0  4.8776e-10
2570.0  4.87448e-10
2575.0  4.8936e-10
2580.0  4.93626e-10
2585.0  5.00366e-10
2590.0  5.09711e-10
2595.0  5.21787e-10
2600.0  5.367e-10
2605.0  5.54416e-10
2610.0  5.74506e-10
2615.0  5.96399e-10
2620.0  6.19502e-10
2625.0  6.43225e-10
2630.0  6.66978e-10
2635.0  6.90174e-10
2640.0  7.12222e-10
2645.0  7.32532e-10
2650.0  7.50526e-10
2655.0  7.65802e-10
2660.0  7.78372e-10
2665.0  7.88411e-10
2670.0  7.96121e-10
2675.0  8.01698e-10
2680.0  8.05332e-10
2685.0  8.07222e-10
2690.0  8.07563e-10
2695.0  8.06549e-10
2700.0  8.04373e-10
2705.0  8.01166e-10
2710.0  7.96902e-10
2715.0  7.91507e-10
2720.0  7.84894e-10
2725.0  7.76978e-10
2730.0  7.67675e-10
2735.0  7.56901e-10
2740.0  7.44564e-10
2745.0  7.30585e-10
2750.0  7.14898e-10
2755.0  6.97644e-10
2760.0  6.79491e-10
2765.0  6.61316e-10
2770.0  6.44019e-10
2775.0  6.28487e-10
2780.0  6.15624e-10
2785.0  6.06321e-10
2790.0  6.01477e-10
2795.0  6.01985e-10
2800.0  6.087e-10
2805.0  6.22052e-10
2810.0  6.41365e-10
2815.0  6.65547e-10
2820.0  6.9346e-10
2825.0  7.23962e-10
2830.0  7.55914e-10
2835.0  7.88182e-10
2840.0  8.19627e-10
2845.0  8.49111e-10
2850.0  8.75528e-10
2855.0  8.98128e-10
2860.0  9.1707e-10
2865.0  9.32871e-10
2870.0  9.46073e-10
2875.0  9.57222e-10
2880.0  9.66865e-10
2885.0  9.75548e-10
2890.0  9.8382e-10
2895.0  9.92226e-10
2900.0  1.0013e-09
2905.0  1.01145e-09
2910.0  1.02272e-09
2915.0  1.03506e-09
2920.0  1.04838e-09
2925.0  1.06259e-09
2930.0  1.07762e-09
2935.0  1.09338e-09
2940.0  1.10979e-09
2945.0  1.12677e-09
2950.0  1.14424e-09
2955.0  1.16206e-09
2960.0  1.18008e-09
2965.0  1.19806e-09
2970.0  1.2158e-09
2975.0  1.23306e-09
2980.0  1.24966e-09
2985.0  1.26535e-09
2990.0  1.27992e-09
2995.0  1.29317e-09
3000.0  1.30487e-09
3005.0  1.31493e-09
3010.0  1.32347e-09
3015.0  1.33073e-09
3020.0  1.33695e-09
3025.0  1.34237e-09
3030.0  1.34723e-09
3035.0  1.35178e-09
3040.0  1.35626e-09
3045.0  1.3609e-09
3050.0  1.36594e-09
3055.0  1.37154e-09
3060.0  1.37766e-09
3065.0  1.38417e-09
3070.0  1.39095e-09
3075.0  1.39787e-09
3080.0  1.40481e-09
3085.0  1.41163e-09
3090.0  1.41821e-09
3095.0  1.42443e-09
3100.0  1.43015e-09
3105.0  1.4353e-09
3110.0  1.43992e-09
3115.0  1.44405e-09
3120.0  1.44779e-09
3125.0  1.4512e-09
3130.0  1.45436e-09
3135.0  1.45735e-09
3140.0  1.46024e-09
3145.0  1.46309e-09
3150.0  1.46599e-09
3155.0  1.469e-09
3160.0  1.47213e-09
3165.0  1.47538e-09
3170.0  1.47875e-09
3175.0  1.48226e-09
3180.0  1.48589e-09
3185.0  1.48966e-09
3190.0  1.49356e-09
3195.0  1.50355e-09
3200.0  1.5438e-09
3205.0  1.55625e-09
3210.0  1.56119e-09
3215.0  1.55905e-09
3220.0  1.53812e-09
3225.0  1.4937e-09
3230.0  1.44676e-09
3235.0  1.51312e-09
3240.0  1.58175e-09
3245.0  1.55864e-09
3250.0  1.5385e-09
3255.0  1.61746e-09
3260.0  1.70946e-09
3265.0  1.70715e-09
3270.0  1.63459e-09
3275.0  1.56222e-09
3280.0  1.54412e-09
3285.0  1.59874e-09
3290.0  1.67222e-09
3295.0  1.70424e-09
3300.0  1.6889e-09
3305.0  1.64743e-09
3310.0  1.61532e-09
3315.0  1.61647e-09
3320.0  1.63213e-09
3325.0  1.63374e-09
3330.0  1.61036e-09
3335.0  1.56724e-09
3340.0  1.53346e-09
3345.0  1.54135e-09
3350.0  1.60575e-09
3355.0  1.70297e-09
3360.0  1.73122e-09
3365.0  1.63005e-09
3370.0  1.52048e-09
3375.0  1.52196e-09
3380.0  1.57034e-09
3385.0  1.57778e-09
3390.0  1.57956e-09
3395.0  1.62484e-09
3400.0  1.67278e-09
3405.0  1.67457e-09
3410.0  1.65385e-09
3415.0  1.65236e-09
3420.0  1.68278e-09
3425.0  1.72781e-09
3430.0  1.72634e-09
3435.0  1.65016e-09
3440.0  1.5954e-09
3445.0  1.64045e-09
3450.0  1.69599e-09
3455.0  1.66728e-09
3460.0  1.61322e-09
3465.0  1.61231e-09
3470.0  1.6378e-09
3475.0  1.63946e-09
3480.0  1.61547e-09
3485.0  1.58584e-09
3490.0  1.57537e-09
3495.0  1.59578e-09
3500.0  1.62226e-09
3505.0  1.63237e-09
3510.0  1.64373e-09
3515.0  1.65599e-09
3520.0  1.67752e-09
3525.0  1.69817e-09
3530.0  1.71417e-09
3535.0  1.75921e-09
3540.0  1.76555e-09
3545.0  1.7321e-09
3550.0  1.68883e-09
3555.0  1.68374e-09
3560.0  1.68233e-09
3565.0  1.62143e-09
3570.0  1.56147e-09
3575.0  1.57908e-09
3580.0  1.60206e-09
3585.0  1.59563e-09
3590.0  1.58779e-09
3595.0  1.6173e-09
3600.0  1.65669e-09
3605.0  1.64719e-09
3610.0  1.63493e-09
3615.0  1.65079e-09
3620.0  1.66854e-09
3625.0  1.66688e-09
3630.0  1.66286e-09
3635.0  1.68337e-09
3640.0  1.65915e-09
3645.0  1.68346e-09
3650.0  1.7608e-09
3655.0  1.80593e-09
3660.0  1.80815e-09
3665.0  1.82642e-09
3670.0  1.85029e-09
3675.0  1.89393e-09
3680.0  1.99045e-09
3685.0  2.1755e-09
3690.0  2.38608e-09
3695.0  2.50592e-09
3700.0  2.63729e-09
3705.0  2.67757e-09
3710.0  2.85156e-09
3715.0  3.13836e-09
3720.0  3.20996e-09
3725.0  3.3602e-09
3730.0  3.43123e-09
3735.0  3.55273e-09
3740.0  3.97193e-09
3745.0  3.64485e-09
3750.0  3.38661e-09
3755.0  4.04251e-09
3760.0  4.35345e-09
3765.0  4.03313e-09
3770.0  3.73657e-09
3775.0  4.71728e-09
3780.0  5.87071e-09
3785.0  5.98414e-09
3790.0  5.25997e-09
3795.0  4.27992e-09
3800.0  4.3245e-09
3805.0  5.48223e-09
3810.0  6.35134e-09
3815.0  6.53911e-09
3820.0  6.26034e-09
3825.0  5.32857e-09
3830.0  4.28262e-09
3835.0  3.80058e-09
3840.0  4.65811e-09
3845.0  5.9129e-09
3850.0  6.72304e-09
3855.0  6.91199e-09
3860.0  6.89617e-09
3865.0  7.03783e-09
3870.0  7.07825e-09
3875.0  6.70556e-09
3880.0  5.84527e-09
3885.0  4.51873e-09
3890.0  3.99646e-09
3895.0  4.89438e-09
3900.0  5.99096e-09
3905.0  6.63511e-09
3910.0  6.8782e-09
3915.0  6.87082e-09
3920.0  6.55658e-09
3925.0  5.34847e-09
3930.0  3.91405e-09
3935.0  4.12013e-09
3940.0  5.53449e-09
3945.0  6.25615e-09
3950.0  6.4124e-09
3955.0  6.24735e-09
3960.0  5.34788e-09
3965.0  3.65794e-09
3970.0  3.03362e-09
3975.0  4.40143e-09
3980.0  5.94402e-09
3985.0  6.74996e-09
3990.0  7.02657e-09
3995.0  6.96313e-09
4000.0  6.81212e-09
4005.0  6.84192e-09
4010.0  6.97007e-09
4015.0  7.07058e-09
4020.0  7.05442e-09
4025.0  6.78716e-09
4030.0  6.68016e-09
4035.0  6.87922e-09
4040.0  6.99871e-09
4045.0  6.84166e-09
4050.0  6.74631e-09
4055.0  6.75818e-09
4060.0  6.79514e-09
4065.0  6.7295e-09
4070.0  6.59078e-09
4075.0  6.4478e-09
4080.0  6.46152e-09
4085.0  6.48206e-09
4090.0  6.0861e-09
4095.0  4.92505e-09
4100.0  3.91841e-09
4105.0  4.4852e-09
4110.0  5.65726e-09
4115.0  6.34126e-09
4120.0  6.46335e-09
4125.0  6.31603e-09
4130.0  6.26069e-09
4135.0  6.51402e-09
4140.0  6.69839e-09
4145.0  6.67257e-09
4150.0  6.57051e-09
4155.0  6.47057e-09
4160.0  6.42308e-09
4165.0  6.4153e-09
4170.0  6.19698e-09
4175.0  5.9228e-09
4180.0  5.88959e-09
4185.0  6.07728e-09
4190.0  6.22717e-09
4195.0  6.19601e-09
4200.0  6.09882e-09
4205.0  6.12902e-09
4210.0  6.22285e-09
4215.0  6.23757e-09
4220.0  6.16633e-09
4225.0  5.99187e-09
4230.0  5.9711e-09
4235.0  5.9754e-09
4240.0  6.03704e-09
4245.0  5.93142e-09
4250.0  5.82804e-09
4255.0  5.86951e-09
4260.0  5.91047e-09
4265.0  5.94779e-09
4270.0  5.86606e-09
4275.0  5.90668e-09
4280.0  5.95964e-09
4285.0  5.83591e-09
4290.0  5.62868e-09
4295.0  5.46799e-09
4300.0  5.34111e-09
4305.0  5.44381e-09
4310.0  5.54418e-09
4315.0  5.53834e-09
4320.0  5.61981e-09
4325.0  5.56112e-09
4330.0  5.1454e-09
4335.0  4.11535e-09
4340.0  3.35437e-09
4345.0  3.95969e-09
4350.0  4.93849e-09
4355.0  5.60041e-09
4360.0  5.88037e-09
4365.0  5.9001e-09
4370.0  5.77442e-09
4375.0  5.73374e-09
4380.0  5.70232e-09
4385.0  5.55625e-09
4390.0  5.54641e-09
4395.0  5.43336e-09
4400.0  5.46355e-09
4405.0  5.54951e-09
4410.0  5.49166e-09
4415.0  5.32553e-09
4420.0  5.35954e-09
4425.0  5.51042e-09
4430.0  5.5641e-09
4435.0  5.54633e-09
4440.0  5.45093e-09
4445.0  5.41741e-09
4450.0  5.52472e-09
4455.0  5.5209e-09
4460.0  5.44972e-09
4465.0  5.35465e-09
4470.0  5.34563e-09
4475.0  5.43598e-09
4480.0  5.41987e-09
4485.0  5.4252e-09
4490.0  5.42234e-09
4495.0  5.52059e-09
4500.0  5.59815e-09
4505.0  5.64833e-09
4510.0  5.624e-09
4515.0  5.47873e-09
4520.0  5.34036e-09
4525.0  5.31689e-09
4530.0  5.33604e-09
4535.0  5.4374e-09
4540.0  5.42221e-09
4545.0  5.26889e-09
4550.0  5.09128e-09
4555.0  5.11538e-09
4560.0  5.23626e-09
4565.0  5.35583e-09
4570.0  5.37226e-09
4575.0  5.28927e-09
4580.0  5.15036e-09
4585.0  5.09128e-09
4590.0  5.17478e-09
4595.0  5.31224e-09
4600.0  5.45768e-09
4605.0  5.54945e-09
4610.0  5.5279e-09
4615.0  5.38952e-09
4620.0  5.34151e-09
4625.0  5.34923e-09
4630.0  5.31096e-09
4635.0  5.33957e-09
4640.0  5.41822e-09
4645.0  5.45597e-09
4650.0  5.4261e-09
4655.0  5.36233e-09
4660.0  5.29358e-09
4665.0  5.18729e-09
4670.0  5.21035e-09
4675.0  5.36094e-09
4680.0  5.44609e-09
4685.0  5.45834e-09
4690.0  5.409e-09
4695.0  5.34668e-09
4700.0  5.27464e-09
4705.0  5.22648e-09
4710.0  5.25971e-09
4715.0  5.29821e-09
4720.0  5.27916e-09
4725.0  5.19346e-09
4730.0  5.10012e-09
4735.0  5.09854e-09
4740.0  5.15223e-09
4745.0  5.19285e-09
4750.0  5.1939e-09
4755.0  5.16201e-09
4760.0  5.02608e-09
4765.0  4.95324e-09
4770.0  4.99961e-09
4775.0  5.02241e-09
4780.0  5.02899e-09
4785.0  5.02795e-09
4790.0  5.01494e-09
4795.0  4.98685e-09
4800.0  4.97642e-09
4805.0  4.95074e-09
4810.0  4.96007e-09
4815.0  4.96869e-09
4820.0  4.95046e-09
4825.0  4.91416e-09
4830.0  4.88241e-09
4835.0  4.86312e-09
4840.0  4.81196e-09
4845.0  4.62683e-09
4850.0  4.16734e-09
4855.0  3.3562e-09
4860.0  2.87067e-09
4865.0  3.34043e-09
4870.0  3.96871e-09
4875.0  4.29508e-09
4880.0  4.47476e-09
4885.0  4.57177e-09
4890.0  4.62758e-09
4895.0  4.70542e-09
4900.0  4.75775e-09
4905.0  4.78899e-09
4910.0  4.71894e-09
4915.0  4.65665e-09
4920.0  4.52392e-09
4925.0  4.53714e-09
4930.0  4.66631e-09
4935.0  4.70714e-09
4940.0  4.7619e-09
4945.0  4.81965e-09
4950.0  4.8034e-09
4955.0  4.71082e-09
4960.0  4.70506e-09
4965.0  4.7425e-09
4970.0  4.72538e-09
4975.0  4.65814e-09
4980.0  4.55611e-09
4985.0  4.55304e-09
4990.0  4.57415e-09
4995.0  4.5536e-09
5000.0  4.53727e-09
5005.0  4.48462e-09
5010.0  4.44632e-09
5015.0  4.31041e-09
5020.0  4.23024e-09
5025.0  4.39224e-09
5030.0  4.46349e-09
5035.0  4.43232e-09
5040.0  4.42358e-09
5045.0  4.47102e-09
5050.0  4.47877e-09
5055.0  4.48264e-09
5060.0  4.50982e-09
5065.0  4.47911e-09
5070.0  4.41888e-09
5075.0  4.40464e-09
5080.0  4.42564e-09
5085.0  4.44749e-09
5090.0  4.46292e-09
5095.0  4.4236e-09
5100.0  4.38409e-09
5105.0  4.41461e-09
5110.0  4.44401e-09
5115.0  4.41825e-09
5120.0  4.35308e-09
5125.0  4.28404e-09
5130.0  4.23339e-09
5135.0  4.23584e-09
5140.0  4.23545e-09
5145.0  4.25204e-09
5150.0  4.23545e-09
5155.0  4.21597e-09
5160.0  4.16319e-09
5165.0  3.9374e-09
5170.0  3.84864e-09
5175.0  4.04069e-09
5180.0  4.1156e-09
5185.0  4.01743e-09
5190.0  3.95248e-09
5195.0  3.95342e-09
5200.0  4.00283e-09
5205.0  3.99757e-09
5210.0  4.02281e-09
5215.0  4.08458e-09
5220.0  4.08853e-09
5225.0  3.93989e-09
5230.0  3.85113e-09
5235.0  3.87611e-09
5240.0  3.99876e-09
5245.0  4.04325e-09
5250.0  4.01521e-09
5255.0  3.97717e-09
5260.0  3.90031e-09
5265.0  3.77927e-09
5270.0  3.72942e-09
5275.0  3.73609e-09
5280.0  3.83884e-09
5285.0  3.96478e-09
5290.0  4.06362e-09
5295.0  4.06887e-09
5300.0  4.01095e-09
5305.0  3.94415e-09
5310.0  3.88364e-09
5315.0  3.83776e-09
5320.0  3.83695e-09
5325.0  3.80442e-09
5330.0  3.80444e-09
5335.0  3.7645e-09
5340.0  3.78427e-09
5345.0  3.85582e-09
5350.0  3.89868e-09
5355.0  3.91052e-09
5360.0  3.84692e-09
5365.0  3.77194e-09
5370.0  3.74826e-09
5375.0  3.76103e-09
5380.0  3.77969e-09
5385.0  3.81028e-09
5390.0  3.79622e-09
5395.0  3.74084e-09
5400.0  3.68883e-09
5405.0  3.65895e-09
5410.0  3.64746e-09
5415.0  3.65233e-09
5420.0  3.64166e-09
5425.0  3.61512e-09
5430.0  3.6272e-09
5435.0  3.67181e-09
5440.0  3.72058e-09
5445.0  3.69396e-09
5450.0  3.67062e-09
5455.0  3.67087e-09
5460.0  3.70243e-09
5465.0  3.69221e-09
5470.0  3.66558e-09
5475.0  3.62422e-09
5480.0  3.60849e-09
5485.0  3.62361e-09
5490.0  3.62818e-09
5495.0  3.61694e-09
5500.0  3.58584e-09
5505.0  3.5509e-09
5510.0  3.55537e-09
5515.0  3.60693e-09
5520.0  3.599e-09
5525.0  3.49906e-09
5530.0  3.45529e-09
5535.0  3.4823e-09
5540.0  3.51326e-09
5545.0  3.51379e-09
5550.0  3.52032e-09
5555.0  3.51551e-09
5560.0  3.50115e-09
5565.0  3.49376e-09
5570.0  3.47257e-09
5575.0  3.49159e-09
5580.0  3.49928e-09
5585.0  3.45432e-09
5590.0  3.41972e-09
5595.0  3.41634e-09
5600.0  3.41519e-09
5605.0  3.43637e-09
5610.0  3.44527e-09
5615.0  3.40494e-09
5620.0  3.39904e-09
5625.0  3.41113e-09
5630.0  3.40947e-09
5635.0  3.42064e-09
5640.0  3.39624e-09
5645.0  3.39536e-09
5650.0  3.39651e-09
5655.0  3.31934e-09
5660.0  3.25451e-09
5665.0  3.25745e-09
5670.0  3.29964e-09
5675.0  3.32985e-09
5680.0  3.31795e-09
5685.0  3.29127e-09
5690.0  3.29452e-09
5695.0  3.31412e-09
5700.0  3.31136e-09
5705.0  3.27707e-09
5710.0  3.25726e-09
5715.0  3.26569e-09
5720.0  3.28127e-09
5725.0  3.29783e-09
5730.0  3.29845e-09
5735.0  3.2868e-09
5740.0  3.27026e-09
5745.0  3.25146e-09
5750.0  3.24853e-09
5755.0  3.23891e-09
5760.0  3.23465e-09
5765.0  3.23251e-09
5770.0  3.20785e-09
5775.0  3.15808e-09
5780.0  3.09612e-09
5785.0  3.09981e-09
5790.0  3.12498e-09
5795.0  3.13625e-09
5800.0  3.1566e-09
5805.0  3.16452e-09
5810.0  3.15611e-09
5815.0  3.15296e-09
5820.0  3.14675e-09
5825.0  3.13257e-09
5830.0  3.12781e-09
5835.0  3.13974e-09
5840.0  3.13214e-09
5845.0  3.10233e-09
5850.0  3.08266e-09
5855.0  3.08252e-09
5860.0  3.10778e-09
5865.0  3.11505e-09
5870.0  3.11583e-09
5875.0  3.10118e-09
5880.0  3.05455e-09
5885.0  2.94567e-09
5890.0  2.82457e-09
5895.0  2.84136e-09
5900.0  2.95579e-09
5905.0  3.01249e-09
5910.0  3.03506e-09
5915.0  3.0196e-09
5920.0  3.00043e-09
5925.0  2.99043e-09
5930.0  2.99437e-09
5935.0  3.00807e-09
5940.0  3.00153e-09
5945.0  2.97333e-09
5950.0  2.95837e-09
5955.0  2.96195e-09
5960.0  2.96922e-09
5965.0  2.96827e-09
5970.0  2.95383e-09
5975.0  2.95016e-09
5980.0  2.94764e-09
5985.0  2.92723e-09
5990.0  2.90709e-09
5995.0  2.92434e-09
6000.0  2.92774e-09
6005.0  2.90496e-09
6010.0  2.88749e-09
6015.0  2.8707e-09
6020.0  2.86617e-09
6025.0  2.87612e-09
6030.0  2.86963e-09
6035.0  2.86182e-09
6040.0  2.85556e-09
6045.0  2.85176e-09
6050.0  2.84098e-09
6055.0  2.83759e-09
6060.0  2.84636e-09
6065.0  2.8466e-09
6070.0  2.84052e-09
6075.0  2.82648e-09
6080.0  2.81114e-09
6085.0  2.80264e-09
6090.0  2.80551e-09
6095.0  2.80367e-09
6100.0  2.79581e-09
6105.0  2.79315e-09
6110.0  2.79498e-09
6115.0  2.79119e-09
6120.0  2.77314e-09
6125.0  2.75616e-09
6130.0  2.74231e-09
6135.0  2.71662e-09
6140.0  2.68739e-09
6145.0  2.67789e-09
6150.0  2.67119e-09
6155.0  2.67113e-09
6160.0  2.66825e-09
6165.0  2.68777e-09
6170.0  2.69699e-09
6175.0  2.69778e-09
6180.0  2.69985e-09
6185.0  2.69885e-09
6190.0  2.70233e-09
6195.0  2.69992e-09
6200.0  2.70049e-09
6205.0  2.70085e-09
6210.0  2.69161e-09
6215.0  2.67646e-09
6220.0  2.67631e-09
6225.0  2.67353e-09
6230.0  2.64607e-09
6235.0  2.61894e-09
6240.0  2.59626e-09
6245.0  2.57753e-09
6250.0  2.5861e-09
6255.0  2.61395e-09
6260.0  2.62189e-09
6265.0  2.61088e-09
6270.0  2.60471e-09
6275.0  2.5603e-09
6280.0  2.48265e-09
6285.0  2.4949e-09
6290.0  2.55184e-09
6295.0  2.5713e-09
6300.0  2.56122e-09
6305.0  2.56265e-09
6310.0  2.56815e-09
6315.0  2.5552e-09
6320.0  2.55666e-09
6325.0  2.57546e-09
6330.0  2.58127e-09
6335.0  2.58014e-09
6340.0  2.5652e-09
6345.0  2.52256e-09
6350.0  2.51407e-09
6355.0  2.55015e-09
6360.0  2.5607e-09
6365.0  2.53062e-09
6370.0  2.49022e-09
6375.0  2.51241e-09
6380.0  2.53795e-09
6385.0  2.536e-09
6390.0  2.52724e-09
6395.0  2.52361e-09
6400.0  2.51576e-09
6405.0  2.51273e-09
6410.0  2.49885e-09
6415.0  2.48304e-09
6420.0  2.47965e-09
6425.0  2.49369e-09
6430.0  2.4803e-09
6435.0  2.473e-09
6440.0  2.47137e-09
6445.0  2.47044e-09
6450.0  2.44296e-09
6455.0  2.39276e-09
6460.0  2.39205e-09
6465.0  2.41775e-09
6470.0  2.43809e-09
6475.0  2.43721e-09
6480.0  2.41654e-09
6485.0  2.39747e-09
6490.0  2.37811e-09
6495.0  2.36805e-09
6500.0  2.40451e-09
6505.0  2.43798e-09
6510.0  2.4342e-09
6515.0  2.40195e-09
6520.0  2.39944e-09
6525.0  2.41268e-09
6530.0  2.4019e-09
6535.0  2.38278e-09
6540.0  2.36568e-09
6545.0  2.31916e-09
6550.0  2.195e-09
6555.0  1.94887e-09
6560.0  1.66001e-09
6565.0  1.67506e-09
6570.0  1.95452e-09
6575.0  2.17146e-09
6580.0  2.2876e-09
6585.0  2.31843e-09
6590.0  2.33215e-09
6595.0  2.3565e-09
6600.0  2.37242e-09
6605.0  2.3698e-09
6610.0  2.36382e-09
6615.0  2.36725e-09
6620.0  2.37292e-09
6625.0  2.36604e-09
6630.0  2.35073e-09
6635.0  2.33567e-09
6640.0  2.32447e-09
6645.0  2.31573e-09
6650.0  2.31437e-09
6655.0  2.30531e-09
6660.0  2.29876e-09
6665.0  2.29985e-09
6670.0  2.29746e-09
6675.0  2.28224e-09
6680.0  2.27399e-09
6685.0  2.28331e-09
6690.0  2.29321e-09
6695.0  2.29118e-09
6700.0  2.28083e-09
6705.0  2.27789e-09
6710.0  2.27174e-09
6715.0  2.2618e-09
6720.0  2.25758e-09
6725.0  2.25868e-09
6730.0  2.25891e-09
6735.0  2.25586e-09
6740.0  2.2488e-09
6745.0  2.24269e-09
6750.0  2.24044e-09
6755.0  2.2342e-09
6760.0  2.22354e-09
6765.0  2.22334e-09
6770.0  2.21787e-09
6775.0  2.21747e-09
6780.0  2.21757e-09
6785.0  2.2122e-09
6790.0  2.20807e-09
6795.0  2.19914e-09
6800.0  2.19177e-09
6805.0  2.1952e-09
6810.0  2.19098e-09
6815.0  2.17832e-09
6820.0  2.16913e-09
6825.0  2.16438e-09
6830.0  2.15808e-09
6835.0  2.15121e-09
6840.0  2.12467e-09
6845.0  2.11728e-09
6850.0  2.11365e-09
6855.0  2.10996e-09
6860.0  2.10623e-09
6865.0  2.10246e-09
6870.0  2.09877e-09
6875.0  2.09513e-09
6880.0  2.09142e-09
6885.0  2.0877e-09
6890.0  2.08394e-09
6895.0  2.07999e-09
6900.0  2.076e-09
6905.0  2.07205e-09
6910.0  2.06814e-09
6915.0  2.06435e-09
6920.0  2.06065e-09
6925.0  2.05702e-09
6930.0  2.05365e-09
6935.0  2.05026e-09
6940.0  2.0471e-09
6945.0  2.04433e-09
6950.0  2.04132e-09
6955.0  2.03807e-09
6960.0  2.03516e-09
6965.0  2.03259e-09
6970.0  2.03334e-09
6975.0  2.05354e-09
6980.0  2.05256e-09
6985.0  2.04555e-09
6990.0  2.02988e-09
6995.0  2.02054e-09
7000.0  2.01094e-09
7005.0  2.00909e-09
7010.0  2.02526e-09
7015.0  2.0288e-09
7020.0  2.02359e-09
7025.0  2.01278e-09
7030.0  2.00808e-09
7035.0  2.01315e-09
7040.0  2.016e-09
7045.0  2.01996e-09
7050.0  2.01305e-09
7055.0  2.00831e-09
7060.0  2.01115e-09
7065.0  2.00875e-09
7070.0  2.00481e-09
7075.0  2.00359e-09
7080.0  2.00223e-09
7085.0  1.99901e-09
7090.0  1.99099e-09
7095.0  1.98872e-09
7100.0  1.98908e-09
7105.0  1.99067e-09
7110.0  1.96921e-09
7115.0  1.95532e-09
7120.0  1.96327e-09
7125.0  1.97627e-09
7130.0  1.9885e-09
7135.0  1.99554e-09
7140.0  1.9923e-09
7145.0  1.97594e-09
7150.0  1.96678e-09
7155.0  1.9731e-09
7160.0  1.95786e-09
7165.0  1.90666e-09
7170.0  1.85744e-09
7175.0  1.82174e-09
7180.0  1.79634e-09
7185.0  1.75507e-09
7190.0  1.74643e-09
7195.0  1.76407e-09
7200.0  1.77923e-09
7205.0  1.81407e-09
7210.0  1.86011e-09
7215.0  1.89088e-09
7220.0  1.89438e-09
7225.0  1.87158e-09
7230.0  1.83883e-09
7235.0  1.79904e-09
7240.0  1.7846e-09
7245.0  1.78966e-09
7250.0  1.79879e-09
7255.0  1.80149e-09
7260.0  1.81611e-09
7265.0  1.8166e-09
7270.0  1.81474e-09
7275.0  1.78702e-09
7280.0  1.78916e-09
7285.0  1.78849e-09
7290.0  1.76205e-09
7295.0  1.77857e-09
7300.0  1.79219e-09
7305.0  1.77596e-09
7310.0  1.77041e-09
7315.0  1.779e-09
7320.0  1.79451e-09
7325.0  1.8083e-09
7330.0  1.812e-09
7335.0  1.81942e-09
7340.0  1.83352e-09
7345.0  1.83473e-09
7350.0  1.82097e-09
7355.0  1.80746e-09
7360.0  1.80114e-09
7365.0  1.79122e-09
7370.0  1.78987e-09
7375.0  1.79403e-09
7380.0  1.79238e-09
7385.0  1.7756e-09
7390.0  1.76276e-09
7395.0  1.76196e-09
7400.0  1.75369e-09
7405.0  1.74516e-09
7410.0  1.73258e-09
7415.0  1.718e-09
7420.0  1.70896e-09
7425.0  1.69171e-09
7430.0  1.70048e-09
7435.0  1.70311e-09
7440.0  1.6947e-09
7445.0  1.6787e-09
7450.0  1.67685e-09
7455.0  1.68585e-09
7460.0  1.68462e-09
7465.0  1.66908e-09
7470.0  1.66087e-09
7475.0  1.6663e-09
7480.0  1.67189e-09
7485.0  1.67685e-09
7490.0  1.67518e-09
7495.0  1.66858e-09
7500.0  1.66639e-09
7505.0  1.66129e-09
7510.0  1.65139e-09
7515.0  1.64394e-09
7520.0  1.64498e-09
7525.0  1.64954e-09
7530.0  1.6479e-09
7535.0  1.64313e-09
7540.0  1.64838e-09
7545.0  1.64739e-09
7550.0  1.64732e-09
7555.0  1.64515e-09
7560.0  1.6419e-09
7565.0  1.63896e-09
7570.0  1.63631e-09
7575.0  1.63342e-09
7580.0  1.63033e-09
7585.0  1.62735e-09
7590.0  1.62461e-09
7595.0  1.62189e-09
7600.0  1.61906e-09
7605.0  1.61646e-09
7610.0  1.61382e-09
7615.0  1.6112e-09
7620.0  1.60859e-09
7625.0  1.60598e-09
7630.0  1.60338e-09
7635.0  1.60079e-09
7640.0  1.5982e-09
7645.0  1.59561e-09
7650.0  1.59303e-09
7655.0  1.59045e-09
7660.0  1.58788e-09
7665.0  1.5853e-09
7670.0  1.58265e-09
7675.0  1.58002e-09
7680.0  1.5775e-09
7685.0  1.57505e-09
7690.0  1.57256e-09
7695.0  1.57011e-09
7700.0  1.56766e-09
7705.0  1.56533e-09
7710.0  1.56391e-09
7715.0  1.56382e-09
7720.0  1.56284e-09
7725.0  1.56102e-09
7730.0  1.56067e-09
7735.0  1.55547e-09
7740.0  1.55012e-09
7745.0  1.54646e-09
7750.0  1.54663e-09
7755.0  1.54375e-09
7760.0  1.5402e-09
7765.0  1.52768e-09
7770.0  1.48282e-09
7775.0  1.42432e-09
7780.0  1.4438e-09
7785.0  1.48639e-09
7790.0  1.51365e-09
7795.0  1.51879e-09
7800.0  1.51126e-09
7805.0  1.50807e-09
7810.0  1.50666e-09
7815.0  1.5062e-09
7820.0  1.50653e-09
7825.0  1.50399e-09
7830.0  1.49749e-09
7835.0  1.48891e-09
7840.0  1.48334e-09
7845.0  1.48274e-09
7850.0  1.47214e-09
7855.0  1.47474e-09
7860.0  1.47413e-09
7865.0  1.47035e-09
7870.0  1.46643e-09
7875.0  1.45423e-09
7880.0  1.44515e-09
7885.0  1.45852e-09
7890.0  1.46281e-09
7895.0  1.44485e-09
7900.0  1.43151e-09
7905.0  1.44364e-09
7910.0  1.45301e-09
7915.0  1.44757e-09
7920.0  1.43896e-09
7925.0  1.43809e-09
7930.0  1.43689e-09
7935.0  1.4404e-09
7940.0  1.44661e-09
7945.0  1.435e-09
7950.0  1.42656e-09
7955.0  1.42837e-09
7960.0  1.43394e-09
7965.0  1.43937e-09
7970.0  1.43761e-09
7975.0  1.43531e-09
7980.0  1.4333e-09
7985.0  1.42657e-09
7990.0  1.4244e-09
7995.0  1.41621e-09
8000.0  1.42056e-09
8005.0  1.42767e-09
8010.0  1.4332e-09
8015.0  1.43262e-09
8020.0  1.4246e-09
8025.0  1.42401e-09
8030.0  1.42589e-09
8035.0  1.41901e-09
8040.0  1.4124e-09
8045.0  1.40956e-09
8050.0  1.40838e-09
8055.0  1.40516e-09
8060.0  1.40616e-09
8065.0  1.39958e-09
8070.0  1.40168e-09
8075.0  1.40777e-09
8080.0  1.40082e-09
8085.0  1.39103e-09
8090.0  1.39073e-09
8095.0  1.39072e-09
8100.0  1.3897e-09
8105.0  1.38424e-09
8110.0  1.38071e-09
8115.0  1.3776e-09
8120.0  1.38006e-09
8125.0  1.37578e-09
8130.0  1.37351e-09
8135.0  1.36561e-09
8140.0  1.36442e-09
8145.0  1.35998e-09
8150.0  1.35015e-09
8155.0  1.33885e-09
8160.0  1.33048e-09
8165.0  1.31979e-09
8170.0  1.33127e-09
8175.0  1.3287e-09
8180.0  1.30946e-09
8185.0  1.30416e-09
8190.0  1.30469e-09
8195.0  1.3103e-09
8200.0  1.30581e-09
8205.0  1.32438e-09
8210.0  1.34289e-09
8215.0  1.31758e-09
8220.0  1.29508e-09
8225.0  1.27265e-09
8230.0  1.25517e-09
8235.0  1.28028e-09
8240.0  1.31606e-09
8245.0  1.30065e-09
8250.0  1.30251e-09
8255.0  1.30602e-09
8260.0  1.30819e-09
8265.0  1.30833e-09
8270.0  1.30555e-09
8275.0  1.29209e-09
8280.0  1.28313e-09
8285.0  1.28503e-09
8290.0  1.2763e-09
8295.0  1.27737e-09
8300.0  1.28434e-09
8305.0  1.28464e-09
8310.0  1.28477e-09
8315.0  1.27775e-09
8320.0  1.26765e-09
8325.0  1.2548e-09
8330.0  1.25562e-09
8335.0  1.24292e-09
8340.0  1.2541e-09
8345.0  1.259e-09
8350.0  1.26394e-09
8355.0  1.26716e-09
8360.0  1.24899e-09
8365.0  1.25815e-09
8370.0  1.25827e-09
8375.0  1.2378e-09
8380.0  1.25005e-09
8385.0  1.26215e-09
8390.0  1.23601e-09
8395.0  1.21594e-09
8400.0  1.25705e-09
8405.0  1.27617e-09
8410.0  1.23869e-09
8415.0  1.20281e-09
8420.0  1.24231e-09
8425.0  1.2828e-09
8430.0  1.27462e-09
8435.0  1.19748e-09
8440.0  1.14138e-09
8445.0  1.17611e-09
8450.0  1.2246e-09
8455.0  1.27181e-09
8460.0  1.22753e-09
8465.0  1.14514e-09
8470.0  1.12175e-09
8475.0  1.19984e-09
8480.0  1.26897e-09
8485.0  1.30037e-09
8490.0  1.28779e-09
8495.0  1.20522e-09
8500.0  1.07564e-09
8505.0  1.04913e-09
8510.0  1.14648e-09
8515.0  1.23077e-09
8520.0  1.27257e-09
8525.0  1.28314e-09
8530.0  1.26465e-09
8535.0  1.19653e-09
8540.0  1.06428e-09
8545.0  9.52295e-10
8550.0  1.03326e-09
8555.0  1.16186e-09
8560.0  1.24051e-09
8565.0  1.26184e-09
8570.0  1.26529e-09
8575.0  1.26778e-09
8580.0  1.24669e-09
8585.0  1.20172e-09
8590.0  1.13448e-09
8595.0  1.02983e-09
8600.0  9.69941e-10
8605.0  1.05303e-09
8610.0  1.15467e-09
8615.0  1.21761e-09
8620.0  1.24505e-09
8625.0  1.26158e-09
8630.0  1.26269e-09
8635.0  1.27288e-09
8640.0  1.27045e-09
8645.0  1.24853e-09
8650.0  1.21291e-09
8655.0  1.13007e-09
8660.0  9.91002e-10
8665.0  8.6959e-10
8670.0  9.32311e-10
8675.0  1.04409e-09
8680.0  1.09807e-09
8685.0  1.13219e-09
8690.0  1.18827e-09
8695.0  1.24403e-09
8700.0  1.27075e-09
8705.0  1.27264e-09
8710.0  1.27293e-09
8715.0  1.26871e-09
8720.0  1.26439e-09
8725.0  1.24604e-09
8730.0  1.21084e-09
8735.0  1.16366e-09
8740.0  1.09138e-09
8745.0  1.01088e-09
8750.0  9.10844e-10
8755.0  9.24036e-10
8760.0  1.02182e-09
8765.0  1.09876e-09
8770.0  1.14486e-09
8775.0  1.17152e-09
8780.0  1.17706e-09
8785.0  1.18583e-09
8790.0  1.18928e-09
8795.0  1.19226e-09
8800.0  1.20183e-09
8805.0  1.1998e-09
8810.0  1.18492e-09
8815.0  1.19869e-09
8820.0  1.18884e-09
8825.0  1.1667e-09
8830.0  1.15599e-09
8835.0  1.14662e-09
8840.0  1.13354e-09
8845.0  1.10426e-09
8850.0  1.0643e-09
8855.0  9.96278e-10
8860.0  9.03658e-10
8865.0  8.5769e-10
8870.0  9.30068e-10
8875.0  1.01175e-09
8880.0  1.06208e-09
8885.0  1.09476e-09
8890.0  1.12568e-09
8895.0  1.14527e-09
8900.0  1.142e-09
8905.0  1.14293e-09
8910.0  1.12638e-09
8915.0  1.1171e-09
8920.0  1.11426e-09
8925.0  1.08949e-09
8930.0  1.07163e-09
8935.0  1.08368e-09
8940.0  1.09042e-09
8945.0  1.08037e-09
8950.0  1.06273e-09
8955.0  1.06312e-09
8960.0  1.08539e-09
8965.0  1.07743e-09
8970.0  1.06888e-09
8975.0  1.06159e-09
8980.0  1.05935e-09
8985.0  1.04046e-09
8990.0  1.00154e-09
8995.0  9.8654e-10
9000.0  9.82977e-10
9005.0  9.41642e-10
9010.0  8.68195e-10
9015.0  7.98765e-10
9020.0  8.28826e-10
9025.0  9.23147e-10
9030.0  1.0025e-09
9035.0  1.05933e-09
9040.0  1.07987e-09
9045.0  1.11171e-09
9050.0  1.12239e-09
9055.0  1.11743e-09
9060.0  1.08353e-09
9065.0  1.05443e-09
9070.0  1.06707e-09
9075.0  1.06923e-09
9080.0  1.04868e-09
9085.0  1.04296e-09
9090.0  1.0229e-09
9095.0  1.02966e-09
9100.0  1.05328e-09
9105.0  1.0668e-09
9110.0  1.06017e-09
9115.0  1.07702e-09
9120.0  1.08934e-09
9125.0  1.09045e-09
9130.0  1.07481e-09
9135.0  1.06002e-09
9140.0  1.06557e-09
9145.0  1.08567e-09
9150.0  1.06343e-09
9155.0  1.0362e-09
9160.0  1.05051e-09
9165.0  1.07775e-09
9170.0  1.07997e-09
9175.0  1.06095e-09
9180.0  1.05695e-09
9185.0  1.07865e-09
9190.0  1.0835e-09
9195.0  1.0695e-09
9200.0  1.0626e-09
9205.0  1.0438e-09
9210.0  1.02028e-09
9215.0  9.676e-10
9220.0  9.20038e-10
9225.0  8.51542e-10
9230.0  7.995e-10
9235.0  8.59686e-10
9240.0  9.21241e-10
9245.0  9.6054e-10
9250.0  1.00488e-09
9255.0  1.03432e-09
9260.0  1.02874e-09
9265.0  1.01989e-09
9270.0  1.05739e-09
9275.0  1.0964e-09
9280.0  1.09497e-09
9285.0  1.10775e-09
9290.0  1.08808e-09
9295.0  1.06613e-09
9300.0  1.04541e-09
9305.0  1.0244e-09
9310.0  1.00571e-09
9315.0  9.7093e-10
9320.0  9.41867e-10
9325.0  9.43498e-10
9330.0  9.46923e-10
9335.0  9.2277e-10
9340.0  8.9858e-10
9345.0  8.8362e-10
9350.0  9.46616e-10
9355.0  9.39678e-10
9360.0  9.44214e-10
9365.0  9.74914e-10
9370.0  9.36156e-10
9375.0  9.66908e-10
9380.0  9.72191e-10
9385.0  1.00499e-09
9390.0  1.0525e-09
9395.0  1.09376e-09
9400.0  1.09183e-09
9405.0  1.06489e-09
9410.0  1.03342e-09
9415.0  1.0247e-09
9420.0  1.01072e-09
9425.0  9.92332e-10
9430.0  9.41312e-10
9435.0  9.62976e-10
9440.0  8.81407e-10
9445.0  9.12732e-10
9450.0  9.80813e-10
9455.0  9.70106e-10
9460.0  9.29327e-10
9465.0  9.52665e-10
9470.0  9.95687e-10
9475.0  9.99861e-10
9480.0  9.67896e-10
9485.0  9.63216e-10
9490.0  1.00781e-09
9495.0  9.64548e-10
9500.0  9.25792e-10
9505.0  9.63958e-10
9510.0  1.01837e-09
9515.0  9.98242e-10
9520.0  9.32464e-10
9525.0  8.9162e-10
9530.0  8.63876e-10
9535.0  8.64202e-10
9540.0  7.88733e-10
9545.0  7.21927e-10
9550.0  7.14489e-10
9555.0  7.68729e-10
9560.0  8.51657e-10
9565.0  8.78865e-10
9570.0  9.16977e-10
9575.0  9.68463e-10
9580.0  9.53782e-10
9585.0  9.64479e-10
9590.0  9.36848e-10
9595.0  9.24417e-10
9600.0  9.41677e-10
9605.0  9.42912e-10
9610.0  9.44107e-10
9615.0  9.67387e-10
9620.0  9.21464e-10
9625.0  9.09854e-10
9630.0  9.48648e-10
9635.0  9.38919e-10
9640.0  9.16231e-10
9645.0  9.24617e-10
9650.0  9.28055e-10
9655.0  9.28274e-10
9660.0  8.97782e-10
9665.0  8.91023e-10
9670.0  9.22379e-10
9675.0  9.53611e-10
9680.0  9.48695e-10
9685.0  9.51272e-10
9690.0  9.5947e-10
9695.0  9.55436e-10
9700.0  9.4956e-10
9705.0  9.46958e-10
9710.0  9.56125e-10
9715.0  9.10936e-10
9720.0  9.30305e-10
9725.0  9.20622e-10
9730.0  9.09451e-10
9735.0  9.14652e-10
9740.0  9.27665e-10
9745.0  9.37222e-10
9750.0  9.36776e-10
9755.0  9.01918e-10
9760.0  8.97055e-10
9765.0  9.15019e-10
9770.0  9.27357e-10
9775.0  9.26332e-10
9780.0  9.23818e-10
9785.0  9.29385e-10
9790.0  9.22481e-10
9795.0  9.38118e-10
9800.0  9.15736e-10
9805.0  9.23735e-10
9810.0  9.30182e-10
9815.0  9.31793e-10
9820.0  9.2604e-10
9825.0  9.18477e-10
9830.0  8.92633e-10
9835.0  9.16527e-10
9840.0  9.1689e-10
9845.0  9.52616e-10
9850.0  9.56015e-10
9855.0  9.22627e-10
9860.0  9.11367e-10
9865.0  9.86104e-10
9870.0  9.35011e-10
9875.0  9.4414e-10
9880.0  9.24907e-10
9885.0  9.13599e-10
9890.0  9.14766e-10
9895.0  9.01071e-10
9900.0  8.91161e-10
9905.0  8.78343e-10
9910.0  9.21033e-10
9915.0  9.07345e-10
9920.0  9.07131e-10
9925.0  8.68735e-10
9930.0  8.689e-10
9935.0  8.98987e-10
9940.0  9.09325e-10
9945.0  8.64952e-10
9950.0  8.53648e-10
9955.0  8.37387e-10
9960.0  8.76866e-10
9965.0  8.73813e-10
9970.0  8.80638e-10
9975.0  8.71385e-10
9980.0  8.78904e-10
9985.0  9.36806e-10
9990.0  9.1155e-10
9995.0  8.76052e-10
10000.0  8.81195e-10
10005.0  8.4812e-10
10010.0  8.52741e-10
10015.0  8.39894e-10
10020.0  8.17997e-10
10025.0  8.31655e-10
10030.0  8.40277e-10
10035.0  8.52985e-10
10040.0  8.21933e-10
10045.0  7.9351e-10
10050.0  8.01361e-10
10055.0  7.85384e-10
10060.0  8.14191e-10
10065.0  8.12341e-10
10070.0  8.38977e-10
10075.0  8.49025e-10
10080.0  8.83749e-10
10085.0  8.97638e-10
10090.0  8.62719e-10
10095.0  8.91753e-10
10100.0  9.1817e-10
10105.0  8.6964e-10
10110.0  8.58338e-10
10115.0  8.48891e-10
10120.0  8.65148e-10
10125.0  8.5173e-10
10130.0  8.44419e-10
10135.0  8.54954e-10
10140.0  8.47632e-10
10145.0  8.61979e-10
10150.0  8.64983e-10
10155.0  8.63498e-10
10160.0  8.61504e-10
10165.0  8.59297e-10
10170.0  8.56908e-10
10175.0  8.54364e-10
10180.0  8.5169e-10
10185.0  8.48916e-10
10190.0  8.46068e-10
10195.0  8.43171e-10
10200.0  8.40257e-10
10205.0  8.37349e-10
10210.0  8.34471e-10
10215.0  8.31647e-10
10220.0  8.28901e-10
10225.0  8.26249e-10
10230.0  8.23721e-10
10235.0  8.21332e-10
10240.0  8.1911e-10
10245.0  8.17079e-10
10250.0  8.15257e-10
10255.0  8.13652e-10
10260.0  8.1225e-10
10265.0  8.11016e-10
10270.0  8.09922e-10
10275.0  8.08934e-10
10280.0  8.0802e-10
10285.0  8.07153e-10
10290.0  8.06297e-10
10295.0  8.0542e-10
10300.0  8.04491e-10
10305.0  8.03492e-10
10310.0  8.02432e-10
10315.0  8.01323e-10
10320.0  8.00186e-10
10325.0  7.99038e-10
10330.0  7.97899e-10
10335.0  7.96785e-10
10340.0  7.95719e-10
10345.0  7.94712e-10
10350.0  7.93787e-10
10355.0  7.92949e-10
10360.0  7.92188e-10
10365.0  7.91492e-10
10370.0  7.90831e-10
10375.0  7.90193e-10
10380.0  7.89554e-10
10385.0  7.88896e-10
10390.0  7.882e-10
10395.0  7.87445e-10
10400.0  7.8661e-10
10405.0  7.8569e-10
10410.0  7.84687e-10
10415.0  7.83626e-10
10420.0  7.82516e-10
10425.0  7.81379e-10
10430.0  7.80236e-10
10435.0  7.79096e-10
10440.0  7.77981e-10
10445.0  7.76914e-10
10450.0  7.75906e-10
10455.0  7.74969e-10
10460.0  7.74103e-10
10465.0  7.733e-10
10470.0  7.72549e-10
10475.0  7.71849e-10
10480.0  7.71184e-10
10485.0  7.70546e-10
10490.0  7.69935e-10
10495.0  7.69338e-10
10500.0  7.68744e-10
10505.0  7.68153e-10
10510.0  7.6756e-10
10515.0  7.66962e-10
10520.0  7.66364e-10
10525.0  7.65763e-10
10530.0  7.65161e-10
10535.0  7.64558e-10
10540.0  7.63954e-10
10545.0  7.63344e-10
10550.0  7.62733e-10
10555.0  7.62121e-10
10560.0  7.61507e-10
10565.0  7.60889e-10
10570.0  7.60272e-10
10575.0  7.59652e-10
10580.0  7.59029e-10
10585.0  7.58405e-10
10590.0  7.57779e-10
10595.0  7.5715e-10
10600.0  7.56519e-10
10605.0  7.55887e-10
10610.0  7.55253e-10
10615.0  7.54616e-10
10620.0  5.6552e-10
