# Extracted from file: pickles_105.fits
#SIMPLETrueFits standard
#BITPIX16Bits per pixel
#NAXIS0Number of axes
#EXTENDTrueFile may contain extensions
#DATE2007-01-11T20:44:27Date FITS file was generated
#IRAF-TLM15:44:43 (11/01/2007)Time of last modification
#COMMENT  FITS (Flexible Image Transport System) format is defined in 'Astronomy
#COMMENT  and Astrophysics', volume 376, page 359; bibcode: 2001A&A...376..359H
#ORIGINSTScI-STSDAS/TABLESTables version 2002-02-22
#FILENAMEpickles_105.fitsname of file
#NEXTEND1number of extensions in file
#COMMENT1spectral type: M10III
#COMMENT2metallicity: solar
#COMMENT3original filename: m10iii.dat
#HISTORY  File created by F.R.Boffi.
#HISTORY  SEDs from Pickles UVILIB Library (1998, PASP 110, 863).
#HISTORY  Wavelength is in Angstrom.
#HISTORY  Fluxes are tabulated in units of erg/s/cm^2/A
#HISTORY  and were calculated by normalizing the original fluxes
#HISTORY  in the Pickles V band to a 0 magnitude in vegamag.
#HISTORY  In the vegamag system, Vega has magnitude zero in all passbands.
#HISTORY  Please refer to the SYNPHOT manual for further information.
#
#
#
#
#
#
#
#
#
#
#
#
#
#  
#Columns WAVELENGTH FLUX
#Units  angstroms flam
1150.0  0.0
1155.0  0.0
1160.0  0.0
1165.0  0.0
1170.0  0.0
1175.0  0.0
1180.0  0.0
1185.0  0.0
1190.0  0.0
1195.0  0.0
1200.0  0.0
1205.0  0.0
1210.0  0.0
1215.0  0.0
1220.0  0.0
1225.0  0.0
1230.0  0.0
1235.0  0.0
1240.0  0.0
1245.0  0.0
1250.0  0.0
1255.0  0.0
1260.0  0.0
1265.0  0.0
1270.0  0.0
1275.0  0.0
1280.0  0.0
1285.0  0.0
1290.0  0.0
1295.0  0.0
1300.0  0.0
1305.0  0.0
1310.0  0.0
1315.0  0.0
1320.0  0.0
1325.0  0.0
1330.0  0.0
1335.0  0.0
1340.0  0.0
1345.0  0.0
1350.0  0.0
1355.0  0.0
1360.0  0.0
1365.0  0.0
1370.0  0.0
1375.0  0.0
1380.0  0.0
1385.0  0.0
1390.0  0.0
1395.0  0.0
1400.0  0.0
1405.0  0.0
1410.0  0.0
1415.0  0.0
1420.0  0.0
1425.0  0.0
1430.0  0.0
1435.0  0.0
1440.0  0.0
1445.0  0.0
1450.0  0.0
1455.0  0.0
1460.0  0.0
1465.0  0.0
1470.0  0.0
1475.0  0.0
1480.0  0.0
1485.0  0.0
1490.0  0.0
1495.0  0.0
1500.0  0.0
1505.0  0.0
1510.0  0.0
1515.0  0.0
1520.0  0.0
1525.0  0.0
1530.0  0.0
1535.0  0.0
1540.0  0.0
1545.0  0.0
1550.0  0.0
1555.0  0.0
1560.0  0.0
1565.0  0.0
1570.0  0.0
1575.0  0.0
1580.0  0.0
1585.0  0.0
1590.0  0.0
1595.0  0.0
1600.0  0.0
1605.0  0.0
1610.0  0.0
1615.0  0.0
1620.0  0.0
1625.0  0.0
1630.0  0.0
1635.0  0.0
1640.0  0.0
1645.0  0.0
1650.0  0.0
1655.0  0.0
1660.0  0.0
1665.0  0.0
1670.0  0.0
1675.0  0.0
1680.0  0.0
1685.0  0.0
1690.0  0.0
1695.0  0.0
1700.0  0.0
1705.0  0.0
1710.0  0.0
1715.0  0.0
1720.0  0.0
1725.0  0.0
1730.0  0.0
1735.0  0.0
1740.0  0.0
1745.0  0.0
1750.0  0.0
1755.0  0.0
1760.0  0.0
1765.0  0.0
1770.0  0.0
1775.0  0.0
1780.0  0.0
1785.0  0.0
1790.0  0.0
1795.0  0.0
1800.0  0.0
1805.0  0.0
1810.0  0.0
1815.0  0.0
1820.0  0.0
1825.0  0.0
1830.0  0.0
1835.0  0.0
1840.0  0.0
1845.0  0.0
1850.0  0.0
1855.0  0.0
1860.0  0.0
1865.0  0.0
1870.0  0.0
1875.0  0.0
1880.0  0.0
1885.0  0.0
1890.0  0.0
1895.0  0.0
1900.0  0.0
1905.0  0.0
1910.0  0.0
1915.0  0.0
1920.0  0.0
1925.0  0.0
1930.0  0.0
1935.0  0.0
1940.0  0.0
1945.0  0.0
1950.0  0.0
1955.0  0.0
1960.0  0.0
1965.0  0.0
1970.0  0.0
1975.0  0.0
1980.0  0.0
1985.0  0.0
1990.0  0.0
1995.0  0.0
2000.0  0.0
2005.0  0.0
2010.0  0.0
2015.0  0.0
2020.0  0.0
2025.0  0.0
2030.0  0.0
2035.0  0.0
2040.0  0.0
2045.0  0.0
2050.0  0.0
2055.0  0.0
2060.0  0.0
2065.0  0.0
2070.0  0.0
2075.0  4.67221e-16
2080.0  3.26381e-15
2085.0  3.72878e-15
2090.0  4.19599e-15
2095.0  6.99257e-15
2100.0  7.45756e-15
2105.0  7.92476e-15
2110.0  1.07213e-14
2115.0  1.11863e-14
2120.0  1.11863e-14
2125.0  1.11863e-14
2130.0  1.07191e-14
2135.0  7.92257e-15
2140.0  7.45756e-15
2145.0  6.99038e-15
2150.0  3.72661e-15
2155.0  0.0
2160.0  0.0
2165.0  0.0
2170.0  0.0
2175.0  0.0
2180.0  0.0
2185.0  0.0
2190.0  0.0
2195.0  0.0
2200.0  0.0
2205.0  0.0
2210.0  0.0
2215.0  0.0
2220.0  0.0
2225.0  0.0
2230.0  0.0
2235.0  0.0
2240.0  4.20216e-15
2245.0  1.86522e-14
2250.0  3.40344e-14
2255.0  5.26804e-14
2260.0  7.45879e-14
2265.0  9.69606e-14
2270.0  1.19333e-13
2275.0  1.41706e-13
2280.0  1.63611e-13
2285.0  1.8272e-13
2290.0  2.01364e-13
2295.0  2.19541e-13
2300.0  2.34454e-13
2305.0  2.45639e-13
2310.0  2.52627e-13
2315.0  2.53557e-13
2320.0  2.52623e-13
2325.0  2.45161e-13
2330.0  2.30709e-13
2335.0  2.11596e-13
2340.0  1.85024e-13
2345.0  1.48664e-13
2350.0  1.07179e-13
2355.0  5.91677e-14
2360.0  7.897e-15
2365.0  0.0
2370.0  0.0
2375.0  0.0
2380.0  0.0
2385.0  0.0
2390.0  0.0
2395.0  0.0
2400.0  0.0
2405.0  4.57337e-14
2410.0  1.70663e-13
2415.0  3.11419e-13
2420.0  4.05993e-13
2425.0  3.85417e-13
2430.0  2.6797e-13
2435.0  3.05854e-13
2440.0  5.54717e-13
2445.0  4.67367e-13
2450.0  1.495e-13
2455.0  5.77904e-14
2460.0  7.55078e-14
2465.0  4.56587e-14
2470.0  1.49057e-14
2475.0  6.98863e-15
2480.0  9.30316e-16
2485.0  0.0
2490.0  1.4011e-15
2495.0  1.1659e-14
2500.0  2.65759e-14
2505.0  4.28866e-14
2510.0  4.56739e-14
2515.0  2.88869e-14
2520.0  7.452e-15
2525.0  1.25966e-14
2530.0  4.98899e-14
2535.0  6.47738e-14
2540.0  9.01e-16
2545.0  1.87538e-14
2550.0  4.83195e-13
2555.0  1.22105e-12
2560.0  1.77788e-12
2565.0  1.96647e-12
2570.0  1.83679e-12
2575.0  1.73914e-12
2580.0  2.57171e-12
2585.0  4.35868e-12
2590.0  4.95917e-12
2595.0  4.25383e-12
2600.0  4.35607e-12
2605.0  5.8066e-12
2610.0  7.64976e-12
2615.0  8.18084e-12
2620.0  7.54822e-12
2625.0  7.7117e-12
2630.0  9.96603e-12
2635.0  1.25325e-11
2640.0  1.18185e-11
2645.0  7.92223e-12
2650.0  5.41794e-12
2655.0  9.85403e-12
2660.0  1.38382e-11
2665.0  9.26252e-12
2670.0  5.22207e-12
2675.0  6.88614e-12
2680.0  1.00959e-11
2685.0  1.12048e-11
2690.0  9.8988e-12
2695.0  8.91995e-12
2700.0  8.71907e-12
2705.0  7.69259e-12
2710.0  5.20588e-12
2715.0  2.22687e-12
2720.0  8.78929e-13
2725.0  1.50229e-12
2730.0  2.66635e-12
2735.0  2.44241e-12
2740.0  1.32577e-12
2745.0  1.45403e-12
2750.0  2.26094e-12
2755.0  3.14631e-12
2760.0  4.97783e-12
2765.0  6.42214e-12
2770.0  6.29749e-12
2775.0  7.03211e-12
2780.0  8.18651e-12
2785.0  6.59452e-12
2790.0  3.30836e-12
2795.0  8.7095e-13
2800.0  4.46706e-13
2805.0  1.33854e-12
2810.0  1.88223e-12
2815.0  1.97346e-12
2820.0  1.87824e-12
2825.0  1.36445e-12
2830.0  7.00772e-13
2835.0  3.28486e-13
2840.0  1.46757e-13
2845.0  3.11966e-14
2850.0  0.0
2855.0  0.0
2860.0  2.94073e-14
2865.0  2.0425e-13
2870.0  4.57817e-13
2875.0  7.29606e-13
2880.0  1.29472e-12
2885.0  2.49991e-12
2890.0  4.49696e-12
2895.0  6.81989e-12
2900.0  8.13295e-12
2905.0  7.17474e-12
2910.0  7.84517e-12
2915.0  1.41675e-11
2920.0  1.62386e-11
2925.0  1.03784e-11
2930.0  8.94887e-12
2935.0  1.25958e-11
2940.0  1.43008e-11
2945.0  1.33805e-11
2950.0  1.43483e-11
2955.0  1.85283e-11
2960.0  1.71276e-11
2965.0  1.10906e-11
2970.0  1.08346e-11
2975.0  1.20796e-11
2980.0  8.01853e-12
2985.0  8.43266e-12
2990.0  1.27347e-11
2995.0  1.00216e-11
3000.0  6.436e-12
3005.0  8.40299e-12
3010.0  1.00838e-11
3015.0  6.84663e-12
3020.0  1.99406e-12
3025.0  9.07371e-12
3030.0  2.35541e-11
3035.0  2.40786e-11
3040.0  1.53056e-11
3045.0  9.71671e-12
3050.0  1.07181e-11
3055.0  1.67266e-11
3060.0  2.46972e-11
3065.0  3.28937e-11
3070.0  4.26517e-11
3075.0  5.57808e-11
3080.0  6.66893e-11
3085.0  6.53918e-11
3090.0  4.86374e-11
3095.0  4.85797e-11
3100.0  9.30809e-11
3105.0  1.37199e-10
3110.0  1.73782e-10
3115.0  2.6432e-10
3120.0  3.36396e-10
3125.0  3.01483e-10
3130.0  2.50081e-10
3135.0  2.33647e-10
3140.0  2.30704e-10
3145.0  2.81177e-10
3150.0  3.40768e-10
3155.0  2.57258e-10
3160.0  1.73275e-10
3165.0  2.97654e-10
3170.0  4.98171e-10
3175.0  5.64676e-10
3180.0  4.09645e-10
3185.0  2.26895e-10
3190.0  1.69726e-10
3195.0  1.77281e-10
3200.0  2.74513e-10
3205.0  4.76168e-10
3210.0  5.26423e-10
3215.0  3.28963e-10
3220.0  1.64606e-10
3225.0  1.9576e-10
3230.0  3.44826e-10
3235.0  3.72326e-10
3240.0  4.2264e-10
3245.0  8.04194e-10
3250.0  1.03071e-09
3255.0  8.38241e-10
3260.0  7.38127e-10
3265.0  7.61662e-10
3270.0  7.22927e-10
3275.0  8.78981e-10
3280.0  1.19165e-09
3285.0  1.31244e-09
3290.0  1.32395e-09
3295.0  1.3549e-09
3300.0  1.2815e-09
3305.0  1.03276e-09
3310.0  6.99084e-10
3315.0  5.32419e-10
3320.0  7.23048e-10
3325.0  1.17819e-09
3330.0  1.39049e-09
3335.0  1.03478e-09
3340.0  6.78834e-10
3345.0  6.96608e-10
3350.0  9.16843e-10
3355.0  9.50289e-10
3360.0  6.41909e-10
3365.0  2.91456e-10
3370.0  2.75269e-10
3375.0  7.01687e-10
3380.0  1.13154e-09
3385.0  1.20297e-09
3390.0  9.4447e-10
3395.0  8.29449e-10
3400.0  1.04258e-09
3405.0  1.13851e-09
3410.0  9.85408e-10
3415.0  9.0139e-10
3420.0  1.34091e-09
3425.0  2.03825e-09
3430.0  1.88155e-09
3435.0  9.97787e-10
3440.0  3.5313e-10
3445.0  4.99814e-10
3450.0  1.06748e-09
3455.0  1.27177e-09
3460.0  1.38766e-09
3465.0  1.51592e-09
3470.0  1.0539e-09
3475.0  7.32584e-10
3480.0  1.32314e-09
3485.0  1.60668e-09
3490.0  1.2068e-09
3495.0  1.04085e-09
3500.0  1.37539e-09
3505.0  1.81333e-09
3510.0  1.68308e-09
3515.0  9.84626e-10
3520.0  4.32276e-10
3525.0  9.87472e-10
3530.0  2.62056e-09
3535.0  3.93038e-09
3540.0  4.28312e-09
3545.0  3.972e-09
3550.0  3.70619e-09
3555.0  3.51617e-09
3560.0  3.00237e-09
3565.0  2.01444e-09
3570.0  8.92686e-10
3575.0  2.38567e-10
3580.0  1.73235e-10
3585.0  3.81323e-10
3590.0  3.62578e-10
3595.0  2.18309e-10
3600.0  3.85628e-10
3605.0  6.57754e-10
3610.0  9.16732e-10
3615.0  1.50295e-09
3620.0  2.13009e-09
3625.0  2.21563e-09
3630.0  1.7604e-09
3635.0  1.5937e-09
3640.0  2.43722e-09
3645.0  2.83309e-09
3650.0  2.51333e-09
3655.0  3.63606e-09
3660.0  4.90755e-09
3665.0  4.35817e-09
3670.0  4.08629e-09
3675.0  4.10246e-09
3680.0  2.43046e-09
3685.0  1.50858e-09
3690.0  3.31114e-09
3695.0  5.75311e-09
3700.0  6.1735e-09
3705.0  3.67909e-09
3710.0  1.40026e-09
3715.0  1.24952e-09
3720.0  1.37798e-09
3725.0  1.00393e-09
3730.0  6.22174e-10
3735.0  6.0386e-10
3740.0  7.14466e-10
3745.0  5.59767e-10
3750.0  7.92276e-10
3755.0  1.60261e-09
3760.0  2.06792e-09
3765.0  2.58721e-09
3770.0  4.21004e-09
3775.0  6.77182e-09
3780.0  8.335e-09
3785.0  6.94069e-09
3790.0  4.88602e-09
3795.0  4.45666e-09
3800.0  4.95969e-09
3805.0  5.27938e-09
3810.0  4.69743e-09
3815.0  3.1191e-09
3820.0  1.32186e-09
3825.0  7.36113e-10
3830.0  1.25207e-09
3835.0  2.10828e-09
3840.0  3.41141e-09
3845.0  4.27626e-09
3850.0  3.33589e-09
3855.0  1.84576e-09
3860.0  1.39958e-09
3865.0  2.03333e-09
3870.0  2.73317e-09
3875.0  2.45676e-09
3880.0  1.3549e-09
3885.0  9.44153e-10
3890.0  2.56911e-09
3895.0  3.89662e-09
3900.0  3.07164e-09
3905.0  2.59839e-09
3910.0  3.17228e-09
3915.0  2.90587e-09
3920.0  1.82669e-09
3925.0  8.86435e-10
3930.0  5.62645e-10
3935.0  5.83177e-10
3940.0  7.18576e-10
3945.0  1.50786e-09
3950.0  2.25304e-09
3955.0  1.56237e-09
3960.0  5.52034e-10
3965.0  5.18538e-10
3970.0  1.2335e-09
3975.0  2.32847e-09
3980.0  3.34751e-09
3985.0  3.50838e-09
3990.0  3.29673e-09
3995.0  4.29767e-09
4000.0  5.64309e-09
4005.0  5.80342e-09
4010.0  5.66395e-09
4015.0  5.80606e-09
4020.0  5.60748e-09
4025.0  4.30578e-09
4030.0  2.67565e-09
4035.0  2.96543e-09
4040.0  4.0562e-09
4045.0  3.8217e-09
4050.0  3.31246e-09
4055.0  3.2403e-09
4060.0  3.1785e-09
4065.0  3.40308e-09
4070.0  3.7194e-09
4075.0  3.12915e-09
4080.0  2.81494e-09
4085.0  4.05832e-09
4090.0  4.77788e-09
4095.0  3.75177e-09
4100.0  2.60986e-09
4105.0  2.569e-09
4110.0  3.39277e-09
4115.0  3.49407e-09
4120.0  3.01337e-09
4125.0  3.31109e-09
4130.0  3.07734e-09
4135.0  1.62933e-09
4140.0  9.27507e-10
4145.0  1.84163e-09
4150.0  3.85738e-09
4155.0  5.81009e-09
4160.0  6.00726e-09
4165.0  3.5667e-09
4170.0  1.32134e-09
4175.0  1.53402e-09
4180.0  3.04674e-09
4185.0  4.0312e-09
4190.0  3.48481e-09
4195.0  2.45809e-09
4200.0  1.93238e-09
4205.0  1.6538e-09
4210.0  1.33467e-09
4215.0  9.0826e-10
4220.0  4.5258e-10
4225.0  2.06002e-10
4230.0  4.24315e-10
4235.0  1.00417e-09
4240.0  1.70662e-09
4245.0  2.26517e-09
4250.0  2.17536e-09
4255.0  1.43839e-09
4260.0  1.2903e-09
4265.0  1.63336e-09
4270.0  1.32881e-09
4275.0  1.28086e-09
4280.0  2.03536e-09
4285.0  2.29964e-09
4290.0  1.70727e-09
4295.0  1.11269e-09
4300.0  1.71565e-09
4305.0  2.70131e-09
4310.0  2.14207e-09
4315.0  1.21934e-09
4320.0  1.4064e-09
4325.0  1.60504e-09
4330.0  1.25883e-09
4335.0  1.04666e-09
4340.0  1.20876e-09
4345.0  1.46566e-09
4350.0  1.35575e-09
4355.0  1.08329e-09
4360.0  1.11729e-09
4365.0  1.44145e-09
4370.0  1.82214e-09
4375.0  1.9887e-09
4380.0  1.77292e-09
4385.0  1.37028e-09
4390.0  1.27029e-09
4395.0  1.20309e-09
4400.0  8.02498e-10
4405.0  6.99598e-10
4410.0  1.41229e-09
4415.0  2.63849e-09
4420.0  2.93432e-09
4425.0  1.55893e-09
4430.0  5.4262e-10
4435.0  6.12595e-10
4440.0  7.63935e-10
4445.0  1.26587e-09
4450.0  2.15244e-09
4455.0  2.26645e-09
4460.0  1.48151e-09
4465.0  6.50744e-10
4470.0  7.17035e-10
4475.0  1.69841e-09
4480.0  2.54896e-09
4485.0  2.6898e-09
4490.0  2.1925e-09
4495.0  1.54236e-09
4500.0  1.0679e-09
4505.0  8.19283e-10
4510.0  7.80691e-10
4515.0  9.0271e-10
4520.0  1.04456e-09
4525.0  8.84512e-10
4530.0  5.00361e-10
4535.0  1.4406e-09
4540.0  3.20803e-09
4545.0  2.41966e-09
4550.0  5.48942e-10
4555.0  6.19206e-10
4560.0  1.05542e-09
4565.0  9.98563e-10
4570.0  1.36599e-09
4575.0  1.62238e-09
4580.0  1.14693e-09
4585.0  4.89578e-10
4590.0  5.73137e-10
4595.0  1.48941e-09
4600.0  1.60975e-09
4605.0  8.40326e-10
4610.0  7.27369e-10
4615.0  1.42216e-09
4620.0  2.12918e-09
4625.0  1.91507e-09
4630.0  9.68779e-10
4635.0  3.35201e-10
4640.0  1.86986e-10
4645.0  5.09764e-10
4650.0  1.54465e-09
4655.0  2.83841e-09
4660.0  3.41033e-09
4665.0  2.51996e-09
4670.0  1.026e-09
4675.0  6.42854e-10
4680.0  9.73254e-10
4685.0  1.15501e-09
4690.0  1.33416e-09
4695.0  2.34062e-09
4700.0  3.9626e-09
4705.0  3.52664e-09
4710.0  1.23534e-09
4715.0  1.20042e-10
4720.0  4.85006e-10
4725.0  7.66289e-10
4730.0  0.0
4735.0  1.89956e-09
4740.0  9.41863e-09
4745.0  1.50782e-08
4750.0  1.32827e-08
4755.0  6.90036e-09
4760.0  1.38189e-09
4765.0  0.0
4770.0  1.67167e-10
4775.0  3.79984e-10
4780.0  1.24113e-09
4785.0  2.17145e-09
4790.0  2.38045e-09
4795.0  1.95368e-09
4800.0  1.2865e-09
4805.0  6.75706e-10
4810.0  0.0
4815.0  0.0
4820.0  2.16925e-09
4825.0  4.4929e-09
4830.0  3.22669e-09
4835.0  2.01372e-09
4840.0  3.30125e-09
4845.0  3.3649e-09
4850.0  1.52533e-09
4855.0  4.36887e-10
4860.0  2.57061e-09
4865.0  5.15593e-09
4870.0  3.70187e-09
4875.0  3.80049e-09
4880.0  7.85048e-09
4885.0  8.21173e-09
4890.0  4.9031e-09
4895.0  2.94471e-09
4900.0  3.17344e-09
4905.0  3.66947e-09
4910.0  2.58261e-09
4915.0  2.03206e-09
4920.0  3.2217e-09
4925.0  3.86278e-09
4930.0  3.9159e-09
4935.0  4.12136e-09
4940.0  2.98323e-09
4945.0  2.14005e-09
4950.0  4.48474e-09
4955.0  4.99614e-09
4960.0  1.51455e-09
4965.0  2.62319e-10
4970.0  1.42799e-09
4975.0  1.93823e-09
4980.0  3.11788e-09
4985.0  4.94979e-09
4990.0  4.49549e-09
4995.0  2.28015e-09
5000.0  7.77695e-10
5005.0  5.17539e-10
5010.0  6.22082e-10
5015.0  4.25598e-10
5020.0  1.96933e-09
5025.0  5.37179e-09
5030.0  5.86392e-09
5035.0  3.18309e-09
5040.0  1.54561e-09
5045.0  1.06286e-09
5050.0  7.54577e-10
5055.0  1.20425e-09
5060.0  2.54249e-09
5065.0  3.94952e-09
5070.0  4.00332e-09
5075.0  2.74072e-09
5080.0  2.05174e-09
5085.0  4.07434e-09
5090.0  7.11709e-09
5095.0  5.78936e-09
5100.0  3.29488e-09
5105.0  5.19526e-09
5110.0  8.27639e-09
5115.0  9.05293e-09
5120.0  7.46276e-09
5125.0  5.9523e-09
5130.0  5.95537e-09
5135.0  6.1401e-09
5140.0  6.1863e-09
5145.0  6.63088e-09
5150.0  5.89997e-09
5155.0  5.13251e-09
5160.0  8.67467e-09
5165.0  1.08127e-08
5170.0  5.45598e-09
5175.0  8.60678e-10
5180.0  6.0968e-10
5185.0  6.39313e-10
5190.0  1.73214e-09
5195.0  3.99312e-09
5200.0  3.51241e-09
5205.0  2.54002e-09
5210.0  5.93324e-09
5215.0  7.88976e-09
5220.0  4.8618e-09
5225.0  3.00431e-09
5230.0  3.55908e-09
5235.0  3.77617e-09
5240.0  3.5118e-09
5245.0  3.38468e-09
5250.0  3.42518e-09
5255.0  4.45819e-09
5260.0  6.46102e-09
5265.0  6.69474e-09
5270.0  5.63824e-09
5275.0  5.91288e-09
5280.0  5.16555e-09
5285.0  3.34495e-09
5290.0  5.38388e-09
5295.0  9.28056e-09
5300.0  9.84531e-09
5305.0  7.12407e-09
5310.0  3.19722e-09
5315.0  1.17878e-09
5320.0  5.54165e-09
5325.0  1.2636e-08
5330.0  9.86043e-09
5335.0  2.12281e-09
5340.0  5.84768e-10
5345.0  1.46887e-09
5350.0  1.50168e-09
5355.0  2.18799e-09
5360.0  2.78693e-09
5365.0  2.31009e-09
5370.0  1.54149e-09
5375.0  1.41716e-09
5380.0  2.42935e-09
5385.0  4.35028e-09
5390.0  6.05687e-09
5395.0  6.03093e-09
5400.0  5.03472e-09
5405.0  4.67149e-09
5410.0  4.81458e-09
5415.0  4.74652e-09
5420.0  4.17282e-09
5425.0  4.12147e-09
5430.0  5.19178e-09
5435.0  6.43237e-09
5440.0  6.9721e-09
5445.0  6.32961e-09
5450.0  4.05996e-09
5455.0  1.25005e-09
5460.0  5.545e-10
5465.0  1.40012e-09
5470.0  2.24893e-09
5475.0  4.32463e-09
5480.0  6.60827e-09
5485.0  6.33627e-09
5490.0  5.25749e-09
5495.0  5.05947e-09
5500.0  3.37113e-09
5505.0  1.58033e-09
5510.0  3.88933e-09
5515.0  7.49505e-09
5520.0  8.23302e-09
5525.0  5.66393e-09
5530.0  2.84857e-09
5535.0  3.39124e-09
5540.0  5.46857e-09
5545.0  5.99313e-09
5550.0  4.26935e-09
5555.0  2.1541e-09
5560.0  1.61266e-09
5565.0  1.92344e-09
5570.0  2.34141e-09
5575.0  2.91845e-09
5580.0  3.56394e-09
5585.0  3.80648e-09
5590.0  3.07463e-09
5595.0  1.99419e-09
5600.0  1.47711e-09
5605.0  1.25922e-09
5610.0  1.0389e-09
5615.0  8.69727e-10
5620.0  8.27249e-10
5625.0  9.03677e-10
5630.0  9.75976e-10
5635.0  8.70434e-10
5640.0  7.45514e-10
5645.0  1.35144e-09
5650.0  2.38223e-09
5655.0  2.64223e-09
5660.0  2.10276e-09
5665.0  1.42277e-09
5670.0  1.28819e-09
5675.0  1.61385e-09
5680.0  1.85374e-09
5685.0  2.34309e-09
5690.0  3.06714e-09
5695.0  3.04495e-09
5700.0  2.42876e-09
5705.0  2.21928e-09
5710.0  2.2428e-09
5715.0  2.27326e-09
5720.0  2.78824e-09
5725.0  3.69773e-09
5730.0  4.27714e-09
5735.0  3.91306e-09
5740.0  2.84477e-09
5745.0  2.36195e-09
5750.0  2.89821e-09
5755.0  3.62295e-09
5760.0  3.30079e-09
5765.0  2.04294e-09
5770.0  1.64957e-09
5775.0  1.94797e-09
5780.0  1.93156e-09
5785.0  2.14954e-09
5790.0  2.74489e-09
5795.0  3.17116e-09
5800.0  3.61818e-09
5805.0  4.03705e-09
5810.0  3.65332e-09
5815.0  2.65735e-09
5820.0  1.97965e-09
5825.0  2.27016e-09
5830.0  2.81476e-09
5835.0  2.29789e-09
5840.0  1.5052e-09
5845.0  1.654e-09
5850.0  2.73439e-09
5855.0  3.12072e-09
5860.0  1.78849e-09
5865.0  7.82426e-10
5870.0  8.407e-10
5875.0  8.08841e-10
5880.0  6.92622e-10
5885.0  7.93103e-10
5890.0  8.74213e-10
5895.0  8.23884e-10
5900.0  7.0281e-10
5905.0  5.71583e-10
5910.0  4.93483e-10
5915.0  5.09299e-10
5920.0  5.18577e-10
5925.0  4.62348e-10
5930.0  5.38245e-10
5935.0  7.29671e-10
5940.0  7.96408e-10
5945.0  7.35476e-10
5950.0  6.64275e-10
5955.0  6.77826e-10
5960.0  7.90929e-10
5965.0  9.18141e-10
5970.0  9.15993e-10
5975.0  9.61816e-10
5980.0  1.3707e-09
5985.0  1.81774e-09
5990.0  1.87783e-09
5995.0  1.52494e-09
6000.0  1.1711e-09
6005.0  1.19886e-09
6010.0  1.41484e-09
6015.0  1.62012e-09
6020.0  1.76456e-09
6025.0  1.74504e-09
6030.0  1.66185e-09
6035.0  1.91013e-09
6040.0  2.51281e-09
6045.0  3.11637e-09
6050.0  3.4934e-09
6055.0  3.52351e-09
6060.0  3.25968e-09
6065.0  3.32037e-09
6070.0  3.997e-09
6075.0  4.20041e-09
6080.0  3.79317e-09
6085.0  4.06144e-09
6090.0  4.49032e-09
6095.0  4.20743e-09
6100.0  4.45005e-09
6105.0  5.13464e-09
6110.0  4.55206e-09
6115.0  3.99519e-09
6120.0  4.99783e-09
6125.0  5.05513e-09
6130.0  3.88688e-09
6135.0  4.62587e-09
6140.0  5.6777e-09
6145.0  4.09438e-09
6150.0  2.39403e-09
6155.0  2.35481e-09
6160.0  2.13753e-09
6165.0  1.51966e-09
6170.0  1.32654e-09
6175.0  1.12682e-09
6180.0  7.47668e-10
6185.0  6.13176e-10
6190.0  8.29294e-10
6195.0  1.15221e-09
6200.0  1.23356e-09
6205.0  1.04453e-09
6210.0  7.75629e-10
6215.0  6.59234e-10
6220.0  6.61091e-10
6225.0  6.48765e-10
6230.0  6.82353e-10
6235.0  7.86445e-10
6240.0  8.56563e-10
6245.0  8.93232e-10
6250.0  9.28271e-10
6255.0  8.92545e-10
6260.0  8.79383e-10
6265.0  1.05928e-09
6270.0  1.23413e-09
6275.0  1.26013e-09
6280.0  1.30207e-09
6285.0  1.39225e-09
6290.0  1.47079e-09
6295.0  1.61497e-09
6300.0  1.96644e-09
6305.0  2.57875e-09
6310.0  3.08982e-09
6315.0  3.09664e-09
6320.0  2.75168e-09
6325.0  2.5758e-09
6330.0  3.04359e-09
6335.0  3.37285e-09
6340.0  2.79093e-09
6345.0  2.36132e-09
6350.0  2.86662e-09
6355.0  3.7401e-09
6360.0  3.76454e-09
6365.0  3.09046e-09
6370.0  4.71454e-09
6375.0  7.51493e-09
6380.0  7.27282e-09
6385.0  5.72834e-09
6390.0  5.08017e-09
6395.0  4.3081e-09
6400.0  5.04429e-09
6405.0  9.52122e-09
6410.0  1.19485e-08
6415.0  8.7661e-09
6420.0  4.91177e-09
6425.0  3.85694e-09
6430.0  5.75552e-09
6435.0  8.30648e-09
6440.0  9.47568e-09
6445.0  9.16586e-09
6450.0  9.41547e-09
6455.0  1.09696e-08
6460.0  1.00871e-08
6465.0  8.22688e-09
6470.0  1.09712e-08
6475.0  1.45452e-08
6480.0  1.3322e-08
6485.0  1.00442e-08
6490.0  8.76863e-09
6495.0  1.07779e-08
6500.0  1.30331e-08
6505.0  1.33455e-08
6510.0  1.29323e-08
6515.0  1.14122e-08
6520.0  1.00249e-08
6525.0  1.53533e-08
6530.0  2.37449e-08
6535.0  2.3626e-08
6540.0  1.67114e-08
6545.0  1.0542e-08
6550.0  9.50612e-09
6555.0  1.04244e-08
6560.0  7.06682e-09
6565.0  3.84955e-09
6570.0  4.62214e-09
6575.0  5.51603e-09
6580.0  5.45071e-09
6585.0  5.42957e-09
6590.0  4.50181e-09
6595.0  3.12041e-09
6600.0  3.18749e-09
6605.0  4.34714e-09
6610.0  5.13961e-09
6615.0  4.57087e-09
6620.0  3.48505e-09
6625.0  3.08634e-09
6630.0  2.92286e-09
6635.0  2.97389e-09
6640.0  3.62514e-09
6645.0  3.6085e-09
6650.0  2.56342e-09
6655.0  2.212e-09
6660.0  2.36917e-09
6665.0  2.09733e-09
6670.0  2.18508e-09
6675.0  2.64128e-09
6680.0  2.5636e-09
6685.0  2.45935e-09
6690.0  2.81295e-09
6695.0  3.05433e-09
6700.0  2.83113e-09
6705.0  2.44587e-09
6710.0  2.69242e-09
6715.0  3.11411e-09
6720.0  2.91111e-09
6725.0  2.73757e-09
6730.0  2.83032e-09
6735.0  2.77546e-09
6740.0  2.88582e-09
6745.0  3.19311e-09
6750.0  2.98193e-09
6755.0  2.62216e-09
6760.0  3.13817e-09
6765.0  4.83257e-09
6770.0  6.26853e-09
6775.0  5.47284e-09
6780.0  3.58935e-09
6785.0  2.48747e-09
6790.0  2.50615e-09
6795.0  2.92206e-09
6800.0  2.97173e-09
6805.0  3.66812e-09
6810.0  5.56604e-09
6815.0  7.36287e-09
6820.0  7.92469e-09
6825.0  7.07149e-09
6830.0  5.86602e-09
6835.0  5.41312e-09
6840.0  6.07419e-09
6845.0  6.47313e-09
6850.0  5.73987e-09
6855.0  6.04976e-09
6860.0  7.20984e-09
6865.0  7.53562e-09
6870.0  1.07993e-08
6875.0  1.75292e-08
6880.0  1.74057e-08
6885.0  1.09441e-08
6890.0  9.443e-09
6895.0  1.29255e-08
6900.0  1.57497e-08
6905.0  1.42573e-08
6910.0  1.1054e-08
6915.0  1.20264e-08
6920.0  1.50352e-08
6925.0  1.61163e-08
6930.0  1.71802e-08
6935.0  1.99694e-08
6940.0  2.33764e-08
6945.0  2.35394e-08
6950.0  1.97583e-08
6955.0  2.055e-08
6960.0  2.63153e-08
6965.0  2.51789e-08
6970.0  2.15943e-08
6975.0  2.48018e-08
6980.0  2.70581e-08
6985.0  2.4542e-08
6990.0  2.23885e-08
6995.0  2.32582e-08
7000.0  2.46092e-08
7005.0  2.31741e-08
7010.0  2.43942e-08
7015.0  2.87299e-08
7020.0  2.65855e-08
7025.0  2.26613e-08
7030.0  2.49094e-08
7035.0  2.50714e-08
7040.0  2.16747e-08
7045.0  2.20528e-08
7050.0  2.30003e-08
7055.0  1.91938e-08
7060.0  1.15763e-08
7065.0  6.46472e-09
7070.0  8.31744e-09
7075.0  1.18283e-08
7080.0  1.22983e-08
7085.0  9.5528e-09
7090.0  6.76669e-09
7095.0  6.80186e-09
7100.0  8.56924e-09
7105.0  1.07231e-08
7110.0  1.28868e-08
7115.0  1.393e-08
7120.0  1.25166e-08
7125.0  8.68477e-09
7130.0  4.38191e-09
7135.0  2.77669e-09
7140.0  2.8132e-09
7145.0  1.95579e-09
7150.0  4.20596e-09
7155.0  1.05653e-08
7160.0  1.19215e-08
7165.0  7.28562e-09
7170.0  5.10421e-09
7175.0  6.92116e-09
7180.0  9.00424e-09
7185.0  9.00608e-09
7190.0  7.43029e-09
7195.0  6.59904e-09
7200.0  8.05318e-09
7205.0  9.69348e-09
7210.0  8.23085e-09
7215.0  6.99901e-09
7220.0  8.56121e-09
7225.0  1.01778e-08
7230.0  1.11091e-08
7235.0  1.26087e-08
7240.0  1.52565e-08
7245.0  1.79161e-08
7250.0  1.84671e-08
7255.0  1.6454e-08
7260.0  1.35348e-08
7265.0  1.27177e-08
7270.0  1.43666e-08
7275.0  1.68335e-08
7280.0  1.8819e-08
7285.0  2.02268e-08
7290.0  2.1306e-08
7295.0  2.23234e-08
7300.0  2.34902e-08
7305.0  2.4949e-08
7310.0  2.68271e-08
7315.0  2.92074e-08
7320.0  3.19442e-08
7325.0  3.46849e-08
7330.0  3.70458e-08
7335.0  3.87044e-08
7340.0  3.95902e-08
7345.0  3.9797e-08
7350.0  3.94429e-08
7355.0  3.86817e-08
7360.0  3.77797e-08
7365.0  3.70582e-08
7370.0  3.68282e-08
7375.0  3.72362e-08
7380.0  3.79803e-08
7385.0  3.85783e-08
7390.0  3.85716e-08
7395.0  3.78813e-08
7400.0  3.72469e-08
7405.0  3.76724e-08
7410.0  4.0084e-08
7415.0  4.45773e-08
7420.0  4.96938e-08
7425.0  5.35312e-08
7430.0  5.4319e-08
7435.0  5.15837e-08
7440.0  4.70559e-08
7445.0  4.30459e-08
7450.0  4.1677e-08
7455.0  4.34319e-08
7460.0  4.63825e-08
7465.0  4.80336e-08
7470.0  4.61224e-08
7475.0  4.02944e-08
7480.0  3.30014e-08
7485.0  2.73549e-08
7490.0  2.62001e-08
7495.0  3.01904e-08
7500.0  3.67564e-08
7505.0  4.25692e-08
7510.0  4.45281e-08
7515.0  4.15503e-08
7520.0  3.56673e-08
7525.0  2.96736e-08
7530.0  2.6242e-08
7535.0  2.66743e-08
7540.0  2.98274e-08
7545.0  3.38861e-08
7550.0  3.70697e-08
7555.0  3.83178e-08
7560.0  3.79834e-08
7565.0  3.68403e-08
7570.0  3.56689e-08
7575.0  3.49915e-08
7580.0  3.47179e-08
7585.0  3.4542e-08
7590.0  3.41459e-08
7595.0  3.33008e-08
7600.0  3.2031e-08
7605.0  3.04676e-08
7610.0  2.87507e-08
7615.0  2.69874e-08
7620.0  2.51664e-08
7625.0  2.32099e-08
7630.0  2.10365e-08
7635.0  1.86542e-08
7640.0  1.64767e-08
7645.0  1.52218e-08
7650.0  1.56477e-08
7655.0  1.83522e-08
7660.0  2.29752e-08
7665.0  2.81011e-08
7670.0  3.21137e-08
7675.0  3.35169e-08
7680.0  3.17879e-08
7685.0  2.79797e-08
7690.0  2.35465e-08
7695.0  1.99249e-08
7700.0  1.81123e-08
7705.0  1.80164e-08
7710.0  1.91438e-08
7715.0  2.09706e-08
7720.0  2.30843e-08
7725.0  2.54762e-08
7730.0  2.83642e-08
7735.0  3.19904e-08
7740.0  3.64772e-08
7745.0  4.12778e-08
7750.0  4.51769e-08
7755.0  4.68394e-08
7760.0  4.50617e-08
7765.0  3.97184e-08
7770.0  3.2607e-08
7775.0  2.6055e-08
7780.0  2.23671e-08
7785.0  2.31204e-08
7790.0  2.75458e-08
7795.0  3.37357e-08
7800.0  3.96604e-08
7805.0  4.35122e-08
7810.0  4.46433e-08
7815.0  4.34584e-08
7820.0  4.05395e-08
7825.0  3.64788e-08
7830.0  3.19154e-08
7835.0  2.75809e-08
7840.0  2.42343e-08
7845.0  2.26214e-08
7850.0  2.32614e-08
7855.0  2.57849e-08
7860.0  2.92736e-08
7865.0  3.2738e-08
7870.0  3.52504e-08
7875.0  3.63047e-08
7880.0  3.59573e-08
7885.0  3.43883e-08
7890.0  3.17937e-08
7895.0  2.84702e-08
7900.0  2.50129e-08
7905.0  2.21487e-08
7910.0  2.06157e-08
7915.0  2.10203e-08
7920.0  2.31617e-08
7925.0  2.59061e-08
7930.0  2.79351e-08
7935.0  2.79993e-08
7940.0  2.55412e-08
7945.0  2.14953e-08
7950.0  1.72791e-08
7955.0  1.43052e-08
7960.0  1.3501e-08
7965.0  1.44748e-08
7970.0  1.6304e-08
7975.0  1.80287e-08
7980.0  1.89102e-08
7985.0  1.89818e-08
7990.0  1.86896e-08
7995.0  1.85232e-08
8000.0  1.88679e-08
8005.0  1.96672e-08
8010.0  2.05645e-08
8015.0  2.11634e-08
8020.0  2.11293e-08
8025.0  2.04637e-08
8030.0  1.94887e-08
8035.0  1.85813e-08
8040.0  1.80974e-08
8045.0  1.82332e-08
8050.0  1.89612e-08
8055.0  2.02032e-08
8060.0  2.18821e-08
8065.0  2.39593e-08
8070.0  2.64752e-08
8075.0  2.94945e-08
8080.0  3.30745e-08
8085.0  3.71598e-08
8090.0  4.13325e-08
8095.0  4.49983e-08
8100.0  4.75485e-08
8105.0  4.85011e-08
8110.0  4.79888e-08
8115.0  4.6652e-08
8120.0  4.521e-08
8125.0  4.43183e-08
8130.0  4.41765e-08
8135.0  4.4346e-08
8140.0  4.42422e-08
8145.0  4.33432e-08
8150.0  4.18108e-08
8155.0  4.15059e-08
8160.0  4.49146e-08
8165.0  5.45264e-08
8170.0  7.18988e-08
8175.0  9.46508e-08
8180.0  1.17723e-07
8185.0  1.3569e-07
8190.0  1.43648e-07
8195.0  1.40229e-07
8200.0  1.28787e-07
8205.0  1.13717e-07
8210.0  9.93694e-08
8215.0  8.90451e-08
8220.0  8.30697e-08
8225.0  8.05134e-08
8230.0  8.03203e-08
8235.0  8.15715e-08
8240.0  8.40173e-08
8245.0  8.79606e-08
8250.0  9.37912e-08
8255.0  1.01793e-07
8260.0  1.11348e-07
8265.0  1.20065e-07
8270.0  1.25023e-07
8275.0  1.23329e-07
8280.0  1.13134e-07
8285.0  9.68525e-08
8290.0  7.96621e-08
8295.0  6.71115e-08
8300.0  6.42999e-08
8305.0  7.27917e-08
8310.0  8.81465e-08
8315.0  1.04335e-07
8320.0  1.15322e-07
8325.0  1.16594e-07
8330.0  1.09384e-07
8335.0  9.83069e-08
8340.0  8.8406e-08
8345.0  8.43812e-08
8350.0  8.82195e-08
8355.0  9.73013e-08
8360.0  1.07787e-07
8365.0  1.1579e-07
8370.0  1.18135e-07
8375.0  1.14752e-07
8380.0  1.07789e-07
8385.0  9.97147e-08
8390.0  9.29035e-08
8395.0  8.88947e-08
8400.0  8.75035e-08
8405.0  8.80102e-08
8410.0  8.96499e-08
8415.0  9.1651e-08
8420.0  9.32037e-08
8425.0  9.34634e-08
8430.0  9.15785e-08
8435.0  8.67434e-08
8440.0  7.86716e-08
8445.0  6.86831e-08
8450.0  5.88414e-08
8455.0  5.12907e-08
8460.0  4.7965e-08
8465.0  4.92959e-08
8470.0  5.35064e-08
8475.0  5.82973e-08
8480.0  6.1361e-08
8485.0  6.0852e-08
8490.0  5.7103e-08
8495.0  5.21582e-08
8500.0  4.83227e-08
8505.0  4.78357e-08
8510.0  5.21186e-08
8515.0  6.00657e-08
8520.0  6.94012e-08
8525.0  7.77199e-08
8530.0  8.27801e-08
8535.0  8.36561e-08
8540.0  8.17672e-08
8545.0  7.91783e-08
8550.0  7.79912e-08
8555.0  7.99791e-08
8560.0  8.50796e-08
8565.0  9.13969e-08
8570.0  9.67054e-08
8575.0  9.88039e-08
8580.0  9.60547e-08
8585.0  8.92074e-08
8590.0  8.06332e-08
8595.0  7.29306e-08
8600.0  6.86305e-08
8605.0  6.94675e-08
8610.0  7.47137e-08
8615.0  8.25019e-08
8620.0  9.08367e-08
8625.0  9.77903e-08
8630.0  1.02031e-07
8635.0  1.03519e-07
8640.0  1.0263e-07
8645.0  9.978e-08
8650.0  9.54456e-08
8655.0  9.04282e-08
8660.0  8.58229e-08
8665.0  8.27387e-08
8670.0  8.19763e-08
8675.0  8.37009e-08
8680.0  8.78574e-08
8685.0  9.40494e-08
8690.0  1.00606e-07
8695.0  1.05078e-07
8700.0  1.05318e-07
8705.0  1.01842e-07
8710.0  9.85503e-08
8715.0  9.98159e-08
8720.0  1.07491e-07
8725.0  1.16481e-07
8730.0  1.18966e-07
8735.0  1.08592e-07
8740.0  8.8153e-08
8745.0  6.87529e-08
8750.0  6.21321e-08
8755.0  7.3495e-08
8760.0  9.45077e-08
8765.0  1.12788e-07
8770.0  1.18086e-07
8775.0  1.10676e-07
8780.0  9.79784e-08
8785.0  8.79388e-08
8790.0  8.49219e-08
8795.0  8.74719e-08
8800.0  9.26776e-08
8805.0  9.7917e-08
8810.0  1.02099e-07
8815.0  1.05078e-07
8820.0  1.06871e-07
8825.0  1.07768e-07
8830.0  1.08461e-07
8835.0  1.09703e-07
8840.0  1.1186e-07
8845.0  1.1392e-07
8850.0  1.14138e-07
8855.0  1.10889e-07
8860.0  1.04037e-07
8865.0  9.56428e-08
8870.0  8.82735e-08
8875.0  8.43716e-08
8880.0  8.57865e-08
8885.0  9.40163e-08
8890.0  1.10062e-07
8895.0  1.31499e-07
8900.0  1.50359e-07
8905.0  1.57413e-07
8910.0  1.45837e-07
8915.0  1.19389e-07
8920.0  8.9019e-08
8925.0  6.61585e-08
8930.0  5.77222e-08
8935.0  6.12928e-08
8940.0  7.15755e-08
8945.0  8.34325e-08
8950.0  9.38253e-08
8955.0  1.01622e-07
8960.0  1.06076e-07
8965.0  1.07178e-07
8970.0  1.06971e-07
8975.0  1.08354e-07
8980.0  1.13908e-07
8985.0  1.23407e-07
8990.0  1.32889e-07
8995.0  1.37674e-07
9000.0  1.34614e-07
9005.0  1.26745e-07
9010.0  1.20921e-07
9015.0  1.24039e-07
9020.0  1.38892e-07
9025.0  1.59403e-07
9030.0  1.7666e-07
9035.0  1.82752e-07
9040.0  1.77213e-07
9045.0  1.67777e-07
9050.0  1.63572e-07
9055.0  1.71376e-07
9060.0  1.88831e-07
9065.0  2.08212e-07
9070.0  2.2152e-07
9075.0  2.24469e-07
9080.0  2.20807e-07
9085.0  2.16857e-07
9090.0  2.18418e-07
9095.0  2.26655e-07
9100.0  2.37382e-07
9105.0  2.45415e-07
9110.0  2.46558e-07
9115.0  2.40973e-07
9120.0  2.31786e-07
9125.0  2.22474e-07
9130.0  2.15836e-07
9135.0  2.12813e-07
9140.0  2.13602e-07
9145.0  2.1825e-07
9150.0  2.26238e-07
9155.0  2.36088e-07
9160.0  2.46069e-07
9165.0  2.5451e-07
9170.0  2.60166e-07
9175.0  2.62221e-07
9180.0  2.59953e-07
9185.0  2.52974e-07
9190.0  2.42278e-07
9195.0  2.29805e-07
9200.0  2.17579e-07
9205.0  2.07145e-07
9210.0  1.98618e-07
9215.0  1.91478e-07
9220.0  1.85159e-07
9225.0  1.79282e-07
9230.0  1.741e-07
9235.0  1.70169e-07
9240.0  1.6808e-07
9245.0  1.68416e-07
9250.0  1.71607e-07
9255.0  1.77234e-07
9260.0  1.84075e-07
9265.0  1.90767e-07
9270.0  1.95942e-07
9275.0  1.98292e-07
9280.0  1.97099e-07
9285.0  1.93174e-07
9290.0  1.87921e-07
9295.0  1.828e-07
9300.0  1.79268e-07
9305.0  1.78597e-07
9310.0  1.80885e-07
9315.0  1.84805e-07
9320.0  1.88739e-07
9325.0  1.91055e-07
9330.0  1.90166e-07
9335.0  1.85072e-07
9340.0  1.76906e-07
9345.0  1.68003e-07
9350.0  1.60842e-07
9355.0  1.57905e-07
9360.0  1.61469e-07
9365.0  1.72163e-07
9370.0  1.87687e-07
9375.0  2.04931e-07
9380.0  2.20727e-07
9385.0  2.31927e-07
9390.0  2.35856e-07
9395.0  2.3233e-07
9400.0  2.2342e-07
9405.0  2.11579e-07
9410.0  1.99268e-07
9415.0  1.88906e-07
9420.0  1.82371e-07
9425.0  1.79814e-07
9430.0  1.80545e-07
9435.0  1.83776e-07
9440.0  1.88722e-07
9445.0  1.94619e-07
9450.0  2.00931e-07
9455.0  2.07575e-07
9460.0  2.14612e-07
9465.0  2.22115e-07
9470.0  2.30154e-07
9475.0  2.38766e-07
9480.0  2.47729e-07
9485.0  2.56486e-07
9490.0  2.64403e-07
9495.0  2.70844e-07
9500.0  2.75177e-07
9505.0  2.76896e-07
9510.0  2.76123e-07
9515.0  2.73524e-07
9520.0  2.69856e-07
9525.0  2.65877e-07
9530.0  2.62332e-07
9535.0  2.59803e-07
9540.0  2.58191e-07
9545.0  2.56955e-07
9550.0  2.55498e-07
9555.0  2.5322e-07
9560.0  2.49539e-07
9565.0  2.44092e-07
9570.0  2.3729e-07
9575.0  2.29957e-07
9580.0  2.22963e-07
9585.0  2.17183e-07
9590.0  2.1346e-07
9595.0  2.12354e-07
9600.0  2.13605e-07
9605.0  2.1661e-07
9610.0  2.20728e-07
9615.0  2.2532e-07
9620.0  2.29763e-07
9625.0  2.33594e-07
9630.0  2.36775e-07
9635.0  2.39429e-07
9640.0  2.41694e-07
9645.0  2.43711e-07
9650.0  2.45613e-07
9655.0  2.4748e-07
9660.0  2.49269e-07
9665.0  2.50893e-07
9670.0  2.52258e-07
9675.0  2.53273e-07
9680.0  2.53848e-07
9685.0  2.53891e-07
9690.0  2.53325e-07
9695.0  2.52073e-07
9700.0  2.50058e-07
9705.0  2.47206e-07
9710.0  2.43443e-07
9715.0  2.38756e-07
9720.0  2.33293e-07
9725.0  2.27276e-07
9730.0  2.20935e-07
9735.0  2.14502e-07
9740.0  2.08215e-07
9745.0  2.02426e-07
9750.0  1.97855e-07
9755.0  1.95399e-07
9760.0  1.95973e-07
9765.0  2.00493e-07
9770.0  2.09847e-07
9775.0  2.24465e-07
9780.0  2.42918e-07
9785.0  2.6257e-07
9790.0  2.80623e-07
9795.0  2.94278e-07
9800.0  3.00758e-07
9805.0  2.97873e-07
9810.0  2.86488e-07
9815.0  2.70246e-07
9820.0  2.53253e-07
9825.0  2.39629e-07
9830.0  2.33487e-07
9835.0  2.38475e-07
9840.0  2.55115e-07
9845.0  2.79758e-07
9850.0  3.07835e-07
9855.0  3.34725e-07
9860.0  3.55812e-07
9865.0  3.66707e-07
9870.0  3.6513e-07
9875.0  3.53582e-07
9880.0  3.36173e-07
9885.0  3.17156e-07
9890.0  3.00788e-07
9895.0  2.91247e-07
9900.0  2.91663e-07
9905.0  3.01352e-07
9910.0  3.17498e-07
9915.0  3.37019e-07
9920.0  3.56827e-07
9925.0  3.73845e-07
9930.0  3.85236e-07
9935.0  3.89715e-07
9940.0  3.87877e-07
9945.0  3.807e-07
9950.0  3.69181e-07
9955.0  3.54319e-07
9960.0  3.37129e-07
9965.0  3.18825e-07
9970.0  3.01107e-07
9975.0  2.85853e-07
9980.0  2.74957e-07
9985.0  2.70318e-07
9990.0  2.73805e-07
9995.0  2.868e-07
10000.0  3.08281e-07
10005.0  3.35244e-07
10010.0  3.64376e-07
10015.0  3.92355e-07
10020.0  4.15861e-07
10025.0  4.31766e-07
10030.0  4.38494e-07
10035.0  4.37226e-07
10040.0  4.2991e-07
10045.0  4.18543e-07
10050.0  4.05128e-07
10055.0  3.91647e-07
10060.0  3.79832e-07
10065.0  3.70408e-07
10070.0  3.63488e-07
10075.0  3.59105e-07
10080.0  3.57284e-07
10085.0  3.5806e-07
10090.0  3.61429e-07
10095.0  3.67143e-07
10100.0  3.74514e-07
10105.0  3.82731e-07
10110.0  3.90975e-07
10115.0  3.98427e-07
10120.0  4.04274e-07
10125.0  4.07844e-07
10130.0  4.09116e-07
10135.0  4.08584e-07
10140.0  4.06821e-07
10145.0  4.044e-07
10150.0  4.01895e-07
10155.0  3.9986e-07
10160.0  3.98674e-07
10165.0  3.98246e-07
10170.0  3.98305e-07
10175.0  3.98566e-07
10180.0  3.98739e-07
10185.0  3.98544e-07
10190.0  3.97831e-07
10195.0  3.97144e-07
10200.0  3.9766e-07
10205.0  4.00658e-07
10210.0  4.07411e-07
10215.0  4.18878e-07
10220.0  4.34256e-07
10225.0  4.50979e-07
10230.0  4.66174e-07
10235.0  4.76976e-07
10240.0  4.81023e-07
10245.0  4.78299e-07
10250.0  4.70644e-07
10255.0  4.60176e-07
10260.0  4.48993e-07
10265.0  4.38778e-07
10270.0  4.29458e-07
10275.0  4.19758e-07
10280.0  4.08248e-07
10285.0  3.93586e-07
10290.0  3.75592e-07
10295.0  3.57658e-07
10300.0  3.44832e-07
10305.0  3.42347e-07
10310.0  3.55104e-07
10315.0  3.84785e-07
10320.0  4.25078e-07
10325.0  4.66731e-07
10330.0  5.00203e-07
10335.0  5.16494e-07
10340.0  5.11342e-07
10345.0  4.90742e-07
10350.0  4.64005e-07
10355.0  4.4073e-07
10360.0  4.29928e-07
10365.0  4.3578e-07
10370.0  4.53423e-07
10375.0  4.75413e-07
10380.0  4.94101e-07
10385.0  5.02408e-07
10390.0  4.97647e-07
10395.0  4.84602e-07
10400.0  4.70035e-07
10405.0  4.60843e-07
10410.0  4.63352e-07
10415.0  4.79563e-07
10420.0  5.04468e-07
10425.0  5.31275e-07
10430.0  5.53074e-07
10435.0  5.63412e-07
10440.0  5.59396e-07
10445.0  5.44181e-07
10450.0  5.22523e-07
10455.0  4.99293e-07
10460.0  4.79122e-07
10465.0  4.64735e-07
10470.0  4.55454e-07
10475.0  4.49667e-07
10480.0  4.45689e-07
10485.0  4.4194e-07
10490.0  4.37636e-07
10495.0  4.33514e-07
10500.0  4.30737e-07
10505.0  4.30501e-07
10510.0  4.33895e-07
10515.0  4.41012e-07
10520.0  4.49683e-07
10525.0  4.56978e-07
10530.0  4.599e-07
10535.0  4.55555e-07
10540.0  4.42145e-07
10545.0  4.20844e-07
10550.0  3.94024e-07
10555.0  3.64181e-07
10560.0  3.33812e-07
10565.0  3.05471e-07
10570.0  2.81902e-07
10575.0  2.65952e-07
10580.0  2.60476e-07
10585.0  2.68263e-07
10590.0  2.90936e-07
10595.0  3.25196e-07
10600.0  3.64401e-07
10605.0  4.01442e-07
10610.0  4.29232e-07
10615.0  4.41605e-07
10620.0  3.29852e-07
