# Extracted from file: pickles_19.fits
#SIMPLETrueFits standard
#BITPIX16Bits per pixel
#NAXIS0Number of axes
#EXTENDTrueFile may contain extensions
#DATE2007-01-11T20:44:22Date FITS file was generated
#IRAF-TLM15:44:38 (11/01/2007)Time of last modification
#COMMENT  FITS (Flexible Image Transport System) format is defined in 'Astronomy
#COMMENT  and Astrophysics', volume 376, page 359; bibcode: 2001A&A...376..359H
#ORIGINSTScI-STSDAS/TABLESTables version 2002-02-22
#FILENAMEpickles_19.fitsname of file
#NEXTEND1number of extensions in file
#COMMENT1spectral type: F6V
#COMMENT2metallicity: rich
#COMMENT3original filename: rf6v.dat
#HISTORY  File created by F.R.Boffi.
#HISTORY  SEDs from Pickles UVILIB Library (1998, PASP 110, 863).
#HISTORY  Wavelength is in Angstrom.
#HISTORY  Fluxes are tabulated in units of erg/s/cm^2/A
#HISTORY  and were calculated by normalizing the original fluxes
#HISTORY  in the Pickles V band to a 0 magnitude in vegamag.
#HISTORY  In the vegamag system, Vega has magnitude zero in all passbands.
#HISTORY  Please refer to the SYNPHOT manual for further information.
#
#
#
#
#
#
#
#
#
#
#
#
#
#  
#Columns WAVELENGTH FLUX
#Units  angstroms flam
1150.0  1.07165e-11
1155.0  9.8897e-12
1160.0  5.88858e-12
1165.0  3.85802e-12
1170.0  2.88581e-12
1175.0  1.78307e-12
1180.0  1.43222e-12
1185.0  7.97481e-13
1190.0  1.44279e-13
1195.0  5.30169e-13
1200.0  2.37683e-12
1205.0  7.00974e-12
1210.0  1.98904e-11
1215.0  2.81036e-11
1220.0  1.71724e-11
1225.0  4.98352e-12
1230.0  1.24527e-12
1235.0  8.32922e-13
1240.0  8.79828e-13
1245.0  9.02204e-13
1250.0  7.44073e-13
1255.0  6.18139e-13
1260.0  6.28921e-13
1265.0  4.73942e-13
1270.0  4.0715e-13
1275.0  7.17987e-13
1280.0  9.4925e-13
1285.0  1.0017e-12
1290.0  8.21536e-13
1295.0  8.04331e-13
1300.0  1.17631e-12
1305.0  1.25916e-12
1310.0  9.52057e-13
1315.0  8.99997e-13
1320.0  8.4009e-13
1325.0  8.48408e-13
1330.0  1.16915e-12
1335.0  1.39834e-12
1340.0  9.98265e-13
1345.0  7.59446e-13
1350.0  7.21245e-13
1355.0  6.58198e-13
1360.0  6.47506e-13
1365.0  7.69086e-13
1370.0  7.73885e-13
1375.0  6.65891e-13
1380.0  7.6416e-13
1385.0  8.56418e-13
1390.0  9.30747e-13
1395.0  1.06667e-12
1400.0  1.03772e-12
1405.0  9.24696e-13
1410.0  8.73062e-13
1415.0  9.9733e-13
1420.0  9.6979e-13
1425.0  9.97809e-13
1430.0  1.1207e-12
1435.0  1.09263e-12
1440.0  9.50847e-13
1445.0  9.89701e-13
1450.0  1.09778e-12
1455.0  1.17917e-12
1460.0  1.13645e-12
1465.0  1.31262e-12
1470.0  1.49715e-12
1475.0  1.54971e-12
1480.0  1.52634e-12
1485.0  1.60963e-12
1490.0  1.58937e-12
1495.0  1.69344e-12
1500.0  1.7401e-12
1505.0  1.54056e-12
1510.0  1.45254e-12
1515.0  1.68276e-12
1520.0  1.92587e-12
1525.0  2.16943e-12
1530.0  2.30018e-12
1535.0  2.00787e-12
1540.0  1.97627e-12
1545.0  2.3916e-12
1550.0  2.78845e-12
1555.0  2.65299e-12
1560.0  2.24145e-12
1565.0  2.02831e-12
1570.0  2.16804e-12
1575.0  2.2926e-12
1580.0  2.1484e-12
1585.0  1.99535e-12
1590.0  1.88555e-12
1595.0  1.88518e-12
1600.0  1.96358e-12
1605.0  2.13024e-12
1610.0  2.36932e-12
1615.0  2.48479e-12
1620.0  2.25786e-12
1625.0  2.36937e-12
1630.0  2.74942e-12
1635.0  2.94632e-12
1640.0  2.73062e-12
1645.0  2.84432e-12
1650.0  3.1037e-12
1655.0  3.36794e-12
1660.0  3.45506e-12
1665.0  3.22575e-12
1670.0  3.0423e-12
1675.0  3.3198e-12
1680.0  3.44111e-12
1685.0  3.27956e-12
1690.0  3.6077e-12
1695.0  4.20424e-12
1700.0  4.55613e-12
1705.0  4.68158e-12
1710.0  4.6596e-12
1715.0  4.94657e-12
1720.0  5.27564e-12
1725.0  5.46732e-12
1730.0  5.50733e-12
1735.0  5.56507e-12
1740.0  5.90569e-12
1745.0  6.56635e-12
1750.0  7.30423e-12
1755.0  7.87099e-12
1760.0  8.37566e-12
1765.0  8.84355e-12
1770.0  9.60736e-12
1775.0  1.05335e-11
1780.0  1.09995e-11
1785.0  9.7887e-12
1790.0  8.20885e-12
1795.0  1.00363e-11
1800.0  1.13601e-11
1805.0  1.18954e-11
1810.0  1.30164e-11
1815.0  1.42923e-11
1820.0  1.53707e-11
1825.0  1.56457e-11
1830.0  1.52918e-11
1835.0  1.5266e-11
1840.0  1.44456e-11
1845.0  1.34451e-11
1850.0  1.35978e-11
1855.0  1.51141e-11
1860.0  1.63125e-11
1865.0  1.764e-11
1870.0  1.94705e-11
1875.0  2.3005e-11
1880.0  2.72969e-11
1885.0  2.96258e-11
1890.0  3.23188e-11
1895.0  2.89011e-11
1900.0  2.60547e-11
1905.0  3.09703e-11
1910.0  3.46889e-11
1915.0  3.59545e-11
1920.0  3.45695e-11
1925.0  3.23802e-11
1930.0  2.83017e-11
1935.0  2.89759e-11
1940.0  3.69112e-11
1945.0  4.29109e-11
1950.0  4.15935e-11
1955.0  3.11051e-11
1960.0  2.16923e-11
1965.0  3.08577e-11
1970.0  4.10322e-11
1975.0  3.33849e-11
1980.0  4.26521e-11
1985.0  4.63125e-11
1990.0  3.89977e-11
1995.0  5.56578e-11
2000.0  5.91055e-11
2005.0  5.27583e-11
2010.0  6.31409e-11
2015.0  7.28751e-11
2020.0  6.70771e-11
2025.0  7.28807e-11
2030.0  7.52046e-11
2035.0  5.6764e-11
2040.0  6.63573e-11
2045.0  7.99325e-11
2050.0  9.44439e-11
2055.0  7.78785e-11
2060.0  7.19028e-11
2065.0  1.0166e-10
2070.0  1.15404e-10
2075.0  1.14051e-10
2080.0  1.13368e-10
2085.0  1.13932e-10
2090.0  1.12965e-10
2095.0  1.24694e-10
2100.0  1.53814e-10
2105.0  1.82365e-10
2110.0  1.86847e-10
2115.0  2.01194e-10
2120.0  2.23257e-10
2125.0  2.11611e-10
2130.0  1.85768e-10
2135.0  1.85308e-10
2140.0  1.95236e-10
2145.0  2.09429e-10
2150.0  2.15842e-10
2155.0  2.1255e-10
2160.0  1.94032e-10
2165.0  1.82093e-10
2170.0  1.5791e-10
2175.0  1.4571e-10
2180.0  1.68367e-10
2185.0  2.07511e-10
2190.0  2.53509e-10
2195.0  2.76961e-10
2200.0  2.70257e-10
2205.0  2.35949e-10
2210.0  1.93202e-10
2215.0  1.91981e-10
2220.0  2.0948e-10
2225.0  2.33531e-10
2230.0  2.45989e-10
2235.0  2.63904e-10
2240.0  2.56536e-10
2245.0  2.4455e-10
2250.0  2.44183e-10
2255.0  2.23773e-10
2260.0  1.96053e-10
2265.0  1.73147e-10
2270.0  1.80945e-10
2275.0  2.02122e-10
2280.0  2.23803e-10
2285.0  2.34176e-10
2290.0  2.27429e-10
2295.0  2.10612e-10
2300.0  2.2975e-10
2305.0  2.49782e-10
2310.0  2.41751e-10
2315.0  2.24323e-10
2320.0  2.30596e-10
2325.0  2.38462e-10
2330.0  1.97398e-10
2335.0  1.54102e-10
2340.0  1.36723e-10
2345.0  1.45332e-10
2350.0  1.65324e-10
2355.0  1.80363e-10
2360.0  1.75615e-10
2365.0  1.89068e-10
2370.0  1.97862e-10
2375.0  2.02272e-10
2380.0  1.75672e-10
2385.0  1.39889e-10
2390.0  1.36001e-10
2395.0  1.34507e-10
2400.0  1.17339e-10
2405.0  1.13535e-10
2410.0  1.41468e-10
2415.0  1.98315e-10
2420.0  2.59412e-10
2425.0  2.83642e-10
2430.0  2.66466e-10
2435.0  2.60543e-10
2440.0  2.61851e-10
2445.0  2.3741e-10
2450.0  2.1715e-10
2455.0  2.15122e-10
2460.0  2.07983e-10
2465.0  1.9403e-10
2470.0  1.98772e-10
2475.0  1.94478e-10
2480.0  1.86174e-10
2485.0  1.87845e-10
2490.0  1.98839e-10
2495.0  2.40425e-10
2500.0  2.56453e-10
2505.0  2.40769e-10
2510.0  2.07317e-10
2515.0  1.70185e-10
2520.0  1.55563e-10
2525.0  1.60303e-10
2530.0  1.90225e-10
2535.0  2.03264e-10
2540.0  2.01223e-10
2545.0  2.22595e-10
2550.0  2.58249e-10
2555.0  2.80086e-10
2560.0  3.14977e-10
2565.0  3.83874e-10
2570.0  3.98844e-10
2575.0  3.52542e-10
2580.0  3.51828e-10
2585.0  3.74216e-10
2590.0  3.65708e-10
2595.0  3.13138e-10
2600.0  2.74387e-10
2605.0  2.72162e-10
2610.0  2.78798e-10
2615.0  3.1165e-10
2620.0  3.1861e-10
2625.0  3.32257e-10
2630.0  4.37673e-10
2635.0  6.0345e-10
2640.0  7.14654e-10
2645.0  7.19538e-10
2650.0  7.30606e-10
2655.0  7.60551e-10
2660.0  7.12851e-10
2665.0  6.99004e-10
2670.0  7.11661e-10
2675.0  7.13607e-10
2680.0  6.98788e-10
2685.0  6.88969e-10
2690.0  6.79827e-10
2695.0  7.10217e-10
2700.0  7.64314e-10
2705.0  7.51675e-10
2710.0  6.87782e-10
2715.0  6.24272e-10
2720.0  6.02018e-10
2725.0  6.36672e-10
2730.0  6.4202e-10
2735.0  5.39428e-10
2740.0  4.24231e-10
2745.0  4.13522e-10
2750.0  4.60401e-10
2755.0  5.40864e-10
2760.0  6.20071e-10
2765.0  6.65251e-10
2770.0  6.60173e-10
2775.0  6.05593e-10
2780.0  5.16977e-10
2785.0  4.05757e-10
2790.0  2.99646e-10
2795.0  2.40901e-10
2800.0  2.56043e-10
2805.0  3.50086e-10
2810.0  5.19144e-10
2815.0  7.30353e-10
2820.0  8.34327e-10
2825.0  8.71517e-10
2830.0  9.07176e-10
2835.0  8.98699e-10
2840.0  8.10031e-10
2845.0  6.7084e-10
2850.0  5.90974e-10
2855.0  7.3314e-10
2860.0  9.39779e-10
2865.0  1.00682e-09
2870.0  9.86023e-10
2875.0  9.28211e-10
2880.0  9.42111e-10
2885.0  1.05292e-09
2890.0  1.2096e-09
2895.0  1.39191e-09
2900.0  1.51318e-09
2905.0  1.52879e-09
2910.0  1.53111e-09
2915.0  1.49162e-09
2920.0  1.3671e-09
2925.0  1.29542e-09
2930.0  1.34261e-09
2935.0  1.37718e-09
2940.0  1.37828e-09
2945.0  1.37856e-09
2950.0  1.41518e-09
2955.0  1.48279e-09
2960.0  1.45553e-09
2965.0  1.37817e-09
2970.0  1.38642e-09
2975.0  1.42459e-09
2980.0  1.28283e-09
2985.0  1.24239e-09
2990.0  1.31998e-09
2995.0  1.25391e-09
3000.0  1.1756e-09
3005.0  1.22207e-09
3010.0  1.29026e-09
3015.0  1.27848e-09
3020.0  1.34e-09
3025.0  1.4644e-09
3030.0  1.49712e-09
3035.0  1.45938e-09
3040.0  1.45412e-09
3045.0  1.51508e-09
3050.0  1.52205e-09
3055.0  1.41595e-09
3060.0  1.35917e-09
3065.0  1.40638e-09
3070.0  1.47671e-09
3075.0  1.49856e-09
3080.0  1.53865e-09
3085.0  1.49401e-09
3090.0  1.37598e-09
3095.0  1.3289e-09
3100.0  1.43994e-09
3105.0  1.61948e-09
3110.0  1.70287e-09
3115.0  1.61637e-09
3120.0  1.58579e-09
3125.0  1.62566e-09
3130.0  1.66783e-09
3135.0  1.72229e-09
3140.0  1.68206e-09
3145.0  1.65149e-09
3150.0  1.67683e-09
3155.0  1.5536e-09
3160.0  1.53391e-09
3165.0  1.73305e-09
3170.0  1.88544e-09
3175.0  1.8411e-09
3180.0  1.72089e-09
3185.0  1.70542e-09
3190.0  1.74285e-09
3195.0  1.77672e-09
3200.0  1.81258e-09
3205.0  1.8874e-09
3210.0  1.95162e-09
3215.0  1.96401e-09
3220.0  1.91536e-09
3225.0  1.82772e-09
3230.0  1.77421e-09
3235.0  1.81055e-09
3240.0  1.89733e-09
3245.0  1.97457e-09
3250.0  2.02449e-09
3255.0  2.05398e-09
3260.0  2.08762e-09
3265.0  2.12868e-09
3270.0  2.11288e-09
3275.0  2.00615e-09
3280.0  1.91793e-09
3285.0  1.95374e-09
3290.0  2.06456e-09
3295.0  2.16208e-09
3300.0  2.21253e-09
3305.0  2.21171e-09
3310.0  2.17445e-09
3315.0  2.12296e-09
3320.0  2.08188e-09
3325.0  2.07015e-09
3330.0  2.08911e-09
3335.0  2.12952e-09
3340.0  2.17128e-09
3345.0  2.19085e-09
3350.0  2.16742e-09
3355.0  2.0973e-09
3360.0  2.01849e-09
3365.0  1.9713e-09
3370.0  1.96082e-09
3375.0  1.97961e-09
3380.0  2.02259e-09
3385.0  2.07998e-09
3390.0  2.12663e-09
3395.0  2.14178e-09
3400.0  2.13229e-09
3405.0  2.11732e-09
3410.0  2.1195e-09
3415.0  2.14848e-09
3420.0  2.17797e-09
3425.0  2.1815e-09
3430.0  2.16737e-09
3435.0  2.14831e-09
3440.0  2.11502e-09
3445.0  2.06733e-09
3450.0  2.04936e-09
3455.0  2.08654e-09
3460.0  2.11338e-09
3465.0  2.0752e-09
3470.0  2.03449e-09
3475.0  2.05362e-09
3480.0  2.07861e-09
3485.0  2.05292e-09
3490.0  2.03064e-09
3495.0  2.07554e-09
3500.0  2.16268e-09
3505.0  2.25432e-09
3510.0  2.38817e-09
3515.0  2.38971e-09
3520.0  2.31046e-09
3525.0  2.25847e-09
3530.0  2.36168e-09
3535.0  2.50703e-09
3540.0  2.58987e-09
3545.0  2.62122e-09
3550.0  2.60712e-09
3555.0  2.57357e-09
3560.0  2.52053e-09
3565.0  2.38236e-09
3570.0  2.2074e-09
3575.0  2.08619e-09
3580.0  1.97684e-09
3585.0  1.96684e-09
3590.0  2.15885e-09
3595.0  2.36851e-09
3600.0  2.43072e-09
3605.0  2.33629e-09
3610.0  2.25979e-09
3615.0  2.29098e-09
3620.0  2.32789e-09
3625.0  2.46872e-09
3630.0  2.52208e-09
3635.0  2.45674e-09
3640.0  2.52953e-09
3645.0  2.53867e-09
3650.0  2.63261e-09
3655.0  2.87443e-09
3660.0  2.97227e-09
3665.0  2.92514e-09
3670.0  2.85446e-09
3675.0  2.82374e-09
3680.0  2.77491e-09
3685.0  2.7512e-09
3690.0  2.82573e-09
3695.0  2.94053e-09
3700.0  2.96507e-09
3705.0  2.81417e-09
3710.0  2.79071e-09
3715.0  2.89433e-09
3720.0  2.74731e-09
3725.0  2.71215e-09
3730.0  2.6573e-09
3735.0  2.46421e-09
3740.0  2.4998e-09
3745.0  2.47272e-09
3750.0  2.47679e-09
3755.0  2.72357e-09
3760.0  2.76127e-09
3765.0  2.73431e-09
3770.0  2.80442e-09
3775.0  3.10209e-09
3780.0  3.39944e-09
3785.0  3.34081e-09
3790.0  3.02224e-09
3795.0  2.79844e-09
3800.0  2.92837e-09
3805.0  3.25366e-09
3810.0  3.32159e-09
3815.0  3.07525e-09
3820.0  2.80297e-09
3825.0  2.50474e-09
3830.0  2.22153e-09
3835.0  2.12848e-09
3840.0  2.45363e-09
3845.0  2.92211e-09
3850.0  3.11942e-09
3855.0  3.07091e-09
3860.0  3.0532e-09
3865.0  3.16768e-09
3870.0  3.07389e-09
3875.0  2.95577e-09
3880.0  2.84925e-09
3885.0  2.66445e-09
3890.0  2.71002e-09
3895.0  3.01167e-09
3900.0  3.17636e-09
3905.0  3.22495e-09
3910.0  3.31898e-09
3915.0  3.23296e-09
3920.0  2.9292e-09
3925.0  2.41344e-09
3930.0  1.74854e-09
3935.0  1.63943e-09
3940.0  2.18437e-09
3945.0  2.74742e-09
3950.0  3.08485e-09
3955.0  3.04797e-09
3960.0  2.59918e-09
3965.0  1.96101e-09
3970.0  1.88305e-09
3975.0  2.56602e-09
3980.0  3.22998e-09
3985.0  3.56241e-09
3990.0  3.75403e-09
3995.0  3.86471e-09
4000.0  3.90984e-09
4005.0  3.94848e-09
4010.0  4.03356e-09
4015.0  4.07544e-09
4020.0  4.10749e-09
4025.0  4.10174e-09
4030.0  4.0039e-09
4035.0  4.0175e-09
4040.0  4.05509e-09
4045.0  3.95766e-09
4050.0  3.99874e-09
4055.0  3.93262e-09
4060.0  3.859e-09
4065.0  3.86024e-09
4070.0  3.86495e-09
4075.0  3.8104e-09
4080.0  3.8676e-09
4085.0  4.01084e-09
4090.0  3.99339e-09
4095.0  3.70709e-09
4100.0  3.39365e-09
4105.0  3.48668e-09
4110.0  3.85001e-09
4115.0  4.08421e-09
4120.0  4.125e-09
4125.0  4.11156e-09
4130.0  4.08337e-09
4135.0  4.15193e-09
4140.0  4.19715e-09
4145.0  4.15575e-09
4150.0  4.11714e-09
4155.0  4.08516e-09
4160.0  4.16226e-09
4165.0  4.19276e-09
4170.0  4.05042e-09
4175.0  3.95181e-09
4180.0  3.96319e-09
4185.0  3.99065e-09
4190.0  4.02659e-09
4195.0  3.98717e-09
4200.0  3.93148e-09
4205.0  4.06225e-09
4210.0  4.18512e-09
4215.0  4.15714e-09
4220.0  4.05358e-09
4225.0  3.85103e-09
4230.0  3.8554e-09
4235.0  3.91292e-09
4240.0  3.95952e-09
4245.0  3.97189e-09
4250.0  3.95285e-09
4255.0  3.95026e-09
4260.0  3.946e-09
4265.0  3.96661e-09
4270.0  3.87887e-09
4275.0  3.88998e-09
4280.0  3.93297e-09
4285.0  3.82759e-09
4290.0  3.6613e-09
4295.0  3.49413e-09
4300.0  3.24188e-09
4305.0  3.14282e-09
4310.0  3.32951e-09
4315.0  3.71677e-09
4320.0  3.87575e-09
4325.0  3.81068e-09
4330.0  3.82401e-09
4335.0  3.62432e-09
4340.0  3.3689e-09
4345.0  3.59441e-09
4350.0  3.87553e-09
4355.0  4.04931e-09
4360.0  4.17422e-09
4365.0  4.22313e-09
4370.0  4.13965e-09
4375.0  4.06222e-09
4380.0  3.96251e-09
4385.0  3.87609e-09
4390.0  3.97255e-09
4395.0  4.05712e-09
4400.0  4.04571e-09
4405.0  4.04788e-09
4410.0  4.1279e-09
4415.0  4.15795e-09
4420.0  4.23575e-09
4425.0  4.26239e-09
4430.0  4.23425e-09
4435.0  4.21117e-09
4440.0  4.24748e-09
4445.0  4.27692e-09
4450.0  4.22557e-09
4455.0  4.08715e-09
4460.0  4.06085e-09
4465.0  4.15935e-09
4470.0  4.25218e-09
4475.0  4.33947e-09
4480.0  4.31333e-09
4485.0  4.32245e-09
4490.0  4.31817e-09
4495.0  4.35861e-09
4500.0  4.43901e-09
4505.0  4.52503e-09
4510.0  4.52322e-09
4515.0  4.47036e-09
4520.0  4.40104e-09
4525.0  4.25089e-09
4530.0  4.12842e-09
4535.0  4.16314e-09
4540.0  4.24148e-09
4545.0  4.23164e-09
4550.0  4.21091e-09
4555.0  4.26173e-09
4560.0  4.33435e-09
4565.0  4.36498e-09
4570.0  4.39947e-09
4575.0  4.41243e-09
4580.0  4.31199e-09
4585.0  4.2602e-09
4590.0  4.26313e-09
4595.0  4.26914e-09
4600.0  4.27974e-09
4605.0  4.33508e-09
4610.0  4.36493e-09
4615.0  4.36672e-09
4620.0  4.3802e-09
4625.0  4.37125e-09
4630.0  4.35817e-09
4635.0  4.32001e-09
4640.0  4.27151e-09
4645.0  4.22582e-09
4650.0  4.22902e-09
4655.0  4.25116e-09
4660.0  4.2592e-09
4665.0  4.16484e-09
4670.0  4.11652e-09
4675.0  4.155e-09
4680.0  4.15381e-09
4685.0  4.20626e-09
4690.0  4.24755e-09
4695.0  4.24006e-09
4700.0  4.15694e-09
4705.0  4.10902e-09
4710.0  4.11827e-09
4715.0  4.17911e-09
4720.0  4.24919e-09
4725.0  4.23887e-09
4730.0  4.17833e-09
4735.0  4.19588e-09
4740.0  4.19701e-09
4745.0  4.19368e-09
4750.0  4.19893e-09
4755.0  4.1909e-09
4760.0  4.16079e-09
4765.0  4.12893e-09
4770.0  4.16043e-09
4775.0  4.25724e-09
4780.0  4.29173e-09
4785.0  4.24734e-09
4790.0  4.23046e-09
4795.0  4.24878e-09
4800.0  4.24474e-09
4805.0  4.25325e-09
4810.0  4.26144e-09
4815.0  4.27789e-09
4820.0  4.26132e-09
4825.0  4.25148e-09
4830.0  4.22865e-09
4835.0  4.15316e-09
4840.0  4.11178e-09
4845.0  4.07733e-09
4850.0  3.99531e-09
4855.0  3.75274e-09
4860.0  3.40322e-09
4865.0  3.33914e-09
4870.0  3.4689e-09
4875.0  3.63749e-09
4880.0  3.81098e-09
4885.0  3.87627e-09
4890.0  3.88541e-09
4895.0  3.96814e-09
4900.0  4.05559e-09
4905.0  4.07461e-09
4910.0  4.04999e-09
4915.0  3.99879e-09
4920.0  3.88021e-09
4925.0  3.91742e-09
4930.0  4.0304e-09
4935.0  4.01081e-09
4940.0  4.01097e-09
4945.0  4.08497e-09
4950.0  4.11661e-09
4955.0  4.06091e-09
4960.0  4.07287e-09
4965.0  4.11566e-09
4970.0  4.13571e-09
4975.0  4.13313e-09
4980.0  4.00651e-09
4985.0  3.92569e-09
4990.0  3.96529e-09
4995.0  3.97649e-09
5000.0  3.92062e-09
5005.0  3.87098e-09
5010.0  3.84687e-09
5015.0  3.78172e-09
5020.0  3.79281e-09
5025.0  3.86655e-09
5030.0  3.9261e-09
5035.0  3.91749e-09
5040.0  3.85017e-09
5045.0  3.86884e-09
5050.0  3.87922e-09
5055.0  3.94499e-09
5060.0  4.00244e-09
5065.0  3.9861e-09
5070.0  3.9438e-09
5075.0  3.89861e-09
5080.0  3.83841e-09
5085.0  3.88244e-09
5090.0  3.94167e-09
5095.0  3.9278e-09
5100.0  3.88944e-09
5105.0  3.88542e-09
5110.0  3.89338e-09
5115.0  3.97296e-09
5120.0  3.96803e-09
5125.0  3.8784e-09
5130.0  3.82679e-09
5135.0  3.77848e-09
5140.0  3.74841e-09
5145.0  3.76654e-09
5150.0  3.78072e-09
5155.0  3.80138e-09
5160.0  3.80254e-09
5165.0  3.60266e-09
5170.0  3.42524e-09
5175.0  3.46632e-09
5180.0  3.50643e-09
5185.0  3.49353e-09
5190.0  3.56295e-09
5195.0  3.63477e-09
5200.0  3.6994e-09
5205.0  3.71388e-09
5210.0  3.73502e-09
5215.0  3.76424e-09
5220.0  3.76874e-09
5225.0  3.68977e-09
5230.0  3.66794e-09
5235.0  3.70605e-09
5240.0  3.76881e-09
5245.0  3.81466e-09
5250.0  3.8126e-09
5255.0  3.80665e-09
5260.0  3.72303e-09
5265.0  3.53129e-09
5270.0  3.45008e-09
5275.0  3.52121e-09
5280.0  3.63568e-09
5285.0  3.73112e-09
5290.0  3.82302e-09
5295.0  3.80144e-09
5300.0  3.76314e-09
5305.0  3.79674e-09
5310.0  3.83433e-09
5315.0  3.8168e-09
5320.0  3.75293e-09
5325.0  3.65296e-09
5330.0  3.63033e-09
5335.0  3.68021e-09
5340.0  3.69534e-09
5345.0  3.71972e-09
5350.0  3.77604e-09
5355.0  3.84479e-09
5360.0  3.82685e-09
5365.0  3.7395e-09
5370.0  3.68814e-09
5375.0  3.72162e-09
5380.0  3.75434e-09
5385.0  3.76125e-09
5390.0  3.71143e-09
5395.0  3.63763e-09
5400.0  3.58277e-09
5405.0  3.56351e-09
5410.0  3.59691e-09
5415.0  3.66107e-09
5420.0  3.70872e-09
5425.0  3.68966e-09
5430.0  3.65018e-09
5435.0  3.68526e-09
5440.0  3.74001e-09
5445.0  3.70958e-09
5450.0  3.69455e-09
5455.0  3.6687e-09
5460.0  3.66936e-09
5465.0  3.68512e-09
5470.0  3.70288e-09
5475.0  3.6471e-09
5480.0  3.62177e-09
5485.0  3.66627e-09
5490.0  3.69548e-09
5495.0  3.68965e-09
5500.0  3.67072e-09
5505.0  3.65173e-09
5510.0  3.64124e-09
5515.0  3.67306e-09
5520.0  3.69488e-09
5525.0  3.65574e-09
5530.0  3.61538e-09
5535.0  3.64582e-09
5540.0  3.67211e-09
5545.0  3.67091e-09
5550.0  3.67118e-09
5555.0  3.66678e-09
5560.0  3.65398e-09
5565.0  3.5908e-09
5570.0  3.56229e-09
5575.0  3.57653e-09
5580.0  3.58785e-09
5585.0  3.52351e-09
5590.0  3.4616e-09
5595.0  3.4593e-09
5600.0  3.4772e-09
5605.0  3.54895e-09
5610.0  3.59856e-09
5615.0  3.54153e-09
5620.0  3.53744e-09
5625.0  3.54777e-09
5630.0  3.57849e-09
5635.0  3.56447e-09
5640.0  3.55323e-09
5645.0  3.5652e-09
5650.0  3.54574e-09
5655.0  3.46713e-09
5660.0  3.42664e-09
5665.0  3.47212e-09
5670.0  3.5185e-09
5675.0  3.54077e-09
5680.0  3.50603e-09
5685.0  3.46212e-09
5690.0  3.48782e-09
5695.0  3.52408e-09
5700.0  3.48623e-09
5705.0  3.40874e-09
5710.0  3.38788e-09
5715.0  3.458e-09
5720.0  3.53557e-09
5725.0  3.54273e-09
5730.0  3.5302e-09
5735.0  3.52437e-09
5740.0  3.5329e-09
5745.0  3.51096e-09
5750.0  3.4717e-09
5755.0  3.46674e-09
5760.0  3.49862e-09
5765.0  3.52268e-09
5770.0  3.52965e-09
5775.0  3.50107e-09
5780.0  3.45504e-09
5785.0  3.44027e-09
5790.0  3.45252e-09
5795.0  3.44467e-09
5800.0  3.46144e-09
5805.0  3.46266e-09
5810.0  3.46179e-09
5815.0  3.47577e-09
5820.0  3.50096e-09
5825.0  3.5335e-09
5830.0  3.53893e-09
5835.0  3.53083e-09
5840.0  3.52796e-09
5845.0  3.52638e-09
5850.0  3.48459e-09
5855.0  3.41658e-09
5860.0  3.42902e-09
5865.0  3.48662e-09
5870.0  3.49324e-09
5875.0  3.49293e-09
5880.0  3.46255e-09
5885.0  3.3319e-09
5890.0  3.14241e-09
5895.0  3.14067e-09
5900.0  3.30076e-09
5905.0  3.40242e-09
5910.0  3.41479e-09
5915.0  3.39536e-09
5920.0  3.39702e-09
5925.0  3.37625e-09
5930.0  3.36192e-09
5935.0  3.37491e-09
5940.0  3.40058e-09
5945.0  3.37877e-09
5950.0  3.34617e-09
5955.0  3.3607e-09
5960.0  3.3984e-09
5965.0  3.42817e-09
5970.0  3.41436e-09
5975.0  3.37571e-09
5980.0  3.33053e-09
5985.0  3.29376e-09
5990.0  3.31298e-09
5995.0  3.33785e-09
6000.0  3.32223e-09
6005.0  3.29747e-09
6010.0  3.28569e-09
6015.0  3.25292e-09
6020.0  3.23527e-09
6025.0  3.27205e-09
6030.0  3.33476e-09
6035.0  3.3527e-09
6040.0  3.31047e-09
6045.0  3.28023e-09
6050.0  3.26166e-09
6055.0  3.24582e-09
6060.0  3.25985e-09
6065.0  3.25916e-09
6070.0  3.29965e-09
6075.0  3.28705e-09
6080.0  3.24048e-09
6085.0  3.22609e-09
6090.0  3.24643e-09
6095.0  3.22981e-09
6100.0  3.18629e-09
6105.0  3.211e-09
6110.0  3.27737e-09
6115.0  3.26951e-09
6120.0  3.22108e-09
6125.0  3.19907e-09
6130.0  3.17931e-09
6135.0  3.11114e-09
6140.0  3.1253e-09
6145.0  3.14956e-09
6150.0  3.13338e-09
6155.0  3.11819e-09
6160.0  3.06499e-09
6165.0  3.06404e-09
6170.0  3.09453e-09
6175.0  3.13926e-09
6180.0  3.15499e-09
6185.0  3.13699e-09
6190.0  3.12288e-09
6195.0  3.15045e-09
6200.0  3.1803e-09
6205.0  3.20996e-09
6210.0  3.194e-09
6215.0  3.15626e-09
6220.0  3.11516e-09
6225.0  3.08248e-09
6230.0  3.072e-09
6235.0  3.08156e-09
6240.0  3.05119e-09
6245.0  3.0448e-09
6250.0  3.06928e-09
6255.0  3.05372e-09
6260.0  3.06521e-09
6265.0  3.07934e-09
6270.0  3.05446e-09
6275.0  3.00436e-09
6280.0  2.98369e-09
6285.0  3.02372e-09
6290.0  3.03063e-09
6295.0  2.99836e-09
6300.0  2.98901e-09
6305.0  3.00939e-09
6310.0  2.99618e-09
6315.0  2.96196e-09
6320.0  3.00206e-09
6325.0  3.03619e-09
6330.0  3.01275e-09
6335.0  2.97567e-09
6340.0  2.98217e-09
6345.0  3.00881e-09
6350.0  3.02633e-09
6355.0  2.99489e-09
6360.0  2.96766e-09
6365.0  3.0034e-09
6370.0  3.03718e-09
6375.0  3.0375e-09
6380.0  3.02026e-09
6385.0  2.98923e-09
6390.0  2.96723e-09
6395.0  2.95938e-09
6400.0  2.95558e-09
6405.0  2.94763e-09
6410.0  2.95136e-09
6415.0  2.96598e-09
6420.0  2.97357e-09
6425.0  2.97455e-09
6430.0  2.96032e-09
6435.0  2.97286e-09
6440.0  2.97936e-09
6445.0  2.94657e-09
6450.0  2.89921e-09
6455.0  2.91237e-09
6460.0  2.94081e-09
6465.0  2.94166e-09
6470.0  2.92527e-09
6475.0  2.91042e-09
6480.0  2.91605e-09
6485.0  2.89291e-09
6490.0  2.8256e-09
6495.0  2.83321e-09
6500.0  2.9106e-09
6505.0  2.94205e-09
6510.0  2.94021e-09
6515.0  2.93353e-09
6520.0  2.94526e-09
6525.0  2.92872e-09
6530.0  2.90622e-09
6535.0  2.90325e-09
6540.0  2.86872e-09
6545.0  2.80891e-09
6550.0  2.68319e-09
6555.0  2.48757e-09
6560.0  2.37263e-09
6565.0  2.48781e-09
6570.0  2.67841e-09
6575.0  2.77944e-09
6580.0  2.82182e-09
6585.0  2.81987e-09
6590.0  2.82894e-09
6595.0  2.85774e-09
6600.0  2.89005e-09
6605.0  2.88221e-09
6610.0  2.8771e-09
6615.0  2.89531e-09
6620.0  2.89017e-09
6625.0  2.87995e-09
6630.0  2.8753e-09
6635.0  2.87929e-09
6640.0  2.86198e-09
6645.0  2.84926e-09
6650.0  2.85384e-09
6655.0  2.83844e-09
6660.0  2.81723e-09
6665.0  2.81022e-09
6670.0  2.82783e-09
6675.0  2.8289e-09
6680.0  2.84191e-09
6685.0  2.86659e-09
6690.0  2.86915e-09
6695.0  2.86146e-09
6700.0  2.8322e-09
6705.0  2.80913e-09
6710.0  2.80058e-09
6715.0  2.80676e-09
6720.0  2.83575e-09
6725.0  2.83474e-09
6730.0  2.83016e-09
6735.0  2.8041e-09
6740.0  2.77569e-09
6745.0  2.76451e-09
6750.0  2.76108e-09
6755.0  2.78355e-09
6760.0  2.7898e-09
6765.0  2.78642e-09
6770.0  2.79595e-09
6775.0  2.80303e-09
6780.0  2.78815e-09
6785.0  2.77706e-09
6790.0  2.76371e-09
6795.0  2.76557e-09
6800.0  2.78082e-09
6805.0  2.81189e-09
6810.0  2.8213e-09
6815.0  2.82424e-09
6820.0  2.8321e-09
6825.0  2.84211e-09
6830.0  2.84518e-09
6835.0  2.8367e-09
6840.0  2.82297e-09
6845.0  2.80988e-09
6850.0  2.79107e-09
6855.0  2.76773e-09
6860.0  2.74266e-09
6865.0  2.71874e-09
6870.0  2.69892e-09
6875.0  2.68616e-09
6880.0  2.68325e-09
6885.0  2.69128e-09
6890.0  2.70678e-09
6895.0  2.72456e-09
6900.0  2.73939e-09
6905.0  2.74743e-09
6910.0  2.74851e-09
6915.0  2.74381e-09
6920.0  2.73468e-09
6925.0  2.7226e-09
6930.0  2.70936e-09
6935.0  2.69689e-09
6940.0  2.68701e-09
6945.0  2.68078e-09
6950.0  2.67709e-09
6955.0  2.67407e-09
6960.0  2.66979e-09
6965.0  2.66301e-09
6970.0  2.66058e-09
6975.0  2.68474e-09
6980.0  2.65554e-09
6985.0  2.64442e-09
6990.0  2.62442e-09
6995.0  2.61768e-09
7000.0  2.59711e-09
7005.0  2.57131e-09
7010.0  2.58728e-09
7015.0  2.58805e-09
7020.0  2.59399e-09
7025.0  2.60066e-09
7030.0  2.62168e-09
7035.0  2.6295e-09
7040.0  2.62778e-09
7045.0  2.64034e-09
7050.0  2.64607e-09
7055.0  2.63641e-09
7060.0  2.62184e-09
7065.0  2.60383e-09
7070.0  2.61179e-09
7075.0  2.62718e-09
7080.0  2.6123e-09
7085.0  2.58681e-09
7090.0  2.57046e-09
7095.0  2.56904e-09
7100.0  2.5668e-09
7105.0  2.57479e-09
7110.0  2.57212e-09
7115.0  2.58188e-09
7120.0  2.58225e-09
7125.0  2.58074e-09
7130.0  2.58528e-09
7135.0  2.59462e-09
7140.0  2.59893e-09
7145.0  2.57948e-09
7150.0  2.57907e-09
7155.0  2.58518e-09
7160.0  2.56609e-09
7165.0  2.52652e-09
7170.0  2.51583e-09
7175.0  2.48749e-09
7180.0  2.45488e-09
7185.0  2.42979e-09
7190.0  2.42937e-09
7195.0  2.44335e-09
7200.0  2.44266e-09
7205.0  2.45041e-09
7210.0  2.49401e-09
7215.0  2.53574e-09
7220.0  2.54624e-09
7225.0  2.51755e-09
7230.0  2.46047e-09
7235.0  2.44699e-09
7240.0  2.46128e-09
7245.0  2.45763e-09
7250.0  2.45712e-09
7255.0  2.4336e-09
7260.0  2.44368e-09
7265.0  2.46267e-09
7270.0  2.4673e-09
7275.0  2.44221e-09
7280.0  2.43359e-09
7285.0  2.42525e-09
7290.0  2.4143e-09
7295.0  2.43392e-09
7300.0  2.42809e-09
7305.0  2.43177e-09
7310.0  2.44007e-09
7315.0  2.44367e-09
7320.0  2.44242e-09
7325.0  2.44039e-09
7330.0  2.43357e-09
7335.0  2.43568e-09
7340.0  2.44273e-09
7345.0  2.42853e-09
7350.0  2.39994e-09
7355.0  2.39298e-09
7360.0  2.38829e-09
7365.0  2.3738e-09
7370.0  2.38372e-09
7375.0  2.40953e-09
7380.0  2.41062e-09
7385.0  2.38352e-09
7390.0  2.36908e-09
7395.0  2.36352e-09
7400.0  2.34171e-09
7405.0  2.32217e-09
7410.0  2.33497e-09
7415.0  2.37682e-09
7420.0  2.38211e-09
7425.0  2.34424e-09
7430.0  2.35574e-09
7435.0  2.35954e-09
7440.0  2.35105e-09
7445.0  2.3406e-09
7450.0  2.34819e-09
7455.0  2.35716e-09
7460.0  2.34653e-09
7465.0  2.34259e-09
7470.0  2.34323e-09
7475.0  2.33532e-09
7480.0  2.32455e-09
7485.0  2.31575e-09
7490.0  2.29927e-09
7495.0  2.28378e-09
7500.0  2.29513e-09
7505.0  2.30455e-09
7510.0  2.30848e-09
7515.0  2.33008e-09
7520.0  2.34831e-09
7525.0  2.34957e-09
7530.0  2.35322e-09
7535.0  2.36209e-09
7540.0  2.37301e-09
7545.0  2.37435e-09
7550.0  2.37761e-09
7555.0  2.37297e-09
7560.0  2.36686e-09
7565.0  2.36075e-09
7570.0  2.35464e-09
7575.0  2.34854e-09
7580.0  2.34242e-09
7585.0  2.33631e-09
7590.0  2.33021e-09
7595.0  2.3241e-09
7600.0  2.318e-09
7605.0  2.31189e-09
7610.0  2.30578e-09
7615.0  2.29967e-09
7620.0  2.29356e-09
7625.0  2.28746e-09
7630.0  2.28135e-09
7635.0  2.27524e-09
7640.0  2.26914e-09
7645.0  2.26302e-09
7650.0  2.25692e-09
7655.0  2.25081e-09
7660.0  2.2447e-09
7665.0  2.23859e-09
7670.0  2.23249e-09
7675.0  2.22638e-09
7680.0  2.22027e-09
7685.0  2.21416e-09
7690.0  2.20805e-09
7695.0  2.20195e-09
7700.0  2.19584e-09
7705.0  2.18973e-09
7710.0  2.18362e-09
7715.0  2.17752e-09
7720.0  2.17141e-09
7725.0  2.16531e-09
7730.0  2.16111e-09
7735.0  2.16687e-09
7740.0  2.16358e-09
7745.0  2.14924e-09
7750.0  2.14852e-09
7755.0  2.16582e-09
7760.0  2.17204e-09
7765.0  2.17032e-09
7770.0  2.15271e-09
7775.0  2.13377e-09
7780.0  2.14014e-09
7785.0  2.14896e-09
7790.0  2.14651e-09
7795.0  2.14091e-09
7800.0  2.13506e-09
7805.0  2.13878e-09
7810.0  2.13773e-09
7815.0  2.14064e-09
7820.0  2.14418e-09
7825.0  2.1396e-09
7830.0  2.12473e-09
7835.0  2.11809e-09
7840.0  2.12662e-09
7845.0  2.13109e-09
7850.0  2.13056e-09
7855.0  2.13176e-09
7860.0  2.13033e-09
7865.0  2.12223e-09
7870.0  2.11697e-09
7875.0  2.10575e-09
7880.0  2.09811e-09
7885.0  2.10071e-09
7890.0  2.10165e-09
7895.0  2.09217e-09
7900.0  2.09273e-09
7905.0  2.09386e-09
7910.0  2.08369e-09
7915.0  2.07059e-09
7920.0  2.06629e-09
7925.0  2.06228e-09
7930.0  2.05145e-09
7935.0  2.04937e-09
7940.0  2.05138e-09
7945.0  2.05441e-09
7950.0  2.06751e-09
7955.0  2.07145e-09
7960.0  2.06393e-09
7965.0  2.07196e-09
7970.0  2.08105e-09
7975.0  2.08521e-09
7980.0  2.08689e-09
7985.0  2.08332e-09
7990.0  2.07648e-09
7995.0  2.06481e-09
8000.0  2.05175e-09
8005.0  2.05329e-09
8010.0  2.05487e-09
8015.0  2.05411e-09
8020.0  2.05185e-09
8025.0  2.04404e-09
8030.0  2.04269e-09
8035.0  2.05557e-09
8040.0  2.05723e-09
8045.0  2.04479e-09
8050.0  2.045e-09
8055.0  2.05412e-09
8060.0  2.06095e-09
8065.0  2.05832e-09
8070.0  2.05555e-09
8075.0  2.05351e-09
8080.0  2.04654e-09
8085.0  2.03609e-09
8090.0  2.02722e-09
8095.0  2.02186e-09
8100.0  2.02046e-09
8105.0  2.02196e-09
8110.0  2.0252e-09
8115.0  2.02866e-09
8120.0  2.03084e-09
8125.0  2.03056e-09
8130.0  2.02763e-09
8135.0  2.02221e-09
8140.0  2.01452e-09
8145.0  2.00489e-09
8150.0  1.99398e-09
8155.0  1.98257e-09
8160.0  1.97147e-09
8165.0  1.96157e-09
8170.0  1.95395e-09
8175.0  1.9498e-09
8180.0  1.95022e-09
8185.0  1.95539e-09
8190.0  1.96318e-09
8195.0  1.97058e-09
8200.0  1.97456e-09
8205.0  1.97318e-09
8210.0  1.9673e-09
8215.0  1.95882e-09
8220.0  1.94974e-09
8225.0  1.94192e-09
8230.0  1.93676e-09
8235.0  1.93552e-09
8240.0  1.93931e-09
8245.0  1.94814e-09
8250.0  1.95913e-09
8255.0  1.96828e-09
8260.0  1.97164e-09
8265.0  1.96705e-09
8270.0  1.95684e-09
8275.0  1.94512e-09
8280.0  1.93601e-09
8285.0  1.93199e-09
8290.0  1.93136e-09
8295.0  1.93078e-09
8300.0  1.9269e-09
8305.0  1.91789e-09
8310.0  1.90582e-09
8315.0  1.89426e-09
8320.0  1.88681e-09
8325.0  1.88589e-09
8330.0  1.89084e-09
8335.0  1.89981e-09
8340.0  1.91082e-09
8345.0  1.92186e-09
8350.0  1.93087e-09
8355.0  1.93574e-09
8360.0  1.9345e-09
8365.0  1.92647e-09
8370.0  1.91431e-09
8375.0  1.90199e-09
8380.0  1.89343e-09
8385.0  1.89097e-09
8390.0  1.89275e-09
8395.0  1.89536e-09
8400.0  1.89534e-09
8405.0  1.89056e-09
8410.0  1.88233e-09
8415.0  1.87522e-09
8420.0  1.87022e-09
8425.0  1.87365e-09
8430.0  1.86985e-09
8435.0  1.84639e-09
8440.0  1.83797e-09
8445.0  1.83624e-09
8450.0  1.84508e-09
8455.0  1.86834e-09
8460.0  1.87146e-09
8465.0  1.85167e-09
8470.0  1.83571e-09
8475.0  1.85158e-09
8480.0  1.84615e-09
8485.0  1.84497e-09
8490.0  1.79857e-09
8495.0  1.68255e-09
8500.0  1.63213e-09
8505.0  1.74694e-09
8510.0  1.79149e-09
8515.0  1.78279e-09
8520.0  1.79299e-09
8525.0  1.79481e-09
8530.0  1.76192e-09
8535.0  1.6299e-09
8540.0  1.41019e-09
8545.0  1.42059e-09
8550.0  1.63182e-09
8555.0  1.73561e-09
8560.0  1.76053e-09
8565.0  1.78194e-09
8570.0  1.78096e-09
8575.0  1.77385e-09
8580.0  1.76872e-09
8585.0  1.75781e-09
8590.0  1.75487e-09
8595.0  1.73618e-09
8600.0  1.73044e-09
8605.0  1.74233e-09
8610.0  1.73253e-09
8615.0  1.74018e-09
8620.0  1.74701e-09
8625.0  1.75163e-09
8630.0  1.75475e-09
8635.0  1.75366e-09
8640.0  1.74237e-09
8645.0  1.72143e-09
8650.0  1.69299e-09
8655.0  1.60921e-09
8660.0  1.43266e-09
8665.0  1.42249e-09
8670.0  1.57929e-09
8675.0  1.65245e-09
8680.0  1.67546e-09
8685.0  1.6825e-09
8690.0  1.67878e-09
8695.0  1.70026e-09
8700.0  1.70708e-09
8705.0  1.69872e-09
8710.0  1.68298e-09
8715.0  1.68024e-09
8720.0  1.69482e-09
8725.0  1.69073e-09
8730.0  1.67793e-09
8735.0  1.6648e-09
8740.0  1.65795e-09
8745.0  1.64061e-09
8750.0  1.63068e-09
8755.0  1.62946e-09
8760.0  1.65246e-09
8765.0  1.67352e-09
8770.0  1.67215e-09
8775.0  1.68095e-09
8780.0  1.69009e-09
8785.0  1.68518e-09
8790.0  1.66384e-09
8795.0  1.6698e-09
8800.0  1.67196e-09
8805.0  1.63682e-09
8810.0  1.65291e-09
8815.0  1.6869e-09
8820.0  1.69129e-09
8825.0  1.67908e-09
8830.0  1.69123e-09
8835.0  1.68714e-09
8840.0  1.68238e-09
8845.0  1.68212e-09
8850.0  1.67346e-09
8855.0  1.65735e-09
8860.0  1.61767e-09
8865.0  1.59886e-09
8870.0  1.63009e-09
8875.0  1.66399e-09
8880.0  1.68259e-09
8885.0  1.68959e-09
8890.0  1.69242e-09
8895.0  1.68964e-09
8900.0  1.6991e-09
8905.0  1.71316e-09
8910.0  1.7039e-09
8915.0  1.70005e-09
8920.0  1.69381e-09
8925.0  1.67888e-09
8930.0  1.69748e-09
8935.0  1.69888e-09
8940.0  1.69394e-09
8945.0  1.68578e-09
8950.0  1.67613e-09
8955.0  1.66764e-09
8960.0  1.66292e-09
8965.0  1.66293e-09
8970.0  1.66437e-09
8975.0  1.66236e-09
8980.0  1.65206e-09
8985.0  1.63131e-09
8990.0  1.60482e-09
8995.0  1.57996e-09
9000.0  1.56409e-09
9005.0  1.56225e-09
9010.0  1.57334e-09
9015.0  1.5939e-09
9020.0  1.62023e-09
9025.0  1.64834e-09
9030.0  1.67351e-09
9035.0  1.69078e-09
9040.0  1.69534e-09
9045.0  1.68462e-09
9050.0  1.66173e-09
9055.0  1.63197e-09
9060.0  1.60083e-09
9065.0  1.57313e-09
9070.0  1.55198e-09
9075.0  1.53987e-09
9080.0  1.53904e-09
9085.0  1.55008e-09
9090.0  1.56927e-09
9095.0  1.59124e-09
9100.0  1.61061e-09
9105.0  1.62349e-09
9110.0  1.62987e-09
9115.0  1.63125e-09
9120.0  1.62922e-09
9125.0  1.62492e-09
9130.0  1.61827e-09
9135.0  1.60869e-09
9140.0  1.5957e-09
9145.0  1.57983e-09
9150.0  1.56432e-09
9155.0  1.55346e-09
9160.0  1.55141e-09
9165.0  1.56032e-09
9170.0  1.57698e-09
9175.0  1.59616e-09
9180.0  1.61256e-09
9185.0  1.62233e-09
9190.0  1.62534e-09
9195.0  1.62291e-09
9200.0  1.6165e-09
9205.0  1.60762e-09
9210.0  1.59782e-09
9215.0  1.58872e-09
9220.0  1.58184e-09
9225.0  1.57789e-09
9230.0  1.57547e-09
9235.0  1.57235e-09
9240.0  1.56641e-09
9245.0  1.55743e-09
9250.0  1.55007e-09
9255.0  1.5509e-09
9260.0  1.56625e-09
9265.0  1.5982e-09
9270.0  1.6378e-09
9275.0  1.67189e-09
9280.0  1.68729e-09
9285.0  1.67546e-09
9290.0  1.63976e-09
9295.0  1.58817e-09
9300.0  1.52912e-09
9305.0  1.47127e-09
9310.0  1.42389e-09
9315.0  1.39648e-09
9320.0  1.39789e-09
9325.0  1.43047e-09
9330.0  1.47963e-09
9335.0  1.52426e-09
9340.0  1.54346e-09
9345.0  1.52497e-09
9350.0  1.47897e-09
9355.0  1.42429e-09
9360.0  1.38008e-09
9365.0  1.36028e-09
9370.0  1.36523e-09
9375.0  1.39006e-09
9380.0  1.42925e-09
9385.0  1.476e-09
9390.0  1.5202e-09
9395.0  1.55047e-09
9400.0  1.55583e-09
9405.0  1.53073e-09
9410.0  1.4836e-09
9415.0  1.42828e-09
9420.0  1.37886e-09
9425.0  1.34639e-09
9430.0  1.33414e-09
9435.0  1.34231e-09
9440.0  1.37056e-09
9445.0  1.41572e-09
9450.0  1.46727e-09
9455.0  1.51187e-09
9460.0  1.53648e-09
9465.0  1.53367e-09
9470.0  1.51062e-09
9475.0  1.48013e-09
9480.0  1.45518e-09
9485.0  1.44471e-09
9490.0  1.44718e-09
9495.0  1.45705e-09
9500.0  1.46851e-09
9505.0  1.47721e-09
9510.0  1.48256e-09
9515.0  1.48545e-09
9520.0  1.48686e-09
9525.0  1.48724e-09
9530.0  1.48573e-09
9535.0  1.48097e-09
9540.0  1.47169e-09
9545.0  1.45815e-09
9550.0  1.4446e-09
9555.0  1.43683e-09
9560.0  1.44041e-09
9565.0  1.45753e-09
9570.0  1.48141e-09
9575.0  1.50185e-09
9580.0  1.50879e-09
9585.0  1.49665e-09
9590.0  1.47155e-09
9595.0  1.44413e-09
9600.0  1.42511e-09
9605.0  1.4213e-09
9610.0  1.42943e-09
9615.0  1.44236e-09
9620.0  1.45278e-09
9625.0  1.45567e-09
9630.0  1.45193e-09
9635.0  1.44478e-09
9640.0  1.43757e-09
9645.0  1.43313e-09
9650.0  1.4329e-09
9655.0  1.43776e-09
9660.0  1.44842e-09
9665.0  1.46435e-09
9670.0  1.48177e-09
9675.0  1.49565e-09
9680.0  1.50108e-09
9685.0  1.49545e-09
9690.0  1.48216e-09
9695.0  1.46692e-09
9700.0  1.45545e-09
9705.0  1.45132e-09
9710.0  1.45244e-09
9715.0  1.45457e-09
9720.0  1.45345e-09
9725.0  1.44663e-09
9730.0  1.43645e-09
9735.0  1.42708e-09
9740.0  1.42272e-09
9745.0  1.42574e-09
9750.0  1.43393e-09
9755.0  1.44325e-09
9760.0  1.44968e-09
9765.0  1.4509e-09
9770.0  1.44901e-09
9775.0  1.44782e-09
9780.0  1.45111e-09
9785.0  1.46075e-09
9790.0  1.47359e-09
9795.0  1.48457e-09
9800.0  1.48864e-09
9805.0  1.48284e-09
9810.0  1.46961e-09
9815.0  1.4535e-09
9820.0  1.43913e-09
9825.0  1.42992e-09
9830.0  1.4261e-09
9835.0  1.42669e-09
9840.0  1.43058e-09
9845.0  1.43635e-09
9850.0  1.44191e-09
9855.0  1.44485e-09
9860.0  1.44289e-09
9865.0  1.43487e-09
9870.0  1.42269e-09
9875.0  1.40937e-09
9880.0  1.39797e-09
9885.0  1.39052e-09
9890.0  1.3864e-09
9895.0  1.38397e-09
9900.0  1.38154e-09
9905.0  1.37797e-09
9910.0  1.37351e-09
9915.0  1.36897e-09
9920.0  1.3652e-09
9925.0  1.36301e-09
9930.0  1.36305e-09
9935.0  1.36592e-09
9940.0  1.37216e-09
9945.0  1.38157e-09
9950.0  1.39208e-09
9955.0  1.40087e-09
9960.0  1.40522e-09
9965.0  1.4038e-09
9970.0  1.3989e-09
9975.0  1.39424e-09
9980.0  1.39351e-09
9985.0  1.39877e-09
9990.0  1.40786e-09
9995.0  1.41703e-09
10000.0  1.42244e-09
10005.0  1.42135e-09
10010.0  1.41387e-09
10015.0  1.40116e-09
10020.0  1.38455e-09
10025.0  1.36561e-09
10030.0  1.34658e-09
10035.0  1.32996e-09
10040.0  1.31819e-09
10045.0  1.31293e-09
10050.0  1.31375e-09
10055.0  1.31942e-09
10060.0  1.32865e-09
10065.0  1.34014e-09
10070.0  1.35263e-09
10075.0  1.36488e-09
10080.0  1.37565e-09
10085.0  1.38393e-09
10090.0  1.38918e-09
10095.0  1.3911e-09
10100.0  1.38944e-09
10105.0  1.38438e-09
10110.0  1.37731e-09
10115.0  1.37006e-09
10120.0  1.36445e-09
10125.0  1.36181e-09
10130.0  1.36224e-09
10135.0  1.36533e-09
10140.0  1.37059e-09
10145.0  1.3772e-09
10150.0  1.38343e-09
10155.0  1.38723e-09
10160.0  1.38661e-09
10165.0  1.38078e-09
10170.0  1.37201e-09
10175.0  1.36374e-09
10180.0  1.35942e-09
10185.0  1.36112e-09
10190.0  1.36738e-09
10195.0  1.37542e-09
10200.0  1.38237e-09
10205.0  1.38635e-09
10210.0  1.38795e-09
10215.0  1.38871e-09
10220.0  1.39021e-09
10225.0  1.39326e-09
10230.0  1.39675e-09
10235.0  1.3988e-09
10240.0  1.39756e-09
10245.0  1.39198e-09
10250.0  1.38309e-09
10255.0  1.37272e-09
10260.0  1.36275e-09
10265.0  1.3547e-09
10270.0  1.34913e-09
10275.0  1.34623e-09
10280.0  1.34612e-09
10285.0  1.34853e-09
10290.0  1.3522e-09
10295.0  1.35546e-09
10300.0  1.35669e-09
10305.0  1.35487e-09
10310.0  1.3506e-09
10315.0  1.34511e-09
10320.0  1.33961e-09
10325.0  1.33484e-09
10330.0  1.33027e-09
10335.0  1.32486e-09
10340.0  1.31762e-09
10345.0  1.30848e-09
10350.0  1.29977e-09
10355.0  1.29475e-09
10360.0  1.29656e-09
10365.0  1.30646e-09
10370.0  1.32073e-09
10375.0  1.33376e-09
10380.0  1.33999e-09
10385.0  1.33633e-09
10390.0  1.32608e-09
10395.0  1.31504e-09
10400.0  1.30897e-09
10405.0  1.3112e-09
10410.0  1.31861e-09
10415.0  1.32567e-09
10420.0  1.32675e-09
10425.0  1.31834e-09
10430.0  1.30229e-09
10435.0  1.28252e-09
10440.0  1.26311e-09
10445.0  1.24756e-09
10450.0  1.23789e-09
10455.0  1.23558e-09
10460.0  1.24186e-09
10465.0  1.25657e-09
10470.0  1.27581e-09
10475.0  1.29424e-09
10480.0  1.30662e-09
10485.0  1.30959e-09
10490.0  1.30491e-09
10495.0  1.29624e-09
10500.0  1.28737e-09
10505.0  1.28115e-09
10510.0  1.27794e-09
10515.0  1.27721e-09
10520.0  1.27829e-09
10525.0  1.28045e-09
10530.0  1.28287e-09
10535.0  1.28463e-09
10540.0  1.28486e-09
10545.0  1.2829e-09
10550.0  1.27871e-09
10555.0  1.27245e-09
10560.0  1.26438e-09
10565.0  1.25515e-09
10570.0  1.24644e-09
10575.0  1.24037e-09
10580.0  1.23897e-09
10585.0  1.24314e-09
10590.0  1.25083e-09
10595.0  1.25889e-09
10600.0  1.2641e-09
10605.0  1.26432e-09
10610.0  1.25996e-09
10615.0  1.2525e-09
10620.0  9.33697e-10
