# Extracted from file: pickles_104.fits
#SIMPLETrueFits standard
#BITPIX16Bits per pixel
#NAXIS0Number of axes
#EXTENDTrueFile may contain extensions
#DATE2007-01-11T20:44:27Date FITS file was generated
#IRAF-TLM15:44:43 (11/01/2007)Time of last modification
#COMMENT  FITS (Flexible Image Transport System) format is defined in 'Astronomy
#COMMENT  and Astrophysics', volume 376, page 359; bibcode: 2001A&A...376..359H
#ORIGINSTScI-STSDAS/TABLESTables version 2002-02-22
#FILENAMEpickles_104.fitsname of file
#NEXTEND1number of extensions in file
#COMMENT1spectral type: M9III
#COMMENT2metallicity: solar
#COMMENT3original filename: m9iii.dat
#HISTORY  File created by F.R.Boffi.
#HISTORY  SEDs from Pickles UVILIB Library (1998, PASP 110, 863).
#HISTORY  Wavelength is in Angstrom.
#HISTORY  Fluxes are tabulated in units of erg/s/cm^2/A
#HISTORY  and were calculated by normalizing the original fluxes
#HISTORY  in the Pickles V band to a 0 magnitude in vegamag.
#HISTORY  In the vegamag system, Vega has magnitude zero in all passbands.
#HISTORY  Please refer to the SYNPHOT manual for further information.
#
#
#
#
#
#
#
#
#
#
#
#
#
#  
#Columns WAVELENGTH FLUX
#Units  angstroms flam
1150.0  0.0
1155.0  0.0
1160.0  0.0
1165.0  0.0
1170.0  0.0
1175.0  0.0
1180.0  0.0
1185.0  0.0
1190.0  0.0
1195.0  0.0
1200.0  0.0
1205.0  0.0
1210.0  0.0
1215.0  0.0
1220.0  0.0
1225.0  0.0
1230.0  0.0
1235.0  0.0
1240.0  0.0
1245.0  0.0
1250.0  0.0
1255.0  0.0
1260.0  0.0
1265.0  0.0
1270.0  0.0
1275.0  0.0
1280.0  0.0
1285.0  0.0
1290.0  0.0
1295.0  0.0
1300.0  0.0
1305.0  0.0
1310.0  0.0
1315.0  0.0
1320.0  0.0
1325.0  0.0
1330.0  0.0
1335.0  0.0
1340.0  0.0
1345.0  0.0
1350.0  0.0
1355.0  0.0
1360.0  0.0
1365.0  0.0
1370.0  0.0
1375.0  0.0
1380.0  0.0
1385.0  0.0
1390.0  0.0
1395.0  0.0
1400.0  0.0
1405.0  0.0
1410.0  0.0
1415.0  0.0
1420.0  0.0
1425.0  0.0
1430.0  0.0
1435.0  0.0
1440.0  0.0
1445.0  0.0
1450.0  0.0
1455.0  0.0
1460.0  0.0
1465.0  0.0
1470.0  0.0
1475.0  0.0
1480.0  0.0
1485.0  0.0
1490.0  0.0
1495.0  0.0
1500.0  0.0
1505.0  0.0
1510.0  0.0
1515.0  0.0
1520.0  0.0
1525.0  0.0
1530.0  0.0
1535.0  0.0
1540.0  0.0
1545.0  0.0
1550.0  0.0
1555.0  0.0
1560.0  0.0
1565.0  0.0
1570.0  0.0
1575.0  0.0
1580.0  0.0
1585.0  0.0
1590.0  0.0
1595.0  0.0
1600.0  0.0
1605.0  0.0
1610.0  0.0
1615.0  0.0
1620.0  0.0
1625.0  0.0
1630.0  0.0
1635.0  0.0
1640.0  0.0
1645.0  0.0
1650.0  0.0
1655.0  0.0
1660.0  0.0
1665.0  0.0
1670.0  0.0
1675.0  0.0
1680.0  0.0
1685.0  0.0
1690.0  0.0
1695.0  0.0
1700.0  0.0
1705.0  0.0
1710.0  0.0
1715.0  0.0
1720.0  0.0
1725.0  0.0
1730.0  0.0
1735.0  0.0
1740.0  0.0
1745.0  0.0
1750.0  0.0
1755.0  0.0
1760.0  0.0
1765.0  0.0
1770.0  0.0
1775.0  0.0
1780.0  0.0
1785.0  0.0
1790.0  0.0
1795.0  0.0
1800.0  0.0
1805.0  0.0
1810.0  0.0
1815.0  0.0
1820.0  0.0
1825.0  0.0
1830.0  0.0
1835.0  0.0
1840.0  0.0
1845.0  0.0
1850.0  0.0
1855.0  0.0
1860.0  0.0
1865.0  0.0
1870.0  0.0
1875.0  0.0
1880.0  0.0
1885.0  0.0
1890.0  0.0
1895.0  0.0
1900.0  0.0
1905.0  0.0
1910.0  0.0
1915.0  0.0
1920.0  0.0
1925.0  0.0
1930.0  0.0
1935.0  0.0
1940.0  0.0
1945.0  0.0
1950.0  0.0
1955.0  0.0
1960.0  0.0
1965.0  0.0
1970.0  0.0
1975.0  0.0
1980.0  0.0
1985.0  0.0
1990.0  0.0
1995.0  0.0
2000.0  0.0
2005.0  0.0
2010.0  0.0
2015.0  0.0
2020.0  0.0
2025.0  0.0
2030.0  0.0
2035.0  0.0
2040.0  0.0
2045.0  0.0
2050.0  0.0
2055.0  0.0
2060.0  0.0
2065.0  0.0
2070.0  0.0
2075.0  4.65577e-16
2080.0  3.25232e-15
2085.0  3.71566e-15
2090.0  4.18123e-15
2095.0  6.96798e-15
2100.0  7.43132e-15
2105.0  7.43132e-15
2110.0  7.89688e-15
2115.0  1.06836e-14
2120.0  1.1147e-14
2125.0  1.1147e-14
2130.0  1.06814e-14
2135.0  7.8947e-15
2140.0  6.96578e-15
2145.0  4.17904e-15
2150.0  3.25013e-15
2155.0  0.0
2160.0  0.0
2165.0  0.0
2170.0  0.0
2175.0  0.0
2180.0  0.0
2185.0  0.0
2190.0  0.0
2195.0  0.0
2200.0  0.0
2205.0  0.0
2210.0  0.0
2215.0  0.0
2220.0  0.0
2225.0  0.0
2230.0  0.0
2235.0  0.0
2240.0  7.43754e-15
2245.0  1.905e-14
2250.0  3.39147e-14
2255.0  5.20295e-14
2260.0  7.10733e-14
2265.0  9.29039e-14
2270.0  1.14732e-13
2275.0  1.34239e-13
2280.0  1.55605e-13
2285.0  1.74646e-13
2290.0  1.92759e-13
2295.0  2.08085e-13
2300.0  2.22017e-13
2305.0  2.30375e-13
2310.0  2.37341e-13
2315.0  2.41055e-13
2320.0  2.40587e-13
2325.0  2.33152e-13
2330.0  2.18751e-13
2335.0  2.00171e-13
2340.0  1.76944e-13
2345.0  1.43962e-13
2350.0  1.03551e-13
2355.0  5.94269e-14
2360.0  1.43736e-14
2365.0  0.0
2370.0  0.0
2375.0  0.0
2380.0  0.0
2385.0  0.0
2390.0  0.0
2395.0  0.0
2400.0  0.0
2405.0  4.83557e-14
2410.0  1.62626e-13
2415.0  2.92204e-13
2420.0  3.79948e-13
2425.0  3.627e-13
2430.0  2.5449e-13
2435.0  2.90839e-13
2440.0  5.23502e-13
2445.0  4.46227e-13
2450.0  1.5595e-13
2455.0  6.8734e-14
2460.0  8.63892e-14
2465.0  5.61796e-14
2470.0  2.22827e-14
2475.0  1.11432e-14
2480.0  4.17731e-15
2485.0  9.28916e-16
2490.0  5.1137e-15
2495.0  1.95165e-14
2500.0  4.04181e-14
2505.0  5.71329e-14
2510.0  5.71237e-14
2515.0  3.90015e-14
2520.0  1.20685e-14
2525.0  1.76641e-14
2530.0  6.27211e-14
2535.0  7.5691e-14
2540.0  9.72344e-15
2545.0  3.07619e-14
2550.0  4.773e-13
2555.0  1.1661e-12
2560.0  1.65967e-12
2565.0  1.80813e-12
2570.0  1.67242e-12
2575.0  1.56951e-12
2580.0  2.28482e-12
2585.0  3.83003e-12
2590.0  4.32818e-12
2595.0  3.68572e-12
2600.0  3.76245e-12
2605.0  5.0118e-12
2610.0  6.60933e-12
2615.0  7.11961e-12
2620.0  6.60949e-12
2625.0  6.68634e-12
2630.0  8.58015e-12
2635.0  1.0828e-11
2640.0  1.029e-11
2645.0  6.95455e-12
2650.0  4.75878e-12
2655.0  8.58496e-12
2660.0  1.20437e-11
2665.0  8.07004e-12
2670.0  4.54517e-12
2675.0  6.02436e-12
2680.0  8.96183e-12
2685.0  1.00368e-11
2690.0  8.86497e-12
2695.0  7.95085e-12
2700.0  7.79532e-12
2705.0  6.99824e-12
2710.0  4.86352e-12
2715.0  2.17965e-12
2720.0  9.4226e-13
2725.0  1.50207e-12
2730.0  2.56127e-12
2735.0  2.36233e-12
2740.0  1.36201e-12
2745.0  1.51718e-12
2750.0  2.27013e-12
2755.0  3.03716e-12
2760.0  4.60954e-12
2765.0  5.8747e-12
2770.0  5.83041e-12
2775.0  6.56006e-12
2780.0  7.60919e-12
2785.0  6.14969e-12
2790.0  3.12544e-12
2795.0  8.56784e-13
2800.0  4.83227e-13
2805.0  1.37099e-12
2810.0  1.93508e-12
2815.0  2.09892e-12
2820.0  2.09089e-12
2825.0  1.61696e-12
2830.0  9.46784e-13
2835.0  5.50249e-13
2840.0  2.94827e-13
2845.0  8.35371e-14
2850.0  5.56046e-15
2855.0  9.76744e-15
2860.0  9.20438e-14
2865.0  3.8426e-13
2870.0  7.42803e-13
2875.0  1.02754e-12
2880.0  1.56418e-12
2885.0  2.72239e-12
2890.0  4.61716e-12
2895.0  6.75355e-12
2900.0  7.89903e-12
2905.0  6.98743e-12
2910.0  7.58566e-12
2915.0  1.33083e-11
2920.0  1.50943e-11
2925.0  9.68492e-12
2930.0  8.52262e-12
2935.0  1.19973e-11
2940.0  1.35241e-11
2945.0  1.27432e-11
2950.0  1.3732e-11
2955.0  1.7516e-11
2960.0  1.62366e-11
2965.0  1.08265e-11
2970.0  1.06715e-11
2975.0  1.17561e-11
2980.0  7.89144e-12
2985.0  8.19109e-12
2990.0  1.21702e-11
2995.0  9.75248e-12
3000.0  6.5351e-12
3005.0  8.38774e-12
3010.0  9.94707e-12
3015.0  6.94345e-12
3020.0  2.40734e-12
3025.0  8.8407e-12
3030.0  2.20511e-11
3035.0  2.23926e-11
3040.0  1.44816e-11
3045.0  9.73797e-12
3050.0  1.06449e-11
3055.0  1.58843e-11
3060.0  2.29099e-11
3065.0  2.9428e-11
3070.0  3.70128e-11
3075.0  4.85277e-11
3080.0  5.8478e-11
3085.0  5.74938e-11
3090.0  4.31593e-11
3095.0  4.28737e-11
3100.0  8.02984e-11
3105.0  1.17767e-10
3110.0  1.47767e-10
3115.0  2.19586e-10
3120.0  2.76162e-10
3125.0  2.4751e-10
3130.0  2.06073e-10
3135.0  1.91794e-10
3140.0  1.86819e-10
3145.0  2.26869e-10
3150.0  2.76699e-10
3155.0  2.08371e-10
3160.0  1.38114e-10
3165.0  2.37413e-10
3170.0  3.96558e-10
3175.0  4.49191e-10
3180.0  3.31191e-10
3185.0  1.9017e-10
3190.0  1.43382e-10
3195.0  1.47856e-10
3200.0  2.23004e-10
3205.0  3.77939e-10
3210.0  4.15728e-10
3215.0  2.62354e-10
3220.0  1.33752e-10
3225.0  1.58654e-10
3230.0  2.78072e-10
3235.0  2.98101e-10
3240.0  3.3339e-10
3245.0  6.32975e-10
3250.0  8.09445e-10
3255.0  6.53301e-10
3260.0  5.75253e-10
3265.0  5.97869e-10
3270.0  5.67968e-10
3275.0  6.88904e-10
3280.0  9.30621e-10
3285.0  1.01915e-09
3290.0  1.03172e-09
3295.0  1.07485e-09
3300.0  1.03723e-09
3305.0  8.47245e-10
3310.0  5.70059e-10
3315.0  4.20339e-10
3320.0  5.58113e-10
3325.0  9.01433e-10
3330.0  1.05859e-09
3335.0  7.85366e-10
3340.0  5.18219e-10
3345.0  5.39563e-10
3350.0  7.11699e-10
3355.0  7.35798e-10
3360.0  4.9658e-10
3365.0  2.29085e-10
3370.0  2.25999e-10
3375.0  5.65402e-10
3380.0  8.91765e-10
3385.0  9.33756e-10
3390.0  7.37896e-10
3395.0  6.58527e-10
3400.0  8.2452e-10
3405.0  8.99691e-10
3410.0  7.8511e-10
3415.0  7.22172e-10
3420.0  1.0619e-09
3425.0  1.60575e-09
3430.0  1.50148e-09
3435.0  8.26748e-10
3440.0  3.13362e-10
3445.0  4.21798e-10
3450.0  8.7234e-10
3455.0  1.03405e-09
3460.0  1.12871e-09
3465.0  1.24043e-09
3470.0  8.81503e-10
3475.0  6.10099e-10
3480.0  1.03999e-09
3485.0  1.26218e-09
3490.0  9.78477e-10
3495.0  8.56493e-10
3500.0  1.09643e-09
3505.0  1.41383e-09
3510.0  1.31844e-09
3515.0  7.98517e-10
3520.0  3.75663e-10
3525.0  8.0777e-10
3530.0  2.06992e-09
3535.0  3.04549e-09
3540.0  3.29821e-09
3545.0  3.08611e-09
3550.0  2.89383e-09
3555.0  2.73842e-09
3560.0  2.34328e-09
3565.0  1.59037e-09
3570.0  7.26859e-10
3575.0  2.09901e-10
3580.0  1.54636e-10
3585.0  3.25261e-10
3590.0  3.10292e-10
3595.0  1.95624e-10
3600.0  3.43667e-10
3605.0  5.66275e-10
3610.0  7.5395e-10
3615.0  1.19782e-09
3620.0  1.67919e-09
3625.0  1.73622e-09
3630.0  1.37884e-09
3635.0  1.25008e-09
3640.0  1.90004e-09
3645.0  2.20937e-09
3650.0  1.97849e-09
3655.0  2.86634e-09
3660.0  3.84373e-09
3665.0  3.38705e-09
3670.0  3.18894e-09
3675.0  3.24673e-09
3680.0  1.95307e-09
3685.0  1.22273e-09
3690.0  2.62388e-09
3695.0  4.52513e-09
3700.0  4.85944e-09
3705.0  2.94111e-09
3710.0  1.18935e-09
3715.0  1.08047e-09
3720.0  1.18216e-09
3725.0  8.75515e-10
3730.0  5.4467e-10
3735.0  5.22415e-10
3740.0  6.23319e-10
3745.0  4.96095e-10
3750.0  6.64464e-10
3755.0  1.29352e-09
3760.0  1.64473e-09
3765.0  2.04121e-09
3770.0  3.34066e-09
3775.0  5.43405e-09
3780.0  6.70847e-09
3785.0  5.5114e-09
3790.0  3.79373e-09
3795.0  3.46725e-09
3800.0  3.89303e-09
3805.0  4.15219e-09
3810.0  3.70144e-09
3815.0  2.47479e-09
3820.0  1.07696e-09
3825.0  6.16569e-10
3830.0  1.00192e-09
3835.0  1.66281e-09
3840.0  2.74906e-09
3845.0  3.52239e-09
3850.0  2.79508e-09
3855.0  1.59417e-09
3860.0  1.22065e-09
3865.0  1.67146e-09
3870.0  2.19966e-09
3875.0  2.02607e-09
3880.0  1.16039e-09
3885.0  8.10881e-10
3890.0  2.15556e-09
3895.0  3.26633e-09
3900.0  2.57977e-09
3905.0  2.1603e-09
3910.0  2.60356e-09
3915.0  2.37851e-09
3920.0  1.50399e-09
3925.0  7.39966e-10
3930.0  4.55089e-10
3935.0  4.57991e-10
3940.0  5.83072e-10
3945.0  1.20775e-09
3950.0  1.78538e-09
3955.0  1.26476e-09
3960.0  4.83217e-10
3965.0  4.26074e-10
3970.0  9.48357e-10
3975.0  1.78777e-09
3980.0  2.5943e-09
3985.0  2.75052e-09
3990.0  2.61504e-09
3995.0  3.40175e-09
4000.0  4.45287e-09
4005.0  4.61287e-09
4010.0  4.58201e-09
4015.0  4.78766e-09
4020.0  4.69231e-09
4025.0  3.65858e-09
4030.0  2.31351e-09
4035.0  2.5081e-09
4040.0  3.40115e-09
4045.0  3.2879e-09
4050.0  2.90199e-09
4055.0  2.78228e-09
4060.0  2.6666e-09
4065.0  2.85345e-09
4070.0  3.16596e-09
4075.0  2.68995e-09
4080.0  2.42714e-09
4085.0  3.50112e-09
4090.0  4.14546e-09
4095.0  3.29157e-09
4100.0  2.28123e-09
4105.0  2.17985e-09
4110.0  2.8487e-09
4115.0  2.94901e-09
4120.0  2.57324e-09
4125.0  2.84346e-09
4130.0  2.65096e-09
4135.0  1.42165e-09
4140.0  8.09489e-10
4145.0  1.56457e-09
4150.0  3.249e-09
4155.0  4.82663e-09
4160.0  4.93277e-09
4165.0  2.94652e-09
4170.0  1.15442e-09
4175.0  1.35699e-09
4180.0  2.62084e-09
4185.0  3.44529e-09
4190.0  2.99019e-09
4195.0  2.12123e-09
4200.0  1.66744e-09
4205.0  1.45086e-09
4210.0  1.2233e-09
4215.0  8.94588e-10
4220.0  5.14286e-10
4225.0  3.07319e-10
4230.0  5.17702e-10
4235.0  9.99636e-10
4240.0  1.5285e-09
4245.0  1.95739e-09
4250.0  1.8869e-09
4255.0  1.28653e-09
4260.0  1.16039e-09
4265.0  1.44275e-09
4270.0  1.20868e-09
4275.0  1.15027e-09
4280.0  1.71383e-09
4285.0  1.92822e-09
4290.0  1.49076e-09
4295.0  1.03424e-09
4300.0  1.50741e-09
4305.0  2.27979e-09
4310.0  1.8351e-09
4315.0  1.10028e-09
4320.0  1.23749e-09
4325.0  1.3959e-09
4330.0  1.13446e-09
4335.0  9.68617e-10
4340.0  1.08367e-09
4345.0  1.27293e-09
4350.0  1.19467e-09
4355.0  1.00756e-09
4360.0  1.05709e-09
4365.0  1.30304e-09
4370.0  1.57054e-09
4375.0  1.68233e-09
4380.0  1.50909e-09
4385.0  1.19812e-09
4390.0  1.13555e-09
4395.0  1.09548e-09
4400.0  7.74866e-10
4405.0  6.79457e-10
4410.0  1.24127e-09
4415.0  2.24211e-09
4420.0  2.50519e-09
4425.0  1.40307e-09
4430.0  5.67915e-10
4435.0  6.09523e-10
4440.0  7.4079e-10
4445.0  1.14131e-09
4450.0  1.81957e-09
4455.0  1.88849e-09
4460.0  1.27477e-09
4465.0  6.56161e-10
4470.0  7.48141e-10
4475.0  1.54375e-09
4480.0  2.21804e-09
4485.0  2.31436e-09
4490.0  1.89257e-09
4495.0  1.35376e-09
4500.0  9.78579e-10
4505.0  8.09934e-10
4510.0  7.87609e-10
4515.0  8.51936e-10
4520.0  9.56564e-10
4525.0  8.25652e-10
4530.0  4.8783e-10
4535.0  1.4067e-09
4540.0  3.11854e-09
4545.0  2.40024e-09
4550.0  6.1294e-10
4555.0  6.25482e-10
4560.0  1.03229e-09
4565.0  9.8971e-10
4570.0  1.26478e-09
4575.0  1.46013e-09
4580.0  1.0596e-09
4585.0  4.69189e-10
4590.0  5.40001e-10
4595.0  1.40947e-09
4600.0  1.54167e-09
4605.0  8.18448e-10
4610.0  6.65393e-10
4615.0  1.22448e-09
4620.0  1.80588e-09
4625.0  1.64977e-09
4630.0  8.97229e-10
4635.0  3.76196e-10
4640.0  2.54683e-10
4645.0  5.35352e-10
4650.0  1.38196e-09
4655.0  2.42727e-09
4660.0  2.89442e-09
4665.0  2.17956e-09
4670.0  9.80952e-10
4675.0  6.93526e-10
4680.0  9.70963e-10
4685.0  1.11708e-09
4690.0  1.29393e-09
4695.0  2.13394e-09
4700.0  3.41813e-09
4705.0  3.04582e-09
4710.0  1.19591e-09
4715.0  2.76952e-10
4720.0  5.65207e-10
4725.0  8.25653e-10
4730.0  1.96583e-10
4735.0  1.74825e-09
4740.0  7.78824e-09
4745.0  1.26269e-08
4750.0  1.15958e-08
4755.0  6.29402e-09
4760.0  1.36952e-09
4765.0  7.03721e-11
4770.0  2.43215e-10
4775.0  4.21928e-10
4780.0  1.14342e-09
4785.0  1.90586e-09
4790.0  2.04661e-09
4795.0  1.68886e-09
4800.0  1.16717e-09
4805.0  6.78736e-10
4810.0  6.38099e-11
4815.0  3.00015e-12
4820.0  1.99349e-09
4825.0  4.01396e-09
4830.0  2.8348e-09
4835.0  1.72738e-09
4840.0  2.87056e-09
4845.0  2.91464e-09
4850.0  1.29345e-09
4855.0  4.60971e-10
4860.0  2.64655e-09
4865.0  5.09036e-09
4870.0  3.48715e-09
4875.0  3.37971e-09
4880.0  7.17459e-09
4885.0  7.45726e-09
4890.0  4.26758e-09
4895.0  2.51583e-09
4900.0  3.01086e-09
4905.0  3.75977e-09
4910.0  2.74884e-09
4915.0  1.94325e-09
4920.0  2.77434e-09
4925.0  3.51703e-09
4930.0  3.76789e-09
4935.0  3.78883e-09
4940.0  2.71033e-09
4945.0  2.08835e-09
4950.0  4.12128e-09
4955.0  4.47894e-09
4960.0  1.39605e-09
4965.0  2.44236e-10
4970.0  1.24841e-09
4975.0  1.77487e-09
4980.0  2.78554e-09
4985.0  4.25306e-09
4990.0  3.86877e-09
4995.0  2.06766e-09
5000.0  8.23814e-10
5005.0  5.7365e-10
5010.0  6.61575e-10
5015.0  5.79006e-10
5020.0  1.83306e-09
5025.0  4.46068e-09
5030.0  4.80914e-09
5035.0  2.69874e-09
5040.0  1.39778e-09
5045.0  1.0563e-09
5050.0  9.32291e-10
5055.0  1.3892e-09
5060.0  2.47717e-09
5065.0  3.57514e-09
5070.0  3.63218e-09
5075.0  2.63575e-09
5080.0  1.9838e-09
5085.0  3.49515e-09
5090.0  5.94755e-09
5095.0  5.01738e-09
5100.0  3.18325e-09
5105.0  4.83794e-09
5110.0  7.44815e-09
5115.0  8.11456e-09
5120.0  6.61277e-09
5125.0  5.09589e-09
5130.0  4.97414e-09
5135.0  5.23507e-09
5140.0  5.43744e-09
5145.0  5.7711e-09
5150.0  5.14309e-09
5155.0  4.6423e-09
5160.0  7.63137e-09
5165.0  9.30934e-09
5170.0  4.7376e-09
5175.0  8.5469e-10
5180.0  6.62445e-10
5185.0  7.57209e-10
5190.0  1.70796e-09
5195.0  3.58335e-09
5200.0  3.21021e-09
5205.0  2.37845e-09
5210.0  5.02685e-09
5215.0  6.62708e-09
5220.0  4.3133e-09
5225.0  2.80496e-09
5230.0  3.18827e-09
5235.0  3.44763e-09
5240.0  3.26843e-09
5245.0  3.01549e-09
5250.0  2.92367e-09
5255.0  3.82841e-09
5260.0  5.64648e-09
5265.0  5.84251e-09
5270.0  4.9363e-09
5275.0  5.42063e-09
5280.0  4.99776e-09
5285.0  3.40813e-09
5290.0  5.02886e-09
5295.0  8.08078e-09
5300.0  8.19616e-09
5305.0  6.10066e-09
5310.0  3.38318e-09
5315.0  1.7449e-09
5320.0  5.05631e-09
5325.0  1.07962e-08
5330.0  8.65204e-09
5335.0  2.42976e-09
5340.0  1.12655e-09
5345.0  1.80615e-09
5350.0  1.87051e-09
5355.0  2.47842e-09
5360.0  2.98445e-09
5365.0  2.57394e-09
5370.0  1.90147e-09
5375.0  1.78471e-09
5380.0  2.64901e-09
5385.0  4.22064e-09
5390.0  5.54836e-09
5395.0  5.47232e-09
5400.0  4.67485e-09
5405.0  4.45591e-09
5410.0  4.6272e-09
5415.0  4.58649e-09
5420.0  4.13911e-09
5425.0  4.08664e-09
5430.0  4.90065e-09
5435.0  5.86944e-09
5440.0  6.25629e-09
5445.0  5.59498e-09
5450.0  3.63722e-09
5455.0  1.34262e-09
5460.0  7.80276e-10
5465.0  1.48953e-09
5470.0  2.2091e-09
5475.0  3.75009e-09
5480.0  5.43854e-09
5485.0  5.38084e-09
5490.0  4.72766e-09
5495.0  4.54049e-09
5500.0  3.11451e-09
5505.0  1.71798e-09
5510.0  3.65096e-09
5515.0  6.50777e-09
5520.0  6.99164e-09
5525.0  5.04946e-09
5530.0  3.03075e-09
5535.0  3.47616e-09
5540.0  5.0571e-09
5545.0  5.50976e-09
5550.0  4.23263e-09
5555.0  2.57895e-09
5560.0  2.07248e-09
5565.0  2.29284e-09
5570.0  2.68574e-09
5575.0  3.18311e-09
5580.0  3.69025e-09
5585.0  3.87313e-09
5590.0  3.31226e-09
5595.0  2.43545e-09
5600.0  1.90917e-09
5605.0  1.634e-09
5610.0  1.44026e-09
5615.0  1.34173e-09
5620.0  1.3538e-09
5625.0  1.44365e-09
5630.0  1.50539e-09
5635.0  1.37269e-09
5640.0  1.23426e-09
5645.0  1.92213e-09
5650.0  3.05904e-09
5655.0  3.28609e-09
5660.0  2.66141e-09
5665.0  1.97258e-09
5670.0  1.86417e-09
5675.0  2.19294e-09
5680.0  2.39898e-09
5685.0  2.8343e-09
5690.0  3.52759e-09
5695.0  3.55007e-09
5700.0  3.02074e-09
5705.0  2.85779e-09
5710.0  2.89557e-09
5715.0  2.91623e-09
5720.0  3.35203e-09
5725.0  4.13786e-09
5730.0  4.6464e-09
5735.0  4.34945e-09
5740.0  3.45579e-09
5745.0  3.07116e-09
5750.0  3.52307e-09
5755.0  4.0528e-09
5760.0  3.68192e-09
5765.0  2.58231e-09
5770.0  2.27058e-09
5775.0  2.52691e-09
5780.0  2.45662e-09
5785.0  2.60695e-09
5790.0  3.11168e-09
5795.0  3.45473e-09
5800.0  3.86496e-09
5805.0  4.30475e-09
5810.0  3.97997e-09
5815.0  3.10327e-09
5820.0  2.57346e-09
5825.0  2.85943e-09
5830.0  3.30775e-09
5835.0  2.84408e-09
5840.0  2.14645e-09
5845.0  2.23618e-09
5850.0  3.09414e-09
5855.0  3.34907e-09
5860.0  2.1564e-09
5865.0  1.27731e-09
5870.0  1.3164e-09
5875.0  1.25338e-09
5880.0  1.13972e-09
5885.0  1.25058e-09
5890.0  1.31998e-09
5895.0  1.25466e-09
5900.0  1.12962e-09
5905.0  9.50156e-10
5910.0  7.99085e-10
5915.0  8.12307e-10
5920.0  8.28753e-10
5925.0  7.21666e-10
5930.0  8.31282e-10
5935.0  1.1437e-09
5940.0  1.25915e-09
5945.0  1.16657e-09
5950.0  1.05785e-09
5955.0  1.08822e-09
5960.0  1.25809e-09
5965.0  1.42904e-09
5970.0  1.43422e-09
5975.0  1.49512e-09
5980.0  1.99345e-09
5985.0  2.55585e-09
5990.0  2.66259e-09
5995.0  2.23843e-09
6000.0  1.79553e-09
6005.0  1.83354e-09
6010.0  2.10772e-09
6015.0  2.36082e-09
6020.0  2.52828e-09
6025.0  2.49114e-09
6030.0  2.38561e-09
6035.0  2.69679e-09
6040.0  3.37261e-09
6045.0  3.90857e-09
6050.0  4.21015e-09
6055.0  4.28003e-09
6060.0  4.08274e-09
6065.0  4.16426e-09
6070.0  4.82473e-09
6075.0  5.05479e-09
6080.0  4.71438e-09
6085.0  4.98426e-09
6090.0  5.38423e-09
6095.0  5.09854e-09
6100.0  5.25481e-09
6105.0  5.8149e-09
6110.0  5.27544e-09
6115.0  4.78697e-09
6120.0  5.71861e-09
6125.0  5.86091e-09
6130.0  4.88994e-09
6135.0  5.45318e-09
6140.0  6.25212e-09
6145.0  4.84423e-09
6150.0  3.3499e-09
6155.0  3.22471e-09
6160.0  2.85934e-09
6165.0  2.10713e-09
6170.0  1.75492e-09
6175.0  1.4735e-09
6180.0  1.06757e-09
6185.0  8.57715e-10
6190.0  1.0806e-09
6195.0  1.54746e-09
6200.0  1.77745e-09
6205.0  1.57452e-09
6210.0  1.13399e-09
6215.0  9.08067e-10
6220.0  8.91573e-10
6225.0  8.66441e-10
6230.0  9.12932e-10
6235.0  1.08061e-09
6240.0  1.23629e-09
6245.0  1.34732e-09
6250.0  1.41276e-09
6255.0  1.33848e-09
6260.0  1.29786e-09
6265.0  1.56842e-09
6270.0  1.82638e-09
6275.0  1.85494e-09
6280.0  1.95016e-09
6285.0  2.12452e-09
6290.0  2.22837e-09
6295.0  2.41994e-09
6300.0  2.86856e-09
6305.0  3.50788e-09
6310.0  4.01455e-09
6315.0  4.07774e-09
6320.0  3.77946e-09
6325.0  3.60806e-09
6330.0  4.10765e-09
6335.0  4.47253e-09
6340.0  3.88716e-09
6345.0  3.48913e-09
6350.0  4.06215e-09
6355.0  4.92947e-09
6360.0  4.92103e-09
6365.0  4.22133e-09
6370.0  5.62415e-09
6375.0  8.14077e-09
6380.0  7.93415e-09
6385.0  6.60655e-09
6390.0  6.16152e-09
6395.0  5.59007e-09
6400.0  6.07619e-09
6405.0  9.5141e-09
6410.0  1.15367e-08
6415.0  9.25301e-09
6420.0  6.15402e-09
6425.0  5.10817e-09
6430.0  6.60976e-09
6435.0  8.79336e-09
6440.0  9.84602e-09
6445.0  9.53191e-09
6450.0  9.51736e-09
6455.0  1.06075e-08
6460.0  1.00577e-08
6465.0  8.87412e-09
6470.0  1.10866e-08
6475.0  1.37868e-08
6480.0  1.27779e-08
6485.0  1.02305e-08
6490.0  9.20099e-09
6495.0  1.06172e-08
6500.0  1.23865e-08
6505.0  1.28703e-08
6510.0  1.26525e-08
6515.0  1.15183e-08
6520.0  1.04998e-08
6525.0  1.41344e-08
6530.0  2.00384e-08
6535.0  2.03542e-08
6540.0  1.57423e-08
6545.0  1.1163e-08
6550.0  1.03835e-08
6555.0  1.10404e-08
6560.0  8.03217e-09
6565.0  5.29296e-09
6570.0  6.05244e-09
6575.0  6.73411e-09
6580.0  6.55258e-09
6585.0  6.57434e-09
6590.0  5.71913e-09
6595.0  4.33574e-09
6600.0  4.3509e-09
6605.0  5.58005e-09
6610.0  6.57112e-09
6615.0  6.05656e-09
6620.0  4.82689e-09
6625.0  4.24589e-09
6630.0  4.04516e-09
6635.0  4.21312e-09
6640.0  4.96411e-09
6645.0  4.86621e-09
6650.0  3.62486e-09
6655.0  3.24608e-09
6660.0  3.40362e-09
6665.0  2.97424e-09
6670.0  3.09597e-09
6675.0  3.74649e-09
6680.0  3.62167e-09
6685.0  3.40347e-09
6690.0  3.78307e-09
6695.0  4.03974e-09
6700.0  3.78787e-09
6705.0  3.39369e-09
6710.0  3.63272e-09
6715.0  4.04311e-09
6720.0  3.84205e-09
6725.0  3.67994e-09
6730.0  3.79189e-09
6735.0  3.77203e-09
6740.0  3.93562e-09
6745.0  4.27477e-09
6750.0  4.01669e-09
6755.0  3.64001e-09
6760.0  4.24106e-09
6765.0  5.91658e-09
6770.0  7.3358e-09
6775.0  6.80097e-09
6780.0  5.02388e-09
6785.0  3.61287e-09
6790.0  3.48254e-09
6795.0  4.01797e-09
6800.0  4.05449e-09
6805.0  4.75071e-09
6810.0  6.77366e-09
6815.0  8.51172e-09
6820.0  8.78937e-09
6825.0  7.69663e-09
6830.0  6.63195e-09
6835.0  6.56143e-09
6840.0  7.35127e-09
6845.0  7.70201e-09
6850.0  7.02789e-09
6855.0  7.36068e-09
6860.0  8.57506e-09
6865.0  9.00948e-09
6870.0  1.13095e-08
6875.0  1.60421e-08
6880.0  1.60214e-08
6885.0  1.16336e-08
6890.0  1.08009e-08
6895.0  1.33777e-08
6900.0  1.53051e-08
6905.0  1.41783e-08
6910.0  1.18633e-08
6915.0  1.2431e-08
6920.0  1.46853e-08
6925.0  1.6e-08
6930.0  1.71573e-08
6935.0  1.91351e-08
6940.0  2.14296e-08
6945.0  2.15046e-08
6950.0  1.88828e-08
6955.0  1.94854e-08
6960.0  2.35568e-08
6965.0  2.27885e-08
6970.0  2.03697e-08
6975.0  2.27655e-08
6980.0  2.43463e-08
6985.0  2.24947e-08
6990.0  2.10717e-08
6995.0  2.18266e-08
7000.0  2.28474e-08
7005.0  2.18816e-08
7010.0  2.27687e-08
7015.0  2.59523e-08
7020.0  2.48598e-08
7025.0  2.23448e-08
7030.0  2.36162e-08
7035.0  2.3528e-08
7040.0  2.1376e-08
7045.0  2.1916e-08
7050.0  2.22988e-08
7055.0  1.85107e-08
7060.0  1.16518e-08
7065.0  7.31735e-09
7070.0  9.32986e-09
7075.0  1.27931e-08
7080.0  1.33356e-08
7085.0  1.07036e-08
7090.0  8.01156e-09
7095.0  8.0417e-09
7100.0  9.52416e-09
7105.0  1.1288e-08
7110.0  1.34254e-08
7115.0  1.45938e-08
7120.0  1.30403e-08
7125.0  9.10995e-09
7130.0  4.98985e-09
7135.0  3.59753e-09
7140.0  3.69751e-09
7145.0  2.75889e-09
7150.0  4.88987e-09
7155.0  1.12065e-08
7160.0  1.26446e-08
7165.0  8.15989e-09
7170.0  6.07883e-09
7175.0  7.92439e-09
7180.0  1.00299e-08
7185.0  1.01269e-08
7190.0  8.70167e-09
7195.0  7.95771e-09
7200.0  9.31232e-09
7205.0  1.07646e-08
7210.0  9.33348e-09
7215.0  8.54738e-09
7220.0  1.05519e-08
7225.0  1.17197e-08
7230.0  1.19089e-08
7235.0  1.32597e-08
7240.0  1.56223e-08
7245.0  1.76945e-08
7250.0  1.81185e-08
7255.0  1.66231e-08
7260.0  1.44862e-08
7265.0  1.40952e-08
7270.0  1.566e-08
7275.0  1.77375e-08
7280.0  1.92294e-08
7285.0  2.0136e-08
7290.0  2.07729e-08
7295.0  2.14607e-08
7300.0  2.23981e-08
7305.0  2.36354e-08
7310.0  2.5192e-08
7315.0  2.70614e-08
7320.0  2.91104e-08
7325.0  3.10907e-08
7330.0  3.27381e-08
7335.0  3.38346e-08
7340.0  3.43542e-08
7345.0  3.4395e-08
7350.0  3.40738e-08
7355.0  3.35259e-08
7360.0  3.29468e-08
7365.0  3.25609e-08
7370.0  3.25845e-08
7375.0  3.31126e-08
7380.0  3.39112e-08
7385.0  3.46142e-08
7390.0  3.48722e-08
7395.0  3.46069e-08
7400.0  3.43261e-08
7405.0  3.47269e-08
7410.0  3.64532e-08
7415.0  3.95788e-08
7420.0  4.31098e-08
7425.0  4.57471e-08
7430.0  4.62826e-08
7435.0  4.4398e-08
7440.0  4.12875e-08
7445.0  3.85434e-08
7450.0  3.76293e-08
7455.0  3.88818e-08
7460.0  4.09817e-08
7465.0  4.22202e-08
7470.0  4.10476e-08
7475.0  3.72245e-08
7480.0  3.24379e-08
7485.0  2.8827e-08
7490.0  2.83455e-08
7495.0  3.14169e-08
7500.0  3.62157e-08
7505.0  4.0387e-08
7510.0  4.17379e-08
7515.0  3.95115e-08
7520.0  3.51651e-08
7525.0  3.06997e-08
7530.0  2.80303e-08
7535.0  2.81091e-08
7540.0  3.01709e-08
7545.0  3.29779e-08
7550.0  3.53124e-08
7555.0  3.64248e-08
7560.0  3.64836e-08
7565.0  3.5931e-08
7570.0  3.52165e-08
7575.0  3.46515e-08
7580.0  3.42181e-08
7585.0  3.3783e-08
7590.0  3.32053e-08
7595.0  3.23769e-08
7600.0  3.12835e-08
7605.0  2.99509e-08
7610.0  2.84087e-08
7615.0  2.66874e-08
7620.0  2.48205e-08
7625.0  2.28433e-08
7630.0  2.07937e-08
7635.0  1.87605e-08
7640.0  1.70626e-08
7645.0  1.61912e-08
7650.0  1.66598e-08
7655.0  1.88647e-08
7660.0  2.25022e-08
7665.0  2.64975e-08
7670.0  2.96293e-08
7675.0  3.07679e-08
7680.0  2.95228e-08
7685.0  2.67005e-08
7690.0  2.34123e-08
7695.0  2.07554e-08
7700.0  1.94874e-08
7705.0  1.95228e-08
7710.0  2.04659e-08
7715.0  2.18973e-08
7720.0  2.34824e-08
7725.0  2.51945e-08
7730.0  2.71794e-08
7735.0  2.96019e-08
7740.0  3.25476e-08
7745.0  3.5661e-08
7750.0  3.81446e-08
7755.0  3.91229e-08
7760.0  3.7808e-08
7765.0  3.41378e-08
7770.0  2.93439e-08
7775.0  2.50142e-08
7780.0  2.27201e-08
7785.0  2.35256e-08
7790.0  2.68592e-08
7795.0  3.13557e-08
7800.0  3.55655e-08
7805.0  3.82013e-08
7810.0  3.88251e-08
7815.0  3.77703e-08
7820.0  3.54995e-08
7825.0  3.24811e-08
7830.0  2.9198e-08
7835.0  2.61631e-08
7840.0  2.38982e-08
7845.0  2.29148e-08
7850.0  2.35665e-08
7855.0  2.55858e-08
7860.0  2.83225e-08
7865.0  3.10765e-08
7870.0  3.31882e-08
7875.0  3.42763e-08
7880.0  3.43305e-08
7885.0  3.34221e-08
7890.0  3.16357e-08
7895.0  2.91537e-08
7900.0  2.64487e-08
7905.0  2.41211e-08
7910.0  2.27828e-08
7915.0  2.29406e-08
7920.0  2.4457e-08
7925.0  2.64489e-08
7930.0  2.78864e-08
7935.0  2.77945e-08
7940.0  2.57488e-08
7945.0  2.25133e-08
7950.0  1.92362e-08
7955.0  1.70599e-08
7960.0  1.67175e-08
7965.0  1.783e-08
7970.0  1.95707e-08
7975.0  2.10833e-08
7980.0  2.17216e-08
7985.0  2.15723e-08
7990.0  2.11138e-08
7995.0  2.08653e-08
8000.0  2.12313e-08
8005.0  2.21318e-08
8010.0  2.31576e-08
8015.0  2.38557e-08
8020.0  2.38446e-08
8025.0  2.31295e-08
8030.0  2.20843e-08
8035.0  2.11464e-08
8040.0  2.07249e-08
8045.0  2.10209e-08
8050.0  2.19431e-08
8055.0  2.3334e-08
8060.0  2.5038e-08
8065.0  2.69492e-08
8070.0  2.90649e-08
8075.0  3.14144e-08
8080.0  3.40241e-08
8085.0  3.68564e-08
8090.0  3.96654e-08
8095.0  4.21052e-08
8100.0  4.38217e-08
8105.0  4.45376e-08
8110.0  4.43513e-08
8115.0  4.36706e-08
8120.0  4.29517e-08
8125.0  4.26083e-08
8130.0  4.27542e-08
8135.0  4.30829e-08
8140.0  4.31916e-08
8145.0  4.27231e-08
8150.0  4.18118e-08
8155.0  4.18142e-08
8160.0  4.45361e-08
8165.0  5.17854e-08
8170.0  6.4687e-08
8175.0  8.14819e-08
8180.0  9.84496e-08
8185.0  1.11601e-07
8190.0  1.17332e-07
8195.0  1.14641e-07
8200.0  1.06e-07
8205.0  9.46466e-08
8210.0  8.37885e-08
8215.0  7.58642e-08
8220.0  7.11317e-08
8225.0  6.89299e-08
8230.0  6.85053e-08
8235.0  6.92055e-08
8240.0  7.08713e-08
8245.0  7.37503e-08
8250.0  7.81541e-08
8255.0  8.43124e-08
8260.0  9.1752e-08
8265.0  9.86215e-08
8270.0  1.02658e-07
8275.0  1.01616e-07
8280.0  9.40468e-08
8285.0  8.17406e-08
8290.0  6.85872e-08
8295.0  5.87595e-08
8300.0  5.60962e-08
8305.0  6.18168e-08
8310.0  7.26889e-08
8315.0  8.43023e-08
8320.0  9.22408e-08
8325.0  9.31927e-08
8330.0  8.80124e-08
8335.0  8.00056e-08
8340.0  7.27913e-08
8345.0  6.97421e-08
8350.0  7.23015e-08
8355.0  7.86337e-08
8360.0  8.60346e-08
8365.0  9.17671e-08
8370.0  9.35866e-08
8375.0  9.14086e-08
8380.0  8.66901e-08
8385.0  8.11089e-08
8390.0  7.62829e-08
8395.0  7.32728e-08
8400.0  7.19926e-08
8405.0  7.20003e-08
8410.0  7.28239e-08
8415.0  7.39824e-08
8420.0  7.49447e-08
8425.0  7.51331e-08
8430.0  7.39615e-08
8435.0  7.08739e-08
8440.0  6.56602e-08
8445.0  5.91791e-08
8450.0  5.27843e-08
8455.0  4.7883e-08
8460.0  4.57438e-08
8465.0  4.66431e-08
8470.0  4.93993e-08
8475.0  5.2485e-08
8480.0  5.43687e-08
8485.0  5.38305e-08
8490.0  5.11214e-08
8495.0  4.76483e-08
8500.0  4.49942e-08
8505.0  4.46965e-08
8510.0  4.77258e-08
8515.0  5.33025e-08
8520.0  5.98366e-08
8525.0  6.56478e-08
8530.0  6.91696e-08
8535.0  6.97491e-08
8540.0  6.836e-08
8545.0  6.64245e-08
8550.0  6.53901e-08
8555.0  6.64848e-08
8560.0  6.97072e-08
8565.0  7.38278e-08
8570.0  7.73965e-08
8575.0  7.89788e-08
8580.0  7.75017e-08
8585.0  7.34247e-08
8590.0  6.82492e-08
8595.0  6.3622e-08
8600.0  6.1147e-08
8605.0  6.19173e-08
8610.0  6.54468e-08
8615.0  7.05189e-08
8620.0  7.58352e-08
8625.0  8.01439e-08
8630.0  8.26096e-08
8635.0  8.32957e-08
8640.0  8.2557e-08
8645.0  8.07735e-08
8650.0  7.83235e-08
8655.0  7.55782e-08
8660.0  7.29014e-08
8665.0  7.06668e-08
8670.0  6.93443e-08
8675.0  6.96022e-08
8680.0  7.21399e-08
8685.0  7.72264e-08
8690.0  8.34211e-08
8695.0  8.82353e-08
8700.0  8.94057e-08
8705.0  8.70605e-08
8710.0  8.43696e-08
8715.0  8.49568e-08
8720.0  9.05075e-08
8725.0  9.7349e-08
8730.0  9.97034e-08
8735.0  9.28353e-08
8740.0  7.86114e-08
8745.0  6.4893e-08
8750.0  6.00176e-08
8755.0  6.77489e-08
8760.0  8.23747e-08
8765.0  9.53454e-08
8770.0  9.95442e-08
8775.0  9.49577e-08
8780.0  8.64009e-08
8785.0  7.90748e-08
8790.0  7.59999e-08
8795.0  7.66539e-08
8800.0  7.96184e-08
8805.0  8.35143e-08
8810.0  8.73561e-08
8815.0  9.04043e-08
8820.0  9.20415e-08
8825.0  9.23067e-08
8830.0  9.22026e-08
8835.0  9.29192e-08
8840.0  9.51507e-08
8845.0  9.78077e-08
8850.0  9.88521e-08
8855.0  9.63611e-08
8860.0  9.00753e-08
8865.0  8.21788e-08
8870.0  7.54115e-08
8875.0  7.22356e-08
8880.0  7.39308e-08
8885.0  8.10799e-08
8890.0  9.38725e-08
8895.0  1.10198e-07
8900.0  1.24225e-07
8905.0  1.29284e-07
8910.0  1.20475e-07
8915.0  1.00637e-07
8920.0  7.78762e-08
8925.0  6.06488e-08
8930.0  5.40758e-08
8935.0  5.63938e-08
8940.0  6.37152e-08
8945.0  7.22657e-08
8950.0  7.98036e-08
8955.0  8.54794e-08
8960.0  8.87256e-08
8965.0  8.95015e-08
8970.0  8.92411e-08
8975.0  8.99967e-08
8980.0  9.35937e-08
8985.0  9.98956e-08
8990.0  1.06144e-07
8995.0  1.0908e-07
9000.0  1.0652e-07
9005.0  1.00626e-07
9010.0  9.6238e-08
9015.0  9.82262e-08
9020.0  1.08546e-07
9025.0  1.22858e-07
9030.0  1.34811e-07
9035.0  1.38772e-07
9040.0  1.34457e-07
9045.0  1.27469e-07
9050.0  1.24409e-07
9055.0  1.30165e-07
9060.0  1.42971e-07
9065.0  1.57143e-07
9070.0  1.66807e-07
9075.0  1.68833e-07
9080.0  1.66023e-07
9085.0  1.63084e-07
9090.0  1.64327e-07
9095.0  1.70572e-07
9100.0  1.78609e-07
9105.0  1.84482e-07
9110.0  1.84991e-07
9115.0  1.80289e-07
9120.0  1.7281e-07
9125.0  1.65254e-07
9130.0  1.59796e-07
9135.0  1.57164e-07
9140.0  1.57507e-07
9145.0  1.60855e-07
9150.0  1.66783e-07
9155.0  1.74094e-07
9160.0  1.81389e-07
9165.0  1.87335e-07
9170.0  1.91054e-07
9175.0  1.92122e-07
9180.0  1.90209e-07
9185.0  1.85192e-07
9190.0  1.77815e-07
9195.0  1.69412e-07
9200.0  1.61365e-07
9205.0  1.54712e-07
9210.0  1.49457e-07
9215.0  1.45149e-07
9220.0  1.41299e-07
9225.0  1.37575e-07
9230.0  1.34142e-07
9235.0  1.31407e-07
9240.0  1.29805e-07
9245.0  1.29767e-07
9250.0  1.31616e-07
9255.0  1.35093e-07
9260.0  1.39385e-07
9265.0  1.43583e-07
9270.0  1.46776e-07
9275.0  1.48091e-07
9280.0  1.47047e-07
9285.0  1.44186e-07
9290.0  1.40443e-07
9295.0  1.36788e-07
9300.0  1.34194e-07
9305.0  1.33508e-07
9310.0  1.34799e-07
9315.0  1.37194e-07
9320.0  1.39628e-07
9325.0  1.41025e-07
9330.0  1.40338e-07
9335.0  1.36918e-07
9340.0  1.31553e-07
9345.0  1.25837e-07
9350.0  1.21464e-07
9355.0  1.2013e-07
9360.0  1.23384e-07
9365.0  1.31618e-07
9370.0  1.43161e-07
9375.0  1.55772e-07
9380.0  1.67168e-07
9385.0  1.75082e-07
9390.0  1.77593e-07
9395.0  1.74593e-07
9400.0  1.67622e-07
9405.0  1.58498e-07
9410.0  1.49045e-07
9415.0  1.41054e-07
9420.0  1.35919e-07
9425.0  1.33752e-07
9430.0  1.34044e-07
9435.0  1.36215e-07
9440.0  1.39686e-07
9445.0  1.43894e-07
9450.0  1.48438e-07
9455.0  1.53253e-07
9460.0  1.58375e-07
9465.0  1.63848e-07
9470.0  1.69718e-07
9475.0  1.76004e-07
9480.0  1.82566e-07
9485.0  1.8905e-07
9490.0  1.95052e-07
9495.0  2.00167e-07
9500.0  2.03993e-07
9505.0  2.06202e-07
9510.0  2.06846e-07
9515.0  2.06305e-07
9520.0  2.05009e-07
9525.0  2.03392e-07
9530.0  2.01881e-07
9535.0  2.00804e-07
9540.0  2.00087e-07
9545.0  1.99396e-07
9550.0  1.98359e-07
9555.0  1.96605e-07
9560.0  1.93778e-07
9565.0  1.89676e-07
9570.0  1.84657e-07
9575.0  1.79372e-07
9580.0  1.7451e-07
9585.0  1.70758e-07
9590.0  1.68783e-07
9595.0  1.68998e-07
9600.0  1.71103e-07
9605.0  1.74501e-07
9610.0  1.78561e-07
9615.0  1.82651e-07
9620.0  1.86161e-07
9625.0  1.88686e-07
9630.0  1.90348e-07
9635.0  1.91474e-07
9640.0  1.92411e-07
9645.0  1.93507e-07
9650.0  1.95094e-07
9655.0  1.97355e-07
9660.0  2.00122e-07
9665.0  2.03103e-07
9670.0  2.05995e-07
9675.0  2.08495e-07
9680.0  2.10306e-07
9685.0  2.11207e-07
9690.0  2.11174e-07
9695.0  2.10254e-07
9700.0  2.08506e-07
9705.0  2.05986e-07
9710.0  2.02751e-07
9715.0  1.98864e-07
9720.0  1.94404e-07
9725.0  1.89456e-07
9730.0  1.84108e-07
9735.0  1.78446e-07
9740.0  1.72568e-07
9745.0  1.66707e-07
9750.0  1.61527e-07
9755.0  1.57905e-07
9760.0  1.5674e-07
9765.0  1.58933e-07
9770.0  1.65358e-07
9775.0  1.76479e-07
9780.0  1.91103e-07
9785.0  2.06958e-07
9790.0  2.21628e-07
9795.0  2.32693e-07
9800.0  2.37756e-07
9805.0  2.34918e-07
9810.0  2.24878e-07
9815.0  2.107e-07
9820.0  1.95845e-07
9825.0  1.83783e-07
9830.0  1.77978e-07
9835.0  1.81504e-07
9840.0  1.94806e-07
9845.0  2.14818e-07
9850.0  2.37701e-07
9855.0  2.59576e-07
9860.0  2.76561e-07
9865.0  2.84971e-07
9870.0  2.82893e-07
9875.0  2.72428e-07
9880.0  2.57034e-07
9885.0  2.40289e-07
9890.0  2.25774e-07
9895.0  2.17001e-07
9900.0  2.16604e-07
9905.0  2.24006e-07
9910.0  2.3684e-07
9915.0  2.5251e-07
9920.0  2.68422e-07
9925.0  2.81984e-07
9930.0  2.90815e-07
9935.0  2.93859e-07
9940.0  2.91666e-07
9945.0  2.85117e-07
9950.0  2.75107e-07
9955.0  2.62531e-07
9960.0  2.48298e-07
9965.0  2.33427e-07
9970.0  2.19221e-07
9975.0  2.07085e-07
9980.0  1.98434e-07
9985.0  1.94684e-07
9990.0  1.97232e-07
9995.0  2.07099e-07
10000.0  2.23462e-07
10005.0  2.43984e-07
10010.0  2.66084e-07
10015.0  2.87179e-07
10020.0  3.04684e-07
10025.0  3.16173e-07
10030.0  3.20447e-07
10035.0  3.18511e-07
10040.0  3.11975e-07
10045.0  3.02494e-07
10050.0  2.91721e-07
10055.0  2.81297e-07
10060.0  2.72624e-07
10065.0  2.66194e-07
10070.0  2.6193e-07
10075.0  2.59679e-07
10080.0  2.59291e-07
10085.0  2.60613e-07
10090.0  2.63483e-07
10095.0  2.67635e-07
10100.0  2.72631e-07
10105.0  2.77982e-07
10110.0  2.83196e-07
10115.0  2.87781e-07
10120.0  2.9125e-07
10125.0  2.93203e-07
10130.0  2.93655e-07
10135.0  2.92945e-07
10140.0  2.91466e-07
10145.0  2.89608e-07
10150.0  2.87762e-07
10155.0  2.86306e-07
10160.0  2.85507e-07
10165.0  2.85323e-07
10170.0  2.85599e-07
10175.0  2.86166e-07
10180.0  2.86859e-07
10185.0  2.87513e-07
10190.0  2.8805e-07
10195.0  2.88845e-07
10200.0  2.90686e-07
10205.0  2.94424e-07
10210.0  3.00909e-07
10215.0  3.10764e-07
10220.0  3.23346e-07
10225.0  3.36745e-07
10230.0  3.4883e-07
10235.0  3.57477e-07
10240.0  3.6093e-07
10245.0  3.59162e-07
10250.0  3.53503e-07
10255.0  3.45493e-07
10260.0  3.36655e-07
10265.0  3.28225e-07
10270.0  3.20223e-07
10275.0  3.1184e-07
10280.0  3.02149e-07
10285.0  2.90296e-07
10290.0  2.76261e-07
10295.0  2.62591e-07
10300.0  2.53024e-07
10305.0  2.51432e-07
10310.0  2.61435e-07
10315.0  2.84215e-07
10320.0  3.14895e-07
10325.0  3.46368e-07
10330.0  3.71312e-07
10335.0  3.82821e-07
10340.0  3.77674e-07
10345.0  3.60622e-07
10350.0  3.38993e-07
10355.0  3.20335e-07
10360.0  3.11738e-07
10365.0  3.16482e-07
10370.0  3.30723e-07
10375.0  3.48576e-07
10380.0  3.64003e-07
10385.0  3.71397e-07
10390.0  3.6854e-07
10395.0  3.58967e-07
10400.0  3.47735e-07
10405.0  3.40009e-07
10410.0  3.40536e-07
10415.0  3.50915e-07
10420.0  3.67653e-07
10425.0  3.85955e-07
10430.0  4.00941e-07
10435.0  4.08058e-07
10440.0  4.053e-07
10445.0  3.94992e-07
10450.0  3.80605e-07
10455.0  3.65689e-07
10460.0  3.53616e-07
10465.0  3.46315e-07
10470.0  3.43145e-07
10475.0  3.42759e-07
10480.0  3.43755e-07
10485.0  3.44798e-07
10490.0  3.4509e-07
10495.0  3.44843e-07
10500.0  3.44551e-07
10505.0  3.44737e-07
10510.0  3.45876e-07
10515.0  3.48048e-07
10520.0  3.50441e-07
10525.0  3.51935e-07
10530.0  3.51385e-07
10535.0  3.47683e-07
10540.0  3.401e-07
10545.0  3.28931e-07
10550.0  3.1489e-07
10555.0  2.98727e-07
10560.0  2.81218e-07
10565.0  2.63407e-07
10570.0  2.47273e-07
10575.0  2.35298e-07
10580.0  2.30023e-07
10585.0  2.33936e-07
10590.0  2.48629e-07
10595.0  2.71906e-07
10600.0  2.99001e-07
10605.0  3.24782e-07
10610.0  3.44141e-07
10615.0  3.52624e-07
10620.0  2.6334e-07
