# Extracted from file: pickles_21.fits
#SIMPLETrueFits standard
#BITPIX16Bits per pixel
#NAXIS0Number of axes
#EXTENDTrueFile may contain extensions
#DATE2007-01-11T20:44:22Date FITS file was generated
#IRAF-TLM15:44:38 (11/01/2007)Time of last modification
#COMMENT  FITS (Flexible Image Transport System) format is defined in 'Astronomy
#COMMENT  and Astrophysics', volume 376, page 359; bibcode: 2001A&A...376..359H
#ORIGINSTScI-STSDAS/TABLESTables version 2002-02-22
#FILENAMEpickles_21.fitsname of file
#NEXTEND1number of extensions in file
#COMMENT1spectral type: F8V
#COMMENT2metallicity: weak
#COMMENT3original filename: wf8v.dat
#HISTORY  File created by F.R.Boffi.
#HISTORY  SEDs from Pickles UVILIB Library (1998, PASP 110, 863).
#HISTORY  Wavelength is in Angstrom.
#HISTORY  Fluxes are tabulated in units of erg/s/cm^2/A
#HISTORY  and were calculated by normalizing the original fluxes
#HISTORY  in the Pickles V band to a 0 magnitude in vegamag.
#HISTORY  In the vegamag system, Vega has magnitude zero in all passbands.
#HISTORY  Please refer to the SYNPHOT manual for further information.
#
#
#
#
#
#
#
#
#
#
#
#
#
#  
#Columns WAVELENGTH FLUX
#Units  angstroms flam
1150.0  4.23766e-11
1155.0  2.30932e-11
1160.0  2.9691e-12
1165.0  2.7083e-12
1170.0  4.49454e-13
1175.0  0.0
1180.0  0.0
1185.0  0.0
1190.0  0.0
1195.0  4.00375e-13
1200.0  4.44834e-12
1205.0  1.56492e-11
1210.0  2.12267e-11
1215.0  1.18645e-11
1220.0  2.82542e-12
1225.0  2.05203e-12
1230.0  3.88928e-12
1235.0  4.83958e-12
1240.0  4.09984e-12
1245.0  2.27004e-12
1250.0  2.7986e-12
1255.0  1.53105e-12
1260.0  4.03872e-12
1265.0  3.25967e-12
1270.0  2.29095e-12
1275.0  2.20058e-12
1280.0  1.9064e-12
1285.0  6.17478e-13
1290.0  1.053e-13
1295.0  4.5799e-13
1300.0  1.4127e-12
1305.0  2.00033e-12
1310.0  1.48626e-12
1315.0  1.34688e-12
1320.0  2.04703e-12
1325.0  1.27174e-12
1330.0  1.78001e-12
1335.0  1.74998e-12
1340.0  1.59604e-12
1345.0  1.59027e-12
1350.0  2.39912e-12
1355.0  2.45134e-12
1360.0  1.58911e-12
1365.0  8.79911e-13
1370.0  4.64378e-12
1375.0  4.64448e-12
1380.0  1.43225e-12
1385.0  3.10043e-13
1390.0  6.48574e-13
1395.0  4.56826e-13
1400.0  6.4931e-13
1405.0  2.93622e-13
1410.0  5.88117e-13
1415.0  1.89741e-12
1420.0  9.5677e-13
1425.0  1.39422e-12
1430.0  2.70746e-12
1435.0  2.38109e-12
1440.0  1.89041e-12
1445.0  3.9257e-12
1450.0  3.16816e-12
1455.0  1.1389e-12
1460.0  3.87037e-13
1465.0  1.06061e-12
1470.0  1.03357e-12
1475.0  2.09428e-12
1480.0  1.88327e-12
1485.0  2.80196e-12
1490.0  4.64773e-12
1495.0  3.62323e-12
1500.0  2.93572e-12
1505.0  3.22069e-12
1510.0  2.87392e-12
1515.0  1.13536e-12
1520.0  1.25757e-12
1525.0  2.71749e-12
1530.0  6.41766e-12
1535.0  6.95493e-12
1540.0  5.12178e-12
1545.0  1.99275e-12
1550.0  2.57225e-12
1555.0  5.05925e-12
1560.0  6.41177e-12
1565.0  4.60188e-12
1570.0  2.85825e-12
1575.0  4.60414e-12
1580.0  4.97859e-12
1585.0  2.72388e-12
1590.0  4.34499e-12
1595.0  4.28834e-12
1600.0  3.09369e-12
1605.0  3.19058e-12
1610.0  4.71378e-12
1615.0  3.30137e-12
1620.0  1.85647e-12
1625.0  1.3891e-12
1630.0  2.49868e-12
1635.0  1.56668e-12
1640.0  7.43271e-13
1645.0  1.3819e-12
1650.0  3.01292e-12
1655.0  4.55893e-12
1660.0  5.58669e-12
1665.0  5.29187e-12
1670.0  5.13301e-12
1675.0  5.75753e-12
1680.0  5.75126e-12
1685.0  4.82552e-12
1690.0  5.68785e-12
1695.0  9.31555e-12
1700.0  1.0004e-11
1705.0  1.02577e-11
1710.0  1.20245e-11
1715.0  1.27689e-11
1720.0  1.37307e-11
1725.0  1.78404e-11
1730.0  1.79444e-11
1735.0  2.01399e-11
1740.0  2.64495e-11
1745.0  3.10668e-11
1750.0  3.63742e-11
1755.0  3.94885e-11
1760.0  3.98951e-11
1765.0  4.79843e-11
1770.0  6.09034e-11
1775.0  6.85192e-11
1780.0  6.67679e-11
1785.0  6.05757e-11
1790.0  6.3137e-11
1795.0  7.13096e-11
1800.0  7.22042e-11
1805.0  6.90774e-11
1810.0  7.41196e-11
1815.0  8.31531e-11
1820.0  9.55288e-11
1825.0  9.73547e-11
1830.0  9.42574e-11
1835.0  8.21017e-11
1840.0  6.43595e-11
1845.0  5.71065e-11
1850.0  7.12023e-11
1855.0  8.74888e-11
1860.0  1.0668e-10
1865.0  1.26146e-10
1870.0  1.27371e-10
1875.0  1.3035e-10
1880.0  1.4519e-10
1885.0  1.43288e-10
1890.0  1.35223e-10
1895.0  1.30811e-10
1900.0  1.44005e-10
1905.0  1.62965e-10
1910.0  1.76282e-10
1915.0  1.81825e-10
1920.0  1.64749e-10
1925.0  1.22565e-10
1930.0  1.0233e-10
1935.0  1.47719e-10
1940.0  2.08558e-10
1945.0  2.27924e-10
1950.0  2.1625e-10
1955.0  1.87097e-10
1960.0  1.86955e-10
1965.0  1.69016e-10
1970.0  1.93319e-10
1975.0  2.41671e-10
1980.0  2.00949e-10
1985.0  2.32837e-10
1990.0  2.01814e-10
1995.0  1.28281e-10
2000.0  2.04973e-10
2005.0  2.53127e-10
2010.0  2.02585e-10
2015.0  2.49561e-10
2020.0  2.64813e-10
2025.0  2.34903e-10
2030.0  2.20136e-10
2035.0  2.87754e-10
2040.0  3.44473e-10
2045.0  3.09705e-10
2050.0  3.34869e-10
2055.0  3.98418e-10
2060.0  3.56336e-10
2065.0  2.83862e-10
2070.0  3.75017e-10
2075.0  4.59744e-10
2080.0  5.16865e-10
2085.0  5.14562e-10
2090.0  4.72929e-10
2095.0  4.3296e-10
2100.0  4.90107e-10
2105.0  5.53589e-10
2110.0  5.59233e-10
2115.0  5.67412e-10
2120.0  5.3472e-10
2125.0  5.58341e-10
2130.0  5.62992e-10
2135.0  5.22493e-10
2140.0  5.05726e-10
2145.0  5.4949e-10
2150.0  5.50808e-10
2155.0  5.48012e-10
2160.0  5.4644e-10
2165.0  5.06814e-10
2170.0  5.03329e-10
2175.0  4.40934e-10
2180.0  4.63255e-10
2185.0  5.49636e-10
2190.0  6.28455e-10
2195.0  6.91012e-10
2200.0  7.28524e-10
2205.0  6.93688e-10
2210.0  5.77913e-10
2215.0  4.93537e-10
2220.0  4.73483e-10
2225.0  5.15525e-10
2230.0  5.50106e-10
2235.0  5.83408e-10
2240.0  6.12426e-10
2245.0  5.93784e-10
2250.0  6.15706e-10
2255.0  6.33972e-10
2260.0  5.93139e-10
2265.0  5.33743e-10
2270.0  4.86646e-10
2275.0  4.45854e-10
2280.0  4.64131e-10
2285.0  5.20676e-10
2290.0  5.91035e-10
2295.0  5.9282e-10
2300.0  5.67428e-10
2305.0  5.3967e-10
2310.0  5.55461e-10
2315.0  5.41372e-10
2320.0  5.16922e-10
2325.0  4.95571e-10
2330.0  4.65001e-10
2335.0  4.4678e-10
2340.0  3.77534e-10
2345.0  3.8135e-10
2350.0  3.72493e-10
2355.0  4.39334e-10
2360.0  4.83235e-10
2365.0  3.83882e-10
2370.0  4.15089e-10
2375.0  4.95079e-10
2380.0  4.76776e-10
2385.0  3.46473e-10
2390.0  3.26498e-10
2395.0  3.64799e-10
2400.0  3.47348e-10
2405.0  3.14272e-10
2410.0  2.7328e-10
2415.0  3.02357e-10
2420.0  4.14288e-10
2425.0  5.59819e-10
2430.0  6.36089e-10
2435.0  6.04693e-10
2440.0  5.46063e-10
2445.0  5.80068e-10
2450.0  5.46015e-10
2455.0  4.91025e-10
2460.0  5.21276e-10
2465.0  5.44297e-10
2470.0  5.50923e-10
2475.0  5.48413e-10
2480.0  5.40505e-10
2485.0  4.66203e-10
2490.0  4.04119e-10
2495.0  4.23262e-10
2500.0  5.70025e-10
2505.0  5.73764e-10
2510.0  4.84553e-10
2515.0  4.29877e-10
2520.0  3.39536e-10
2525.0  3.01344e-10
2530.0  3.41297e-10
2535.0  3.74634e-10
2540.0  4.10698e-10
2545.0  4.2905e-10
2550.0  4.31165e-10
2555.0  4.93998e-10
2560.0  5.67839e-10
2565.0  6.40694e-10
2570.0  7.32708e-10
2575.0  7.76702e-10
2580.0  7.18451e-10
2585.0  6.79739e-10
2590.0  7.00033e-10
2595.0  7.23986e-10
2600.0  6.24509e-10
2605.0  5.75109e-10
2610.0  5.62724e-10
2615.0  5.44301e-10
2620.0  6.37727e-10
2625.0  6.98433e-10
2630.0  6.59384e-10
2635.0  8.56573e-10
2640.0  1.3838e-09
2645.0  1.62368e-09
2650.0  1.48084e-09
2655.0  1.41367e-09
2660.0  1.54476e-09
2665.0  1.36932e-09
2670.0  1.22617e-09
2675.0  1.27616e-09
2680.0  1.2969e-09
2685.0  1.30809e-09
2690.0  1.28581e-09
2695.0  1.30316e-09
2700.0  1.48489e-09
2705.0  1.47549e-09
2710.0  1.2583e-09
2715.0  1.19338e-09
2720.0  1.26082e-09
2725.0  1.32232e-09
2730.0  1.53046e-09
2735.0  1.35038e-09
2740.0  9.70914e-10
2745.0  7.31905e-10
2750.0  7.33865e-10
2755.0  8.44634e-10
2760.0  8.67733e-10
2765.0  1.00378e-09
2770.0  1.10511e-09
2775.0  1.18994e-09
2780.0  1.09024e-09
2785.0  8.42919e-10
2790.0  6.43199e-10
2795.0  4.1312e-10
2800.0  2.81813e-10
2805.0  3.02527e-10
2810.0  5.35078e-10
2815.0  1.01041e-09
2820.0  1.56057e-09
2825.0  1.72156e-09
2830.0  1.7577e-09
2835.0  1.72773e-09
2840.0  1.45741e-09
2845.0  1.37796e-09
2850.0  1.22755e-09
2855.0  9.28295e-10
2860.0  1.1504e-09
2865.0  1.34182e-09
2870.0  1.4128e-09
2875.0  1.531e-09
2880.0  1.46585e-09
2885.0  1.39229e-09
2890.0  1.45047e-09
2895.0  1.4494e-09
2900.0  1.43565e-09
2905.0  1.51598e-09
2910.0  1.70389e-09
2915.0  1.86566e-09
2920.0  1.74555e-09
2925.0  1.58997e-09
2930.0  1.5602e-09
2935.0  1.62608e-09
2940.0  1.63274e-09
2945.0  1.65268e-09
2950.0  1.67116e-09
2955.0  1.70248e-09
2960.0  1.80118e-09
2965.0  1.83445e-09
2970.0  1.84046e-09
2975.0  1.74134e-09
2980.0  1.76413e-09
2985.0  1.82367e-09
2990.0  1.87271e-09
2995.0  1.86905e-09
3000.0  1.74715e-09
3005.0  1.68813e-09
3010.0  1.72289e-09
3015.0  1.71282e-09
3020.0  1.74068e-09
3025.0  1.96212e-09
3030.0  2.1298e-09
3035.0  2.14157e-09
3040.0  2.23098e-09
3045.0  2.03895e-09
3050.0  1.93664e-09
3055.0  1.9873e-09
3060.0  1.82077e-09
3065.0  1.69663e-09
3070.0  1.78587e-09
3075.0  1.83302e-09
3080.0  1.87514e-09
3085.0  1.79877e-09
3090.0  1.72071e-09
3095.0  1.55568e-09
3100.0  1.49382e-09
3105.0  1.65196e-09
3110.0  1.88502e-09
3115.0  1.94137e-09
3120.0  1.75621e-09
3125.0  1.70481e-09
3130.0  1.79108e-09
3135.0  1.87227e-09
3140.0  1.88778e-09
3145.0  1.85518e-09
3150.0  1.89617e-09
3155.0  1.85108e-09
3160.0  1.82535e-09
3165.0  1.83957e-09
3170.0  1.90929e-09
3175.0  1.94105e-09
3180.0  1.92925e-09
3185.0  1.94645e-09
3190.0  1.98811e-09
3195.0  2.03595e-09
3200.0  2.10847e-09
3205.0  2.14963e-09
3210.0  2.15202e-09
3215.0  2.09504e-09
3220.0  2.02411e-09
3225.0  1.99279e-09
3230.0  2.00229e-09
3235.0  2.03745e-09
3240.0  2.09373e-09
3245.0  2.16725e-09
3250.0  2.24323e-09
3255.0  2.30395e-09
3260.0  2.33589e-09
3265.0  2.33368e-09
3270.0  2.30998e-09
3275.0  2.28953e-09
3280.0  2.30879e-09
3285.0  2.37959e-09
3290.0  2.43982e-09
3295.0  2.4324e-09
3300.0  2.38664e-09
3305.0  2.35113e-09
3310.0  2.33686e-09
3315.0  2.33596e-09
3320.0  2.3317e-09
3325.0  2.31383e-09
3330.0  2.29598e-09
3335.0  2.29195e-09
3340.0  2.29244e-09
3345.0  2.28462e-09
3350.0  2.27012e-09
3355.0  2.25588e-09
3360.0  2.24753e-09
3365.0  2.24876e-09
3370.0  2.26018e-09
3375.0  2.28351e-09
3380.0  2.32544e-09
3385.0  2.38302e-09
3390.0  2.42393e-09
3395.0  2.42207e-09
3400.0  2.39686e-09
3405.0  2.37856e-09
3410.0  2.37919e-09
3415.0  2.39519e-09
3420.0  2.40219e-09
3425.0  2.37966e-09
3430.0  2.33756e-09
3435.0  2.29872e-09
3440.0  2.28777e-09
3445.0  2.31597e-09
3450.0  2.35854e-09
3455.0  2.38558e-09
3460.0  2.38973e-09
3465.0  2.37646e-09
3470.0  2.36123e-09
3475.0  2.35547e-09
3480.0  2.3519e-09
3485.0  2.34542e-09
3490.0  2.35433e-09
3495.0  2.38998e-09
3500.0  2.42262e-09
3505.0  2.42055e-09
3510.0  2.39453e-09
3515.0  2.39854e-09
3520.0  2.36309e-09
3525.0  2.36521e-09
3530.0  2.45093e-09
3535.0  2.54085e-09
3540.0  2.5847e-09
3545.0  2.59372e-09
3550.0  2.56137e-09
3555.0  2.48931e-09
3560.0  2.41224e-09
3565.0  2.29281e-09
3570.0  2.24506e-09
3575.0  2.26115e-09
3580.0  2.22708e-09
3585.0  2.22157e-09
3590.0  2.35519e-09
3595.0  2.46232e-09
3600.0  2.44625e-09
3605.0  2.36127e-09
3610.0  2.31304e-09
3615.0  2.33093e-09
3620.0  2.39298e-09
3625.0  2.511e-09
3630.0  2.46099e-09
3635.0  2.4498e-09
3640.0  2.50976e-09
3645.0  2.46444e-09
3650.0  2.49308e-09
3655.0  2.62495e-09
3660.0  2.72392e-09
3665.0  2.69806e-09
3670.0  2.67117e-09
3675.0  2.64091e-09
3680.0  2.57689e-09
3685.0  2.59031e-09
3690.0  2.68054e-09
3695.0  2.75794e-09
3700.0  2.75822e-09
3705.0  2.65715e-09
3710.0  2.71429e-09
3715.0  2.80842e-09
3720.0  2.69532e-09
3725.0  2.68101e-09
3730.0  2.62766e-09
3735.0  2.50948e-09
3740.0  2.62074e-09
3745.0  2.5711e-09
3750.0  2.58679e-09
3755.0  2.84195e-09
3760.0  2.8715e-09
3765.0  2.82333e-09
3770.0  2.83395e-09
3775.0  3.08187e-09
3780.0  3.31329e-09
3785.0  3.28108e-09
3790.0  3.01745e-09
3795.0  2.78242e-09
3800.0  2.8781e-09
3805.0  3.20165e-09
3810.0  3.35199e-09
3815.0  3.24514e-09
3820.0  3.06169e-09
3825.0  2.78002e-09
3830.0  2.46286e-09
3835.0  2.32287e-09
3840.0  2.61622e-09
3845.0  3.07744e-09
3850.0  3.3171e-09
3855.0  3.34814e-09
3860.0  3.35664e-09
3865.0  3.42603e-09
3870.0  3.33763e-09
3875.0  3.1901e-09
3880.0  2.9816e-09
3885.0  2.70603e-09
3890.0  2.67493e-09
3895.0  2.97391e-09
3900.0  3.17677e-09
3905.0  3.21043e-09
3910.0  3.28652e-09
3915.0  3.27716e-09
3920.0  3.0979e-09
3925.0  2.69563e-09
3930.0  2.16631e-09
3935.0  2.05458e-09
3940.0  2.45203e-09
3945.0  2.84449e-09
3950.0  3.05284e-09
3955.0  3.03436e-09
3960.0  2.72548e-09
3965.0  2.24665e-09
3970.0  2.15476e-09
3975.0  2.62185e-09
3980.0  3.13232e-09
3985.0  3.45164e-09
3990.0  3.63797e-09
3995.0  3.71784e-09
4000.0  3.75849e-09
4005.0  3.78658e-09
4010.0  3.8583e-09
4015.0  3.94462e-09
4020.0  4.02048e-09
4025.0  4.05026e-09
4030.0  4.00412e-09
4035.0  3.98982e-09
4040.0  3.97593e-09
4045.0  3.92527e-09
4050.0  3.94332e-09
4055.0  3.90451e-09
4060.0  3.83757e-09
4065.0  3.78812e-09
4070.0  3.77604e-09
4075.0  3.77707e-09
4080.0  3.83019e-09
4085.0  3.89048e-09
4090.0  3.82954e-09
4095.0  3.57218e-09
4100.0  3.30575e-09
4105.0  3.38447e-09
4110.0  3.64819e-09
4115.0  3.83558e-09
4120.0  3.92764e-09
4125.0  3.98126e-09
4130.0  3.98175e-09
4135.0  3.99301e-09
4140.0  4.00076e-09
4145.0  3.9801e-09
4150.0  3.98423e-09
4155.0  4.00258e-09
4160.0  4.07148e-09
4165.0  4.08595e-09
4170.0  3.98468e-09
4175.0  3.9157e-09
4180.0  3.9315e-09
4185.0  3.94364e-09
4190.0  3.9592e-09
4195.0  3.93563e-09
4200.0  3.91085e-09
4205.0  3.9583e-09
4210.0  4.01309e-09
4215.0  4.01961e-09
4220.0  3.97867e-09
4225.0  3.87853e-09
4230.0  3.89985e-09
4235.0  3.91896e-09
4240.0  3.93708e-09
4245.0  3.93835e-09
4250.0  3.93728e-09
4255.0  3.95357e-09
4260.0  3.93916e-09
4265.0  3.93725e-09
4270.0  3.88046e-09
4275.0  3.88618e-09
4280.0  3.91221e-09
4285.0  3.84211e-09
4290.0  3.7325e-09
4295.0  3.60628e-09
4300.0  3.43706e-09
4305.0  3.37209e-09
4310.0  3.45951e-09
4315.0  3.6792e-09
4320.0  3.79526e-09
4325.0  3.75583e-09
4330.0  3.6994e-09
4335.0  3.49485e-09
4340.0  3.29202e-09
4345.0  3.44706e-09
4350.0  3.68541e-09
4355.0  3.87429e-09
4360.0  4.02526e-09
4365.0  4.09606e-09
4370.0  4.06769e-09
4375.0  4.02029e-09
4380.0  3.95106e-09
4385.0  3.89194e-09
4390.0  3.94188e-09
4395.0  3.99709e-09
4400.0  4.0206e-09
4405.0  4.03802e-09
4410.0  4.09735e-09
4415.0  4.13794e-09
4420.0  4.16758e-09
4425.0  4.17585e-09
4430.0  4.16872e-09
4435.0  4.15707e-09
4440.0  4.16427e-09
4445.0  4.15018e-09
4450.0  4.12093e-09
4455.0  4.0613e-09
4460.0  4.06677e-09
4465.0  4.13779e-09
4470.0  4.22328e-09
4475.0  4.27836e-09
4480.0  4.24619e-09
4485.0  4.2541e-09
4490.0  4.26762e-09
4495.0  4.32812e-09
4500.0  4.41794e-09
4505.0  4.48563e-09
4510.0  4.47443e-09
4515.0  4.38614e-09
4520.0  4.27008e-09
4525.0  4.16696e-09
4530.0  4.1317e-09
4535.0  4.20805e-09
4540.0  4.28943e-09
4545.0  4.26478e-09
4550.0  4.20061e-09
4555.0  4.21764e-09
4560.0  4.26516e-09
4565.0  4.28039e-09
4570.0  4.31842e-09
4575.0  4.32862e-09
4580.0  4.28975e-09
4585.0  4.28384e-09
4590.0  4.29891e-09
4595.0  4.3036e-09
4600.0  4.29251e-09
4605.0  4.30372e-09
4610.0  4.30018e-09
4615.0  4.28168e-09
4620.0  4.29946e-09
4625.0  4.31512e-09
4630.0  4.29188e-09
4635.0  4.26778e-09
4640.0  4.24599e-09
4645.0  4.23194e-09
4650.0  4.23781e-09
4655.0  4.26455e-09
4660.0  4.28238e-09
4665.0  4.22728e-09
4670.0  4.21303e-09
4675.0  4.24206e-09
4680.0  4.26951e-09
4685.0  4.30748e-09
4690.0  4.3254e-09
4695.0  4.31e-09
4700.0  4.23858e-09
4705.0  4.19624e-09
4710.0  4.19784e-09
4715.0  4.22784e-09
4720.0  4.25718e-09
4725.0  4.25691e-09
4730.0  4.24169e-09
4735.0  4.25514e-09
4740.0  4.29629e-09
4745.0  4.31745e-09
4750.0  4.28075e-09
4755.0  4.22617e-09
4760.0  4.20898e-09
4765.0  4.19792e-09
4770.0  4.22704e-09
4775.0  4.26221e-09
4780.0  4.25428e-09
4785.0  4.20882e-09
4790.0  4.2003e-09
4795.0  4.21047e-09
4800.0  4.19476e-09
4805.0  4.19749e-09
4810.0  4.22753e-09
4815.0  4.23263e-09
4820.0  4.20188e-09
4825.0  4.1726e-09
4830.0  4.15054e-09
4835.0  4.14396e-09
4840.0  4.11827e-09
4845.0  4.06075e-09
4850.0  3.97957e-09
4855.0  3.8185e-09
4860.0  3.60141e-09
4865.0  3.47949e-09
4870.0  3.53648e-09
4875.0  3.72636e-09
4880.0  3.86127e-09
4885.0  3.96921e-09
4890.0  4.02645e-09
4895.0  4.03677e-09
4900.0  4.07018e-09
4905.0  4.10812e-09
4910.0  4.10199e-09
4915.0  4.08713e-09
4920.0  4.06884e-09
4925.0  4.06818e-09
4930.0  4.08131e-09
4935.0  4.13148e-09
4940.0  4.11463e-09
4945.0  4.09141e-09
4950.0  4.09841e-09
4955.0  4.09039e-09
4960.0  4.07164e-09
4965.0  4.05918e-09
4970.0  4.09363e-09
4975.0  4.08911e-09
4980.0  4.0458e-09
4985.0  4.01068e-09
4990.0  3.95976e-09
4995.0  3.95982e-09
5000.0  3.97243e-09
5005.0  3.93174e-09
5010.0  3.88824e-09
5015.0  3.84513e-09
5020.0  3.8341e-09
5025.0  3.83285e-09
5030.0  3.88025e-09
5035.0  3.91396e-09
5040.0  3.93124e-09
5045.0  3.91422e-09
5050.0  3.90962e-09
5055.0  3.95018e-09
5060.0  3.97028e-09
5065.0  4.00339e-09
5070.0  3.9953e-09
5075.0  3.93992e-09
5080.0  3.90495e-09
5085.0  3.87283e-09
5090.0  3.87171e-09
5095.0  3.91334e-09
5100.0  3.93833e-09
5105.0  3.91082e-09
5110.0  3.90521e-09
5115.0  3.91025e-09
5120.0  3.91174e-09
5125.0  3.90081e-09
5130.0  3.86013e-09
5135.0  3.80908e-09
5140.0  3.79396e-09
5145.0  3.77969e-09
5150.0  3.76627e-09
5155.0  3.76055e-09
5160.0  3.75493e-09
5165.0  3.72219e-09
5170.0  3.6474e-09
5175.0  3.57488e-09
5180.0  3.58667e-09
5185.0  3.63594e-09
5190.0  3.62388e-09
5195.0  3.65994e-09
5200.0  3.69451e-09
5205.0  3.7155e-09
5210.0  3.7404e-09
5215.0  3.7433e-09
5220.0  3.76901e-09
5225.0  3.75777e-09
5230.0  3.71999e-09
5235.0  3.68643e-09
5240.0  3.70221e-09
5245.0  3.75051e-09
5250.0  3.7942e-09
5255.0  3.80319e-09
5260.0  3.79157e-09
5265.0  3.7261e-09
5270.0  3.62452e-09
5275.0  3.58607e-09
5280.0  3.62899e-09
5285.0  3.69406e-09
5290.0  3.74202e-09
5295.0  3.78453e-09
5300.0  3.79951e-09
5305.0  3.77168e-09
5310.0  3.77892e-09
5315.0  3.79709e-09
5320.0  3.77018e-09
5325.0  3.71829e-09
5330.0  3.64992e-09
5335.0  3.61937e-09
5340.0  3.65552e-09
5345.0  3.69014e-09
5350.0  3.71916e-09
5355.0  3.73953e-09
5360.0  3.75631e-09
5365.0  3.7607e-09
5370.0  3.7274e-09
5375.0  3.70134e-09
5380.0  3.71154e-09
5385.0  3.71425e-09
5390.0  3.6932e-09
5395.0  3.68098e-09
5400.0  3.67058e-09
5405.0  3.66009e-09
5410.0  3.6472e-09
5415.0  3.63554e-09
5420.0  3.63912e-09
5425.0  3.65167e-09
5430.0  3.65294e-09
5435.0  3.65094e-09
5440.0  3.67133e-09
5445.0  3.70383e-09
5450.0  3.70406e-09
5455.0  3.68878e-09
5460.0  3.70092e-09
5465.0  3.68637e-09
5470.0  3.65993e-09
5475.0  3.66339e-09
5480.0  3.65031e-09
5485.0  3.6301e-09
5490.0  3.64595e-09
5495.0  3.65101e-09
5500.0  3.655e-09
5505.0  3.66826e-09
5510.0  3.65747e-09
5515.0  3.64937e-09
5520.0  3.66227e-09
5525.0  3.67399e-09
5530.0  3.67862e-09
5535.0  3.66486e-09
5540.0  3.67447e-09
5545.0  3.67797e-09
5550.0  3.66071e-09
5555.0  3.64339e-09
5560.0  3.64722e-09
5565.0  3.6411e-09
5570.0  3.62835e-09
5575.0  3.60771e-09
5580.0  3.59223e-09
5585.0  3.59021e-09
5590.0  3.58439e-09
5595.0  3.54469e-09
5600.0  3.52458e-09
5605.0  3.53331e-09
5610.0  3.54167e-09
5615.0  3.56392e-09
5620.0  3.56965e-09
5625.0  3.54783e-09
5630.0  3.56085e-09
5635.0  3.58621e-09
5640.0  3.57677e-09
5645.0  3.53985e-09
5650.0  3.51462e-09
5655.0  3.4956e-09
5660.0  3.46769e-09
5665.0  3.45548e-09
5670.0  3.48398e-09
5675.0  3.54134e-09
5680.0  3.57988e-09
5685.0  3.57404e-09
5690.0  3.52581e-09
5695.0  3.47365e-09
5700.0  3.46198e-09
5705.0  3.47361e-09
5710.0  3.47138e-09
5715.0  3.45739e-09
5720.0  3.45751e-09
5725.0  3.47545e-09
5730.0  3.47183e-09
5735.0  3.45825e-09
5740.0  3.44964e-09
5745.0  3.4736e-09
5750.0  3.50279e-09
5755.0  3.51112e-09
5760.0  3.49335e-09
5765.0  3.45843e-09
5770.0  3.43783e-09
5775.0  3.44017e-09
5780.0  3.43772e-09
5785.0  3.43141e-09
5790.0  3.41096e-09
5795.0  3.40333e-09
5800.0  3.42547e-09
5805.0  3.43475e-09
5810.0  3.42799e-09
5815.0  3.42897e-09
5820.0  3.41981e-09
5825.0  3.40094e-09
5830.0  3.40998e-09
5835.0  3.43366e-09
5840.0  3.45278e-09
5845.0  3.45281e-09
5850.0  3.44425e-09
5855.0  3.43636e-09
5860.0  3.41643e-09
5865.0  3.40566e-09
5870.0  3.42549e-09
5875.0  3.4338e-09
5880.0  3.41764e-09
5885.0  3.38052e-09
5890.0  3.31855e-09
5895.0  3.25913e-09
5900.0  3.25283e-09
5905.0  3.30302e-09
5910.0  3.34246e-09
5915.0  3.35229e-09
5920.0  3.35176e-09
5925.0  3.34856e-09
5930.0  3.34056e-09
5935.0  3.33614e-09
5940.0  3.32354e-09
5945.0  3.31348e-09
5950.0  3.31006e-09
5955.0  3.31642e-09
5960.0  3.32074e-09
5965.0  3.33748e-09
5970.0  3.34173e-09
5975.0  3.31114e-09
5980.0  3.26803e-09
5985.0  3.24934e-09
5990.0  3.25665e-09
5995.0  3.27309e-09
6000.0  3.28755e-09
6005.0  3.27054e-09
6010.0  3.24702e-09
6015.0  3.25675e-09
6020.0  3.25515e-09
6025.0  3.23673e-09
6030.0  3.22959e-09
6035.0  3.24336e-09
6040.0  3.26193e-09
6045.0  3.28292e-09
6050.0  3.28229e-09
6055.0  3.25964e-09
6060.0  3.23278e-09
6065.0  3.20202e-09
6070.0  3.19701e-09
6075.0  3.19341e-09
6080.0  3.19666e-09
6085.0  3.21161e-09
6090.0  3.20598e-09
6095.0  3.18719e-09
6100.0  3.15253e-09
6105.0  3.15183e-09
6110.0  3.17537e-09
6115.0  3.17953e-09
6120.0  3.17394e-09
6125.0  3.17442e-09
6130.0  3.16107e-09
6135.0  3.12381e-09
6140.0  3.10745e-09
6145.0  3.12646e-09
6150.0  3.13524e-09
6155.0  3.11599e-09
6160.0  3.08154e-09
6165.0  3.05926e-09
6170.0  3.05964e-09
6175.0  3.08481e-09
6180.0  3.11191e-09
6185.0  3.12839e-09
6190.0  3.12971e-09
6195.0  3.13901e-09
6200.0  3.14517e-09
6205.0  3.14327e-09
6210.0  3.1279e-09
6215.0  3.10232e-09
6220.0  3.1004e-09
6225.0  3.10679e-09
6230.0  3.09167e-09
6235.0  3.08527e-09
6240.0  3.08651e-09
6245.0  3.07351e-09
6250.0  3.06265e-09
6255.0  3.04492e-09
6260.0  3.04346e-09
6265.0  3.05244e-09
6270.0  3.06517e-09
6275.0  3.0414e-09
6280.0  3.01804e-09
6285.0  3.04325e-09
6290.0  3.04856e-09
6295.0  3.0388e-09
6300.0  3.02912e-09
6305.0  3.03331e-09
6310.0  3.02948e-09
6315.0  3.01787e-09
6320.0  3.02101e-09
6325.0  3.04368e-09
6330.0  3.05524e-09
6335.0  3.04331e-09
6340.0  3.03666e-09
6345.0  3.03741e-09
6350.0  3.04242e-09
6355.0  3.04383e-09
6360.0  3.04107e-09
6365.0  3.03775e-09
6370.0  3.03257e-09
6375.0  3.0372e-09
6380.0  3.03145e-09
6385.0  3.02797e-09
6390.0  3.01471e-09
6395.0  3.00015e-09
6400.0  2.99077e-09
6405.0  2.98709e-09
6410.0  2.97754e-09
6415.0  2.97204e-09
6420.0  2.97246e-09
6425.0  2.97718e-09
6430.0  2.97061e-09
6435.0  2.96627e-09
6440.0  2.95369e-09
6445.0  2.94669e-09
6450.0  2.94018e-09
6455.0  2.93652e-09
6460.0  2.93374e-09
6465.0  2.93705e-09
6470.0  2.94892e-09
6475.0  2.95148e-09
6480.0  2.94113e-09
6485.0  2.93075e-09
6490.0  2.90008e-09
6495.0  2.87605e-09
6500.0  2.90022e-09
6505.0  2.93223e-09
6510.0  2.94112e-09
6515.0  2.92769e-09
6520.0  2.93301e-09
6525.0  2.9342e-09
6530.0  2.93265e-09
6535.0  2.92761e-09
6540.0  2.90198e-09
6545.0  2.8419e-09
6550.0  2.75705e-09
6555.0  2.61014e-09
6560.0  2.4056e-09
6565.0  2.43706e-09
6570.0  2.6408e-09
6575.0  2.79934e-09
6580.0  2.86507e-09
6585.0  2.87725e-09
6590.0  2.86556e-09
6595.0  2.86251e-09
6600.0  2.88067e-09
6605.0  2.89217e-09
6610.0  2.90652e-09
6615.0  2.91376e-09
6620.0  2.90425e-09
6625.0  2.88477e-09
6630.0  2.86197e-09
6635.0  2.85739e-09
6640.0  2.8619e-09
6645.0  2.86544e-09
6650.0  2.86968e-09
6655.0  2.85159e-09
6660.0  2.81771e-09
6665.0  2.80798e-09
6670.0  2.81256e-09
6675.0  2.81435e-09
6680.0  2.82985e-09
6685.0  2.84781e-09
6690.0  2.84995e-09
6695.0  2.83737e-09
6700.0  2.8276e-09
6705.0  2.81435e-09
6710.0  2.79901e-09
6715.0  2.78176e-09
6720.0  2.77219e-09
6725.0  2.77688e-09
6730.0  2.78579e-09
6735.0  2.78933e-09
6740.0  2.78387e-09
6745.0  2.77661e-09
6750.0  2.76621e-09
6755.0  2.76935e-09
6760.0  2.77368e-09
6765.0  2.77433e-09
6770.0  2.77113e-09
6775.0  2.76579e-09
6780.0  2.7553e-09
6785.0  2.74721e-09
6790.0  2.75009e-09
6795.0  2.75317e-09
6800.0  2.77142e-09
6805.0  2.78308e-09
6810.0  2.79126e-09
6815.0  2.7887e-09
6820.0  2.7838e-09
6825.0  2.77531e-09
6830.0  2.76387e-09
6835.0  2.75379e-09
6840.0  2.74326e-09
6845.0  2.74869e-09
6850.0  2.75315e-09
6855.0  2.74687e-09
6860.0  2.73093e-09
6865.0  2.71533e-09
6870.0  2.71027e-09
6875.0  2.71644e-09
6880.0  2.72373e-09
6885.0  2.72007e-09
6890.0  2.70208e-09
6895.0  2.67869e-09
6900.0  2.66406e-09
6905.0  2.66516e-09
6910.0  2.67623e-09
6915.0  2.68429e-09
6920.0  2.6801e-09
6925.0  2.66584e-09
6930.0  2.65301e-09
6935.0  2.6521e-09
6940.0  2.66405e-09
6945.0  2.68017e-09
6950.0  2.68938e-09
6955.0  2.68678e-09
6960.0  2.6767e-09
6965.0  2.66797e-09
6970.0  2.6632e-09
6975.0  2.64761e-09
6980.0  2.64074e-09
6985.0  2.63624e-09
6990.0  2.62334e-09
6995.0  2.61406e-09
7000.0  2.60183e-09
7005.0  2.58985e-09
7010.0  2.60844e-09
7015.0  2.61597e-09
7020.0  2.62174e-09
7025.0  2.61582e-09
7030.0  2.60423e-09
7035.0  2.58495e-09
7040.0  2.57072e-09
7045.0  2.56441e-09
7050.0  2.55278e-09
7055.0  2.547e-09
7060.0  2.55677e-09
7065.0  2.55796e-09
7070.0  2.55593e-09
7075.0  2.55273e-09
7080.0  2.55106e-09
7085.0  2.55862e-09
7090.0  2.57499e-09
7095.0  2.59202e-09
7100.0  2.59499e-09
7105.0  2.58292e-09
7110.0  2.55567e-09
7115.0  2.54072e-09
7120.0  2.53721e-09
7125.0  2.54529e-09
7130.0  2.55601e-09
7135.0  2.56123e-09
7140.0  2.54848e-09
7145.0  2.52391e-09
7150.0  2.51554e-09
7155.0  2.51746e-09
7160.0  2.5084e-09
7165.0  2.49633e-09
7170.0  2.49348e-09
7175.0  2.48861e-09
7180.0  2.47266e-09
7185.0  2.44436e-09
7190.0  2.43457e-09
7195.0  2.4436e-09
7200.0  2.45303e-09
7205.0  2.48344e-09
7210.0  2.53082e-09
7215.0  2.5548e-09
7220.0  2.5505e-09
7225.0  2.53402e-09
7230.0  2.49769e-09
7235.0  2.46017e-09
7240.0  2.44614e-09
7245.0  2.45384e-09
7250.0  2.46106e-09
7255.0  2.4723e-09
7260.0  2.47385e-09
7265.0  2.45972e-09
7270.0  2.45015e-09
7275.0  2.43817e-09
7280.0  2.45411e-09
7285.0  2.45653e-09
7290.0  2.43129e-09
7295.0  2.43226e-09
7300.0  2.42746e-09
7305.0  2.41229e-09
7310.0  2.41099e-09
7315.0  2.4249e-09
7320.0  2.43745e-09
7325.0  2.44104e-09
7330.0  2.43159e-09
7335.0  2.43312e-09
7340.0  2.43937e-09
7345.0  2.44373e-09
7350.0  2.44759e-09
7355.0  2.43833e-09
7360.0  2.42709e-09
7365.0  2.41105e-09
7370.0  2.39232e-09
7375.0  2.38882e-09
7380.0  2.39226e-09
7385.0  2.37894e-09
7390.0  2.36781e-09
7395.0  2.36459e-09
7400.0  2.34965e-09
7405.0  2.33678e-09
7410.0  2.32585e-09
7415.0  2.32518e-09
7420.0  2.33667e-09
7425.0  2.37319e-09
7430.0  2.37795e-09
7435.0  2.37268e-09
7440.0  2.36804e-09
7445.0  2.36613e-09
7450.0  2.3688e-09
7455.0  2.37136e-09
7460.0  2.3692e-09
7465.0  2.36319e-09
7470.0  2.36071e-09
7475.0  2.36343e-09
7480.0  2.3704e-09
7485.0  2.3733e-09
7490.0  2.3622e-09
7495.0  2.34404e-09
7500.0  2.32499e-09
7505.0  2.31448e-09
7510.0  2.31216e-09
7515.0  2.31827e-09
7520.0  2.3189e-09
7525.0  2.30507e-09
7530.0  2.28573e-09
7535.0  2.27936e-09
7540.0  2.28676e-09
7545.0  2.30564e-09
7550.0  2.32988e-09
7555.0  2.34191e-09
7560.0  2.33617e-09
7565.0  2.31745e-09
7570.0  2.29743e-09
7575.0  2.28731e-09
7580.0  2.29109e-09
7585.0  2.30377e-09
7590.0  2.31514e-09
7595.0  2.31705e-09
7600.0  2.30852e-09
7605.0  2.29618e-09
7610.0  2.28944e-09
7615.0  2.29379e-09
7620.0  2.3066e-09
7625.0  2.31934e-09
7630.0  2.32418e-09
7635.0  2.31951e-09
7640.0  2.30999e-09
7645.0  2.30148e-09
7650.0  2.2952e-09
7655.0  2.28702e-09
7660.0  2.27296e-09
7665.0  2.25452e-09
7670.0  2.23882e-09
7675.0  2.23273e-09
7680.0  2.23561e-09
7685.0  2.23863e-09
7690.0  2.23236e-09
7695.0  2.21577e-09
7700.0  2.19845e-09
7705.0  2.19391e-09
7710.0  2.20818e-09
7715.0  2.23387e-09
7720.0  2.25515e-09
7725.0  2.25856e-09
7730.0  2.24118e-09
7735.0  2.21094e-09
7740.0  2.17921e-09
7745.0  2.16208e-09
7750.0  2.13727e-09
7755.0  2.1301e-09
7760.0  2.13774e-09
7765.0  2.15464e-09
7770.0  2.17022e-09
7775.0  2.18327e-09
7780.0  2.18443e-09
7785.0  2.17589e-09
7790.0  2.16344e-09
7795.0  2.15828e-09
7800.0  2.16796e-09
7805.0  2.18669e-09
7810.0  2.20167e-09
7815.0  2.19673e-09
7820.0  2.17521e-09
7825.0  2.14873e-09
7830.0  2.12735e-09
7835.0  2.11934e-09
7840.0  2.12137e-09
7845.0  2.12748e-09
7850.0  2.13026e-09
7855.0  2.12734e-09
7860.0  2.1288e-09
7865.0  2.12778e-09
7870.0  2.12258e-09
7875.0  2.11653e-09
7880.0  2.1134e-09
7885.0  2.10502e-09
7890.0  2.10123e-09
7895.0  2.09386e-09
7900.0  2.08987e-09
7905.0  2.08149e-09
7910.0  2.06986e-09
7915.0  2.05502e-09
7920.0  2.04961e-09
7925.0  2.05366e-09
7930.0  2.0624e-09
7935.0  2.07052e-09
7940.0  2.07649e-09
7945.0  2.07405e-09
7950.0  2.06957e-09
7955.0  2.06433e-09
7960.0  2.06558e-09
7965.0  2.07186e-09
7970.0  2.07328e-09
7975.0  2.07106e-09
7980.0  2.05744e-09
7985.0  2.03909e-09
7990.0  2.0177e-09
7995.0  2.00138e-09
8000.0  1.99657e-09
8005.0  2.00476e-09
8010.0  2.01054e-09
8015.0  2.01318e-09
8020.0  2.01223e-09
8025.0  2.00808e-09
8030.0  2.00788e-09
8035.0  2.01116e-09
8040.0  2.01863e-09
8045.0  2.02152e-09
8050.0  2.0043e-09
8055.0  2.00495e-09
8060.0  1.99887e-09
8065.0  1.99326e-09
8070.0  1.99421e-09
8075.0  1.99391e-09
8080.0  1.98469e-09
8085.0  1.98257e-09
8090.0  1.9807e-09
8095.0  1.97867e-09
8100.0  1.97619e-09
8105.0  1.97362e-09
8110.0  1.97104e-09
8115.0  1.96847e-09
8120.0  1.9659e-09
8125.0  1.96333e-09
8130.0  1.96076e-09
8135.0  1.95819e-09
8140.0  1.95562e-09
8145.0  1.95304e-09
8150.0  1.95047e-09
8155.0  1.9479e-09
8160.0  1.94533e-09
8165.0  1.94276e-09
8170.0  1.94018e-09
8175.0  1.93761e-09
8180.0  1.93504e-09
8185.0  1.93247e-09
8190.0  1.9299e-09
8195.0  1.92732e-09
8200.0  1.92475e-09
8205.0  1.92218e-09
8210.0  1.91961e-09
8215.0  1.91704e-09
8220.0  1.91446e-09
8225.0  1.91189e-09
8230.0  1.90932e-09
8235.0  1.90675e-09
8240.0  1.90417e-09
8245.0  1.9016e-09
8250.0  1.89903e-09
8255.0  1.89646e-09
8260.0  1.89389e-09
8265.0  1.89132e-09
8270.0  1.88874e-09
8275.0  1.88618e-09
8280.0  1.8836e-09
8285.0  1.88103e-09
8290.0  1.87846e-09
8295.0  1.87589e-09
8300.0  1.87331e-09
8305.0  1.87074e-09
8310.0  1.86817e-09
8315.0  1.8656e-09
8320.0  1.86302e-09
8325.0  1.86045e-09
8330.0  1.85788e-09
8335.0  1.85531e-09
8340.0  1.85274e-09
8345.0  1.85016e-09
8350.0  1.84759e-09
8355.0  1.84502e-09
8360.0  1.84245e-09
8365.0  1.83988e-09
8370.0  1.8373e-09
8375.0  1.83474e-09
8380.0  1.83216e-09
8385.0  1.82959e-09
8390.0  1.82702e-09
8395.0  1.82445e-09
8400.0  1.82187e-09
8405.0  1.82156e-09
8410.0  1.83211e-09
8415.0  1.83005e-09
8420.0  1.83122e-09
8425.0  1.83393e-09
8430.0  1.828e-09
8435.0  1.81266e-09
8440.0  1.81207e-09
8445.0  1.80903e-09
8450.0  1.80942e-09
8455.0  1.80657e-09
8460.0  1.81225e-09
8465.0  1.79786e-09
8470.0  1.78769e-09
8475.0  1.79113e-09
8480.0  1.79523e-09
8485.0  1.79207e-09
8490.0  1.77234e-09
8495.0  1.72722e-09
8500.0  1.70019e-09
8505.0  1.72899e-09
8510.0  1.7532e-09
8515.0  1.75103e-09
8520.0  1.76142e-09
8525.0  1.75576e-09
8530.0  1.75356e-09
8535.0  1.69906e-09
8540.0  1.60202e-09
8545.0  1.57039e-09
8550.0  1.66019e-09
8555.0  1.71585e-09
8560.0  1.73019e-09
8565.0  1.73288e-09
8570.0  1.73096e-09
8575.0  1.72963e-09
8580.0  1.72265e-09
8585.0  1.71803e-09
8590.0  1.71456e-09
8595.0  1.70896e-09
8600.0  1.70609e-09
8605.0  1.70518e-09
8610.0  1.71617e-09
8615.0  1.71897e-09
8620.0  1.72378e-09
8625.0  1.71977e-09
8630.0  1.71148e-09
8635.0  1.70293e-09
8640.0  1.70944e-09
8645.0  1.70479e-09
8650.0  1.69421e-09
8655.0  1.66825e-09
8660.0  1.59478e-09
8665.0  1.56119e-09
8670.0  1.62939e-09
8675.0  1.67667e-09
8680.0  1.69512e-09
8685.0  1.69243e-09
8690.0  1.69194e-09
8695.0  1.6954e-09
8700.0  1.70032e-09
8705.0  1.69897e-09
8710.0  1.69927e-09
8715.0  1.70121e-09
8720.0  1.69961e-09
8725.0  1.69619e-09
8730.0  1.69365e-09
8735.0  1.68699e-09
8740.0  1.68118e-09
8745.0  1.66785e-09
8750.0  1.65792e-09
8755.0  1.66049e-09
8760.0  1.67732e-09
8765.0  1.67758e-09
8770.0  1.68121e-09
8775.0  1.67051e-09
8780.0  1.66892e-09
8785.0  1.66829e-09
8790.0  1.66899e-09
8795.0  1.66511e-09
8800.0  1.65773e-09
8805.0  1.64506e-09
8810.0  1.64244e-09
8815.0  1.65483e-09
8820.0  1.6677e-09
8825.0  1.66441e-09
8830.0  1.64987e-09
8835.0  1.64182e-09
8840.0  1.63783e-09
8845.0  1.64279e-09
8850.0  1.63226e-09
8855.0  1.62017e-09
8860.0  1.6105e-09
8865.0  1.6029e-09
8870.0  1.61765e-09
8875.0  1.63192e-09
8880.0  1.65478e-09
8885.0  1.65491e-09
8890.0  1.63937e-09
8895.0  1.6437e-09
8900.0  1.65108e-09
8905.0  1.64378e-09
8910.0  1.64157e-09
8915.0  1.64547e-09
8920.0  1.63122e-09
8925.0  1.60766e-09
8930.0  1.60159e-09
8935.0  1.59008e-09
8940.0  1.57872e-09
8945.0  1.57017e-09
8950.0  1.56417e-09
8955.0  1.55998e-09
8960.0  1.5568e-09
8965.0  1.55387e-09
8970.0  1.55054e-09
8975.0  1.54615e-09
8980.0  1.54019e-09
8985.0  1.53287e-09
8990.0  1.52646e-09
8995.0  1.52398e-09
9000.0  1.52842e-09
9005.0  1.54134e-09
9010.0  1.5607e-09
9015.0  1.58306e-09
9020.0  1.60489e-09
9025.0  1.62308e-09
9030.0  1.63569e-09
9035.0  1.64117e-09
9040.0  1.63817e-09
9045.0  1.62637e-09
9050.0  1.60828e-09
9055.0  1.58743e-09
9060.0  1.56741e-09
9065.0  1.55115e-09
9070.0  1.53982e-09
9075.0  1.53392e-09
9080.0  1.5338e-09
9085.0  1.53903e-09
9090.0  1.54714e-09
9095.0  1.55487e-09
9100.0  1.55899e-09
9105.0  1.55726e-09
9110.0  1.5501e-09
9115.0  1.53891e-09
9120.0  1.52521e-09
9125.0  1.51055e-09
9130.0  1.49657e-09
9135.0  1.48497e-09
9140.0  1.47735e-09
9145.0  1.4747e-09
9150.0  1.4763e-09
9155.0  1.48077e-09
9160.0  1.48673e-09
9165.0  1.49307e-09
9170.0  1.49941e-09
9175.0  1.50568e-09
9180.0  1.51186e-09
9185.0  1.51798e-09
9190.0  1.52431e-09
9195.0  1.53117e-09
9200.0  1.5389e-09
9205.0  1.54748e-09
9210.0  1.55605e-09
9215.0  1.56344e-09
9220.0  1.56848e-09
9225.0  1.57037e-09
9230.0  1.5693e-09
9235.0  1.56584e-09
9240.0  1.56062e-09
9245.0  1.55441e-09
9250.0  1.5484e-09
9255.0  1.54395e-09
9260.0  1.54231e-09
9265.0  1.5435e-09
9270.0  1.54444e-09
9275.0  1.54081e-09
9280.0  1.52836e-09
9285.0  1.50445e-09
9290.0  1.47065e-09
9295.0  1.43018e-09
9300.0  1.38645e-09
9305.0  1.34318e-09
9310.0  1.30493e-09
9315.0  1.27656e-09
9320.0  1.26276e-09
9325.0  1.26598e-09
9330.0  1.28286e-09
9335.0  1.30777e-09
9340.0  1.33507e-09
9345.0  1.36074e-09
9350.0  1.38499e-09
9355.0  1.40969e-09
9360.0  1.43676e-09
9365.0  1.46716e-09
9370.0  1.49928e-09
9375.0  1.53049e-09
9380.0  1.55812e-09
9385.0  1.57935e-09
9390.0  1.59109e-09
9395.0  1.59018e-09
9400.0  1.57366e-09
9405.0  1.54111e-09
9410.0  1.49854e-09
9415.0  1.45449e-09
9420.0  1.41747e-09
9425.0  1.39351e-09
9430.0  1.38215e-09
9435.0  1.3804e-09
9440.0  1.38507e-09
9445.0  1.39311e-09
9450.0  1.40189e-09
9455.0  1.40894e-09
9460.0  1.41191e-09
9465.0  1.40949e-09
9470.0  1.40303e-09
9475.0  1.39493e-09
9480.0  1.3876e-09
9485.0  1.38275e-09
9490.0  1.38017e-09
9495.0  1.37895e-09
9500.0  1.37811e-09
9505.0  1.37707e-09
9510.0  1.37619e-09
9515.0  1.37621e-09
9520.0  1.37785e-09
9525.0  1.38142e-09
9530.0  1.38609e-09
9535.0  1.39063e-09
9540.0  1.39378e-09
9545.0  1.39474e-09
9550.0  1.39384e-09
9555.0  1.39183e-09
9560.0  1.38951e-09
9565.0  1.38721e-09
9570.0  1.3842e-09
9575.0  1.37932e-09
9580.0  1.37144e-09
9585.0  1.36029e-09
9590.0  1.34772e-09
9595.0  1.33642e-09
9600.0  1.32902e-09
9605.0  1.32696e-09
9610.0  1.32844e-09
9615.0  1.33048e-09
9620.0  1.33009e-09
9625.0  1.32585e-09
9630.0  1.32037e-09
9635.0  1.31783e-09
9640.0  1.32232e-09
9645.0  1.33596e-09
9650.0  1.3556e-09
9655.0  1.3761e-09
9660.0  1.39227e-09
9665.0  1.40061e-09
9670.0  1.40198e-09
9675.0  1.39893e-09
9680.0  1.39409e-09
9685.0  1.38932e-09
9690.0  1.38448e-09
9695.0  1.37866e-09
9700.0  1.37096e-09
9705.0  1.36106e-09
9710.0  1.35032e-09
9715.0  1.34069e-09
9720.0  1.33412e-09
9725.0  1.3317e-09
9730.0  1.3323e-09
9735.0  1.33393e-09
9740.0  1.33459e-09
9745.0  1.33295e-09
9750.0  1.3294e-09
9755.0  1.325e-09
9760.0  1.32084e-09
9765.0  1.31764e-09
9770.0  1.31512e-09
9775.0  1.31262e-09
9780.0  1.3095e-09
9785.0  1.30543e-09
9790.0  1.30086e-09
9795.0  1.29659e-09
9800.0  1.29343e-09
9805.0  1.29192e-09
9810.0  1.29197e-09
9815.0  1.29323e-09
9820.0  1.29535e-09
9825.0  1.29783e-09
9830.0  1.29993e-09
9835.0  1.30083e-09
9840.0  1.29971e-09
9845.0  1.29629e-09
9850.0  1.29158e-09
9855.0  1.28713e-09
9860.0  1.28445e-09
9865.0  1.2844e-09
9870.0  1.28618e-09
9875.0  1.2883e-09
9880.0  1.28928e-09
9885.0  1.28806e-09
9890.0  1.28473e-09
9895.0  1.27979e-09
9900.0  1.27381e-09
9905.0  1.26743e-09
9910.0  1.26145e-09
9915.0  1.25674e-09
9920.0  1.25414e-09
9925.0  1.25408e-09
9930.0  1.25588e-09
9935.0  1.25847e-09
9940.0  1.26076e-09
9945.0  1.26192e-09
9950.0  1.26182e-09
9955.0  1.26059e-09
9960.0  1.2584e-09
9965.0  1.25544e-09
9970.0  1.25206e-09
9975.0  1.24861e-09
9980.0  1.24545e-09
9985.0  1.24294e-09
9990.0  1.24133e-09
9995.0  1.24089e-09
10000.0  1.2418e-09
10005.0  1.24389e-09
10010.0  1.24599e-09
10015.0  1.24653e-09
10020.0  1.24398e-09
10025.0  1.23761e-09
10030.0  1.22871e-09
10035.0  1.21937e-09
10040.0  1.21169e-09
10045.0  1.20717e-09
10050.0  1.20579e-09
10055.0  1.20692e-09
10060.0  1.20988e-09
10065.0  1.21389e-09
10070.0  1.21794e-09
10075.0  1.22093e-09
10080.0  1.22181e-09
10085.0  1.21992e-09
10090.0  1.21575e-09
10095.0  1.2102e-09
10100.0  1.20419e-09
10105.0  1.19858e-09
10110.0  1.19394e-09
10115.0  1.19074e-09
10120.0  1.18943e-09
10125.0  1.19021e-09
10130.0  1.19262e-09
10135.0  1.19594e-09
10140.0  1.19945e-09
10145.0  1.2025e-09
10150.0  1.20464e-09
10155.0  1.20551e-09
10160.0  1.20477e-09
10165.0  1.20219e-09
10170.0  1.19785e-09
10175.0  1.19197e-09
10180.0  1.18479e-09
10185.0  1.17687e-09
10190.0  1.16953e-09
10195.0  1.16439e-09
10200.0  1.16304e-09
10205.0  1.16611e-09
10210.0  1.1719e-09
10215.0  1.17778e-09
10220.0  1.18113e-09
10225.0  1.1803e-09
10230.0  1.17622e-09
10235.0  1.17077e-09
10240.0  1.16589e-09
10245.0  1.16299e-09
10250.0  1.16211e-09
10255.0  1.16274e-09
10260.0  1.16435e-09
10265.0  1.16632e-09
10270.0  1.1679e-09
10275.0  1.16829e-09
10280.0  1.16674e-09
10285.0  1.163e-09
10290.0  1.15816e-09
10295.0  1.1538e-09
10300.0  1.15151e-09
10305.0  1.15209e-09
10310.0  1.15442e-09
10315.0  1.15662e-09
10320.0  1.1568e-09
10325.0  1.15383e-09
10330.0  1.14855e-09
10335.0  1.14254e-09
10340.0  1.13741e-09
10345.0  1.13418e-09
10350.0  1.13236e-09
10355.0  1.13087e-09
10360.0  1.12866e-09
10365.0  1.12525e-09
10370.0  1.12174e-09
10375.0  1.11983e-09
10380.0  1.12116e-09
10385.0  1.12634e-09
10390.0  1.1332e-09
10395.0  1.13851e-09
10400.0  1.13912e-09
10405.0  1.13337e-09
10410.0  1.12357e-09
10415.0  1.11358e-09
10420.0  1.10723e-09
10425.0  1.10681e-09
10430.0  1.11058e-09
10435.0  1.11525e-09
10440.0  1.1175e-09
10445.0  1.1153e-09
10450.0  1.1099e-09
10455.0  1.10387e-09
10460.0  1.09978e-09
10465.0  1.0992e-09
10470.0  1.10111e-09
10475.0  1.10352e-09
10480.0  1.1044e-09
10485.0  1.10267e-09
10490.0  1.09964e-09
10495.0  1.09758e-09
10500.0  1.09871e-09
10505.0  1.10427e-09
10510.0  1.11283e-09
10515.0  1.12195e-09
10520.0  1.12917e-09
10525.0  1.13267e-09
10530.0  1.13243e-09
10535.0  1.12907e-09
10540.0  1.12331e-09
10545.0  1.1159e-09
10550.0  1.10764e-09
10555.0  1.09943e-09
10560.0  1.09208e-09
10565.0  1.08615e-09
10570.0  1.0814e-09
10575.0  1.0773e-09
10580.0  1.07331e-09
10585.0  1.06914e-09
10590.0  1.06516e-09
10595.0  1.06197e-09
10600.0  1.06019e-09
10605.0  1.06019e-09
10610.0  1.06173e-09
10615.0  1.06429e-09
10620.0  8.00068e-10
