# Extracted from file: pickles_10.fits
#SIMPLETrueFits standard
#BITPIX16Bits per pixel
#NAXIS0Number of axes
#EXTENDTrueFile may contain extensions
#DATE2007-01-11T20:44:21Date FITS file was generated
#IRAF-TLM15:44:37 (11/01/2007)Time of last modification
#COMMENT  FITS (Flexible Image Transport System) format is defined in 'Astronomy
#COMMENT  and Astrophysics', volume 376, page 359; bibcode: 2001A&A...376..359H
#ORIGINSTScI-STSDAS/TABLESTables version 2002-02-22
#FILENAMEpickles_10.fitsname of file
#NEXTEND1number of extensions in file
#COMMENT1spectral type: A2V
#COMMENT2metallicity: solar
#COMMENT3original filename: a2v.dat
#HISTORY  File created by F.R.Boffi.
#HISTORY  SEDs from Pickles UVILIB Library (1998, PASP 110, 863).
#HISTORY  Wavelength is in Angstrom.
#HISTORY  Fluxes are tabulated in units of erg/s/cm^2/A
#HISTORY  and were calculated by normalizing the original fluxes
#HISTORY  in the Pickles V band to a 0 magnitude in vegamag.
#HISTORY  In the vegamag system, Vega has magnitude zero in all passbands.
#HISTORY  Please refer to the SYNPHOT manual for further information.
#
#
#
#
#
#
#
#
#
#
#
#
#
#  
#Columns WAVELENGTH FLUX
#Units  angstroms flam
1150.0  1.41889e-10
1155.0  2.52643e-10
1160.0  1.5327e-10
1165.0  1.96062e-11
1170.0  0.0
1175.0  0.0
1180.0  0.0
1185.0  0.0
1190.0  0.0
1195.0  0.0
1200.0  8.728e-12
1205.0  7.00184e-11
1210.0  1.41858e-10
1215.0  1.943e-10
1220.0  1.40232e-10
1225.0  3.5655e-11
1230.0  2.8565e-12
1235.0  0.0
1240.0  4.07632e-12
1245.0  3.64298e-11
1250.0  9.25837e-11
1255.0  1.23869e-10
1260.0  1.21459e-10
1265.0  2.04975e-10
1270.0  4.28118e-10
1275.0  5.46688e-10
1280.0  7.357e-10
1285.0  9.85185e-10
1290.0  1.01471e-09
1295.0  1.1124e-09
1300.0  1.05162e-09
1305.0  7.68544e-10
1310.0  7.94814e-10
1315.0  1.30617e-09
1320.0  1.74074e-09
1325.0  1.76444e-09
1330.0  1.65257e-09
1335.0  1.66403e-09
1340.0  2.08628e-09
1345.0  2.38849e-09
1350.0  2.18921e-09
1355.0  1.98106e-09
1360.0  2.03307e-09
1365.0  2.04547e-09
1370.0  2.0412e-09
1375.0  2.14846e-09
1380.0  2.16226e-09
1385.0  2.19608e-09
1390.0  2.26758e-09
1395.0  2.27024e-09
1400.0  2.29832e-09
1405.0  2.37341e-09
1410.0  2.36031e-09
1415.0  2.45277e-09
1420.0  2.60115e-09
1425.0  2.74289e-09
1430.0  2.70255e-09
1435.0  2.49126e-09
1440.0  2.69325e-09
1445.0  2.97181e-09
1450.0  3.19855e-09
1455.0  3.30527e-09
1460.0  3.25412e-09
1465.0  3.10729e-09
1470.0  2.98658e-09
1475.0  2.96945e-09
1480.0  3.02746e-09
1485.0  3.16464e-09
1490.0  3.43586e-09
1495.0  3.56048e-09
1500.0  3.77158e-09
1505.0  3.63918e-09
1510.0  3.26308e-09
1515.0  3.22008e-09
1520.0  3.43895e-09
1525.0  3.31358e-09
1530.0  3.06523e-09
1535.0  3.05784e-09
1540.0  3.41827e-09
1545.0  3.70034e-09
1550.0  3.71682e-09
1555.0  3.58861e-09
1560.0  3.4912e-09
1565.0  3.56544e-09
1570.0  3.63199e-09
1575.0  3.65048e-09
1580.0  4.03503e-09
1585.0  4.18409e-09
1590.0  4.04827e-09
1595.0  3.92679e-09
1600.0  4.00012e-09
1605.0  3.95129e-09
1610.0  3.86633e-09
1615.0  3.90233e-09
1620.0  3.93685e-09
1625.0  3.94829e-09
1630.0  3.84889e-09
1635.0  3.78188e-09
1640.0  3.81389e-09
1645.0  3.93538e-09
1650.0  3.83623e-09
1655.0  3.46596e-09
1660.0  3.31571e-09
1665.0  3.58819e-09
1670.0  3.53495e-09
1675.0  3.4598e-09
1680.0  3.7263e-09
1685.0  3.88227e-09
1690.0  3.91518e-09
1695.0  3.93416e-09
1700.0  3.88547e-09
1705.0  3.86877e-09
1710.0  3.82823e-09
1715.0  3.77574e-09
1720.0  3.68464e-09
1725.0  3.58674e-09
1730.0  3.7056e-09
1735.0  3.85311e-09
1740.0  3.9517e-09
1745.0  4.00136e-09
1750.0  4.03241e-09
1755.0  4.18011e-09
1760.0  4.09154e-09
1765.0  3.82198e-09
1770.0  3.78747e-09
1775.0  3.91281e-09
1780.0  3.97745e-09
1785.0  3.73662e-09
1790.0  3.46143e-09
1795.0  4.06249e-09
1800.0  4.35181e-09
1805.0  4.27607e-09
1810.0  4.21456e-09
1815.0  4.22524e-09
1820.0  4.21657e-09
1825.0  4.15589e-09
1830.0  4.01933e-09
1835.0  3.9338e-09
1840.0  3.84422e-09
1845.0  3.78667e-09
1850.0  3.82369e-09
1855.0  3.79408e-09
1860.0  3.76765e-09
1865.0  3.78911e-09
1870.0  3.86903e-09
1875.0  3.93951e-09
1880.0  3.9494e-09
1885.0  3.94793e-09
1890.0  3.87427e-09
1895.0  3.76982e-09
1900.0  3.65347e-09
1905.0  3.62004e-09
1910.0  3.6236e-09
1915.0  3.65682e-09
1920.0  3.6751e-09
1925.0  3.66598e-09
1930.0  3.61864e-09
1935.0  3.62515e-09
1940.0  3.72733e-09
1945.0  3.8132e-09
1950.0  3.79191e-09
1955.0  3.74053e-09
1960.0  3.69168e-09
1965.0  3.58028e-09
1970.0  3.6436e-09
1975.0  3.81775e-09
1980.0  3.66232e-09
1985.0  3.50829e-09
1990.0  3.39817e-09
1995.0  3.31788e-09
2000.0  3.42051e-09
2005.0  3.39296e-09
2010.0  3.33744e-09
2015.0  3.38191e-09
2020.0  3.28318e-09
2025.0  3.24579e-09
2030.0  3.35784e-09
2035.0  3.37822e-09
2040.0  3.27376e-09
2045.0  3.33075e-09
2050.0  3.32297e-09
2055.0  3.2478e-09
2060.0  3.02991e-09
2065.0  3.07802e-09
2070.0  3.18007e-09
2075.0  3.29502e-09
2080.0  3.41743e-09
2085.0  3.34364e-09
2090.0  3.32888e-09
2095.0  3.17553e-09
2100.0  3.09579e-09
2105.0  3.11175e-09
2110.0  3.11544e-09
2115.0  3.19098e-09
2120.0  3.17037e-09
2125.0  3.31085e-09
2130.0  3.25411e-09
2135.0  2.85404e-09
2140.0  2.6757e-09
2145.0  2.72791e-09
2150.0  2.84453e-09
2155.0  2.97353e-09
2160.0  2.98211e-09
2165.0  2.83203e-09
2170.0  2.77757e-09
2175.0  2.60522e-09
2180.0  2.57621e-09
2185.0  2.62158e-09
2190.0  2.79973e-09
2195.0  2.99062e-09
2200.0  2.95022e-09
2205.0  2.72961e-09
2210.0  2.56128e-09
2215.0  2.41881e-09
2220.0  2.38928e-09
2225.0  2.55613e-09
2230.0  2.5524e-09
2235.0  2.48476e-09
2240.0  2.50843e-09
2245.0  2.39356e-09
2250.0  2.47252e-09
2255.0  2.48828e-09
2260.0  2.43439e-09
2265.0  2.50246e-09
2270.0  2.57375e-09
2275.0  2.5621e-09
2280.0  2.61732e-09
2285.0  2.59478e-09
2290.0  2.6489e-09
2295.0  2.66503e-09
2300.0  2.62555e-09
2305.0  2.60245e-09
2310.0  2.65097e-09
2315.0  2.58872e-09
2320.0  2.40037e-09
2325.0  2.42369e-09
2330.0  2.55485e-09
2335.0  2.42797e-09
2340.0  2.31732e-09
2345.0  2.29294e-09
2350.0  2.24437e-09
2355.0  2.2866e-09
2360.0  2.2884e-09
2365.0  2.1891e-09
2370.0  2.23821e-09
2375.0  2.37812e-09
2380.0  2.37767e-09
2385.0  2.14795e-09
2390.0  2.0331e-09
2395.0  2.17048e-09
2400.0  2.2701e-09
2405.0  2.16669e-09
2410.0  2.04787e-09
2415.0  2.0935e-09
2420.0  2.31089e-09
2425.0  2.65264e-09
2430.0  2.71665e-09
2435.0  2.54372e-09
2440.0  2.51733e-09
2445.0  2.6146e-09
2450.0  2.59401e-09
2455.0  2.67148e-09
2460.0  2.72649e-09
2465.0  2.65666e-09
2470.0  2.52636e-09
2475.0  2.51054e-09
2480.0  2.55619e-09
2485.0  2.56067e-09
2490.0  2.52673e-09
2495.0  2.52528e-09
2500.0  2.71369e-09
2505.0  2.69596e-09
2510.0  2.6308e-09
2515.0  2.63821e-09
2520.0  2.57319e-09
2525.0  2.45694e-09
2530.0  2.35012e-09
2535.0  2.39376e-09
2540.0  2.30038e-09
2545.0  2.33297e-09
2550.0  2.47736e-09
2555.0  2.58053e-09
2560.0  2.65598e-09
2565.0  2.72615e-09
2570.0  2.89559e-09
2575.0  2.74934e-09
2580.0  2.29204e-09
2585.0  2.272e-09
2590.0  2.58317e-09
2595.0  2.71881e-09
2600.0  2.60956e-09
2605.0  2.63371e-09
2610.0  2.682e-09
2615.0  2.5976e-09
2620.0  2.70849e-09
2625.0  2.70386e-09
2630.0  2.65178e-09
2635.0  2.77197e-09
2640.0  2.90773e-09
2645.0  3.09322e-09
2650.0  3.2216e-09
2655.0  3.13103e-09
2660.0  2.94918e-09
2665.0  2.79188e-09
2670.0  2.78831e-09
2675.0  2.8703e-09
2680.0  2.92117e-09
2685.0  2.87494e-09
2690.0  2.7955e-09
2695.0  2.70955e-09
2700.0  2.74151e-09
2705.0  2.86217e-09
2710.0  2.77248e-09
2715.0  2.69029e-09
2720.0  2.72946e-09
2725.0  2.79059e-09
2730.0  2.90842e-09
2735.0  2.93693e-09
2740.0  2.84148e-09
2745.0  2.73329e-09
2750.0  2.61001e-09
2755.0  2.55345e-09
2760.0  2.65052e-09
2765.0  2.77026e-09
2770.0  2.84831e-09
2775.0  2.84305e-09
2780.0  2.80073e-09
2785.0  2.74274e-09
2790.0  2.73637e-09
2795.0  2.39666e-09
2800.0  2.04681e-09
2805.0  2.24818e-09
2810.0  2.68878e-09
2815.0  2.92961e-09
2820.0  2.95452e-09
2825.0  2.9179e-09
2830.0  2.87913e-09
2835.0  2.92038e-09
2840.0  2.98673e-09
2845.0  2.91345e-09
2850.0  2.88468e-09
2855.0  2.87373e-09
2860.0  2.86221e-09
2865.0  2.85236e-09
2870.0  2.83149e-09
2875.0  2.84315e-09
2880.0  2.87372e-09
2885.0  2.88728e-09
2890.0  2.85316e-09
2895.0  2.88777e-09
2900.0  2.98288e-09
2905.0  3.03824e-09
2910.0  3.09705e-09
2915.0  3.12372e-09
2920.0  3.12809e-09
2925.0  3.01726e-09
2930.0  3.02262e-09
2935.0  3.04354e-09
2940.0  3.06937e-09
2945.0  3.16107e-09
2950.0  3.09473e-09
2955.0  3.15945e-09
2960.0  3.18037e-09
2965.0  3.07739e-09
2970.0  3.06666e-09
2975.0  3.18505e-09
2980.0  3.25972e-09
2985.0  3.15884e-09
2990.0  3.1162e-09
2995.0  3.12211e-09
3000.0  3.09891e-09
3005.0  3.05324e-09
3010.0  3.13887e-09
3015.0  3.15301e-09
3020.0  3.05041e-09
3025.0  3.00943e-09
3030.0  3.12528e-09
3035.0  3.12665e-09
3040.0  3.12872e-09
3045.0  3.15344e-09
3050.0  3.15347e-09
3055.0  3.08589e-09
3060.0  3.03367e-09
3065.0  3.01691e-09
3070.0  3.01425e-09
3075.0  3.13364e-09
3080.0  3.22197e-09
3085.0  3.25683e-09
3090.0  3.25176e-09
3095.0  3.18839e-09
3100.0  3.07691e-09
3105.0  3.031e-09
3110.0  2.99454e-09
3115.0  2.98184e-09
3120.0  2.91065e-09
3125.0  2.95437e-09
3130.0  2.95955e-09
3135.0  3.06965e-09
3140.0  3.21924e-09
3145.0  3.26046e-09
3150.0  3.26805e-09
3155.0  3.30599e-09
3160.0  3.26992e-09
3165.0  3.26188e-09
3170.0  3.36436e-09
3175.0  3.35576e-09
3180.0  3.22467e-09
3185.0  3.15377e-09
3190.0  3.1226e-09
3195.0  3.1173e-09
3200.0  3.17412e-09
3205.0  3.20132e-09
3210.0  3.18416e-09
3215.0  3.09751e-09
3220.0  2.99007e-09
3225.0  2.92819e-09
3230.0  2.9394e-09
3235.0  3.01219e-09
3240.0  3.0757e-09
3245.0  3.07712e-09
3250.0  3.06627e-09
3255.0  3.09856e-09
3260.0  3.14201e-09
3265.0  3.15049e-09
3270.0  3.13071e-09
3275.0  3.10551e-09
3280.0  3.08506e-09
3285.0  3.07608e-09
3290.0  3.08991e-09
3295.0  3.12839e-09
3300.0  3.16411e-09
3305.0  3.17091e-09
3310.0  3.15523e-09
3315.0  3.13459e-09
3320.0  3.12161e-09
3325.0  3.11908e-09
3330.0  3.1107e-09
3335.0  3.08657e-09
3340.0  3.07131e-09
3345.0  3.08628e-09
3350.0  3.11003e-09
3355.0  3.11338e-09
3360.0  3.09114e-09
3365.0  3.05311e-09
3370.0  3.02285e-09
3375.0  3.0197e-09
3380.0  3.03852e-09
3385.0  3.06293e-09
3390.0  3.0723e-09
3395.0  3.0569e-09
3400.0  3.0386e-09
3405.0  3.04002e-09
3410.0  3.05452e-09
3415.0  3.06684e-09
3420.0  3.0694e-09
3425.0  3.06136e-09
3430.0  3.05053e-09
3435.0  3.04267e-09
3440.0  3.03044e-09
3445.0  3.01062e-09
3450.0  3.00267e-09
3455.0  3.01748e-09
3460.0  3.02221e-09
3465.0  2.99095e-09
3470.0  2.95886e-09
3475.0  2.96288e-09
3480.0  2.98266e-09
3485.0  2.98235e-09
3490.0  2.94607e-09
3495.0  2.88591e-09
3500.0  2.8628e-09
3505.0  2.90958e-09
3510.0  2.93751e-09
3515.0  2.93075e-09
3520.0  2.94263e-09
3525.0  2.95493e-09
3530.0  2.96388e-09
3535.0  2.98343e-09
3540.0  2.97868e-09
3545.0  2.9864e-09
3550.0  2.98812e-09
3555.0  2.96119e-09
3560.0  2.90565e-09
3565.0  2.82514e-09
3570.0  2.79525e-09
3575.0  2.80343e-09
3580.0  2.82554e-09
3585.0  2.79584e-09
3590.0  2.79617e-09
3595.0  2.86465e-09
3600.0  2.90185e-09
3605.0  2.83483e-09
3610.0  2.69319e-09
3615.0  2.67293e-09
3620.0  2.74844e-09
3625.0  2.84592e-09
3630.0  2.85267e-09
3635.0  2.83222e-09
3640.0  2.879e-09
3645.0  2.88965e-09
3650.0  2.88978e-09
3655.0  2.94414e-09
3660.0  2.96469e-09
3665.0  2.92424e-09
3670.0  2.88644e-09
3675.0  2.81337e-09
3680.0  2.77575e-09
3685.0  2.80235e-09
3690.0  2.87272e-09
3695.0  2.91888e-09
3700.0  2.97519e-09
3705.0  2.91742e-09
3710.0  2.94986e-09
3715.0  3.06999e-09
3720.0  3.10939e-09
3725.0  3.2503e-09
3730.0  3.34269e-09
3735.0  3.17883e-09
3740.0  3.60968e-09
3745.0  3.61878e-09
3750.0  3.19393e-09
3755.0  3.69233e-09
3760.0  4.21939e-09
3765.0  3.91551e-09
3770.0  3.37087e-09
3775.0  3.9968e-09
3780.0  5.15343e-09
3785.0  5.5927e-09
3790.0  4.96951e-09
3795.0  3.9099e-09
3800.0  3.85645e-09
3805.0  5.04788e-09
3810.0  6.2434e-09
3815.0  6.76555e-09
3820.0  6.5574e-09
3825.0  5.6701e-09
3830.0  4.37277e-09
3835.0  3.53708e-09
3840.0  4.22323e-09
3845.0  5.61465e-09
3850.0  6.70999e-09
3855.0  7.38692e-09
3860.0  7.70982e-09
3865.0  7.84404e-09
3870.0  7.52136e-09
3875.0  6.59458e-09
3880.0  5.3463e-09
3885.0  3.99665e-09
3890.0  3.54827e-09
3895.0  4.5996e-09
3900.0  5.91474e-09
3905.0  6.95891e-09
3910.0  7.71592e-09
3915.0  8.03026e-09
3920.0  8.19252e-09
3925.0  8.08682e-09
3930.0  7.3199e-09
3935.0  7.01535e-09
3940.0  7.78641e-09
3945.0  7.87979e-09
3950.0  7.47855e-09
3955.0  6.71109e-09
3960.0  5.54863e-09
3965.0  4.14158e-09
3970.0  3.30356e-09
3975.0  4.16728e-09
3980.0  5.593e-09
3985.0  6.68823e-09
3990.0  7.37539e-09
3995.0  7.77269e-09
4000.0  7.96345e-09
4005.0  8.10073e-09
4010.0  8.2416e-09
4015.0  8.32692e-09
4020.0  8.35745e-09
4025.0  8.27557e-09
4030.0  8.23909e-09
4035.0  8.326e-09
4040.0  8.36667e-09
4045.0  8.23291e-09
4050.0  8.21406e-09
4055.0  8.21134e-09
4060.0  8.09365e-09
4065.0  7.91536e-09
4070.0  7.65447e-09
4075.0  7.31938e-09
4080.0  6.98729e-09
4085.0  6.52733e-09
4090.0  5.68451e-09
4095.0  4.5209e-09
4100.0  3.49178e-09
4105.0  3.63762e-09
4110.0  4.78794e-09
4115.0  5.89603e-09
4120.0  6.6031e-09
4125.0  6.94414e-09
4130.0  7.12068e-09
4135.0  7.36941e-09
4140.0  7.55953e-09
4145.0  7.59966e-09
4150.0  7.65334e-09
4155.0  7.6549e-09
4160.0  7.69029e-09
4165.0  7.7435e-09
4170.0  7.6345e-09
4175.0  7.46135e-09
4180.0  7.42538e-09
4185.0  7.47437e-09
4190.0  7.51926e-09
4195.0  7.50408e-09
4200.0  7.4154e-09
4205.0  7.47687e-09
4210.0  7.52261e-09
4215.0  7.4288e-09
4220.0  7.38661e-09
4225.0  7.30136e-09
4230.0  7.22477e-09
4235.0  7.23653e-09
4240.0  7.32713e-09
4245.0  7.2719e-09
4250.0  7.1863e-09
4255.0  7.18086e-09
4260.0  7.1282e-09
4265.0  7.11168e-09
4270.0  7.02425e-09
4275.0  6.99394e-09
4280.0  7.13769e-09
4285.0  7.11696e-09
4290.0  6.97411e-09
4295.0  6.85616e-09
4300.0  6.67591e-09
4305.0  6.54066e-09
4310.0  6.47557e-09
4315.0  6.29252e-09
4320.0  5.98865e-09
4325.0  5.50662e-09
4330.0  4.80663e-09
4335.0  3.84931e-09
4340.0  3.05937e-09
4345.0  3.36208e-09
4350.0  4.3036e-09
4355.0  5.15335e-09
4360.0  5.74468e-09
4365.0  6.1555e-09
4370.0  6.36932e-09
4375.0  6.49437e-09
4380.0  6.59715e-09
4385.0  6.54554e-09
4390.0  6.59317e-09
4395.0  6.61324e-09
4400.0  6.63712e-09
4405.0  6.65257e-09
4410.0  6.67264e-09
4415.0  6.57807e-09
4420.0  6.58281e-09
4425.0  6.68902e-09
4430.0  6.66821e-09
4435.0  6.62501e-09
4440.0  6.60884e-09
4445.0  6.56328e-09
4450.0  6.64821e-09
4455.0  6.66403e-09
4460.0  6.58874e-09
4465.0  6.52273e-09
4470.0  6.43595e-09
4475.0  6.42151e-09
4480.0  6.27423e-09
4485.0  6.29896e-09
4490.0  6.34795e-09
4495.0  6.41236e-09
4500.0  6.43682e-09
4505.0  6.4115e-09
4510.0  6.35465e-09
4515.0  6.25243e-09
4520.0  6.17066e-09
4525.0  6.16966e-09
4530.0  6.16633e-09
4535.0  6.17482e-09
4540.0  6.22181e-09
4545.0  6.16052e-09
4550.0  5.94887e-09
4555.0  5.93343e-09
4560.0  6.02405e-09
4565.0  6.09394e-09
4570.0  6.06925e-09
4575.0  6.01376e-09
4580.0  5.96889e-09
4585.0  5.93793e-09
4590.0  5.94096e-09
4595.0  5.99819e-09
4600.0  6.01675e-09
4605.0  5.99919e-09
4610.0  5.98118e-09
4615.0  5.93378e-09
4620.0  5.92157e-09
4625.0  5.87052e-09
4630.0  5.78511e-09
4635.0  5.79966e-09
4640.0  5.88553e-09
4645.0  5.86669e-09
4650.0  5.82722e-09
4655.0  5.79846e-09
4660.0  5.79796e-09
4665.0  5.76244e-09
4670.0  5.73956e-09
4675.0  5.76581e-09
4680.0  5.80212e-09
4685.0  5.82855e-09
4690.0  5.81325e-09
4695.0  5.7573e-09
4700.0  5.67634e-09
4705.0  5.65353e-09
4710.0  5.57701e-09
4715.0  5.52466e-09
4720.0  5.52176e-09
4725.0  5.53659e-09
4730.0  5.49495e-09
4735.0  5.45353e-09
4740.0  5.47974e-09
4745.0  5.48378e-09
4750.0  5.42689e-09
4755.0  5.38436e-09
4760.0  5.35182e-09
4765.0  5.30879e-09
4770.0  5.29275e-09
4775.0  5.25996e-09
4780.0  5.2871e-09
4785.0  5.31386e-09
4790.0  5.33953e-09
4795.0  5.33309e-09
4800.0  5.27254e-09
4805.0  5.18404e-09
4810.0  5.09853e-09
4815.0  5.10345e-09
4820.0  5.07557e-09
4825.0  4.94247e-09
4830.0  4.80079e-09
4835.0  4.62726e-09
4840.0  4.41803e-09
4845.0  4.07734e-09
4850.0  3.56301e-09
4855.0  2.94398e-09
4860.0  2.43552e-09
4865.0  2.58417e-09
4870.0  3.1502e-09
4875.0  3.6663e-09
4880.0  4.0701e-09
4885.0  4.31939e-09
4890.0  4.49186e-09
4895.0  4.62515e-09
4900.0  4.69505e-09
4905.0  4.74943e-09
4910.0  4.82797e-09
4915.0  4.85636e-09
4920.0  4.79223e-09
4925.0  4.80442e-09
4930.0  4.87405e-09
4935.0  4.86624e-09
4940.0  4.88758e-09
4945.0  4.91144e-09
4950.0  4.90408e-09
4955.0  4.82908e-09
4960.0  4.79544e-09
4965.0  4.82101e-09
4970.0  4.81182e-09
4975.0  4.79472e-09
4980.0  4.73998e-09
4985.0  4.70842e-09
4990.0  4.75009e-09
4995.0  4.76815e-09
5000.0  4.69268e-09
5005.0  4.59758e-09
5010.0  4.56941e-09
5015.0  4.51763e-09
5020.0  4.48845e-09
5025.0  4.55758e-09
5030.0  4.59576e-09
5035.0  4.58584e-09
5040.0  4.57699e-09
5045.0  4.60121e-09
5050.0  4.5665e-09
5055.0  4.53732e-09
5060.0  4.51719e-09
5065.0  4.47785e-09
5070.0  4.45614e-09
5075.0  4.49278e-09
5080.0  4.49966e-09
5085.0  4.4974e-09
5090.0  4.50201e-09
5095.0  4.44554e-09
5100.0  4.42493e-09
5105.0  4.47577e-09
5110.0  4.47712e-09
5115.0  4.45296e-09
5120.0  4.39584e-09
5125.0  4.35811e-09
5130.0  4.35041e-09
5135.0  4.33934e-09
5140.0  4.34395e-09
5145.0  4.37652e-09
5150.0  4.36638e-09
5155.0  4.32596e-09
5160.0  4.27497e-09
5165.0  4.14961e-09
5170.0  4.07946e-09
5175.0  4.16782e-09
5180.0  4.18965e-09
5185.0  4.13206e-09
5190.0  4.12855e-09
5195.0  4.13147e-09
5200.0  4.14188e-09
5205.0  4.13417e-09
5210.0  4.14775e-09
5215.0  4.17913e-09
5220.0  4.15368e-09
5225.0  4.06421e-09
5230.0  4.02094e-09
5235.0  4.03141e-09
5240.0  4.07629e-09
5245.0  4.10345e-09
5250.0  4.07957e-09
5255.0  4.06463e-09
5260.0  4.04493e-09
5265.0  3.96744e-09
5270.0  3.91361e-09
5275.0  3.8899e-09
5280.0  3.92908e-09
5285.0  3.97761e-09
5290.0  4.02147e-09
5295.0  4.02303e-09
5300.0  4.00528e-09
5305.0  3.96741e-09
5310.0  3.92136e-09
5315.0  3.87236e-09
5320.0  3.86761e-09
5325.0  3.88594e-09
5330.0  3.86517e-09
5335.0  3.85056e-09
5340.0  3.85127e-09
5345.0  3.89302e-09
5350.0  3.93294e-09
5355.0  3.94066e-09
5360.0  3.87856e-09
5365.0  3.81675e-09
5370.0  3.80502e-09
5375.0  3.81392e-09
5380.0  3.81076e-09
5385.0  3.80989e-09
5390.0  3.81727e-09
5395.0  3.76667e-09
5400.0  3.7223e-09
5405.0  3.71388e-09
5410.0  3.72808e-09
5415.0  3.72458e-09
5420.0  3.71242e-09
5425.0  3.71429e-09
5430.0  3.72393e-09
5435.0  3.74695e-09
5440.0  3.76174e-09
5445.0  3.70899e-09
5450.0  3.69333e-09
5455.0  3.68685e-09
5460.0  3.68804e-09
5465.0  3.66246e-09
5470.0  3.65409e-09
5475.0  3.62787e-09
5480.0  3.58629e-09
5485.0  3.58735e-09
5490.0  3.57537e-09
5495.0  3.58653e-09
5500.0  3.59671e-09
5505.0  3.58841e-09
5510.0  3.58454e-09
5515.0  3.58142e-09
5520.0  3.54845e-09
5525.0  3.51331e-09
5530.0  3.48841e-09
5535.0  3.50757e-09
5540.0  3.52431e-09
5545.0  3.5355e-09
5550.0  3.54915e-09
5555.0  3.5442e-09
5560.0  3.51886e-09
5565.0  3.48122e-09
5570.0  3.44047e-09
5575.0  3.43718e-09
5580.0  3.44804e-09
5585.0  3.43521e-09
5590.0  3.40821e-09
5595.0  3.39803e-09
5600.0  3.40562e-09
5605.0  3.40915e-09
5610.0  3.41862e-09
5615.0  3.40547e-09
5620.0  3.39412e-09
5625.0  3.35998e-09
5630.0  3.34611e-09
5635.0  3.34919e-09
5640.0  3.34696e-09
5645.0  3.33403e-09
5650.0  3.31809e-09
5655.0  3.29758e-09
5660.0  3.26759e-09
5665.0  3.27036e-09
5670.0  3.28067e-09
5675.0  3.29351e-09
5680.0  3.27712e-09
5685.0  3.2585e-09
5690.0  3.24598e-09
5695.0  3.23768e-09
5700.0  3.22594e-09
5705.0  3.20577e-09
5710.0  3.21473e-09
5715.0  3.23237e-09
5720.0  3.2256e-09
5725.0  3.2246e-09
5730.0  3.20758e-09
5735.0  3.1814e-09
5740.0  3.16434e-09
5745.0  3.13005e-09
5750.0  3.12754e-09
5755.0  3.13677e-09
5760.0  3.14238e-09
5765.0  3.15285e-09
5770.0  3.14211e-09
5775.0  3.1156e-09
5780.0  3.08504e-09
5785.0  3.07991e-09
5790.0  3.07695e-09
5795.0  3.07467e-09
5800.0  3.06959e-09
5805.0  3.0811e-09
5810.0  3.09213e-09
5815.0  3.09199e-09
5820.0  3.07126e-09
5825.0  3.04818e-09
5830.0  3.01806e-09
5835.0  3.00919e-09
5840.0  3.0285e-09
5845.0  3.05783e-09
5850.0  3.04922e-09
5855.0  3.03647e-09
5860.0  3.05725e-09
5865.0  3.06155e-09
5870.0  3.06643e-09
5875.0  3.06752e-09
5880.0  3.01086e-09
5885.0  2.91315e-09
5890.0  2.81573e-09
5895.0  2.81035e-09
5900.0  2.88343e-09
5905.0  2.94533e-09
5910.0  2.93918e-09
5915.0  2.92964e-09
5920.0  2.91659e-09
5925.0  2.89813e-09
5930.0  2.89735e-09
5935.0  2.87045e-09
5940.0  2.8571e-09
5945.0  2.85201e-09
5950.0  2.85766e-09
5955.0  2.8484e-09
5960.0  2.84177e-09
5965.0  2.85823e-09
5970.0  2.83549e-09
5975.0  2.81629e-09
5980.0  2.80321e-09
5985.0  2.80025e-09
5990.0  2.80698e-09
5995.0  2.8062e-09
6000.0  2.78181e-09
6005.0  2.7587e-09
6010.0  2.76183e-09
6015.0  2.75248e-09
6020.0  2.74488e-09
6025.0  2.77716e-09
6030.0  2.75264e-09
6035.0  2.74201e-09
6040.0  2.72829e-09
6045.0  2.73056e-09
6050.0  2.71824e-09
6055.0  2.69004e-09
6060.0  2.68957e-09
6065.0  2.69224e-09
6070.0  2.68079e-09
6075.0  2.67466e-09
6080.0  2.67024e-09
6085.0  2.65059e-09
6090.0  2.6401e-09
6095.0  2.65702e-09
6100.0  2.65638e-09
6105.0  2.63444e-09
6110.0  2.65518e-09
6115.0  2.66171e-09
6120.0  2.63274e-09
6125.0  2.60263e-09
6130.0  2.57291e-09
6135.0  2.55238e-09
6140.0  2.54382e-09
6145.0  2.55827e-09
6150.0  2.57971e-09
6155.0  2.57588e-09
6160.0  2.55598e-09
6165.0  2.55886e-09
6170.0  2.55378e-09
6175.0  2.55335e-09
6180.0  2.57003e-09
6185.0  2.56383e-09
6190.0  2.5595e-09
6195.0  2.54737e-09
6200.0  2.53884e-09
6205.0  2.54001e-09
6210.0  2.53278e-09
6215.0  2.50708e-09
6220.0  2.48785e-09
6225.0  2.48559e-09
6230.0  2.47139e-09
6235.0  2.46241e-09
6240.0  2.46317e-09
6245.0  2.46376e-09
6250.0  2.45848e-09
6255.0  2.47855e-09
6260.0  2.47071e-09
6265.0  2.44493e-09
6270.0  2.42578e-09
6275.0  2.39361e-09
6280.0  2.35774e-09
6285.0  2.38587e-09
6290.0  2.38751e-09
6295.0  2.38511e-09
6300.0  2.38752e-09
6305.0  2.38473e-09
6310.0  2.39204e-09
6315.0  2.37916e-09
6320.0  2.37439e-09
6325.0  2.38021e-09
6330.0  2.37813e-09
6335.0  2.36964e-09
6340.0  2.35557e-09
6345.0  2.33518e-09
6350.0  2.33019e-09
6355.0  2.36348e-09
6360.0  2.35737e-09
6365.0  2.34846e-09
6370.0  2.32623e-09
6375.0  2.31442e-09
6380.0  2.31933e-09
6385.0  2.3247e-09
6390.0  2.33161e-09
6395.0  2.32826e-09
6400.0  2.32147e-09
6405.0  2.30706e-09
6410.0  2.28706e-09
6415.0  2.28867e-09
6420.0  2.28759e-09
6425.0  2.29271e-09
6430.0  2.29044e-09
6435.0  2.27758e-09
6440.0  2.27618e-09
6445.0  2.26107e-09
6450.0  2.24277e-09
6455.0  2.22748e-09
6460.0  2.2299e-09
6465.0  2.23975e-09
6470.0  2.24362e-09
6475.0  2.24627e-09
6480.0  2.2417e-09
6485.0  2.23041e-09
6490.0  2.21801e-09
6495.0  2.18299e-09
6500.0  2.1877e-09
6505.0  2.20639e-09
6510.0  2.19438e-09
6515.0  2.1655e-09
6520.0  2.15671e-09
6525.0  2.1582e-09
6530.0  2.13599e-09
6535.0  2.09285e-09
6540.0  2.03359e-09
6545.0  1.94749e-09
6550.0  1.82527e-09
6555.0  1.64898e-09
6560.0  1.42508e-09
6565.0  1.36154e-09
6570.0  1.57369e-09
6575.0  1.77595e-09
6580.0  1.89972e-09
6585.0  1.97411e-09
6590.0  2.01756e-09
6595.0  2.05151e-09
6600.0  2.07685e-09
6605.0  2.08362e-09
6610.0  2.08989e-09
6615.0  2.09413e-09
6620.0  2.09241e-09
6625.0  2.10277e-09
6630.0  2.11505e-09
6635.0  2.10842e-09
6640.0  2.09794e-09
6645.0  2.09729e-09
6650.0  2.09702e-09
6655.0  2.08277e-09
6660.0  2.07466e-09
6665.0  2.06485e-09
6670.0  2.05786e-09
6675.0  2.05023e-09
6680.0  2.05238e-09
6685.0  2.06765e-09
6690.0  2.06983e-09
6695.0  2.06583e-09
6700.0  2.05224e-09
6705.0  2.04648e-09
6710.0  2.03688e-09
6715.0  2.02685e-09
6720.0  2.02315e-09
6725.0  2.02422e-09
6730.0  2.02297e-09
6735.0  2.01143e-09
6740.0  1.99927e-09
6745.0  1.99348e-09
6750.0  1.99206e-09
6755.0  1.9981e-09
6760.0  2.0123e-09
6765.0  2.01682e-09
6770.0  1.99793e-09
6775.0  1.98843e-09
6780.0  1.9844e-09
6785.0  1.98261e-09
6790.0  1.98421e-09
6795.0  1.97702e-09
6800.0  1.97153e-09
6805.0  1.96e-09
6810.0  1.94913e-09
6815.0  1.94625e-09
6820.0  1.94313e-09
6825.0  1.94468e-09
6830.0  1.94591e-09
6835.0  1.94974e-09
6840.0  1.96978e-09
6845.0  1.96597e-09
6850.0  1.95349e-09
6855.0  1.93818e-09
6860.0  1.92233e-09
6865.0  1.90782e-09
6870.0  1.89543e-09
6875.0  1.8855e-09
6880.0  1.87835e-09
6885.0  1.87395e-09
6890.0  1.87154e-09
6895.0  1.87003e-09
6900.0  1.86837e-09
6905.0  1.8659e-09
6910.0  1.86295e-09
6915.0  1.86028e-09
6920.0  1.85865e-09
6925.0  1.85837e-09
6930.0  1.85868e-09
6935.0  1.85841e-09
6940.0  1.85638e-09
6945.0  1.85189e-09
6950.0  1.84551e-09
6955.0  1.83826e-09
6960.0  1.83121e-09
6965.0  1.8251e-09
6970.0  1.82199e-09
6975.0  1.82869e-09
6980.0  1.82072e-09
6985.0  1.8172e-09
6990.0  1.80767e-09
6995.0  1.80119e-09
7000.0  1.78789e-09
7005.0  1.77514e-09
7010.0  1.77797e-09
7015.0  1.78163e-09
7020.0  1.78434e-09
7025.0  1.77627e-09
7030.0  1.77399e-09
7035.0  1.78117e-09
7040.0  1.77836e-09
7045.0  1.77444e-09
7050.0  1.76883e-09
7055.0  1.76658e-09
7060.0  1.76595e-09
7065.0  1.76238e-09
7070.0  1.75881e-09
7075.0  1.75225e-09
7080.0  1.75199e-09
7085.0  1.76149e-09
7090.0  1.76497e-09
7095.0  1.75485e-09
7100.0  1.74053e-09
7105.0  1.72875e-09
7110.0  1.71923e-09
7115.0  1.71719e-09
7120.0  1.72151e-09
7125.0  1.72986e-09
7130.0  1.73673e-09
7135.0  1.73127e-09
7140.0  1.71768e-09
7145.0  1.72661e-09
7150.0  1.73302e-09
7155.0  1.73352e-09
7160.0  1.72507e-09
7165.0  1.70111e-09
7170.0  1.67391e-09
7175.0  1.65852e-09
7180.0  1.64481e-09
7185.0  1.62471e-09
7190.0  1.6249e-09
7195.0  1.62455e-09
7200.0  1.61411e-09
7205.0  1.61204e-09
7210.0  1.64798e-09
7215.0  1.67037e-09
7220.0  1.66742e-09
7225.0  1.65702e-09
7230.0  1.64696e-09
7235.0  1.62942e-09
7240.0  1.62113e-09
7245.0  1.6142e-09
7250.0  1.6117e-09
7255.0  1.60177e-09
7260.0  1.60372e-09
7265.0  1.60154e-09
7270.0  1.59836e-09
7275.0  1.58049e-09
7280.0  1.58214e-09
7285.0  1.58553e-09
7290.0  1.56773e-09
7295.0  1.56769e-09
7300.0  1.5653e-09
7305.0  1.56311e-09
7310.0  1.56054e-09
7315.0  1.55504e-09
7320.0  1.56343e-09
7325.0  1.577e-09
7330.0  1.56825e-09
7335.0  1.55609e-09
7340.0  1.563e-09
7345.0  1.55998e-09
7350.0  1.55318e-09
7355.0  1.5552e-09
7360.0  1.55933e-09
7365.0  1.5563e-09
7370.0  1.54545e-09
7375.0  1.54589e-09
7380.0  1.5484e-09
7385.0  1.5416e-09
7390.0  1.54498e-09
7395.0  1.54867e-09
7400.0  1.55065e-09
7405.0  1.54685e-09
7410.0  1.53458e-09
7415.0  1.5376e-09
7420.0  1.5435e-09
7425.0  1.53785e-09
7430.0  1.53652e-09
7435.0  1.53805e-09
7440.0  1.53237e-09
7445.0  1.52716e-09
7450.0  1.52961e-09
7455.0  1.53084e-09
7460.0  1.52742e-09
7465.0  1.51835e-09
7470.0  1.51346e-09
7475.0  1.50642e-09
7480.0  1.50068e-09
7485.0  1.49741e-09
7490.0  1.49251e-09
7495.0  1.48805e-09
7500.0  1.48785e-09
7505.0  1.48518e-09
7510.0  1.47775e-09
7515.0  1.47146e-09
7520.0  1.47213e-09
7525.0  1.46747e-09
7530.0  1.46411e-09
7535.0  1.45823e-09
7540.0  1.44978e-09
7545.0  1.44144e-09
7550.0  1.43267e-09
7555.0  1.42904e-09
7560.0  1.43272e-09
7565.0  1.4443e-09
7570.0  1.45909e-09
7575.0  1.47032e-09
7580.0  1.47127e-09
7585.0  1.45799e-09
7590.0  1.43372e-09
7595.0  1.40449e-09
7600.0  1.37643e-09
7605.0  1.35439e-09
7610.0  1.3397e-09
7615.0  1.33239e-09
7620.0  1.33228e-09
7625.0  1.33867e-09
7630.0  1.34947e-09
7635.0  1.36203e-09
7640.0  1.37372e-09
7645.0  1.38233e-09
7650.0  1.38683e-09
7655.0  1.38662e-09
7660.0  1.38125e-09
7665.0  1.37114e-09
7670.0  1.35904e-09
7675.0  1.34859e-09
7680.0  1.34336e-09
7685.0  1.34536e-09
7690.0  1.35249e-09
7695.0  1.36112e-09
7700.0  1.36755e-09
7705.0  1.36935e-09
7710.0  1.36725e-09
7715.0  1.36325e-09
7720.0  1.35939e-09
7725.0  1.35706e-09
7730.0  1.35638e-09
7735.0  1.35782e-09
7740.0  1.35628e-09
7745.0  1.35086e-09
7750.0  1.34863e-09
7755.0  1.34648e-09
7760.0  1.34314e-09
7765.0  1.33631e-09
7770.0  1.31853e-09
7775.0  1.29832e-09
7780.0  1.31075e-09
7785.0  1.32563e-09
7790.0  1.32723e-09
7795.0  1.32819e-09
7800.0  1.32816e-09
7805.0  1.33071e-09
7810.0  1.32941e-09
7815.0  1.3295e-09
7820.0  1.3277e-09
7825.0  1.32401e-09
7830.0  1.31712e-09
7835.0  1.31004e-09
7840.0  1.30641e-09
7845.0  1.30323e-09
7850.0  1.29968e-09
7855.0  1.30144e-09
7860.0  1.30156e-09
7865.0  1.29822e-09
7870.0  1.29555e-09
7875.0  1.29074e-09
7880.0  1.28619e-09
7885.0  1.28819e-09
7890.0  1.2855e-09
7895.0  1.27629e-09
7900.0  1.27184e-09
7905.0  1.27024e-09
7910.0  1.26337e-09
7915.0  1.25506e-09
7920.0  1.25171e-09
7925.0  1.25211e-09
7930.0  1.25249e-09
7935.0  1.25457e-09
7940.0  1.25474e-09
7945.0  1.25059e-09
7950.0  1.25162e-09
7955.0  1.25141e-09
7960.0  1.24662e-09
7965.0  1.24562e-09
7970.0  1.24107e-09
7975.0  1.2381e-09
7980.0  1.23496e-09
7985.0  1.23113e-09
7990.0  1.22668e-09
7995.0  1.22197e-09
8000.0  1.21739e-09
8005.0  1.21743e-09
8010.0  1.21916e-09
8015.0  1.22282e-09
8020.0  1.22425e-09
8025.0  1.22057e-09
8030.0  1.21584e-09
8035.0  1.21324e-09
8040.0  1.21023e-09
8045.0  1.20629e-09
8050.0  1.20602e-09
8055.0  1.20454e-09
8060.0  1.20049e-09
8065.0  1.19657e-09
8070.0  1.19424e-09
8075.0  1.18782e-09
8080.0  1.18204e-09
8085.0  1.17533e-09
8090.0  1.17595e-09
8095.0  1.17625e-09
8100.0  1.17313e-09
8105.0  1.17634e-09
8110.0  1.17702e-09
8115.0  1.17861e-09
8120.0  1.18038e-09
8125.0  1.18087e-09
8130.0  1.17938e-09
8135.0  1.17404e-09
8140.0  1.17093e-09
8145.0  1.16572e-09
8150.0  1.156e-09
8155.0  1.14545e-09
8160.0  1.13269e-09
8165.0  1.1242e-09
8170.0  1.12044e-09
8175.0  1.11856e-09
8180.0  1.10795e-09
8185.0  1.10887e-09
8190.0  1.11098e-09
8195.0  1.10969e-09
8200.0  1.11274e-09
8205.0  1.12055e-09
8210.0  1.12136e-09
8215.0  1.11212e-09
8220.0  1.10335e-09
8225.0  1.09144e-09
8230.0  1.08047e-09
8235.0  1.09705e-09
8240.0  1.11484e-09
8245.0  1.11661e-09
8250.0  1.11928e-09
8255.0  1.11699e-09
8260.0  1.11866e-09
8265.0  1.11907e-09
8270.0  1.11351e-09
8275.0  1.10241e-09
8280.0  1.09443e-09
8285.0  1.08869e-09
8290.0  1.08204e-09
8295.0  1.0791e-09
8300.0  1.07924e-09
8305.0  1.07936e-09
8310.0  1.08276e-09
8315.0  1.08515e-09
8320.0  1.07969e-09
8325.0  1.07608e-09
8330.0  1.07122e-09
8335.0  1.06337e-09
8340.0  1.06482e-09
8345.0  1.07324e-09
8350.0  1.07887e-09
8355.0  1.08205e-09
8360.0  1.08517e-09
8365.0  1.08352e-09
8370.0  1.08097e-09
8375.0  1.07334e-09
8380.0  1.06655e-09
8385.0  1.06203e-09
8390.0  1.05602e-09
8395.0  1.05607e-09
8400.0  1.05967e-09
8405.0  1.06468e-09
8410.0  1.06742e-09
8415.0  1.07078e-09
8420.0  1.07456e-09
8425.0  1.07705e-09
8430.0  1.07243e-09
8435.0  1.06265e-09
8440.0  1.05276e-09
8445.0  1.04234e-09
8450.0  1.03845e-09
8455.0  1.04494e-09
8460.0  1.0438e-09
8465.0  1.04007e-09
8470.0  1.046e-09
8475.0  1.0575e-09
8480.0  1.06548e-09
8485.0  1.06121e-09
8490.0  1.05045e-09
8495.0  1.0288e-09
8500.0  1.00852e-09
8505.0  1.01402e-09
8510.0  1.03056e-09
8515.0  1.04319e-09
8520.0  1.04463e-09
8525.0  1.03745e-09
8530.0  1.02393e-09
8535.0  1.00077e-09
8540.0  9.64085e-10
8545.0  9.47602e-10
8550.0  9.73545e-10
8555.0  9.99698e-10
8560.0  1.0222e-09
8565.0  1.03377e-09
8570.0  1.03493e-09
8575.0  1.03349e-09
8580.0  1.02258e-09
8585.0  1.00607e-09
8590.0  9.89466e-10
8595.0  9.70381e-10
8600.0  9.64385e-10
8605.0  9.83754e-10
8610.0  1.01181e-09
8615.0  1.03499e-09
8620.0  1.05227e-09
8625.0  1.0593e-09
8630.0  1.05597e-09
8635.0  1.05012e-09
8640.0  1.03776e-09
8645.0  1.0149e-09
8650.0  9.87822e-10
8655.0  9.55166e-10
8660.0  9.11061e-10
8665.0  8.832e-10
8670.0  8.98461e-10
8675.0  9.27345e-10
8680.0  9.50969e-10
8685.0  9.75297e-10
8690.0  9.99113e-10
8695.0  1.01886e-09
8700.0  1.03525e-09
8705.0  1.04059e-09
8710.0  1.04283e-09
8715.0  1.03609e-09
8720.0  1.02327e-09
8725.0  1.00431e-09
8730.0  9.82012e-10
8735.0  9.55992e-10
8740.0  9.25477e-10
8745.0  8.95235e-10
8750.0  8.73866e-10
8755.0  8.79813e-10
8760.0  9.1165e-10
8765.0  9.41178e-10
8770.0  9.66129e-10
8775.0  9.91492e-10
8780.0  1.00924e-09
8785.0  1.02581e-09
8790.0  1.03549e-09
8795.0  1.04234e-09
8800.0  1.04517e-09
8805.0  1.03699e-09
8810.0  1.02365e-09
8815.0  1.01812e-09
8820.0  1.00941e-09
8825.0  9.98861e-10
8830.0  9.91177e-10
8835.0  9.78749e-10
8840.0  9.62495e-10
8845.0  9.3943e-10
8850.0  9.05923e-10
8855.0  8.6462e-10
8860.0  8.25146e-10
8865.0  8.04481e-10
8870.0  8.25896e-10
8875.0  8.5719e-10
8880.0  8.85582e-10
8885.0  9.13312e-10
8890.0  9.38486e-10
8895.0  9.58509e-10
8900.0  9.6835e-10
8905.0  9.76606e-10
8910.0  9.75544e-10
8915.0  9.73692e-10
8920.0  9.75597e-10
8925.0  9.72504e-10
8930.0  9.74224e-10
8935.0  9.83394e-10
8940.0  9.81296e-10
8945.0  9.82426e-10
8950.0  9.70751e-10
8955.0  9.68683e-10
8960.0  9.69108e-10
8965.0  9.62797e-10
8970.0  9.60026e-10
8975.0  9.53702e-10
8980.0  9.40372e-10
8985.0  9.0748e-10
8990.0  8.66406e-10
8995.0  8.44193e-10
9000.0  8.14565e-10
9005.0  7.869e-10
9010.0  7.59897e-10
9015.0  7.4634e-10
9020.0  7.65565e-10
9025.0  8.03411e-10
9030.0  8.4286e-10
9035.0  8.78324e-10
9040.0  9.01957e-10
9045.0  9.19373e-10
9050.0  9.27924e-10
9055.0  9.28759e-10
9060.0  9.1974e-10
9065.0  9.105e-10
9070.0  9.06307e-10
9075.0  9.03494e-10
9080.0  8.99459e-10
9085.0  9.00852e-10
9090.0  9.00443e-10
9095.0  9.10328e-10
9100.0  9.16488e-10
9105.0  9.19196e-10
9110.0  9.14675e-10
9115.0  9.11282e-10
9120.0  9.07997e-10
9125.0  9.10535e-10
9130.0  9.0499e-10
9135.0  9.02147e-10
9140.0  9.12569e-10
9145.0  9.2053e-10
9150.0  9.11158e-10
9155.0  9.02236e-10
9160.0  9.07424e-10
9165.0  9.08286e-10
9170.0  8.994e-10
9175.0  8.80353e-10
9180.0  8.78288e-10
9185.0  8.81117e-10
9190.0  8.79732e-10
9195.0  8.73628e-10
9200.0  8.60484e-10
9205.0  8.42065e-10
9210.0  8.12569e-10
9215.0  7.79871e-10
9220.0  7.50074e-10
9225.0  7.24388e-10
9230.0  7.03727e-10
9235.0  7.18773e-10
9240.0  7.50643e-10
9245.0  7.70437e-10
9250.0  7.96242e-10
9255.0  8.13237e-10
9260.0  8.21402e-10
9265.0  8.2914e-10
9270.0  8.41349e-10
9275.0  8.50974e-10
9280.0  8.56179e-10
9285.0  8.64054e-10
9290.0  8.66735e-10
9295.0  8.63545e-10
9300.0  8.52339e-10
9305.0  8.44379e-10
9310.0  8.30229e-10
9315.0  8.13102e-10
9320.0  7.96036e-10
9325.0  7.96124e-10
9330.0  8.03129e-10
9335.0  7.97342e-10
9340.0  7.79738e-10
9345.0  7.61503e-10
9350.0  7.81246e-10
9355.0  7.69264e-10
9360.0  7.62895e-10
9365.0  7.81326e-10
9370.0  7.75395e-10
9375.0  7.93773e-10
9380.0  7.99145e-10
9385.0  8.1188e-10
9390.0  8.3131e-10
9395.0  8.37113e-10
9400.0  8.26884e-10
9405.0  8.10681e-10
9410.0  7.97384e-10
9415.0  7.94148e-10
9420.0  7.91037e-10
9425.0  7.7741e-10
9430.0  7.5171e-10
9435.0  7.59132e-10
9440.0  7.44958e-10
9445.0  7.55181e-10
9450.0  7.85047e-10
9455.0  7.82606e-10
9460.0  7.74835e-10
9465.0  7.77074e-10
9470.0  7.83383e-10
9475.0  7.72317e-10
9480.0  7.52701e-10
9485.0  7.57734e-10
9490.0  7.63769e-10
9495.0  7.43683e-10
9500.0  7.24869e-10
9505.0  7.431e-10
9510.0  7.63164e-10
9515.0  7.42953e-10
9520.0  7.1118e-10
9525.0  6.88643e-10
9530.0  6.82755e-10
9535.0  6.70255e-10
9540.0  6.38835e-10
9545.0  6.09584e-10
9550.0  6.06477e-10
9555.0  6.20093e-10
9560.0  6.42312e-10
9565.0  6.52178e-10
9570.0  6.78945e-10
9575.0  7.10437e-10
9580.0  7.22721e-10
9585.0  7.26861e-10
9590.0  7.2503e-10
9595.0  7.3391e-10
9600.0  7.41865e-10
9605.0  7.41186e-10
9610.0  7.46537e-10
9615.0  7.52118e-10
9620.0  7.42293e-10
9625.0  7.48797e-10
9630.0  7.55225e-10
9635.0  7.57064e-10
9640.0  7.62805e-10
9645.0  7.59462e-10
9650.0  7.67888e-10
9655.0  7.67114e-10
9660.0  7.6443e-10
9665.0  7.65472e-10
9670.0  7.70987e-10
9675.0  7.83348e-10
9680.0  7.83207e-10
9685.0  7.80698e-10
9690.0  7.77887e-10
9695.0  7.75722e-10
9700.0  7.70503e-10
9705.0  7.6149e-10
9710.0  7.65599e-10
9715.0  7.64616e-10
9720.0  7.76746e-10
9725.0  7.76974e-10
9730.0  7.69177e-10
9735.0  7.71044e-10
9740.0  7.7521e-10
9745.0  7.73718e-10
9750.0  7.71417e-10
9755.0  7.59071e-10
9760.0  7.62993e-10
9765.0  7.59531e-10
9770.0  7.62253e-10
9775.0  7.59527e-10
9780.0  7.59155e-10
9785.0  7.55042e-10
9790.0  7.5419e-10
9795.0  7.4034e-10
9800.0  7.32925e-10
9805.0  7.19973e-10
9810.0  7.41715e-10
9815.0  7.42598e-10
9820.0  7.39169e-10
9825.0  7.44077e-10
9830.0  7.43742e-10
9835.0  7.43502e-10
9840.0  7.43155e-10
9845.0  7.47085e-10
9850.0  7.46265e-10
9855.0  7.45265e-10
9860.0  7.44176e-10
9865.0  7.43114e-10
9870.0  7.33068e-10
9875.0  7.47107e-10
9880.0  7.55404e-10
9885.0  7.60527e-10
9890.0  7.50791e-10
9895.0  7.36676e-10
9900.0  7.27462e-10
9905.0  7.37129e-10
9910.0  7.24084e-10
9915.0  7.27245e-10
9920.0  7.39393e-10
9925.0  7.3084e-10
9930.0  7.35881e-10
9935.0  7.39378e-10
9940.0  7.40673e-10
9945.0  7.34039e-10
9950.0  7.27806e-10
9955.0  7.25979e-10
9960.0  7.04781e-10
9965.0  7.1408e-10
9970.0  7.2208e-10
9975.0  7.12906e-10
9980.0  7.11466e-10
9985.0  7.13252e-10
9990.0  7.08462e-10
9995.0  7.05629e-10
10000.0  7.03824e-10
10005.0  7.04583e-10
10010.0  6.98337e-10
10015.0  6.86021e-10
10020.0  6.82309e-10
10025.0  6.692e-10
10030.0  6.51503e-10
10035.0  6.33506e-10
10040.0  6.04571e-10
10045.0  5.91572e-10
10050.0  5.74992e-10
10055.0  5.77434e-10
10060.0  5.97443e-10
10065.0  6.12174e-10
10070.0  6.37847e-10
10075.0  6.41856e-10
10080.0  6.52077e-10
10085.0  6.58404e-10
10090.0  6.50252e-10
10095.0  6.40019e-10
10100.0  6.45325e-10
10105.0  6.55716e-10
10110.0  6.7168e-10
10115.0  6.86134e-10
10120.0  6.80498e-10
10125.0  6.60208e-10
10130.0  6.57659e-10
10135.0  6.64244e-10
10140.0  6.59143e-10
10145.0  6.48931e-10
10150.0  6.60527e-10
10155.0  6.67509e-10
10160.0  6.60366e-10
10165.0  6.73725e-10
10170.0  6.33622e-10
10175.0  6.14926e-10
10180.0  6.05626e-10
10185.0  6.03394e-10
10190.0  6.07568e-10
10195.0  6.16073e-10
10200.0  6.26727e-10
10205.0  6.37525e-10
10210.0  6.46982e-10
10215.0  6.53791e-10
10220.0  6.56744e-10
10225.0  6.55303e-10
10230.0  6.50676e-10
10235.0  6.44752e-10
10240.0  6.39412e-10
10245.0  6.35846e-10
10250.0  6.33419e-10
10255.0  6.30802e-10
10260.0  6.26686e-10
10265.0  6.20565e-10
10270.0  6.14074e-10
10275.0  6.09659e-10
10280.0  6.09724e-10
10285.0  6.15452e-10
10290.0  6.2484e-10
10295.0  6.34661e-10
10300.0  6.41669e-10
10305.0  6.43649e-10
10310.0  6.41054e-10
10315.0  6.35375e-10
10320.0  6.28185e-10
10325.0  6.20903e-10
10330.0  6.14556e-10
10335.0  6.10007e-10
10340.0  6.08059e-10
10345.0  6.0901e-10
10350.0  6.11838e-10
10355.0  6.15013e-10
10360.0  6.17008e-10
10365.0  6.168e-10
10370.0  6.14677e-10
10375.0  6.11429e-10
10380.0  6.07891e-10
10385.0  6.04824e-10
10390.0  6.02777e-10
10395.0  6.02225e-10
10400.0  6.03585e-10
10405.0  6.06755e-10
10410.0  6.10295e-10
10415.0  6.12244e-10
10420.0  6.107e-10
10425.0  6.04819e-10
10430.0  5.96505e-10
10435.0  5.88721e-10
10440.0  5.84393e-10
10445.0  5.85021e-10
10450.0  5.8838e-10
10455.0  5.9083e-10
10460.0  5.88773e-10
10465.0  5.80639e-10
10470.0  5.70105e-10
10475.0  5.62858e-10
10480.0  5.64481e-10
10485.0  5.77449e-10
10490.0  5.96179e-10
10495.0  6.11989e-10
10500.0  6.16283e-10
10505.0  6.04469e-10
10510.0  5.82339e-10
10515.0  5.59691e-10
10520.0  5.46324e-10
10525.0  5.48144e-10
10530.0  5.60917e-10
10535.0  5.7651e-10
10540.0  5.86708e-10
10545.0  5.8637e-10
10550.0  5.78339e-10
10555.0  5.68533e-10
10560.0  5.62938e-10
10565.0  5.65183e-10
10570.0  5.72739e-10
10575.0  5.80729e-10
10580.0  5.84234e-10
10585.0  5.80358e-10
10590.0  5.71461e-10
10595.0  5.61919e-10
10600.0  5.5617e-10
10605.0  5.57258e-10
10610.0  5.64592e-10
10615.0  5.76183e-10
10620.0  4.40645e-10
