# Extracted from file: pickles_102.fits
#SIMPLETrueFits standard
#BITPIX16Bits per pixel
#NAXIS0Number of axes
#EXTENDTrueFile may contain extensions
#DATE2007-01-11T20:44:27Date FITS file was generated
#IRAF-TLM15:44:43 (11/01/2007)Time of last modification
#COMMENT  FITS (Flexible Image Transport System) format is defined in 'Astronomy
#COMMENT  and Astrophysics', volume 376, page 359; bibcode: 2001A&A...376..359H
#ORIGINSTScI-STSDAS/TABLESTables version 2002-02-22
#FILENAMEpickles_102.fitsname of file
#NEXTEND1number of extensions in file
#COMMENT1spectral type: M7III
#COMMENT2metallicity: solar
#COMMENT3original filename: m7iii.dat
#HISTORY  File created by F.R.Boffi.
#HISTORY  SEDs from Pickles UVILIB Library (1998, PASP 110, 863).
#HISTORY  Wavelength is in Angstrom.
#HISTORY  Fluxes are tabulated in units of erg/s/cm^2/A
#HISTORY  and were calculated by normalizing the original fluxes
#HISTORY  in the Pickles V band to a 0 magnitude in vegamag.
#HISTORY  In the vegamag system, Vega has magnitude zero in all passbands.
#HISTORY  Please refer to the SYNPHOT manual for further information.
#
#
#
#
#
#
#
#
#
#
#
#
#
#  
#Columns WAVELENGTH FLUX
#Units  angstroms flam
1150.0  0.0
1155.0  0.0
1160.0  0.0
1165.0  0.0
1170.0  0.0
1175.0  0.0
1180.0  0.0
1185.0  0.0
1190.0  0.0
1195.0  0.0
1200.0  0.0
1205.0  0.0
1210.0  0.0
1215.0  0.0
1220.0  0.0
1225.0  0.0
1230.0  0.0
1235.0  0.0
1240.0  0.0
1245.0  0.0
1250.0  0.0
1255.0  0.0
1260.0  0.0
1265.0  0.0
1270.0  0.0
1275.0  0.0
1280.0  0.0
1285.0  0.0
1290.0  0.0
1295.0  0.0
1300.0  0.0
1305.0  0.0
1310.0  0.0
1315.0  0.0
1320.0  0.0
1325.0  0.0
1330.0  0.0
1335.0  0.0
1340.0  0.0
1345.0  0.0
1350.0  0.0
1355.0  0.0
1360.0  0.0
1365.0  0.0
1370.0  0.0
1375.0  0.0
1380.0  0.0
1385.0  0.0
1390.0  0.0
1395.0  0.0
1400.0  0.0
1405.0  0.0
1410.0  0.0
1415.0  0.0
1420.0  0.0
1425.0  0.0
1430.0  0.0
1435.0  0.0
1440.0  0.0
1445.0  0.0
1450.0  0.0
1455.0  0.0
1460.0  0.0
1465.0  0.0
1470.0  0.0
1475.0  0.0
1480.0  0.0
1485.0  0.0
1490.0  0.0
1495.0  0.0
1500.0  0.0
1505.0  0.0
1510.0  0.0
1515.0  0.0
1520.0  0.0
1525.0  0.0
1530.0  0.0
1535.0  0.0
1540.0  0.0
1545.0  0.0
1550.0  0.0
1555.0  0.0
1560.0  0.0
1565.0  0.0
1570.0  0.0
1575.0  0.0
1580.0  0.0
1585.0  0.0
1590.0  0.0
1595.0  0.0
1600.0  0.0
1605.0  0.0
1610.0  0.0
1615.0  0.0
1620.0  0.0
1625.0  0.0
1630.0  0.0
1635.0  0.0
1640.0  0.0
1645.0  0.0
1650.0  0.0
1655.0  0.0
1660.0  0.0
1665.0  0.0
1670.0  0.0
1675.0  0.0
1680.0  0.0
1685.0  0.0
1690.0  0.0
1695.0  0.0
1700.0  0.0
1705.0  0.0
1710.0  0.0
1715.0  0.0
1720.0  0.0
1725.0  0.0
1730.0  0.0
1735.0  0.0
1740.0  0.0
1745.0  0.0
1750.0  0.0
1755.0  0.0
1760.0  0.0
1765.0  0.0
1770.0  0.0
1775.0  0.0
1780.0  0.0
1785.0  0.0
1790.0  0.0
1795.0  0.0
1800.0  0.0
1805.0  0.0
1810.0  0.0
1815.0  0.0
1820.0  0.0
1825.0  0.0
1830.0  0.0
1835.0  0.0
1840.0  0.0
1845.0  0.0
1850.0  0.0
1855.0  0.0
1860.0  0.0
1865.0  0.0
1870.0  0.0
1875.0  0.0
1880.0  0.0
1885.0  0.0
1890.0  0.0
1895.0  0.0
1900.0  0.0
1905.0  0.0
1910.0  0.0
1915.0  0.0
1920.0  0.0
1925.0  0.0
1930.0  0.0
1935.0  0.0
1940.0  0.0
1945.0  0.0
1950.0  0.0
1955.0  0.0
1960.0  0.0
1965.0  0.0
1970.0  0.0
1975.0  0.0
1980.0  0.0
1985.0  0.0
1990.0  0.0
1995.0  0.0
2000.0  0.0
2005.0  0.0
2010.0  0.0
2015.0  0.0
2020.0  0.0
2025.0  0.0
2030.0  0.0
2035.0  0.0
2040.0  0.0
2045.0  0.0
2050.0  0.0
2055.0  0.0
2060.0  0.0
2065.0  0.0
2070.0  0.0
2075.0  0.0
2080.0  0.0
2085.0  0.0
2090.0  0.0
2095.0  0.0
2100.0  0.0
2105.0  0.0
2110.0  0.0
2115.0  0.0
2120.0  0.0
2125.0  0.0
2130.0  0.0
2135.0  0.0
2140.0  0.0
2145.0  0.0
2150.0  0.0
2155.0  0.0
2160.0  0.0
2165.0  0.0
2170.0  0.0
2175.0  0.0
2180.0  0.0
2185.0  0.0
2190.0  0.0
2195.0  0.0
2200.0  0.0
2205.0  0.0
2210.0  0.0
2215.0  0.0
2220.0  0.0
2225.0  0.0
2230.0  0.0
2235.0  0.0
2240.0  0.0
2245.0  0.0
2250.0  0.0
2255.0  0.0
2260.0  0.0
2265.0  0.0
2270.0  0.0
2275.0  0.0
2280.0  0.0
2285.0  0.0
2290.0  0.0
2295.0  0.0
2300.0  0.0
2305.0  0.0
2310.0  0.0
2315.0  0.0
2320.0  0.0
2325.0  0.0
2330.0  0.0
2335.0  0.0
2340.0  0.0
2345.0  0.0
2350.0  0.0
2355.0  0.0
2360.0  0.0
2365.0  0.0
2370.0  0.0
2375.0  0.0
2380.0  0.0
2385.0  0.0
2390.0  0.0
2395.0  0.0
2400.0  0.0
2405.0  0.0
2410.0  0.0
2415.0  0.0
2420.0  0.0
2425.0  0.0
2430.0  0.0
2435.0  0.0
2440.0  0.0
2445.0  0.0
2450.0  0.0
2455.0  0.0
2460.0  0.0
2465.0  0.0
2470.0  0.0
2475.0  0.0
2480.0  0.0
2485.0  0.0
2490.0  0.0
2495.0  0.0
2500.0  0.0
2505.0  0.0
2510.0  0.0
2515.0  0.0
2520.0  0.0
2525.0  0.0
2530.0  0.0
2535.0  0.0
2540.0  0.0
2545.0  0.0
2550.0  0.0
2555.0  0.0
2560.0  0.0
2565.0  0.0
2570.0  0.0
2575.0  0.0
2580.0  0.0
2585.0  0.0
2590.0  0.0
2595.0  0.0
2600.0  0.0
2605.0  0.0
2610.0  0.0
2615.0  0.0
2620.0  0.0
2625.0  0.0
2630.0  0.0
2635.0  0.0
2640.0  0.0
2645.0  0.0
2650.0  0.0
2655.0  0.0
2660.0  0.0
2665.0  0.0
2670.0  0.0
2675.0  0.0
2680.0  0.0
2685.0  0.0
2690.0  0.0
2695.0  0.0
2700.0  0.0
2705.0  0.0
2710.0  0.0
2715.0  0.0
2720.0  0.0
2725.0  0.0
2730.0  0.0
2735.0  0.0
2740.0  0.0
2745.0  0.0
2750.0  0.0
2755.0  4.10325e-16
2760.0  3.27814e-15
2765.0  6.14448e-15
2770.0  6.55331e-15
2775.0  6.96363e-15
2780.0  9.42112e-15
2785.0  9.41967e-15
2790.0  6.55185e-15
2795.0  3.27519e-15
2800.0  4.08851e-16
2805.0  0.0
2810.0  0.0
2815.0  0.0
2820.0  0.0
2825.0  0.0
2830.0  0.0
2835.0  0.0
2840.0  0.0
2845.0  0.0
2850.0  2.87211e-15
2855.0  2.29467e-14
2860.0  4.62935e-14
2865.0  7.16876e-14
2870.0  9.42125e-14
2875.0  1.10593e-13
2880.0  1.19189e-13
2885.0  1.13039e-13
2890.0  9.29631e-14
2895.0  5.60922e-14
2900.0  7.35977e-15
2905.0  0.0
2910.0  0.0
2915.0  0.0
2920.0  0.0
2925.0  0.0
2930.0  0.0
2935.0  0.0
2940.0  0.0
2945.0  0.0
2950.0  3.8566e-14
2955.0  3.18393e-13
2960.0  7.07529e-13
2965.0  1.17244e-12
2970.0  1.70779e-12
2975.0  2.30089e-12
2980.0  2.94805e-12
2985.0  3.63903e-12
2990.0  4.3681e-12
2995.0  5.12501e-12
3000.0  5.90651e-12
3005.0  6.70315e-12
3010.0  7.51577e-12
3015.0  8.34518e-12
3020.0  9.19384e-12
3025.0  1.00626e-11
3030.0  1.09538e-11
3035.0  1.1868e-11
3040.0  1.28056e-11
3045.0  1.37697e-11
3050.0  1.47646e-11
3055.0  1.57824e-11
3060.0  1.68125e-11
3065.0  1.78398e-11
3070.0  1.88494e-11
3075.0  1.98217e-11
3080.0  2.07457e-11
3085.0  2.15996e-11
3090.0  2.23709e-11
3095.0  2.30434e-11
3100.0  2.35995e-11
3105.0  2.40348e-11
3110.0  2.43686e-11
3115.0  2.46246e-11
3120.0  2.4831e-11
3125.0  2.50153e-11
3130.0  2.52078e-11
3135.0  2.54319e-11
3140.0  2.57194e-11
3145.0  2.60938e-11
3150.0  2.65841e-11
3155.0  3.75294e-11
3160.0  1.00745e-10
3165.0  1.14885e-10
3170.0  1.09143e-10
3175.0  8.99118e-11
3180.0  7.12805e-11
3185.0  6.62703e-11
3190.0  6.8115e-11
3195.0  6.98894e-11
3200.0  8.52134e-11
3205.0  8.46071e-11
3210.0  9.28999e-11
3215.0  1.13392e-10
3220.0  1.24851e-10
3225.0  1.10768e-10
3230.0  8.68991e-11
3235.0  7.32886e-11
3240.0  6.87612e-11
3245.0  6.60498e-11
3250.0  6.38495e-11
3255.0  6.2293e-11
3260.0  5.88398e-11
3265.0  5.23529e-11
3270.0  4.81485e-11
3275.0  5.12136e-11
3280.0  5.91453e-11
3285.0  6.70765e-11
3290.0  7.13778e-11
3295.0  7.13918e-11
3300.0  7.25774e-11
3305.0  7.89725e-11
3310.0  8.50628e-11
3315.0  8.50014e-11
3320.0  8.1645e-11
3325.0  7.95445e-11
3330.0  7.87759e-11
3335.0  7.79977e-11
3340.0  7.68764e-11
3345.0  7.55527e-11
3350.0  7.4265e-11
3355.0  7.33589e-11
3360.0  7.33584e-11
3365.0  7.40472e-11
3370.0  7.33255e-11
3375.0  7.11483e-11
3380.0  7.43247e-11
3385.0  8.68693e-11
3390.0  9.90206e-11
3395.0  1.02377e-10
3400.0  1.05551e-10
3405.0  1.17037e-10
3410.0  1.28099e-10
3415.0  1.29213e-10
3420.0  1.26206e-10
3425.0  1.27055e-10
3430.0  1.29822e-10
3435.0  1.31716e-10
3440.0  1.3774e-10
3445.0  1.51773e-10
3450.0  1.66855e-10
3455.0  1.75645e-10
3460.0  1.80759e-10
3465.0  1.87335e-10
3470.0  1.96796e-10
3475.0  2.07494e-10
3480.0  2.14062e-10
3485.0  2.13864e-10
3490.0  2.1462e-10
3495.0  2.2258e-10
3500.0  2.29861e-10
3505.0  2.2629e-10
3510.0  2.10517e-10
3515.0  1.89376e-10
3520.0  1.81342e-10
3525.0  1.99291e-10
3530.0  2.30469e-10
3535.0  2.5983e-10
3540.0  2.9152e-10
3545.0  3.31178e-10
3550.0  3.68496e-10
3555.0  3.89078e-10
3560.0  3.84726e-10
3565.0  3.54972e-10
3570.0  3.13179e-10
3575.0  2.76398e-10
3580.0  2.57546e-10
3585.0  2.62975e-10
3590.0  2.86202e-10
3595.0  3.1803e-10
3600.0  3.54693e-10
3605.0  3.95276e-10
3610.0  4.40567e-10
3615.0  4.91139e-10
3620.0  5.44821e-10
3625.0  5.9212e-10
3630.0  6.08613e-10
3635.0  5.8392e-10
3640.0  5.58452e-10
3645.0  5.74032e-10
3650.0  6.24931e-10
3655.0  6.8658e-10
3660.0  7.34019e-10
3665.0  7.51976e-10
3670.0  7.49334e-10
3675.0  7.40457e-10
3680.0  7.30393e-10
3685.0  7.20554e-10
3690.0  7.12854e-10
3695.0  7.09861e-10
3700.0  7.1471e-10
3705.0  7.27556e-10
3710.0  7.39792e-10
3715.0  7.37406e-10
3720.0  7.02257e-10
3725.0  6.30969e-10
3730.0  5.6238e-10
3735.0  5.38164e-10
3740.0  5.65002e-10
3745.0  6.33384e-10
3750.0  7.273e-10
3755.0  8.34384e-10
3760.0  9.5601e-10
3765.0  1.08758e-09
3770.0  1.19552e-09
3775.0  1.24522e-09
3780.0  1.23007e-09
3785.0  1.16727e-09
3790.0  1.10682e-09
3795.0  1.08952e-09
3800.0  1.09939e-09
3805.0  1.09535e-09
3810.0  1.03076e-09
3815.0  8.97221e-10
3820.0  7.88042e-10
3825.0  7.90326e-10
3830.0  8.73319e-10
3835.0  9.67204e-10
3840.0  1.0206e-09
3845.0  1.01061e-09
3850.0  9.67275e-10
3855.0  9.32465e-10
3860.0  9.27102e-10
3865.0  9.55269e-10
3870.0  9.99294e-10
3875.0  1.04069e-09
3880.0  1.07937e-09
3885.0  1.11966e-09
3890.0  1.15876e-09
3895.0  1.19203e-09
3900.0  1.21737e-09
3905.0  1.23084e-09
3910.0  1.21996e-09
3915.0  1.16253e-09
3920.0  1.02301e-09
3925.0  8.02031e-10
3930.0  6.07125e-10
3935.0  5.51861e-10
3940.0  6.54857e-10
3945.0  8.60286e-10
3950.0  1.01735e-09
3955.0  1.00567e-09
3960.0  8.78899e-10
3965.0  7.6725e-10
3970.0  8.21067e-10
3975.0  1.1124e-09
3980.0  1.49479e-09
3985.0  1.79646e-09
3990.0  1.996e-09
3995.0  2.12878e-09
4000.0  2.22379e-09
4005.0  2.29692e-09
4010.0  2.34267e-09
4015.0  2.36091e-09
4020.0  2.38454e-09
4025.0  2.43656e-09
4030.0  2.48193e-09
4035.0  2.48726e-09
4040.0  2.48137e-09
4045.0  2.50391e-09
4050.0  2.55801e-09
4055.0  2.62199e-09
4060.0  2.64951e-09
4065.0  2.61876e-09
4070.0  2.59382e-09
4075.0  2.6385e-09
4080.0  2.73173e-09
4085.0  2.84277e-09
4090.0  2.99825e-09
4095.0  3.20003e-09
4100.0  3.32846e-09
4105.0  3.27208e-09
4110.0  3.06555e-09
4115.0  2.80084e-09
4120.0  2.57036e-09
4125.0  2.43412e-09
4130.0  2.37216e-09
4135.0  2.35531e-09
4140.0  2.40703e-09
4145.0  2.54936e-09
4150.0  2.74379e-09
4155.0  2.91569e-09
4160.0  2.96219e-09
4165.0  2.83012e-09
4170.0  2.62242e-09
4175.0  2.46375e-09
4180.0  2.37999e-09
4185.0  2.35629e-09
4190.0  2.37161e-09
4195.0  2.39231e-09
4200.0  2.35431e-09
4205.0  2.19416e-09
4210.0  1.88576e-09
4215.0  1.46767e-09
4220.0  1.10963e-09
4225.0  9.85356e-10
4230.0  1.14277e-09
4235.0  1.5163e-09
4240.0  1.87447e-09
4245.0  2.01691e-09
4250.0  1.98568e-09
4255.0  1.89468e-09
4260.0  1.80164e-09
4265.0  1.72497e-09
4270.0  1.64529e-09
4275.0  1.55432e-09
4280.0  1.5053e-09
4285.0  1.54013e-09
4290.0  1.60848e-09
4295.0  1.63827e-09
4300.0  1.59601e-09
4305.0  1.49155e-09
4310.0  1.40587e-09
4315.0  1.41174e-09
4320.0  1.49144e-09
4325.0  1.60199e-09
4330.0  1.72395e-09
4335.0  1.83328e-09
4340.0  1.86984e-09
4345.0  1.79143e-09
4350.0  1.64184e-09
4355.0  1.50224e-09
4360.0  1.46182e-09
4365.0  1.56077e-09
4370.0  1.70631e-09
4375.0  1.79151e-09
4380.0  1.80401e-09
4385.0  1.76385e-09
4390.0  1.6813e-09
4395.0  1.58505e-09
4400.0  1.5601e-09
4405.0  1.64483e-09
4410.0  1.70221e-09
4415.0  1.59592e-09
4420.0  1.36897e-09
4425.0  1.132e-09
4430.0  9.87782e-10
4435.0  9.92319e-10
4440.0  1.09109e-09
4445.0  1.19266e-09
4450.0  1.21952e-09
4455.0  1.13527e-09
4460.0  9.95405e-10
4465.0  8.81443e-10
4470.0  8.50955e-10
4475.0  9.21282e-10
4480.0  1.03127e-09
4485.0  1.11444e-09
4490.0  1.166e-09
4495.0  1.19283e-09
4500.0  1.17156e-09
4505.0  1.09591e-09
4510.0  1.03523e-09
4515.0  1.05594e-09
4520.0  1.14028e-09
4525.0  1.24218e-09
4530.0  1.32681e-09
4535.0  1.36978e-09
4540.0  1.36207e-09
4545.0  1.31616e-09
4550.0  1.28639e-09
4555.0  1.32826e-09
4560.0  1.45497e-09
4565.0  1.62328e-09
4570.0  1.68869e-09
4575.0  1.53711e-09
4580.0  1.2355e-09
4585.0  9.16748e-10
4590.0  7.02425e-10
4595.0  6.6721e-10
4600.0  7.77202e-10
4605.0  9.52769e-10
4610.0  1.10103e-09
4615.0  1.14693e-09
4620.0  1.07534e-09
4625.0  9.19342e-10
4630.0  7.77915e-10
4635.0  7.35237e-10
4640.0  7.73028e-10
4645.0  8.42698e-10
4650.0  9.18671e-10
4655.0  9.83858e-10
4660.0  1.01824e-09
4665.0  1.0118e-09
4670.0  9.8563e-10
4675.0  9.7501e-10
4680.0  1.01969e-09
4685.0  1.13686e-09
4690.0  1.28092e-09
4695.0  1.39451e-09
4700.0  1.45282e-09
4705.0  1.45602e-09
4710.0  1.43616e-09
4715.0  1.43007e-09
4720.0  1.45648e-09
4725.0  1.51988e-09
4730.0  1.60694e-09
4735.0  1.70806e-09
4740.0  1.83563e-09
4745.0  1.96042e-09
4750.0  1.92767e-09
4755.0  1.62562e-09
4760.0  1.18215e-09
4765.0  7.92104e-10
4770.0  5.80962e-10
4775.0  5.91582e-10
4780.0  7.25608e-10
4785.0  8.59709e-10
4790.0  9.42355e-10
4795.0  9.60435e-10
4800.0  9.27456e-10
4805.0  8.66969e-10
4810.0  8.06329e-10
4815.0  7.77686e-10
4820.0  8.20187e-10
4825.0  9.46144e-10
4830.0  1.0908e-09
4835.0  1.18126e-09
4840.0  1.20112e-09
4845.0  1.16756e-09
4850.0  1.12734e-09
4855.0  1.12444e-09
4860.0  1.16794e-09
4865.0  1.25469e-09
4870.0  1.38334e-09
4875.0  1.54333e-09
4880.0  1.6979e-09
4885.0  1.81754e-09
4890.0  1.91827e-09
4895.0  2.03041e-09
4900.0  2.17606e-09
4905.0  2.37015e-09
4910.0  2.61711e-09
4915.0  2.90605e-09
4920.0  3.19979e-09
4925.0  3.49688e-09
4930.0  3.90302e-09
4935.0  4.41893e-09
4940.0  4.67018e-09
4945.0  4.29366e-09
4950.0  3.34454e-09
4955.0  2.12241e-09
4960.0  1.1305e-09
4965.0  7.23283e-10
4970.0  6.79589e-10
4975.0  6.76958e-10
4980.0  6.97306e-10
4985.0  7.94339e-10
4990.0  8.93113e-10
4995.0  9.08649e-10
5000.0  8.69119e-10
5005.0  8.37787e-10
5010.0  8.5274e-10
5015.0  9.28911e-10
5020.0  1.04939e-09
5025.0  1.19393e-09
5030.0  1.36276e-09
5035.0  1.55268e-09
5040.0  1.73125e-09
5045.0  1.87021e-09
5050.0  1.9828e-09
5055.0  2.09884e-09
5060.0  2.24887e-09
5065.0  2.44797e-09
5070.0  2.67152e-09
5075.0  2.88977e-09
5080.0  3.09756e-09
5085.0  3.2882e-09
5090.0  3.42795e-09
5095.0  3.50445e-09
5100.0  3.58922e-09
5105.0  3.77057e-09
5110.0  4.09171e-09
5115.0  4.52701e-09
5120.0  4.92025e-09
5125.0  5.13296e-09
5130.0  5.20317e-09
5135.0  5.23817e-09
5140.0  5.34458e-09
5145.0  5.57096e-09
5150.0  5.8105e-09
5155.0  5.83656e-09
5160.0  5.28173e-09
5165.0  3.98953e-09
5170.0  2.48991e-09
5175.0  1.40576e-09
5180.0  9.10981e-10
5185.0  9.20228e-10
5190.0  1.13516e-09
5195.0  1.28609e-09
5200.0  1.37272e-09
5205.0  1.47575e-09
5210.0  1.61669e-09
5215.0  1.78531e-09
5220.0  1.95544e-09
5225.0  2.0957e-09
5230.0  2.17634e-09
5235.0  2.19245e-09
5240.0  2.20149e-09
5245.0  2.26008e-09
5250.0  2.36007e-09
5255.0  2.46357e-09
5260.0  2.52383e-09
5265.0  2.52932e-09
5270.0  2.56481e-09
5275.0  2.70328e-09
5280.0  2.89247e-09
5285.0  3.06185e-09
5290.0  3.2182e-09
5295.0  3.37631e-09
5300.0  3.49233e-09
5305.0  3.51878e-09
5310.0  3.46155e-09
5315.0  3.36208e-09
5320.0  3.29839e-09
5325.0  3.32624e-09
5330.0  3.41015e-09
5335.0  3.51038e-09
5340.0  3.66231e-09
5345.0  3.87639e-09
5350.0  4.02351e-09
5355.0  3.98416e-09
5360.0  3.8083e-09
5365.0  3.62091e-09
5370.0  3.56629e-09
5375.0  3.71651e-09
5380.0  3.94265e-09
5385.0  4.10329e-09
5390.0  4.22089e-09
5395.0  4.34669e-09
5400.0  4.44177e-09
5405.0  4.46705e-09
5410.0  4.47646e-09
5415.0  4.52905e-09
5420.0  4.60429e-09
5425.0  4.6834e-09
5430.0  4.8251e-09
5435.0  5.01774e-09
5440.0  4.99487e-09
5445.0  4.54546e-09
5450.0  3.8587e-09
5455.0  3.21078e-09
5460.0  2.70267e-09
5465.0  2.3661e-09
5470.0  2.23322e-09
5475.0  2.30235e-09
5480.0  2.47484e-09
5485.0  2.63591e-09
5490.0  2.72632e-09
5495.0  2.72625e-09
5500.0  2.6646e-09
5505.0  2.60321e-09
5510.0  2.63989e-09
5515.0  2.82385e-09
5520.0  3.04493e-09
5525.0  3.19043e-09
5530.0  3.29852e-09
5535.0  3.43783e-09
5540.0  3.60217e-09
5545.0  3.75671e-09
5550.0  3.87016e-09
5555.0  3.91277e-09
5560.0  3.85484e-09
5565.0  3.69095e-09
5570.0  3.48025e-09
5575.0  3.29602e-09
5580.0  3.18167e-09
5585.0  3.13515e-09
5590.0  3.06913e-09
5595.0  2.91295e-09
5600.0  2.72204e-09
5605.0  2.57513e-09
5610.0  2.4839e-09
5615.0  2.42847e-09
5620.0  2.37837e-09
5625.0  2.32429e-09
5630.0  2.31835e-09
5635.0  2.40213e-09
5640.0  2.52994e-09
5645.0  2.64839e-09
5650.0  2.77027e-09
5655.0  2.90837e-09
5660.0  3.01005e-09
5665.0  3.03739e-09
5670.0  3.05631e-09
5675.0  3.13463e-09
5680.0  3.24183e-09
5685.0  3.33691e-09
5690.0  3.45156e-09
5695.0  3.62951e-09
5700.0  3.86766e-09
5705.0  4.1183e-09
5710.0  4.27097e-09
5715.0  4.27051e-09
5720.0  4.26105e-09
5725.0  4.36285e-09
5730.0  4.43963e-09
5735.0  4.34638e-09
5740.0  4.17449e-09
5745.0  4.06482e-09
5750.0  4.04508e-09
5755.0  4.09575e-09
5760.0  4.19283e-09
5765.0  4.315e-09
5770.0  4.44779e-09
5775.0  4.57939e-09
5780.0  4.69845e-09
5785.0  4.79596e-09
5790.0  4.86877e-09
5795.0  4.91602e-09
5800.0  4.9369e-09
5805.0  4.92846e-09
5810.0  4.8823e-09
5815.0  4.78794e-09
5820.0  4.63522e-09
5825.0  4.41941e-09
5830.0  4.15001e-09
5835.0  3.84195e-09
5840.0  3.59553e-09
5845.0  3.71073e-09
5850.0  3.16484e-09
5855.0  2.95577e-09
5860.0  2.66626e-09
5865.0  2.38518e-09
5870.0  2.44704e-09
5875.0  2.96889e-09
5880.0  2.32601e-09
5885.0  2.19753e-09
5890.0  2.33224e-09
5895.0  2.31559e-09
5900.0  2.09507e-09
5905.0  1.79915e-09
5910.0  1.88475e-09
5915.0  2.30218e-09
5920.0  2.37074e-09
5925.0  1.89479e-09
5930.0  2.28242e-09
5935.0  2.92753e-09
5940.0  3.1714e-09
5945.0  2.49638e-09
5950.0  2.56809e-09
5955.0  2.82176e-09
5960.0  2.55339e-09
5965.0  3.24585e-09
5970.0  3.32897e-09
5975.0  3.31541e-09
5980.0  3.56994e-09
5985.0  4.13698e-09
5990.0  4.23283e-09
5995.0  4.18182e-09
6000.0  4.62947e-09
6005.0  4.58436e-09
6010.0  4.76655e-09
6015.0  4.62757e-09
6020.0  4.85193e-09
6025.0  5.12895e-09
6030.0  5.08891e-09
6035.0  5.246e-09
6040.0  5.89858e-09
6045.0  5.9283e-09
6050.0  5.55333e-09
6055.0  5.85007e-09
6060.0  6.23956e-09
6065.0  6.04813e-09
6070.0  6.21904e-09
6075.0  6.29242e-09
6080.0  6.03449e-09
6085.0  5.91394e-09
6090.0  6.19732e-09
6095.0  6.31144e-09
6100.0  6.55331e-09
6105.0  6.61578e-09
6110.0  6.86482e-09
6115.0  6.75139e-09
6120.0  6.88601e-09
6125.0  7.26228e-09
6130.0  7.26146e-09
6135.0  6.9935e-09
6140.0  7.02587e-09
6145.0  6.60322e-09
6150.0  5.72202e-09
6155.0  4.87815e-09
6160.0  4.14433e-09
6165.0  3.66796e-09
6170.0  3.48447e-09
6175.0  3.93482e-09
6180.0  3.22588e-09
6185.0  2.75328e-09
6190.0  2.31846e-09
6195.0  2.51003e-09
6200.0  2.83436e-09
6205.0  2.68589e-09
6210.0  3.18826e-09
6215.0  3.23892e-09
6220.0  3.24365e-09
6225.0  3.24037e-09
6230.0  3.32568e-09
6235.0  3.40265e-09
6240.0  3.50397e-09
6245.0  3.59704e-09
6250.0  3.20232e-09
6255.0  3.66854e-09
6260.0  4.35757e-09
6265.0  4.7844e-09
6270.0  5.01021e-09
6275.0  4.51518e-09
6280.0  4.41707e-09
6285.0  4.04292e-09
6290.0  4.72211e-09
6295.0  5.1709e-09
6300.0  5.25401e-09
6305.0  5.73625e-09
6310.0  5.98739e-09
6315.0  6.24679e-09
6320.0  6.26305e-09
6325.0  6.04016e-09
6330.0  6.42529e-09
6335.0  6.7993e-09
6340.0  6.97676e-09
6345.0  7.22969e-09
6350.0  6.95842e-09
6355.0  6.78787e-09
6360.0  6.81994e-09
6365.0  7.08978e-09
6370.0  7.4642e-09
6375.0  7.80774e-09
6380.0  8.05879e-09
6385.0  8.05934e-09
6390.0  8.4267e-09
6395.0  8.84434e-09
6400.0  9.15309e-09
6405.0  9.1104e-09
6410.0  9.38559e-09
6415.0  9.24105e-09
6420.0  9.04345e-09
6425.0  8.95198e-09
6430.0  9.56292e-09
6435.0  9.90267e-09
6440.0  1.02652e-08
6445.0  1.05045e-08
6450.0  1.08031e-08
6455.0  1.10134e-08
6460.0  1.11578e-08
6465.0  1.15997e-08
6470.0  1.19548e-08
6475.0  1.24062e-08
6480.0  1.19291e-08
6485.0  1.12545e-08
6490.0  1.14243e-08
6495.0  1.21157e-08
6500.0  1.23376e-08
6505.0  1.21917e-08
6510.0  1.25349e-08
6515.0  1.29071e-08
6520.0  1.33147e-08
6525.0  1.34527e-08
6530.0  1.3669e-08
6535.0  1.37722e-08
6540.0  1.40684e-08
6545.0  1.28473e-08
6550.0  1.2816e-08
6555.0  1.24868e-08
6560.0  1.1924e-08
6565.0  1.11964e-08
6570.0  1.05481e-08
6575.0  1.04047e-08
6580.0  1.06738e-08
6585.0  1.08037e-08
6590.0  1.07407e-08
6595.0  1.03827e-08
6600.0  1.04146e-08
6605.0  1.04548e-08
6610.0  1.01608e-08
6615.0  1.01087e-08
6620.0  9.84156e-09
6625.0  9.27232e-09
6630.0  8.76493e-09
6635.0  8.85043e-09
6640.0  8.55995e-09
6645.0  8.12448e-09
6650.0  7.29956e-09
6655.0  7.00421e-09
6660.0  6.91319e-09
6665.0  6.87677e-09
6670.0  7.05795e-09
6675.0  6.84342e-09
6680.0  6.43747e-09
6685.0  6.18069e-09
6690.0  6.18854e-09
6695.0  6.09033e-09
6700.0  6.50202e-09
6705.0  6.62554e-09
6710.0  6.32314e-09
6715.0  5.71219e-09
6720.0  5.73784e-09
6725.0  6.11505e-09
6730.0  6.1315e-09
6735.0  6.40923e-09
6740.0  6.74046e-09
6745.0  6.81521e-09
6750.0  6.8676e-09
6755.0  7.24528e-09
6760.0  7.57442e-09
6765.0  7.68935e-09
6770.0  8.20172e-09
6775.0  8.65068e-09
6780.0  8.735e-09
6785.0  8.21117e-09
6790.0  8.45391e-09
6795.0  8.60326e-09
6800.0  7.99542e-09
6805.0  9.21412e-09
6810.0  9.36672e-09
6815.0  9.73092e-09
6820.0  1.02543e-08
6825.0  1.07385e-08
6830.0  1.12313e-08
6835.0  1.16017e-08
6840.0  1.19924e-08
6845.0  1.23505e-08
6850.0  1.26569e-08
6855.0  1.29693e-08
6860.0  1.32955e-08
6865.0  1.36197e-08
6870.0  1.40376e-08
6875.0  1.45039e-08
6880.0  1.50306e-08
6885.0  1.56258e-08
6890.0  1.62688e-08
6895.0  1.69317e-08
6900.0  1.75825e-08
6905.0  1.82032e-08
6910.0  1.87938e-08
6915.0  1.9355e-08
6920.0  1.98957e-08
6925.0  2.04434e-08
6930.0  2.10222e-08
6935.0  2.16294e-08
6940.0  2.22917e-08
6945.0  2.30095e-08
6950.0  2.37391e-08
6955.0  2.44517e-08
6960.0  2.51168e-08
6965.0  2.56967e-08
6970.0  2.62044e-08
6975.0  2.69603e-08
6980.0  2.75135e-08
6985.0  2.73524e-08
6990.0  2.70954e-08
6995.0  2.76151e-08
7000.0  2.78579e-08
7005.0  2.82869e-08
7010.0  2.91127e-08
7015.0  2.93321e-08
7020.0  2.90939e-08
7025.0  2.87779e-08
7030.0  2.83428e-08
7035.0  2.74992e-08
7040.0  2.61681e-08
7045.0  2.50983e-08
7050.0  2.18066e-08
7055.0  1.61235e-08
7060.0  1.34561e-08
7065.0  1.19917e-08
7070.0  1.14445e-08
7075.0  1.13829e-08
7080.0  1.14052e-08
7085.0  1.05444e-08
7090.0  9.27114e-09
7095.0  8.78486e-09
7100.0  8.72855e-09
7105.0  9.42976e-09
7110.0  9.89528e-09
7115.0  1.00265e-08
7120.0  9.67443e-09
7125.0  8.71849e-09
7130.0  8.1257e-09
7135.0  7.76375e-09
7140.0  7.85995e-09
7145.0  8.62922e-09
7150.0  9.05693e-09
7155.0  9.50686e-09
7160.0  1.01159e-08
7165.0  1.00061e-08
7170.0  1.02013e-08
7175.0  1.05641e-08
7180.0  1.12696e-08
7185.0  1.15266e-08
7190.0  1.16602e-08
7195.0  1.19732e-08
7200.0  1.21175e-08
7205.0  1.232e-08
7210.0  1.28077e-08
7215.0  1.38756e-08
7220.0  1.41685e-08
7225.0  1.46528e-08
7230.0  1.50393e-08
7235.0  1.57114e-08
7240.0  1.63714e-08
7245.0  1.7458e-08
7250.0  1.87063e-08
7255.0  1.96031e-08
7260.0  2.06715e-08
7265.0  2.13135e-08
7270.0  2.17413e-08
7275.0  2.20767e-08
7280.0  2.3044e-08
7285.0  2.45152e-08
7290.0  2.57652e-08
7295.0  2.75255e-08
7300.0  2.9214e-08
7305.0  3.07673e-08
7310.0  3.22304e-08
7315.0  3.3919e-08
7320.0  3.56366e-08
7325.0  3.67091e-08
7330.0  3.80286e-08
7335.0  3.93806e-08
7340.0  4.0619e-08
7345.0  4.03405e-08
7350.0  4.13297e-08
7355.0  4.26184e-08
7360.0  4.41179e-08
7365.0  4.57518e-08
7370.0  4.7264e-08
7375.0  4.81095e-08
7380.0  4.95147e-08
7385.0  4.99478e-08
7390.0  5.06114e-08
7395.0  5.10448e-08
7400.0  5.20074e-08
7405.0  5.2303e-08
7410.0  5.25114e-08
7415.0  5.2231e-08
7420.0  5.25447e-08
7425.0  5.34349e-08
7430.0  5.38948e-08
7435.0  5.36623e-08
7440.0  5.39112e-08
7445.0  5.44409e-08
7450.0  5.48184e-08
7455.0  5.47664e-08
7460.0  5.55985e-08
7465.0  5.70707e-08
7470.0  5.73787e-08
7475.0  5.83554e-08
7480.0  5.98983e-08
7485.0  6.11462e-08
7490.0  6.12132e-08
7495.0  6.06791e-08
7500.0  6.1802e-08
7505.0  6.25093e-08
7510.0  6.33947e-08
7515.0  6.409e-08
7520.0  6.55728e-08
7525.0  6.66996e-08
7530.0  6.72977e-08
7535.0  6.82094e-08
7540.0  6.97035e-08
7545.0  7.09107e-08
7550.0  7.11127e-08
7555.0  7.02803e-08
7560.0  6.89113e-08
7565.0  6.70495e-08
7570.0  6.48049e-08
7575.0  6.23817e-08
7580.0  5.99767e-08
7585.0  5.77277e-08
7590.0  5.55183e-08
7595.0  5.31503e-08
7600.0  5.04516e-08
7605.0  4.73684e-08
7610.0  4.41297e-08
7615.0  4.10684e-08
7620.0  3.85238e-08
7625.0  3.67163e-08
7630.0  3.55274e-08
7635.0  3.47073e-08
7640.0  3.39982e-08
7645.0  3.32032e-08
7650.0  3.22832e-08
7655.0  3.12605e-08
7660.0  3.01646e-08
7665.0  2.90403e-08
7670.0  2.79659e-08
7675.0  2.70236e-08
7680.0  2.63344e-08
7685.0  2.59878e-08
7690.0  2.59395e-08
7695.0  2.60857e-08
7700.0  2.63155e-08
7705.0  2.65617e-08
7710.0  2.67762e-08
7715.0  2.69499e-08
7720.0  2.70602e-08
7725.0  2.71118e-08
7730.0  2.73922e-08
7735.0  2.8179e-08
7740.0  2.82713e-08
7745.0  2.75217e-08
7750.0  2.67902e-08
7755.0  2.67484e-08
7760.0  2.75946e-08
7765.0  2.83283e-08
7770.0  2.95777e-08
7775.0  3.02091e-08
7780.0  3.07435e-08
7785.0  3.12192e-08
7790.0  3.23265e-08
7795.0  3.34194e-08
7800.0  3.4484e-08
7805.0  3.58356e-08
7810.0  3.69445e-08
7815.0  3.73789e-08
7820.0  3.69678e-08
7825.0  3.56239e-08
7830.0  3.48691e-08
7835.0  3.48476e-08
7840.0  3.50713e-08
7845.0  3.56492e-08
7850.0  3.55873e-08
7855.0  3.59878e-08
7860.0  3.61473e-08
7865.0  3.60619e-08
7870.0  3.64294e-08
7875.0  3.74625e-08
7880.0  3.84392e-08
7885.0  3.92676e-08
7890.0  3.94693e-08
7895.0  3.86778e-08
7900.0  3.82334e-08
7905.0  3.79672e-08
7910.0  3.77259e-08
7915.0  3.78861e-08
7920.0  3.81764e-08
7925.0  3.90359e-08
7930.0  4.05584e-08
7935.0  4.1117e-08
7940.0  4.11227e-08
7945.0  4.20933e-08
7950.0  4.27503e-08
7955.0  4.33516e-08
7960.0  4.37828e-08
7965.0  4.4778e-08
7970.0  4.54779e-08
7975.0  4.53456e-08
7980.0  4.51619e-08
7985.0  4.53518e-08
7990.0  4.66061e-08
7995.0  4.77245e-08
8000.0  4.89963e-08
8005.0  5.11477e-08
8010.0  5.36145e-08
8015.0  5.57381e-08
8020.0  5.74537e-08
8025.0  5.92822e-08
8030.0  6.18243e-08
8035.0  6.47091e-08
8040.0  6.70227e-08
8045.0  6.91927e-08
8050.0  7.2223e-08
8055.0  7.53621e-08
8060.0  7.83401e-08
8065.0  7.99641e-08
8070.0  8.14235e-08
8075.0  8.42921e-08
8080.0  8.77366e-08
8085.0  9.03203e-08
8090.0  9.25943e-08
8095.0  9.56317e-08
8100.0  9.90768e-08
8105.0  1.02766e-07
8110.0  1.05512e-07
8115.0  1.07859e-07
8120.0  1.12092e-07
8125.0  1.16363e-07
8130.0  1.18724e-07
8135.0  1.21351e-07
8140.0  1.24045e-07
8145.0  1.26172e-07
8150.0  1.28447e-07
8155.0  1.29643e-07
8160.0  1.29086e-07
8165.0  1.31657e-07
8170.0  1.34443e-07
8175.0  1.34373e-07
8180.0  1.31698e-07
8185.0  1.30575e-07
8190.0  1.27238e-07
8195.0  1.1729e-07
8200.0  1.07422e-07
8205.0  1.0065e-07
8210.0  9.84361e-08
8215.0  9.89397e-08
8220.0  1.00357e-07
8225.0  1.01157e-07
8230.0  1.02752e-07
8235.0  1.07884e-07
8240.0  1.11035e-07
8245.0  1.11792e-07
8250.0  1.08585e-07
8255.0  1.06774e-07
8260.0  1.06986e-07
8265.0  1.05745e-07
8270.0  1.01432e-07
8275.0  9.76517e-08
8280.0  9.5258e-08
8285.0  9.27721e-08
8290.0  9.09517e-08
8295.0  8.97307e-08
8300.0  8.73319e-08
8305.0  8.66864e-08
8310.0  8.8277e-08
8315.0  8.98906e-08
8320.0  9.07796e-08
8325.0  9.21924e-08
8330.0  9.19701e-08
8335.0  9.00149e-08
8340.0  9.06074e-08
8345.0  8.94708e-08
8350.0  8.93843e-08
8355.0  9.02247e-08
8360.0  9.04352e-08
8365.0  9.01245e-08
8370.0  8.91311e-08
8375.0  8.72345e-08
8380.0  8.67753e-08
8385.0  8.53323e-08
8390.0  8.56646e-08
8395.0  8.7587e-08
8400.0  8.93513e-08
8405.0  9.00084e-08
8410.0  8.98732e-08
8415.0  8.76388e-08
8420.0  8.32971e-08
8425.0  7.9132e-08
8430.0  7.31267e-08
8435.0  6.54334e-08
8440.0  6.02132e-08
8445.0  5.49453e-08
8450.0  5.18054e-08
8455.0  4.96352e-08
8460.0  4.92071e-08
8465.0  4.8876e-08
8470.0  4.91992e-08
8475.0  5.06645e-08
8480.0  5.20785e-08
8485.0  5.36677e-08
8490.0  5.35585e-08
8495.0  5.3363e-08
8500.0  5.42638e-08
8505.0  5.41444e-08
8510.0  5.39388e-08
8515.0  5.38988e-08
8520.0  5.44529e-08
8525.0  5.59102e-08
8530.0  5.64042e-08
8535.0  5.70115e-08
8540.0  5.78214e-08
8545.0  5.98568e-08
8550.0  6.19126e-08
8555.0  6.30468e-08
8560.0  6.36865e-08
8565.0  6.50635e-08
8570.0  6.57338e-08
8575.0  6.62316e-08
8580.0  6.70049e-08
8585.0  6.8633e-08
8590.0  7.00869e-08
8595.0  7.1772e-08
8600.0  7.36219e-08
8605.0  7.63551e-08
8610.0  7.92615e-08
8615.0  8.16328e-08
8620.0  8.31716e-08
8625.0  8.39297e-08
8630.0  8.52892e-08
8635.0  8.59117e-08
8640.0  8.60107e-08
8645.0  8.56852e-08
8650.0  8.59598e-08
8655.0  8.56182e-08
8660.0  8.53458e-08
8665.0  8.72134e-08
8670.0  8.94603e-08
8675.0  9.14089e-08
8680.0  9.33995e-08
8685.0  9.52251e-08
8690.0  9.75076e-08
8695.0  1.00677e-07
8700.0  1.0322e-07
8705.0  1.0583e-07
8710.0  1.08029e-07
8715.0  1.09398e-07
8720.0  1.10801e-07
8725.0  1.12392e-07
8730.0  1.13069e-07
8735.0  1.13714e-07
8740.0  1.15805e-07
8745.0  1.1752e-07
8750.0  1.19522e-07
8755.0  1.21311e-07
8760.0  1.22262e-07
8765.0  1.23049e-07
8770.0  1.24911e-07
8775.0  1.27294e-07
8780.0  1.29896e-07
8785.0  1.31978e-07
8790.0  1.33755e-07
8795.0  1.35759e-07
8800.0  1.372e-07
8805.0  1.38822e-07
8810.0  1.42812e-07
8815.0  1.45017e-07
8820.0  1.45035e-07
8825.0  1.46209e-07
8830.0  1.48202e-07
8835.0  1.4764e-07
8840.0  1.46925e-07
8845.0  1.44846e-07
8850.0  1.39284e-07
8855.0  1.2618e-07
8860.0  1.08471e-07
8865.0  9.86973e-08
8870.0  9.16597e-08
8875.0  8.94743e-08
8880.0  9.02809e-08
8885.0  9.23053e-08
8890.0  9.51921e-08
8895.0  9.8281e-08
8900.0  1.02458e-07
8905.0  1.05927e-07
8910.0  1.07588e-07
8915.0  1.09336e-07
8920.0  1.11785e-07
8925.0  1.13826e-07
8930.0  1.12966e-07
8935.0  1.09616e-07
8940.0  1.06642e-07
8945.0  1.05259e-07
8950.0  1.05003e-07
8955.0  1.06493e-07
8960.0  1.08951e-07
8965.0  1.11997e-07
8970.0  1.15663e-07
8975.0  1.19495e-07
8980.0  1.2192e-07
8985.0  1.23219e-07
8990.0  1.24992e-07
8995.0  1.28649e-07
9000.0  1.29865e-07
9005.0  1.32319e-07
9010.0  1.328e-07
9015.0  1.31256e-07
9020.0  1.33013e-07
9025.0  1.3549e-07
9030.0  1.39287e-07
9035.0  1.43909e-07
9040.0  1.46995e-07
9045.0  1.48835e-07
9050.0  1.51088e-07
9055.0  1.52855e-07
9060.0  1.53091e-07
9065.0  1.53132e-07
9070.0  1.5241e-07
9075.0  1.54237e-07
9080.0  1.53632e-07
9085.0  1.53954e-07
9090.0  1.57389e-07
9095.0  1.6029e-07
9100.0  1.6092e-07
9105.0  1.61462e-07
9110.0  1.63917e-07
9115.0  1.63497e-07
9120.0  1.6409e-07
9125.0  1.64944e-07
9130.0  1.63068e-07
9135.0  1.6288e-07
9140.0  1.65374e-07
9145.0  1.66489e-07
9150.0  1.65708e-07
9155.0  1.65601e-07
9160.0  1.69082e-07
9165.0  1.68854e-07
9170.0  1.68495e-07
9175.0  1.69979e-07
9180.0  1.73071e-07
9185.0  1.74196e-07
9190.0  1.72792e-07
9195.0  1.69831e-07
9200.0  1.66751e-07
9205.0  1.60678e-07
9210.0  1.54776e-07
9215.0  1.51059e-07
9220.0  1.47166e-07
9225.0  1.44486e-07
9230.0  1.42103e-07
9235.0  1.41735e-07
9240.0  1.41695e-07
9245.0  1.41961e-07
9250.0  1.42884e-07
9255.0  1.44382e-07
9260.0  1.46736e-07
9265.0  1.49699e-07
9270.0  1.48943e-07
9275.0  1.44199e-07
9280.0  1.4189e-07
9285.0  1.40466e-07
9290.0  1.36554e-07
9295.0  1.31682e-07
9300.0  1.27353e-07
9305.0  1.25229e-07
9310.0  1.22178e-07
9315.0  1.1677e-07
9320.0  1.15707e-07
9325.0  1.16066e-07
9330.0  1.18461e-07
9335.0  1.17813e-07
9340.0  1.14795e-07
9345.0  1.14373e-07
9350.0  1.15625e-07
9355.0  1.11812e-07
9360.0  1.1287e-07
9365.0  1.11622e-07
9370.0  1.12194e-07
9375.0  1.1557e-07
9380.0  1.18547e-07
9385.0  1.25657e-07
9390.0  1.32369e-07
9395.0  1.35103e-07
9400.0  1.34049e-07
9405.0  1.34805e-07
9410.0  1.32273e-07
9415.0  1.31978e-07
9420.0  1.31703e-07
9425.0  1.25065e-07
9430.0  1.24926e-07
9435.0  1.26989e-07
9440.0  1.23415e-07
9445.0  1.29317e-07
9450.0  1.33978e-07
9455.0  1.34859e-07
9460.0  1.37238e-07
9465.0  1.41889e-07
9470.0  1.44859e-07
9475.0  1.45447e-07
9480.0  1.44021e-07
9485.0  1.48634e-07
9490.0  1.4825e-07
9495.0  1.43007e-07
9500.0  1.43963e-07
9505.0  1.53933e-07
9510.0  1.55303e-07
9515.0  1.51338e-07
9520.0  1.51622e-07
9525.0  1.56405e-07
9530.0  1.60811e-07
9535.0  1.6183e-07
9540.0  1.60762e-07
9545.0  1.61082e-07
9550.0  1.60507e-07
9555.0  1.56827e-07
9560.0  1.60746e-07
9565.0  1.59137e-07
9570.0  1.60791e-07
9575.0  1.62468e-07
9580.0  1.59681e-07
9585.0  1.57437e-07
9590.0  1.56794e-07
9595.0  1.59658e-07
9600.0  1.6185e-07
9605.0  1.62687e-07
9610.0  1.65108e-07
9615.0  1.65931e-07
9620.0  1.63564e-07
9625.0  1.62867e-07
9630.0  1.63774e-07
9635.0  1.59606e-07
9640.0  1.58547e-07
9645.0  1.5733e-07
9650.0  1.57659e-07
9655.0  1.57355e-07
9660.0  1.58098e-07
9665.0  1.58999e-07
9670.0  1.61049e-07
9675.0  1.64103e-07
9680.0  1.65165e-07
9685.0  1.65782e-07
9690.0  1.67841e-07
9695.0  1.68082e-07
9700.0  1.6665e-07
9705.0  1.6599e-07
9710.0  1.6651e-07
9715.0  1.65186e-07
9720.0  1.61576e-07
9725.0  1.56582e-07
9730.0  1.52188e-07
9735.0  1.51568e-07
9740.0  1.49222e-07
9745.0  1.46289e-07
9750.0  1.4891e-07
9755.0  1.51207e-07
9760.0  1.53775e-07
9765.0  1.55101e-07
9770.0  1.55366e-07
9775.0  1.59484e-07
9780.0  1.57377e-07
9785.0  1.57703e-07
9790.0  1.60138e-07
9795.0  1.62642e-07
9800.0  1.62704e-07
9805.0  1.63411e-07
9810.0  1.6068e-07
9815.0  1.5639e-07
9820.0  1.5822e-07
9825.0  1.61293e-07
9830.0  1.5782e-07
9835.0  1.57891e-07
9840.0  1.60206e-07
9845.0  1.61194e-07
9850.0  1.6361e-07
9855.0  1.65596e-07
9860.0  1.67869e-07
9865.0  1.69807e-07
9870.0  1.7088e-07
9875.0  1.70675e-07
9880.0  1.71254e-07
9885.0  1.71072e-07
9890.0  1.69291e-07
9895.0  1.6522e-07
9900.0  1.62661e-07
9905.0  1.62597e-07
9910.0  1.61365e-07
9915.0  1.62185e-07
9920.0  1.63322e-07
9925.0  1.6787e-07
9930.0  1.69847e-07
9935.0  1.73005e-07
9940.0  1.73725e-07
9945.0  1.75343e-07
9950.0  1.76722e-07
9955.0  1.78573e-07
9960.0  1.78758e-07
9965.0  1.78747e-07
9970.0  1.80585e-07
9975.0  1.80108e-07
9980.0  1.7642e-07
9985.0  1.75431e-07
9990.0  1.77407e-07
9995.0  1.7866e-07
10000.0  1.78987e-07
10005.0  1.78877e-07
10010.0  1.7856e-07
10015.0  1.7809e-07
10020.0  1.77503e-07
10025.0  1.76854e-07
10030.0  1.76248e-07
10035.0  1.7581e-07
10040.0  1.75664e-07
10045.0  1.75883e-07
10050.0  1.76417e-07
10055.0  1.77165e-07
10060.0  1.78026e-07
10065.0  1.78914e-07
10070.0  1.79784e-07
10075.0  1.80611e-07
10080.0  1.81367e-07
10085.0  1.82026e-07
10090.0  1.8255e-07
10095.0  1.82902e-07
10100.0  1.83042e-07
10105.0  1.82924e-07
10110.0  1.82483e-07
10115.0  1.8165e-07
10120.0  1.80362e-07
10125.0  1.7866e-07
10130.0  1.76849e-07
10135.0  1.7534e-07
10140.0  1.74531e-07
10145.0  1.74649e-07
10150.0  1.75459e-07
10155.0  1.76553e-07
10160.0  1.7752e-07
10165.0  1.78077e-07
10170.0  1.78291e-07
10175.0  1.78357e-07
10180.0  1.7848e-07
10185.0  1.78804e-07
10190.0  1.79315e-07
10195.0  1.7994e-07
10200.0  1.80601e-07
10205.0  1.81234e-07
10210.0  1.81816e-07
10215.0  1.82339e-07
10220.0  1.82794e-07
10225.0  1.83172e-07
10230.0  1.83453e-07
10235.0  1.83612e-07
10240.0  1.83628e-07
10245.0  1.83511e-07
10250.0  1.83346e-07
10255.0  1.83252e-07
10260.0  1.83341e-07
10265.0  1.83675e-07
10270.0  1.84174e-07
10275.0  1.84708e-07
10280.0  1.85141e-07
10285.0  1.85373e-07
10290.0  1.85387e-07
10295.0  1.852e-07
10300.0  1.84835e-07
10305.0  1.8435e-07
10310.0  1.83891e-07
10315.0  1.83638e-07
10320.0  1.83765e-07
10325.0  1.84365e-07
10330.0  1.85312e-07
10335.0  1.86396e-07
10340.0  1.87403e-07
10345.0  1.88158e-07
10350.0  1.88582e-07
10355.0  1.88636e-07
10360.0  1.88292e-07
10365.0  1.87586e-07
10370.0  1.86731e-07
10375.0  1.86004e-07
10380.0  1.85681e-07
10385.0  1.85938e-07
10390.0  1.86694e-07
10395.0  1.87769e-07
10400.0  1.88975e-07
10405.0  1.90154e-07
10410.0  1.91214e-07
10415.0  1.92095e-07
10420.0  1.92738e-07
10425.0  1.93096e-07
10430.0  1.93153e-07
10435.0  1.92906e-07
10440.0  1.92354e-07
10445.0  1.91554e-07
10450.0  1.90697e-07
10455.0  1.90032e-07
10460.0  1.89795e-07
10465.0  1.90073e-07
10470.0  1.90573e-07
10475.0  1.9085e-07
10480.0  1.90467e-07
10485.0  1.89187e-07
10490.0  1.87298e-07
10495.0  1.85289e-07
10500.0  1.83653e-07
10505.0  1.82706e-07
10510.0  1.82313e-07
10515.0  1.82162e-07
10520.0  1.81937e-07
10525.0  1.81427e-07
10530.0  1.80702e-07
10535.0  1.79942e-07
10540.0  1.79328e-07
10545.0  1.78956e-07
10550.0  1.78711e-07
10555.0  1.7839e-07
10560.0  1.77797e-07
10565.0  1.76848e-07
10570.0  1.75758e-07
10575.0  1.74855e-07
10580.0  1.74466e-07
10585.0  1.74794e-07
10590.0  1.75721e-07
10595.0  1.77002e-07
10600.0  1.78388e-07
10605.0  1.7969e-07
10610.0  1.8088e-07
10615.0  1.81991e-07
10620.0  1.37153e-07
