3.757024149742646646e+00 1.177999999999999936e+00
4.781667099672458399e+00 1.070000000000000062e+00
2.941104763687425461e+00 1.062000000000000055e+00
1.347215730463272187e+01 1.038999999999999924e+00
1.423115208235850471e+00 1.268000000000000016e+00
3.548300585868055190e+00 1.167999999999999927e+00
1.669788510996731645e+00 1.290999999999999925e+00
8.861264029948562992e+00 1.125999999999999890e+00
8.178168729995356045e+00 1.483999999999999986e+00
6.508380218998622624e+00 1.074999999999999956e+00
5.161164488535352035e+00 1.213999999999999968e+00
5.939134135704284390e+00 1.110000000000000098e+00
7.608922646701014258e+00 1.312000000000000055e+00
6.717103782873215856e+00 1.191000000000000059e+00
5.654511094057113496e+00 1.524000000000000021e+00
9.753082893776364060e+00 1.078000000000000069e+00
3.548300585868055190e+00 1.260000000000000009e+00
9.639233677117495347e+00 1.042000000000000037e+00
4.971415794103905661e+00 1.183000000000000052e+00
3.605225194197488658e+00 1.280999999999999917e+00
6.717103782873215856e+00 1.268000000000000016e+00
4.591918405241012024e+00 1.129000000000000004e+00
3.320602152550318653e+00 1.110000000000000098e+00
1.231469026860089500e+01 1.280999999999999917e+00
1.227674052971460661e+01 1.445999999999999952e+00
4.364219971923274599e+00 1.014999999999999902e+00
1.136594679644366046e+01 1.417999999999999927e+00
4.781667099672458399e+00 1.344000000000000083e+00
9.013062985493723644e+00 1.018999999999999906e+00
