2.717133536867449184e+00 9.449999999999999512e-01
8.453304336920952622e+00 9.260000000000000453e-01
4.931094196537221919e+00 8.890000000000000124e-01
5.501356790694589272e+00 9.679999999999999716e-01
4.025383017581407152e+00 1.320000000000000062e+00
7.346324007086067809e+00 1.020999999999999908e+00
9.191291223477545458e+00 1.046000000000000041e+00
8.184945469082194336e+00 1.046000000000000041e+00
3.656389574303110734e+00 9.859999999999999876e-01
7.044420280767461628e-01 9.969999999999999973e-01
2.851312970786829215e+00 1.197999999999999954e+00
8.889387497158939055e+00 1.262999999999999901e+00
1.167361075098607870e+01 1.008999999999999897e+00
2.717133536867449184e+00 9.919999999999999929e-01
5.300087639815519225e+00 1.116000000000000103e+00
8.721663204759714461e+00 1.002999999999999892e+00
6.843151129888390471e+00 9.030000000000000249e-01
4.696280187178308196e+00 1.036000000000000032e+00
9.291925798917079149e+00 9.769999999999999796e-01
5.568446507654277511e+00 8.940000000000000169e-01
8.855842638679092715e+00 1.002000000000000002e+00
9.761553817634910146e+00 8.940000000000000169e-01
