5.628420648572788565e+00 1.002999999999999892e+00
7.371736778661707845e+00 8.870000000000000107e-01
2.639878711277502621e+00 9.599999999999999645e-01
1.125684129714557713e+01 8.469999999999999751e-01
1.080856000655128568e+01 1.070000000000000062e+00
3.536441292466089514e+00 1.056000000000000050e+00
5.777847745437553861e+00 1.036000000000000032e+00
2.156731098081431597e+01 8.820000000000000062e-01
7.620781940102981267e+00 9.859999999999999876e-01
5.927274842302317381e+00 1.090000000000000080e+00
5.877465810014062875e+00 9.230000000000000426e-01
1.195416774918114733e+01 9.839999999999999858e-01
4.134149679925146259e+00 1.173000000000000043e+00
3.984722583060381851e+00 8.800000000000000044e-01
8.467535489003312321e+00 8.970000000000000195e-01
5.478993551708025045e+00 9.899999999999999911e-01
7.172500649508688930e+00 9.010000000000000231e-01
8.168681295273783505e+00 1.116000000000000103e+00
