1.004211081582997878e+01 9.839999999999999858e-01
2.094927237609474702e+01 1.030999999999999917e+00
5.942522505247703535e+00 9.040000000000000258e-01
1.308859387231772331e+01 8.890000000000000124e-01
6.845184151614442492e+00 1.038999999999999924e+00
2.629002045043128888e+01 9.919999999999999929e-01
1.955766900461268776e+01 1.098000000000000087e+00
1.527002618437068016e+01 9.839999999999999858e-01
2.523691519633676350e+01 8.950000000000000178e-01
3.309759370011378987e+00 1.272999999999999909e+00
1.982094531813632443e+01 9.729999999999999760e-01
6.882795053546389319e+00 8.780000000000000027e-01
1.429214273414004310e+00 1.411999999999999922e+00
1.466825175345952026e+00 1.080999999999999961e+00
1.180982320663150809e+01 1.334000000000000075e+00
1.421692093027614945e+01 9.819999999999999840e-01
7.334125876729759241e+00 1.338999999999999968e+00
9.553169090714659362e+00 9.729999999999999760e-01
2.610196594077155652e+01 9.559999999999999609e-01
2.557541331372429028e+01 9.559999999999999609e-01
1.688729496744441860e+01 1.155999999999999917e+00
1.414169912641225224e+01 1.024000000000000021e+00
