7.362927017848819311e+00 1.060999999999999943e+00
1.706044065111311570e+00 1.036000000000000032e+00
3.555754998863576599e+00 1.032000000000000028e+00
7.344968659268698907e+00 1.012000000000000011e+00
2.927212448559408209e+00 1.308999999999999941e+00
4.166339190587623698e+00 1.082999999999999963e+00
2.532128559796788636e+00 1.024999999999999911e+00
1.149334949127620353e+00 1.076000000000000068e+00
6.536842523163341134e+00 9.719999999999999751e-01
3.843088736145480411e+00 1.014000000000000012e+00
1.003872244628655963e+01 1.052999999999999936e+00
8.440428532655960936e+00 1.002000000000000002e+00
7.003759846246436993e+00 1.002999999999999892e+00
3.753296943244885053e+00 9.929999999999999938e-01
6.967843129086197962e+00 9.979999999999999982e-01
2.639878711277502621e+00 1.084000000000000075e+00
1.688085706531192498e+00 1.127000000000000002e+00
2.999045882879884051e+00 9.849999999999999867e-01
1.652168989370954355e+00 1.149000000000000021e+00
2.927212448559408209e+00 1.072000000000000064e+00
3.232504544421432868e-01 1.459000000000000075e+00
1.454627044989644347e+00 1.038000000000000034e+00
2.226836463934764865e+00 1.110999999999999988e+00
1.077501514807144112e+01 1.161000000000000032e+00
3.753296943244885053e+00 1.006999999999999895e+00
3.519838281703337124e+00 1.068000000000000060e+00
8.081261361053579950e-01 9.859999999999999876e-01
9.607721840363701915e+00 1.040000000000000036e+00
