6.390464958887652536e+00 1.173000000000000043e+00
4.528894731733423384e+00 9.549999999999999600e-01
1.203074490086240544e+01 1.050000000000000044e+00
5.334649009158387578e+00 9.210000000000000409e-01
5.404110584798471173e+00 9.150000000000000355e-01
6.070941710943270841e+00 1.052999999999999936e+00
8.877189366802628712e+00 9.020000000000000240e-01
3.403617206364076164e+00 9.629999999999999671e-01
6.876695988368235923e+00 1.060999999999999943e+00
2.306124311250761227e+00 9.729999999999999760e-01
7.946404253225515468e+00 1.028000000000000025e+00
4.890094925061856834e+00 9.080000000000000293e-01
4.278833059429123509e+00 9.200000000000000400e-01
6.835019042984185944e+00 1.241999999999999993e+00
7.515742484257001088e+00 9.859999999999999876e-01
5.945910874791120015e+00 9.789999999999999813e-01
6.612742000935918796e+00 1.125000000000000000e+00
6.418249589143685263e+00 9.779999999999999805e-01
2.375585886890845266e+00 9.959999999999999964e-01
2.681216819707211041e+00 9.489999999999999547e-01
7.654665635537167390e+00 1.012000000000000011e+00
1.507316191389805304e+01 9.489999999999999547e-01
3.223017109699859883e+00 1.000000000000000000e+00
2.389478202018861630e+00 1.042999999999999927e+00
5.390218269670454809e+00 9.649999999999999689e-01
6.890588303496251399e+00 9.120000000000000329e-01
1.180846785881414007e+00 1.032000000000000028e+00
2.264447365866711692e+00 1.046999999999999931e+00
5.779203093254919210e+00 1.062000000000000055e+00
4.903987240189873198e+00 1.250000000000000000e+00
9.530128177819412016e+00 9.070000000000000284e-01
5.751418462998888259e+00 1.030000000000000027e+00
3.570324987900275193e+00 9.619999999999999662e-01
8.363173707066014373e+00 9.280000000000000471e-01
8.488204543218165199e+00 8.870000000000000107e-01
4.681710198141606050e+00 9.240000000000000435e-01
1.708754760746046486e+00 1.010000000000000009e+00
2.111631899458529027e+00 9.889999999999999902e-01
5.487464475566572020e+00 9.439999999999999503e-01
1.194739101009430815e+00 1.014000000000000012e+00
5.348541324286404830e+00 1.060000000000000053e+00
6.890588303496251399e+00 1.072999999999999954e+00
4.014879071996808158e+00 1.082999999999999963e+00
8.168681295273781728e+00 1.157000000000000028e+00
9.210604929875030322e+00 9.839999999999999858e-01
