1.822536210014046310e+00 1.153000000000000025e+00
1.701927196116057672e+01 1.437000000000000055e+00
1.583998382526913673e+01 1.187999999999999945e+00
8.764255009920486117e+00 1.179999999999999938e+00
1.463389368628925347e+01 1.250000000000000000e+00
5.145984592980835437e+00 1.133000000000000007e+00
1.080120724464206816e+01 1.163999999999999924e+00
8.147808938886324626e+00 1.118999999999999995e+00
1.318658551951339497e+01 1.096999999999999975e+00
9.702325118015952654e+00 1.217999999999999972e+00
2.760606318109511292e+00 1.344999999999999973e+00
4.315122497239139321e+00 1.217000000000000082e+00
8.764255009920486117e+00 1.447999999999999954e+00
5.226390602246162587e+00 1.233999999999999986e+00
1.254333744539078843e+01 1.139999999999999902e+00
1.005075115816569387e+01 1.058999999999999941e+00
2.760606318109511292e+00 1.252000000000000002e+00
6.352074731960719589e+00 1.243999999999999995e+00
1.101562326934960190e+01 1.637999999999999901e+00
4.368726503416022311e+00 1.445000000000000062e+00
3.430656395320557994e+00 1.098000000000000087e+00
2.251368259429115781e+00 1.264000000000000012e+00
1.072080123537674368e+01 1.499000000000000110e+00
5.628420648572790341e+00 1.167000000000000037e+00
7.772580895648137922e-01 1.076000000000000068e+00
7.906590911090346729e+00 1.489999999999999991e+00
1.238252542686013769e+01 1.237000000000000099e+00
4.288320494150696938e+00 1.086999999999999966e+00
3.017905547758553908e+01 1.127999999999999892e+00
7.022124809171765847e+00 1.512000000000000011e+00
4.475934515769789179e+00 1.302999999999999936e+00
