1.000246689217197948e+00 1.050000000000000044e+00
4.537704492546311918e+00 1.018000000000000016e+00
3.415476499766042284e+00 9.819999999999999840e-01
7.977577253024968229e+00 9.939999999999999947e-01
7.099311867370843743e+00 1.042999999999999927e+00
5.952687613877959194e+00 1.076999999999999957e+00
2.268852246273155959e+00 9.809999999999999831e-01
1.561360685607333432e+00 1.024000000000000021e+00
1.756530771308250083e+00 1.080000000000000071e+00
5.611139963901353944e+00 9.649999999999999689e-01
3.000740067651594511e+00 1.120999999999999996e+00
4.440119449695854925e+00 9.080000000000000293e-01
3.683835367604802347e+00 1.124000000000000110e+00
4.732874578247228570e+00 1.038000000000000034e+00
2.854362503375906357e+00 9.370000000000000551e-01
5.074422228223832043e+00 9.629999999999999671e-01
3.586250324754343577e+00 9.310000000000000497e-01
4.122968060431864146e+00 1.102999999999999980e+00
1.414983121331645943e+00 9.589999999999999636e-01
2.586003635537145851e+00 1.068999999999999950e+00
6.245442742429333727e+00 1.145000000000000018e+00
6.050272656728417076e+00 1.088000000000000078e+00
2.195663464135312104e+00 1.088999999999999968e+00
2.829966242663291887e+00 1.088999999999999968e+00
9.270579070793541376e+00 1.183000000000000052e+00
3.269098935490354574e+00 9.280000000000000471e-01
7.270085692359145924e+00 1.044999999999999929e+00
7.904388470887124818e+00 9.669999999999999707e-01
5.928291353165342947e+00 9.000000000000000222e-01
4.854855881810301810e+00 1.088000000000000078e+00
7.879992210174510348e+00 1.112000000000000099e+00
3.757024149742646202e+00 1.227999999999999980e+00
8.026369774450197170e+00 9.030000000000000249e-01
1.951700857009166512e+00 1.030000000000000027e+00
3.879005453305718998e+00 9.370000000000000551e-01
5.977083874590573664e+00 9.919999999999999929e-01
6.050272656728417076e+00 1.137999999999999901e+00
4.928044663948146109e+00 9.739999999999999769e-01
1.707738249883021142e+00 1.046999999999999931e+00
