6.583940859816862279e+00 8.750000000000000000e-01
3.075961871515488166e+00 1.040000000000000036e+00
7.102361399959921329e+00 8.900000000000000133e-01
1.541437072692031585e+01 9.989999999999999991e-01
6.843151129888392248e+00 1.159999999999999920e+00
3.473417618958500874e+00 9.969999999999999973e-01
7.136922769302791458e+00 1.106000000000000094e+00
5.668064572230789189e+00 1.052000000000000046e+00
6.670344283174038047e+00 1.016000000000000014e+00
4.060960897787301960e+00 1.050999999999999934e+00
1.258033844080492436e+01 1.058000000000000052e+00
6.687624967845472668e+00 1.050999999999999934e+00
7.154203453974226967e+00 9.909999999999999920e-01
1.900875313857886439e+00 9.419999999999999485e-01
9.106920821846419045e+00 1.010000000000000009e+00
2.972277763486876889e+00 1.108999999999999986e+00
1.365174089043391525e+01 8.629999999999999893e-01
8.381132065646136553e+00 1.026000000000000023e+00
