2.256654115916848724e+00 1.056999999999999940e+00
4.005052800320894058e+00 9.849999999999999867e-01
1.152723318671039010e+01 1.020999999999999908e+00
5.163875184170087174e+00 1.135000000000000009e+00
4.574298883615234068e+00 1.122999999999999998e+00
6.078734960893132921e+00 1.036000000000000032e+00
6.099065178153646460e-01 1.137999999999999901e+00
1.443445425496363121e+00 1.034999999999999920e+00
7.400199082826424579e+00 1.231000000000000094e+00
9.839825154087883163e+00 1.010999999999999899e+00
3.679769324152700083e+00 1.129000000000000004e+00
1.038874102012171008e+01 1.368000000000000105e+00
3.984722583060381851e+00 1.022999999999999909e+00
8.315058859549470327e+00 1.058999999999999941e+00
2.805569981950676972e+00 1.324999999999999956e+00
7.847463862557692238e+00 1.344000000000000083e+00
7.054585389397717066e+00 1.074000000000000066e+00
7.522180386389496043e+00 1.038999999999999924e+00
7.196896910221302512e+00 1.062999999999999945e+00
3.049532589076823008e+00 1.010999999999999899e+00
1.606087163580460553e+00 1.100999999999999979e+00
4.736940621699331722e+00 1.002999999999999892e+00
9.677183416003783734e+00 1.008999999999999897e+00
3.720429758673724052e+00 1.203999999999999959e+00
5.062224097867526140e+00 1.030999999999999917e+00
9.819494936827370068e+00 1.060000000000000053e+00
7.156236475700278987e+00 9.969999999999999973e-01
2.764909547429653003e+00 1.018000000000000016e+00
