3.574391031352378789e+00 1.169000000000000039e+00
8.922932355638785396e+00 1.135999999999999899e+00
5.661626670098291569e+00 9.789999999999999813e-01
1.781977426579324586e+01 1.114999999999999991e+00
1.583690040898462570e+01 1.028000000000000025e+00
1.753277936546568228e+01 1.197999999999999954e+00
3.548300585868054746e+00 1.127999999999999892e+00
4.383194841366420569e+00 1.096000000000000085e+00
1.093189665793172693e+01 9.549999999999999600e-01
6.261706916237743670e+00 1.014999999999999902e+00
6.000802461394503240e+00 1.106999999999999984e+00
3.183034349087519477e+00 1.314999999999999947e+00
6.392159143659363885e+00 9.090000000000000302e-01
1.030572596630795346e+01 9.090000000000000302e-01
6.339978252690714910e+00 1.147000000000000020e+00
4.565827959756687981e+00 1.189000000000000057e+00
1.348876031539547427e+01 8.469999999999999751e-01
6.940058498830166123e+00 8.920000000000000151e-01
4.539737514272363939e+00 1.012000000000000011e+00
4.931094196537222807e+00 9.170000000000000373e-01
4.539737514272363939e+00 1.114999999999999991e+00
6.705244489471250624e+00 9.849999999999999867e-01
4.800641969115603480e+00 1.167999999999999927e+00
8.688118346279868121e+00 8.379999999999999671e-01
7.748862308844207902e+00 1.006000000000000005e+00
1.129716289471225998e+01 8.780000000000000027e-01
