5.391573617487822823e+00 1.092000000000000082e+00
8.807050117253865551e+00 1.199999999999999956e+00
1.144184627421623901e+01 9.669999999999999707e-01
8.123954817300656828e+00 1.040999999999999925e+00
3.000740067651594511e+00 8.659999999999999920e-01
1.585756946319948035e+01 1.104000000000000092e+00
2.268852246273156936e+01 9.130000000000000338e-01
5.342781096062594770e+00 1.092000000000000082e+00
3.244702674777739659e+00 1.074000000000000066e+00
6.343027785279791608e+00 9.879999999999999893e-01
1.407664243117861780e+01 8.579999999999999849e-01
9.124201506517854554e+00 9.250000000000000444e-01
9.465749156494457139e+00 1.213999999999999968e+00
1.707738249883021142e+00 1.260999999999999899e+00
7.514048299485292404e+00 1.481000000000000094e+00
1.878512074871323279e+01 1.336000000000000076e+00
1.356432095621370770e+01 1.241000000000000103e+00
3.254461179062786869e+01 1.048000000000000043e+00
3.098325110502051949e+00 1.034999999999999920e+00
3.012938198007901747e+01 8.539999999999999813e-01
2.122474681997469048e+01 9.699999999999999734e-01
1.212494157416944773e+01 9.310000000000000497e-01
9.636522981482762873e+00 9.399999999999999467e-01
1.575998442034902070e+01 9.220000000000000417e-01
1.780927032020865042e+01 1.014999999999999902e+00
1.636989093816438512e+01 1.191999999999999948e+00
1.175899766348022979e+01 8.990000000000000213e-01
1.046599584571165664e+01 8.860000000000000098e-01
4.952440924660761468e+00 1.054999999999999938e+00
1.741893014880681889e+01 1.014000000000000012e+00
7.928784731599740176e+00 9.260000000000000453e-01
1.163701635991715477e+01 9.330000000000000515e-01
1.358871721692632306e+01 1.026999999999999913e+00
3.854609192593104972e+00 1.074999999999999956e+00
1.107590236352702462e+01 9.150000000000000355e-01
5.684328746039197355e+00 8.970000000000000195e-01
1.863874318443754774e+01 1.088999999999999968e+00
7.172500649508687154e+00 1.020999999999999908e+00
1.632109841673915795e+01 9.949999999999999956e-01
9.856089327896292218e+00 1.379999999999999893e+00
1.088073227782610353e+01 1.040999999999999925e+00
5.050025967511218461e+00 9.789999999999999813e-01
1.319837704552448976e+01 1.141000000000000014e+00
1.414983121331646032e+01 9.669999999999999707e-01
6.074668917441030658e+00 1.070999999999999952e+00
