4.316105124406730553e+00 1.012999999999999901e+00
2.124507703723519825e+00 1.211000000000000076e+00
2.929584307239801344e+00 1.195000000000000062e+00
1.677242923992252610e+00 1.020999999999999908e+00
5.702625941573658430e+00 9.419999999999999485e-01
8.945295594625347624e-01 1.183999999999999941e+00
1.319431100207238750e+00 1.193000000000000060e+00
2.146870942710083163e+00 1.288000000000000034e+00
1.811422357911632641e+00 9.170000000000000373e-01
7.603501255431546202e-01 9.429999999999999494e-01
1.013054726091320568e+01 1.008999999999999897e+00
8.498030814894080853e-01 1.022999999999999909e+00
7.692954211377799112e+00 1.094000000000000083e+00
2.392866571562280331e+00 1.195000000000000062e+00
6.932604085834643826e-01 9.699999999999999734e-01
