8.050766035162810752e-01 1.054999999999999938e+00
2.817768112306984207e+00 1.024999999999999911e+00
4.769468969316151608e+00 1.443000000000000060e+00
2.366437289123614285e+00 1.044999999999999929e+00
8.172747338725886435e-01 1.094999999999999973e+00
1.524766294538411726e+00 1.078999999999999959e+00
2.366437289123614285e+00 1.052999999999999936e+00
1.683341989170406450e+00 1.062000000000000055e+00
1.561360685607333432e+00 1.358000000000000096e+00
3.244702674777739659e+00 1.127000000000000002e+00
2.744579330169140352e+00 1.086000000000000076e+00
9.148597767230469691e-01 1.104999999999999982e+00
5.098818488936447402e+00 1.153000000000000025e+00
4.769468969316151608e+00 1.084999999999999964e+00
2.683588678387604176e+00 1.000999999999999890e+00
2.476220462330380734e+00 1.102999999999999980e+00
5.733121267464427184e-01 1.252999999999999892e+00
1.793125162377171788e+00 1.239000000000000101e+00
7.623831472692057964e+00 1.262999999999999901e+00
2.781173721238062946e+00 1.427999999999999936e+00
9.880485588608906022e-01 1.038000000000000034e+00
3.464269021191271669e+00 1.290999999999999925e+00
3.122721371214666863e+00 1.223000000000000087e+00
3.720429758673724052e+00 1.165999999999999925e+00
2.268852246273155959e+00 1.332000000000000073e+00
