# WAVELENGTH   FLUX           
  1150.0       2.298837E-12   
  1155.0       1.4980146E-11  
  1160.0       9.72781E-12    
  1165.0       1.2361363E-12  
  1170.0       0.0            
  1175.0       3.3735295E-12  
  1180.0       2.0155445E-11  
  1185.0       3.3450601E-12  
  1190.0       0.0            
  1195.0       0.0            
  1200.0       1.3219236E-12  
  1205.0       1.1598617E-11  
  1210.0       3.1691094E-11  
  1215.0       5.7385444E-11  
  1220.0       3.4219474E-11  
  1225.0       6.55637E-12    
  1230.0       2.4265837E-12  
  1235.0       1.5247189E-11  
  1240.0       2.0994312E-11  
  1245.0       1.0172065E-11  
  1250.0       1.3829332E-11  
  1255.0       7.862361E-12   
  1260.0       6.5155225E-12  
  1265.0       3.3294984E-12  
  1270.0       2.3255445E-12  
  1275.0       2.2739738E-12  
  1280.0       2.7668054E-12  
  1285.0       4.160189E-13   
  1290.0       0.0            
  1295.0       0.0            
  1300.0       0.0            
  1305.0       0.0            
  1310.0       0.0            
  1315.0       0.0            
  1320.0       0.0            
  1325.0       4.984608E-13   
  1330.0       4.1340156E-12  
  1335.0       8.071287E-12   
  1340.0       5.988601E-12   
  1345.0       5.9410385E-12  
  1350.0       4.3320434E-12  
  1355.0       5.847473E-12   
  1360.0       5.240427E-12   
  1365.0       3.4197963E-12  
  1370.0       8.063516E-12   
  1375.0       4.7119535E-12  
  1380.0       4.3643656E-12  
  1385.0       1.665284E-12   
  1390.0       6.0913397E-12  
  1395.0       1.0115838E-12  
  1400.0       2.575892E-13   
  1405.0       2.330496E-12   
  1410.0       7.04149E-12    
  1415.0       1.3558814E-11  
  1420.0       4.789282E-12   
  1425.0       4.557309E-13   
  1430.0       4.8017704E-13  
  1435.0       3.3188931E-12  
  1440.0       5.6174904E-12  
  1445.0       1.8093802E-11  
  1450.0       2.2129848E-11  
  1455.0       1.661333E-11   
  1460.0       6.3955837E-12  
  1465.0       8.171901E-12   
  1470.0       1.1834411E-11  
  1475.0       1.3579979E-11  
  1480.0       1.5532712E-11  
  1485.0       2.124991E-11   
  1490.0       1.8100715E-11  
  1495.0       2.2161205E-11  
  1500.0       2.2181167E-11  
  1505.0       2.4091142E-11  
  1510.0       2.8447992E-11  
  1515.0       2.4916853E-11  
  1520.0       1.0906532E-11  
  1525.0       1.4296881E-11  
  1530.0       1.9859739E-11  
  1535.0       2.8238818E-11  
  1540.0       3.7713326E-11  
  1545.0       4.427454E-11   
  1550.0       3.7804822E-11  
  1555.0       4.549886E-11   
  1560.0       5.979302E-11   
  1565.0       5.842601E-11   
  1570.0       5.358227E-11   
  1575.0       7.0056E-11     
  1580.0       8.946611E-11   
  1585.0       7.099911E-11   
  1590.0       6.893233E-11   
  1595.0       8.289706E-11   
  1600.0       9.0905054E-11  
  1605.0       9.343622E-11   
  1610.0       1.0753929E-10  
  1615.0       1.2708812E-10  
  1620.0       1.331037E-10   
  1625.0       1.3502856E-10  
  1630.0       1.5234383E-10  
  1635.0       1.903938E-10   
  1640.0       2.3296381E-10  
  1645.0       2.6894392E-10  
  1650.0       2.5435234E-10  
  1655.0       2.2545134E-10  
  1660.0       2.8676383E-10  
  1665.0       3.232015E-10   
  1670.0       3.0631875E-10  
  1675.0       3.6411946E-10  
  1680.0       4.0644715E-10  
  1685.0       4.141583E-10   
  1690.0       4.5781606E-10  
  1695.0       5.151437E-10   
  1700.0       6.368726E-10   
  1705.0       7.9938495E-10  
  1710.0       9.259688E-10   
  1715.0       1.0120297E-9   
  1720.0       1.0061453E-9   
  1725.0       1.0719572E-9   
  1730.0       1.1791385E-9   
  1735.0       1.1757785E-9   
  1740.0       1.2046869E-9   
  1745.0       1.3210892E-9   
  1750.0       1.4824578E-9   
  1755.0       1.538716E-9    
  1760.0       1.423117E-9    
  1765.0       1.3663187E-9   
  1770.0       1.533465E-9    
  1775.0       1.7557843E-9   
  1780.0       1.7940476E-9   
  1785.0       1.6691787E-9   
  1790.0       1.7296008E-9   
  1795.0       1.9591049E-9   
  1800.0       1.9643236E-9   
  1805.0       1.7991708E-9   
  1810.0       1.7597231E-9   
  1815.0       1.8363414E-9   
  1820.0       1.8772985E-9   
  1825.0       1.8289047E-9   
  1830.0       1.7231792E-9   
  1835.0       1.6039805E-9   
  1840.0       1.485974E-9    
  1845.0       1.4292746E-9   
  1850.0       1.4440908E-9   
  1855.0       1.5129912E-9   
  1860.0       1.5888283E-9   
  1865.0       1.6747999E-9   
  1870.0       1.7304029E-9   
  1875.0       1.7486013E-9   
  1880.0       1.8093681E-9   
  1885.0       1.8490153E-9   
  1890.0       1.8232617E-9   
  1895.0       1.7210038E-9   
  1900.0       1.6470998E-9   
  1905.0       1.700669E-9    
  1910.0       1.7749483E-9   
  1915.0       1.8509692E-9   
  1920.0       1.8471217E-9   
  1925.0       1.6565382E-9   
  1930.0       1.4819324E-9   
  1935.0       1.590419E-9    
  1940.0       1.8732815E-9   
  1945.0       2.0223114E-9   
  1950.0       2.0195405E-9   
  1955.0       1.9954465E-9   
  1960.0       1.951501E-9    
  1965.0       1.9685067E-9   
  1970.0       2.0535091E-9   
  1975.0       2.0278488E-9   
  1980.0       2.0270026E-9   
  1985.0       1.952683E-9    
  1990.0       1.7153E-9      
  1995.0       1.6912132E-9   
  2000.0       1.8109048E-9   
  2005.0       1.8155683E-9   
  2010.0       1.7881839E-9   
  2015.0       1.7290098E-9   
  2020.0       1.6968471E-9   
  2025.0       1.7196895E-9   
  2030.0       1.8269107E-9   
  2035.0       1.8981559E-9   
  2040.0       1.8796107E-9   
  2045.0       1.9875674E-9   
  2050.0       2.0403594E-9   
  2055.0       2.060042E-9    
  2060.0       1.984623E-9    
  2065.0       1.9851427E-9   
  2070.0       2.0843665E-9   
  2075.0       2.1574975E-9   
  2080.0       2.2907927E-9   
  2085.0       2.273121E-9    
  2090.0       2.1692288E-9   
  2095.0       2.095804E-9    
  2100.0       2.0356967E-9   
  2105.0       2.0114748E-9   
  2110.0       1.9821416E-9   
  2115.0       1.9485182E-9   
  2120.0       2.1149562E-9   
  2125.0       2.1789632E-9   
  2130.0       1.9476911E-9   
  2135.0       1.6293855E-9   
  2140.0       1.5238076E-9   
  2145.0       1.6775572E-9   
  2150.0       1.7456669E-9   
  2155.0       1.7560937E-9   
  2160.0       1.7305368E-9   
  2165.0       1.6759385E-9   
  2170.0       1.6664654E-9   
  2175.0       1.5981878E-9   
  2180.0       1.6907091E-9   
  2185.0       1.8667585E-9   
  2190.0       1.9751347E-9   
  2195.0       2.0539308E-9   
  2200.0       2.07929E-9     
  2205.0       2.0093587E-9   
  2210.0       1.747955E-9    
  2215.0       1.5100049E-9   
  2220.0       1.525699E-9    
  2225.0       1.5900959E-9   
  2230.0       1.6467268E-9   
  2235.0       1.754999E-9    
  2240.0       1.7962634E-9   
  2245.0       1.7120331E-9   
  2250.0       1.609299E-9    
  2255.0       1.5500908E-9   
  2260.0       1.5360059E-9   
  2265.0       1.5763728E-9   
  2270.0       1.5617807E-9   
  2275.0       1.5938179E-9   
  2280.0       1.6494945E-9   
  2285.0       1.765564E-9    
  2290.0       1.7387912E-9   
  2295.0       1.714821E-9    
  2300.0       1.5989713E-9   
  2305.0       1.5469905E-9   
  2310.0       1.634118E-9    
  2315.0       1.5966514E-9   
  2320.0       1.5204168E-9   
  2325.0       1.5692865E-9   
  2330.0       1.4704921E-9   
  2335.0       1.4110463E-9   
  2340.0       1.3492126E-9   
  2345.0       1.2449709E-9   
  2350.0       1.2444025E-9   
  2355.0       1.3705926E-9   
  2360.0       1.3989523E-9   
  2365.0       1.4129435E-9   
  2370.0       1.5059518E-9   
  2375.0       1.4644636E-9   
  2380.0       1.3103116E-9   
  2385.0       1.1559242E-9   
  2390.0       1.1977863E-9   
  2395.0       1.3019399E-9   
  2400.0       1.2694031E-9   
  2405.0       1.2113689E-9   
  2410.0       1.1030818E-9   
  2415.0       1.1377289E-9   
  2420.0       1.3439508E-9   
  2425.0       1.476979E-9    
  2430.0       1.4803893E-9   
  2435.0       1.4700277E-9   
  2440.0       1.53706E-9     
  2445.0       1.5988854E-9   
  2450.0       1.5064979E-9   
  2455.0       1.4952581E-9   
  2460.0       1.5611915E-9   
  2465.0       1.516942E-9    
  2470.0       1.4351778E-9   
  2475.0       1.4180948E-9   
  2480.0       1.4328253E-9   
  2485.0       1.4062641E-9   
  2490.0       1.3765594E-9   
  2495.0       1.448265E-9    
  2500.0       1.6262913E-9   
  2505.0       1.6355401E-9   
  2510.0       1.5858225E-9   
  2515.0       1.4699832E-9   
  2520.0       1.3303415E-9   
  2525.0       1.2766668E-9   
  2530.0       1.2284804E-9   
  2535.0       1.2865842E-9   
  2540.0       1.3056805E-9   
  2545.0       1.2679704E-9   
  2550.0       1.3189101E-9   
  2555.0       1.4088865E-9   
  2560.0       1.5267239E-9   
  2565.0       1.6280187E-9   
  2570.0       1.754884E-9    
  2575.0       1.7947603E-9   
  2580.0       1.6554577E-9   
  2585.0       1.5561664E-9   
  2590.0       1.6640231E-9   
  2595.0       1.6748933E-9   
  2600.0       1.5468736E-9   
  2605.0       1.4561833E-9   
  2610.0       1.3989542E-9   
  2615.0       1.4995329E-9   
  2620.0       1.6821247E-9   
  2625.0       1.7464956E-9   
  2630.0       1.6684323E-9   
  2635.0       1.8817004E-9   
  2640.0       2.2930984E-9   
  2645.0       2.512748E-9    
  2650.0       2.487076E-9    
  2655.0       2.4720783E-9   
  2660.0       2.328577E-9    
  2665.0       2.0972797E-9   
  2670.0       2.030073E-9    
  2675.0       2.1359883E-9   
  2680.0       2.211801E-9    
  2685.0       2.1778133E-9   
  2690.0       2.1218012E-9   
  2695.0       2.0998145E-9   
  2700.0       2.0740394E-9   
  2705.0       2.0655908E-9   
  2710.0       2.062965E-9    
  2715.0       2.1480393E-9   
  2720.0       2.1311426E-9   
  2725.0       2.2476163E-9   
  2730.0       2.2012274E-9   
  2735.0       2.1093707E-9   
  2740.0       1.8949793E-9   
  2745.0       1.6628994E-9   
  2750.0       1.5659809E-9   
  2755.0       1.6008287E-9   
  2760.0       1.721348E-9    
  2765.0       1.8140535E-9   
  2770.0       1.9251536E-9   
  2775.0       1.995447E-9    
  2780.0       1.9000264E-9   
  2785.0       1.773599E-9    
  2790.0       1.5432645E-9   
  2795.0       1.1136627E-9   
  2800.0       8.9046936E-10  
  2805.0       1.1375733E-9   
  2810.0       1.764958E-9    
  2815.0       2.4339142E-9   
  2820.0       2.810895E-9    
  2825.0       2.7731124E-9   
  2830.0       2.610479E-9    
  2835.0       2.305794E-9    
  2840.0       2.2430255E-9   
  2845.0       2.2076188E-9   
  2850.0       2.0367361E-9   
  2855.0       2.0046445E-9   
  2860.0       2.1259394E-9   
  2865.0       2.1362536E-9   
  2870.0       2.1303372E-9   
  2875.0       2.2219597E-9   
  2880.0       2.2271645E-9   
  2885.0       2.2572015E-9   
  2890.0       2.1880877E-9   
  2895.0       2.1321445E-9   
  2900.0       2.268179E-9    
  2905.0       2.540456E-9    
  2910.0       2.7171592E-9   
  2915.0       2.6732319E-9   
  2920.0       2.516524E-9    
  2925.0       2.3915414E-9   
  2930.0       2.3631423E-9   
  2935.0       2.3742015E-9   
  2940.0       2.392454E-9    
  2945.0       2.3676723E-9   
  2950.0       2.3188897E-9   
  2955.0       2.4934277E-9   
  2960.0       2.6016582E-9   
  2965.0       2.6606637E-9   
  2970.0       2.6044142E-9   
  2975.0       2.507866E-9    
  2980.0       2.4346454E-9   
  2985.0       2.4614222E-9   
  2990.0       2.5455558E-9   
  2995.0       2.5288032E-9   
  3000.0       2.4948745E-9   
  3005.0       2.5131925E-9   
  3010.0       2.5649693E-9   
  3015.0       2.5372906E-9   
  3020.0       2.4615878E-9   
  3025.0       2.436833E-9    
  3030.0       2.4089797E-9   
  3035.0       2.4110574E-9   
  3040.0       2.3789615E-9   
  3045.0       2.3760431E-9   
  3050.0       2.3522106E-9   
  3055.0       2.3923479E-9   
  3060.0       2.3695477E-9   
  3065.0       2.3481157E-9   
  3070.0       2.3647007E-9   
  3075.0       2.4287536E-9   
  3080.0       2.462913E-9    
  3085.0       2.4638898E-9   
  3090.0       2.4233255E-9   
  3095.0       2.3199505E-9   
  3100.0       2.3621363E-9   
  3105.0       2.3785292E-9   
  3110.0       2.426228E-9    
  3115.0       2.37368E-9     
  3120.0       2.3424642E-9   
  3125.0       2.3893805E-9   
  3130.0       2.4383824E-9   
  3135.0       2.4919597E-9   
  3140.0       2.5538611E-9   
  3145.0       2.5477733E-9   
  3150.0       2.5757043E-9   
  3155.0       2.5196374E-9   
  3160.0       2.517679E-9    
  3165.0       2.5318576E-9   
  3170.0       2.5469544E-9   
  3175.0       2.5500186E-9   
  3180.0       2.5302707E-9   
  3185.0       2.5046567E-9   
  3190.0       2.558757E-9    
  3195.0       2.5636377E-9   
  3200.0       2.6413671E-9   
  3205.0       2.6583409E-9   
  3210.0       2.6191938E-9   
  3215.0       2.534431E-9    
  3220.0       2.4527682E-9   
  3225.0       2.4173954E-9   
  3230.0       2.4119924E-9   
  3235.0       2.4097395E-9   
  3240.0       2.4162288E-9   
  3245.0       2.44529E-9     
  3250.0       2.4979003E-9   
  3255.0       2.5666451E-9   
  3260.0       2.6350837E-9   
  3265.0       2.6790057E-9   
  3270.0       2.665044E-9    
  3275.0       2.5898623E-9   
  3280.0       2.5353604E-9   
  3285.0       2.572257E-9    
  3290.0       2.6574691E-9   
  3295.0       2.7211795E-9   
  3300.0       2.7395577E-9   
  3305.0       2.717415E-9    
  3310.0       2.6852252E-9   
  3315.0       2.6710762E-9   
  3320.0       2.672823E-9    
  3325.0       2.674816E-9    
  3330.0       2.6579148E-9   
  3335.0       2.619424E-9    
  3340.0       2.6003524E-9   
  3345.0       2.6311378E-9   
  3350.0       2.6720945E-9   
  3355.0       2.6773568E-9   
  3360.0       2.6553901E-9   
  3365.0       2.6284037E-9   
  3370.0       2.599271E-9    
  3375.0       2.5703328E-9   
  3380.0       2.5621065E-9   
  3385.0       2.5851943E-9   
  3390.0       2.6067342E-9   
  3395.0       2.599136E-9    
  3400.0       2.5908786E-9   
  3405.0       2.610264E-9    
  3410.0       2.6296254E-9   
  3415.0       2.6220701E-9   
  3420.0       2.6181266E-9   
  3425.0       2.6442413E-9   
  3430.0       2.6591738E-9   
  3435.0       2.625124E-9    
  3440.0       2.5811462E-9   
  3445.0       2.5738507E-9   
  3450.0       2.5913702E-9   
  3455.0       2.605084E-9    
  3460.0       2.6032771E-9   
  3465.0       2.5870097E-9   
  3470.0       2.5715954E-9   
  3475.0       2.5684983E-9   
  3480.0       2.5660862E-9   
  3485.0       2.5514408E-9   
  3490.0       2.531937E-9    
  3495.0       2.5233136E-9   
  3500.0       2.5411546E-9   
  3505.0       2.5782887E-9   
  3510.0       2.5715174E-9   
  3515.0       2.5837812E-9   
  3520.0       2.585993E-9    
  3525.0       2.5931783E-9   
  3530.0       2.6315043E-9   
  3535.0       2.6710325E-9   
  3540.0       2.6956326E-9   
  3545.0       2.7183265E-9   
  3550.0       2.7324252E-9   
  3555.0       2.7201426E-9   
  3560.0       2.6786093E-9   
  3565.0       2.6131621E-9   
  3570.0       2.5399747E-9   
  3575.0       2.4966318E-9   
  3580.0       2.4733282E-9   
  3585.0       2.464985E-9    
  3590.0       2.5161861E-9   
  3595.0       2.5776035E-9   
  3600.0       2.590485E-9    
  3605.0       2.5566185E-9   
  3610.0       2.5362232E-9   
  3615.0       2.5723823E-9   
  3620.0       2.6137872E-9   
  3625.0       2.6520872E-9   
  3630.0       2.6433917E-9   
  3635.0       2.6073952E-9   
  3640.0       2.5994096E-9   
  3645.0       2.600606E-9    
  3650.0       2.6692462E-9   
  3655.0       2.7594973E-9   
  3660.0       2.759949E-9    
  3665.0       2.7308835E-9   
  3670.0       2.7143854E-9   
  3675.0       2.6641256E-9   
  3680.0       2.5983686E-9   
  3685.0       2.590934E-9    
  3690.0       2.6421538E-9   
  3695.0       2.690614E-9    
  3700.0       2.6886635E-9   
  3705.0       2.661538E-9    
  3710.0       2.7327811E-9   
  3715.0       2.8504685E-9   
  3720.0       2.8615699E-9   
  3725.0       2.8974803E-9   
  3730.0       2.9085598E-9   
  3735.0       2.8646723E-9   
  3740.0       3.1066183E-9   
  3745.0       3.0680232E-9   
  3750.0       2.9300045E-9   
  3755.0       3.2634109E-9   
  3760.0       3.4748007E-9   
  3765.0       3.280477E-9    
  3770.0       3.082081E-9    
  3775.0       3.544403E-9    
  3780.0       4.2259956E-9   
  3785.0       4.3636645E-9   
  3790.0       3.890005E-9    
  3795.0       3.2999274E-9   
  3800.0       3.4080399E-9   
  3805.0       4.1790273E-9   
  3810.0       4.8400257E-9   
  3815.0       5.0313207E-9   
  3820.0       4.8381157E-9   
  3825.0       4.2279917E-9   
  3830.0       3.4550205E-9   
  3835.0       3.068523E-9    
  3840.0       3.618531E-9    
  3845.0       4.5119144E-9   
  3850.0       5.16037E-9     
  3855.0       5.510617E-9    
  3860.0       5.716316E-9    
  3865.0       5.792634E-9    
  3870.0       5.5500795E-9   
  3875.0       4.990941E-9    
  3880.0       4.1965653E-9   
  3885.0       3.359788E-9    
  3890.0       3.165771E-9    
  3895.0       3.8055585E-9   
  3900.0       4.6013846E-9   
  3905.0       5.2788316E-9   
  3910.0       5.7786878E-9   
  3915.0       5.9521956E-9   
  3920.0       5.922186E-9    
  3925.0       5.4834E-9      
  3930.0       4.570087E-9    
  3935.0       4.461708E-9    
  3940.0       5.258991E-9    
  3945.0       5.606525E-9    
  3950.0       5.452291E-9    
  3955.0       4.997803E-9    
  3960.0       4.212372E-9    
  3965.0       3.2499756E-9   
  3970.0       2.9327751E-9   
  3975.0       3.673611E-9    
  3980.0       4.587904E-9    
  3985.0       5.2730647E-9   
  3990.0       5.772472E-9    
  3995.0       6.051482E-9    
  4000.0       6.2221037E-9   
  4005.0       6.3739978E-9   
  4010.0       6.505621E-9    
  4015.0       6.596603E-9    
  4020.0       6.6240555E-9   
  4025.0       6.5695245E-9   
  4030.0       6.5237966E-9   
  4035.0       6.6026673E-9   
  4040.0       6.6391115E-9   
  4045.0       6.5606542E-9   
  4050.0       6.5094024E-9   
  4055.0       6.4009478E-9   
  4060.0       6.2894445E-9   
  4065.0       6.1421597E-9   
  4070.0       5.959945E-9    
  4075.0       5.725363E-9    
  4080.0       5.485704E-9    
  4085.0       5.154012E-9    
  4090.0       4.595836E-9    
  4095.0       3.7951624E-9   
  4100.0       3.167791E-9    
  4105.0       3.4307477E-9   
  4110.0       4.245233E-9    
  4115.0       4.954387E-9    
  4120.0       5.3852123E-9   
  4125.0       5.6203535E-9   
  4130.0       5.7908625E-9   
  4135.0       6.0340533E-9   
  4140.0       6.218111E-9    
  4145.0       6.2575003E-9   
  4150.0       6.2538663E-9   
  4155.0       6.1963066E-9   
  4160.0       6.2062E-9      
  4165.0       6.236588E-9    
  4170.0       6.1236416E-9   
  4175.0       6.016664E-9    
  4180.0       6.038593E-9    
  4185.0       6.1232277E-9   
  4190.0       6.2280003E-9   
  4195.0       6.2186123E-9   
  4200.0       6.1348895E-9   
  4205.0       6.1712724E-9   
  4210.0       6.239533E-9    
  4215.0       6.204345E-9    
  4220.0       6.119943E-9    
  4225.0       6.0058545E-9   
  4230.0       6.011825E-9    
  4235.0       6.0357666E-9   
  4240.0       6.0614003E-9   
  4245.0       6.0174643E-9   
  4250.0       5.964412E-9    
  4255.0       6.000585E-9    
  4260.0       6.0169225E-9   
  4265.0       6.0439387E-9   
  4270.0       5.963767E-9    
  4275.0       5.8997323E-9   
  4280.0       5.903377E-9    
  4285.0       5.8005236E-9   
  4290.0       5.658094E-9    
  4295.0       5.552372E-9    
  4300.0       5.408833E-9    
  4305.0       5.3369686E-9   
  4310.0       5.275083E-9    
  4315.0       5.1544435E-9   
  4320.0       4.964856E-9    
  4325.0       4.6310777E-9   
  4330.0       4.130217E-9    
  4335.0       3.4482854E-9   
  4340.0       2.9840872E-9   
  4345.0       3.2906093E-9   
  4350.0       3.9694465E-9   
  4355.0       4.6192814E-9   
  4360.0       5.0930744E-9   
  4365.0       5.384673E-9    
  4370.0       5.505459E-9    
  4375.0       5.574717E-9    
  4380.0       5.6259144E-9   
  4385.0       5.6060334E-9   
  4390.0       5.6679013E-9   
  4395.0       5.6863607E-9   
  4400.0       5.6903513E-9   
  4405.0       5.725463E-9    
  4410.0       5.7314695E-9   
  4415.0       5.66097E-9     
  4420.0       5.6929554E-9   
  4425.0       5.759637E-9    
  4430.0       5.7590213E-9   
  4435.0       5.753021E-9    
  4440.0       5.721634E-9    
  4445.0       5.674456E-9    
  4450.0       5.700062E-9    
  4455.0       5.6575913E-9   
  4460.0       5.631491E-9    
  4465.0       5.59942E-9     
  4470.0       5.595577E-9    
  4475.0       5.6027933E-9   
  4480.0       5.5191354E-9   
  4485.0       5.557158E-9    
  4490.0       5.6013127E-9   
  4495.0       5.632988E-9    
  4500.0       5.662809E-9    
  4505.0       5.700119E-9    
  4510.0       5.6862954E-9   
  4515.0       5.6011804E-9   
  4520.0       5.5402576E-9   
  4525.0       5.460051E-9    
  4530.0       5.39318E-9     
  4535.0       5.4542855E-9   
  4540.0       5.5057945E-9   
  4545.0       5.4279576E-9   
  4550.0       5.3014504E-9   
  4555.0       5.311779E-9    
  4560.0       5.4030864E-9   
  4565.0       5.4734572E-9   
  4570.0       5.44962E-9     
  4575.0       5.4029243E-9   
  4580.0       5.310462E-9    
  4585.0       5.2678955E-9   
  4590.0       5.3049884E-9   
  4595.0       5.3704605E-9   
  4600.0       5.395684E-9    
  4605.0       5.397736E-9    
  4610.0       5.3925144E-9   
  4615.0       5.3730957E-9   
  4620.0       5.349904E-9    
  4625.0       5.3127858E-9   
  4630.0       5.2448845E-9   
  4635.0       5.253697E-9    
  4640.0       5.3111764E-9   
  4645.0       5.285329E-9    
  4650.0       5.2832214E-9   
  4655.0       5.2745612E-9   
  4660.0       5.241439E-9    
  4665.0       5.1802207E-9   
  4670.0       5.1594586E-9   
  4675.0       5.209729E-9    
  4680.0       5.224899E-9    
  4685.0       5.2485833E-9   
  4690.0       5.231914E-9    
  4695.0       5.174516E-9    
  4700.0       5.098965E-9    
  4705.0       5.087117E-9    
  4710.0       5.078863E-9    
  4715.0       5.0854196E-9   
  4720.0       5.0995452E-9   
  4725.0       5.0680056E-9   
  4730.0       4.9997535E-9   
  4735.0       4.9864086E-9   
  4740.0       4.9978435E-9   
  4745.0       5.0039084E-9   
  4750.0       4.9933777E-9   
  4755.0       4.9448388E-9   
  4760.0       4.879057E-9    
  4765.0       4.820427E-9    
  4770.0       4.8538364E-9   
  4775.0       4.877324E-9    
  4780.0       4.842744E-9    
  4785.0       4.8428532E-9   
  4790.0       4.852948E-9    
  4795.0       4.874351E-9    
  4800.0       4.8202224E-9   
  4805.0       4.739059E-9    
  4810.0       4.7077062E-9   
  4815.0       4.7014597E-9   
  4820.0       4.6206416E-9   
  4825.0       4.522588E-9    
  4830.0       4.46699E-9     
  4835.0       4.368587E-9    
  4840.0       4.1777053E-9   
  4845.0       3.9220582E-9   
  4850.0       3.5314336E-9   
  4855.0       2.9685776E-9   
  4860.0       2.4840292E-9   
  4865.0       2.6483322E-9   
  4870.0       3.1760847E-9   
  4875.0       3.5805352E-9   
  4880.0       3.8698844E-9   
  4885.0       4.030921E-9    
  4890.0       4.1698067E-9   
  4895.0       4.325369E-9    
  4900.0       4.40865E-9     
  4905.0       4.4252113E-9   
  4910.0       4.463634E-9    
  4915.0       4.477248E-9    
  4920.0       4.398822E-9    
  4925.0       4.4190536E-9   
  4930.0       4.5034634E-9   
  4935.0       4.504871E-9    
  4940.0       4.549303E-9    
  4945.0       4.5915978E-9   
  4950.0       4.582783E-9    
  4955.0       4.523565E-9    
  4960.0       4.4871524E-9   
  4965.0       4.514454E-9    
  4970.0       4.520214E-9    
  4975.0       4.4927346E-9   
  4980.0       4.4225503E-9   
  4985.0       4.3929265E-9   
  4990.0       4.4289625E-9   
  4995.0       4.437738E-9    
  5000.0       4.389323E-9    
  5005.0       4.324949E-9    
  5010.0       4.3069925E-9   
  5015.0       4.2423456E-9   
  5020.0       4.2063992E-9   
  5025.0       4.2925103E-9   
  5030.0       4.341788E-9    
  5035.0       4.34467E-9     
  5040.0       4.3007353E-9   
  5045.0       4.304865E-9    
  5050.0       4.298947E-9    
  5055.0       4.3036463E-9   
  5060.0       4.3358104E-9   
  5065.0       4.3225636E-9   
  5070.0       4.2852983E-9   
  5075.0       4.252726E-9    
  5080.0       4.241716E-9    
  5085.0       4.273743E-9    
  5090.0       4.3125987E-9   
  5095.0       4.2869956E-9   
  5100.0       4.262279E-9    
  5105.0       4.281668E-9    
  5110.0       4.299499E-9    
  5115.0       4.3100115E-9   
  5120.0       4.2598716E-9   
  5125.0       4.19463E-9     
  5130.0       4.154563E-9    
  5135.0       4.1361194E-9   
  5140.0       4.1263357E-9   
  5145.0       4.1480748E-9   
  5150.0       4.1407655E-9   
  5155.0       4.12991E-9     
  5160.0       4.0964925E-9   
  5165.0       3.951033E-9    
  5170.0       3.8623122E-9   
  5175.0       3.9843835E-9   
  5180.0       4.0278367E-9   
  5185.0       3.945064E-9    
  5190.0       3.927328E-9    
  5195.0       3.956154E-9    
  5200.0       3.9564263E-9   
  5205.0       3.943859E-9    
  5210.0       3.9684083E-9   
  5215.0       4.0101718E-9   
  5220.0       4.013184E-9    
  5225.0       3.930028E-9    
  5230.0       3.869889E-9    
  5235.0       3.8876795E-9   
  5240.0       3.950911E-9    
  5245.0       4.0009227E-9   
  5250.0       4.00248E-9     
  5255.0       3.9744172E-9   
  5260.0       3.8706163E-9   
  5265.0       3.755072E-9    
  5270.0       3.729329E-9    
  5275.0       3.7720427E-9   
  5280.0       3.8316883E-9   
  5285.0       3.8810275E-9   
  5290.0       3.9528216E-9   
  5295.0       3.970254E-9    
  5300.0       3.9416337E-9   
  5305.0       3.9210257E-9   
  5310.0       3.8912726E-9   
  5315.0       3.845856E-9    
  5320.0       3.8300114E-9   
  5325.0       3.798173E-9    
  5330.0       3.7694177E-9   
  5335.0       3.784018E-9    
  5340.0       3.795341E-9    
  5345.0       3.837285E-9    
  5350.0       3.8668415E-9   
  5355.0       3.8870493E-9   
  5360.0       3.8398382E-9   
  5365.0       3.761429E-9    
  5370.0       3.736891E-9    
  5375.0       3.776173E-9    
  5380.0       3.779382E-9    
  5385.0       3.767827E-9    
  5390.0       3.7826413E-9   
  5395.0       3.755614E-9    
  5400.0       3.7057852E-9   
  5405.0       3.6743109E-9   
  5410.0       3.6870929E-9   
  5415.0       3.712216E-9    
  5420.0       3.7167263E-9   
  5425.0       3.6945076E-9   
  5430.0       3.6876755E-9   
  5435.0       3.7081929E-9   
  5440.0       3.730552E-9    
  5445.0       3.697683E-9    
  5450.0       3.673355E-9    
  5455.0       3.670288E-9    
  5460.0       3.6694867E-9   
  5465.0       3.6647627E-9   
  5470.0       3.6743526E-9   
  5475.0       3.6390384E-9   
  5480.0       3.6225367E-9   
  5485.0       3.6484762E-9   
  5490.0       3.65725E-9     
  5495.0       3.6657932E-9   
  5500.0       3.6414736E-9   
  5505.0       3.6016619E-9   
  5510.0       3.5976517E-9   
  5515.0       3.6304257E-9   
  5520.0       3.6174757E-9   
  5525.0       3.5517362E-9   
  5530.0       3.5204963E-9   
  5535.0       3.5325365E-9   
  5540.0       3.559202E-9    
  5545.0       3.5763619E-9   
  5550.0       3.5811452E-9   
  5555.0       3.5680756E-9   
  5560.0       3.5510903E-9   
  5565.0       3.5269907E-9   
  5570.0       3.5072802E-9   
  5575.0       3.517938E-9    
  5580.0       3.5146588E-9   
  5585.0       3.4617034E-9   
  5590.0       3.4313494E-9   
  5595.0       3.4221643E-9   
  5600.0       3.4193242E-9   
  5605.0       3.456764E-9    
  5610.0       3.4775771E-9   
  5615.0       3.4404042E-9   
  5620.0       3.4376106E-9   
  5625.0       3.4519323E-9   
  5630.0       3.4522103E-9   
  5635.0       3.435886E-9    
  5640.0       3.428962E-9    
  5645.0       3.4352376E-9   
  5650.0       3.4236949E-9   
  5655.0       3.3771899E-9   
  5660.0       3.3467076E-9   
  5665.0       3.361674E-9    
  5670.0       3.38654E-9     
  5675.0       3.4046241E-9   
  5680.0       3.3729972E-9   
  5685.0       3.3478313E-9   
  5690.0       3.3650946E-9   
  5695.0       3.3756604E-9   
  5700.0       3.359766E-9    
  5705.0       3.3374026E-9   
  5710.0       3.3230922E-9   
  5715.0       3.3264251E-9   
  5720.0       3.3379253E-9   
  5725.0       3.3385408E-9   
  5730.0       3.3274485E-9   
  5735.0       3.3233498E-9   
  5740.0       3.3212284E-9   
  5745.0       3.317046E-9    
  5750.0       3.2950196E-9   
  5755.0       3.269398E-9    
  5760.0       3.2665977E-9   
  5765.0       3.2738592E-9   
  5770.0       3.2684635E-9   
  5775.0       3.2547047E-9   
  5780.0       3.236503E-9    
  5785.0       3.230504E-9    
  5790.0       3.2438732E-9   
  5795.0       3.2416032E-9   
  5800.0       3.2404885E-9   
  5805.0       3.2466125E-9   
  5810.0       3.248377E-9    
  5815.0       3.2497847E-9   
  5820.0       3.2443952E-9   
  5825.0       3.2233178E-9   
  5830.0       3.2106682E-9   
  5835.0       3.2125975E-9   
  5840.0       3.2078062E-9   
  5845.0       3.2017275E-9   
  5850.0       3.1903573E-9   
  5855.0       3.1715874E-9   
  5860.0       3.182427E-9    
  5865.0       3.2005933E-9   
  5870.0       3.2114342E-9   
  5875.0       3.192723E-9    
  5880.0       3.1636052E-9   
  5885.0       3.1017318E-9   
  5890.0       3.0142604E-9   
  5895.0       2.994043E-9    
  5900.0       3.053642E-9    
  5905.0       3.124085E-9    
  5910.0       3.1340002E-9   
  5915.0       3.1173206E-9   
  5920.0       3.100244E-9    
  5925.0       3.0970395E-9   
  5930.0       3.081419E-9    
  5935.0       3.0744187E-9   
  5940.0       3.066946E-9    
  5945.0       3.0623761E-9   
  5950.0       3.0532499E-9   
  5955.0       3.0476837E-9   
  5960.0       3.0573346E-9   
  5965.0       3.0559522E-9   
  5970.0       3.0471279E-9   
  5975.0       3.0244787E-9   
  5980.0       3.0116796E-9   
  5985.0       3.0006617E-9   
  5990.0       2.9997909E-9   
  5995.0       3.0086746E-9   
  6000.0       3.0020326E-9   
  6005.0       2.956285E-9    
  6010.0       2.9508962E-9   
  6015.0       2.9415406E-9   
  6020.0       2.9349656E-9   
  6025.0       2.9402882E-9   
  6030.0       2.9355038E-9   
  6035.0       2.9424316E-9   
  6040.0       2.9249507E-9   
  6045.0       2.9300726E-9   
  6050.0       2.9223455E-9   
  6055.0       2.9086678E-9   
  6060.0       2.8963556E-9   
  6065.0       2.8961766E-9   
  6070.0       2.901631E-9    
  6075.0       2.891272E-9    
  6080.0       2.8844682E-9   
  6085.0       2.8661005E-9   
  6090.0       2.8591087E-9   
  6095.0       2.8560538E-9   
  6100.0       2.8469747E-9   
  6105.0       2.8373925E-9   
  6110.0       2.855754E-9    
  6115.0       2.8599276E-9   
  6120.0       2.8328726E-9   
  6125.0       2.8125697E-9   
  6130.0       2.8087859E-9   
  6135.0       2.7904798E-9   
  6140.0       2.766776E-9    
  6145.0       2.7626683E-9   
  6150.0       2.770784E-9    
  6155.0       2.760141E-9    
  6160.0       2.7420575E-9   
  6165.0       2.7389742E-9   
  6170.0       2.7441729E-9   
  6175.0       2.7620044E-9   
  6180.0       2.7792793E-9   
  6185.0       2.778822E-9    
  6190.0       2.7720533E-9   
  6195.0       2.7640414E-9   
  6200.0       2.7594471E-9   
  6205.0       2.7646605E-9   
  6210.0       2.7721272E-9   
  6215.0       2.748277E-9    
  6220.0       2.7321232E-9   
  6225.0       2.7302356E-9   
  6230.0       2.7086775E-9   
  6235.0       2.6851614E-9   
  6240.0       2.674984E-9    
  6245.0       2.6659555E-9   
  6250.0       2.6636573E-9   
  6255.0       2.6772349E-9   
  6260.0       2.682162E-9    
  6265.0       2.6861677E-9   
  6270.0       2.6756646E-9   
  6275.0       2.6331473E-9   
  6280.0       2.5738367E-9   
  6285.0       2.5982063E-9   
  6290.0       2.6230076E-9   
  6295.0       2.6157367E-9   
  6300.0       2.6114526E-9   
  6305.0       2.6130789E-9   
  6310.0       2.6127356E-9   
  6315.0       2.5985218E-9   
  6320.0       2.5965332E-9   
  6325.0       2.6152616E-9   
  6330.0       2.6217224E-9   
  6335.0       2.6088562E-9   
  6340.0       2.5962648E-9   
  6345.0       2.5739901E-9   
  6350.0       2.5796894E-9   
  6355.0       2.6011877E-9   
  6360.0       2.5966662E-9   
  6365.0       2.5775222E-9   
  6370.0       2.5662104E-9   
  6375.0       2.5684164E-9   
  6380.0       2.5770874E-9   
  6385.0       2.5768807E-9   
  6390.0       2.5716769E-9   
  6395.0       2.5609683E-9   
  6400.0       2.5489917E-9   
  6405.0       2.54491E-9     
  6410.0       2.5321518E-9   
  6415.0       2.5217428E-9   
  6420.0       2.5247222E-9   
  6425.0       2.5327362E-9   
  6430.0       2.5216838E-9   
  6435.0       2.5094407E-9   
  6440.0       2.5046858E-9   
  6445.0       2.5083657E-9   
  6450.0       2.4935187E-9   
  6455.0       2.460252E-9    
  6460.0       2.4501998E-9   
  6465.0       2.4644733E-9   
  6470.0       2.471764E-9    
  6475.0       2.4608688E-9   
  6480.0       2.4544193E-9   
  6485.0       2.4316276E-9   
  6490.0       2.4067799E-9   
  6495.0       2.3758968E-9   
  6500.0       2.3949611E-9   
  6505.0       2.4346938E-9   
  6510.0       2.4397835E-9   
  6515.0       2.4139943E-9   
  6520.0       2.3940383E-9   
  6525.0       2.384181E-9    
  6530.0       2.3617435E-9   
  6535.0       2.3296727E-9   
  6540.0       2.2770847E-9   
  6545.0       2.2000315E-9   
  6550.0       2.0852562E-9   
  6555.0       1.9100217E-9   
  6560.0       1.6667344E-9   
  6565.0       1.5795772E-9   
  6570.0       1.7847113E-9   
  6575.0       2.0104216E-9   
  6580.0       2.1537956E-9   
  6585.0       2.2242435E-9   
  6590.0       2.2617679E-9   
  6595.0       2.2939008E-9   
  6600.0       2.3264142E-9   
  6605.0       2.3520723E-9   
  6610.0       2.362248E-9    
  6615.0       2.3628417E-9   
  6620.0       2.36643E-9     
  6625.0       2.3654543E-9   
  6630.0       2.3479252E-9   
  6635.0       2.3314266E-9   
  6640.0       2.3300202E-9   
  6645.0       2.3304902E-9   
  6650.0       2.3295001E-9   
  6655.0       2.330826E-9    
  6660.0       2.3236024E-9   
  6665.0       2.3092734E-9   
  6670.0       2.3030973E-9   
  6675.0       2.2980788E-9   
  6680.0       2.2910336E-9   
  6685.0       2.2939444E-9   
  6690.0       2.2948412E-9   
  6695.0       2.2920514E-9   
  6700.0       2.2825937E-9   
  6705.0       2.2758055E-9   
  6710.0       2.2739381E-9   
  6715.0       2.2606126E-9   
  6720.0       2.2550977E-9   
  6725.0       2.2561846E-9   
  6730.0       2.2510134E-9   
  6735.0       2.2455846E-9   
  6740.0       2.2442945E-9   
  6745.0       2.227844E-9    
  6750.0       2.217452E-9    
  6755.0       2.2151896E-9   
  6760.0       2.217852E-9    
  6765.0       2.2240902E-9   
  6770.0       2.2219733E-9   
  6775.0       2.2197406E-9   
  6780.0       2.215493E-9    
  6785.0       2.2092055E-9   
  6790.0       2.2037232E-9   
  6795.0       2.2072517E-9   
  6800.0       2.1972597E-9   
  6805.0       2.193362E-9    
  6810.0       2.1967093E-9   
  6815.0       2.1903046E-9   
  6820.0       2.1798643E-9   
  6825.0       2.174608E-9    
  6830.0       2.1721203E-9   
  6835.0       2.1679105E-9   
  6840.0       2.1705056E-9   
  6845.0       2.168229E-9    
  6850.0       2.1647033E-9   
  6855.0       2.1610798E-9   
  6860.0       2.1576385E-9   
  6865.0       2.1537891E-9   
  6870.0       2.1498605E-9   
  6875.0       2.1462094E-9   
  6880.0       2.1426547E-9   
  6885.0       2.1391102E-9   
  6890.0       2.1354971E-9   
  6895.0       2.131851E-9    
  6900.0       2.1281834E-9   
  6905.0       2.1245208E-9   
  6910.0       2.1208713E-9   
  6915.0       2.117304E-9    
  6920.0       2.1139237E-9   
  6925.0       2.1105502E-9   
  6930.0       2.1072735E-9   
  6935.0       2.1041762E-9   
  6940.0       2.101261E-9    
  6945.0       2.0984552E-9   
  6950.0       2.0954045E-9   
  6955.0       2.0921196E-9   
  6960.0       2.0888367E-9   
  6965.0       2.085645E-9    
  6970.0       2.0849285E-9   
  6975.0       2.0936781E-9   
  6980.0       2.0787605E-9   
  6985.0       2.0687037E-9   
  6990.0       2.054775E-9    
  6995.0       2.0494693E-9   
  7000.0       2.0426807E-9   
  7005.0       2.0395314E-9   
  7010.0       2.0459794E-9   
  7015.0       2.0459865E-9   
  7020.0       2.0410262E-9   
  7025.0       2.0325341E-9   
  7030.0       2.0355437E-9   
  7035.0       2.034477E-9    
  7040.0       2.0291289E-9   
  7045.0       2.0353017E-9   
  7050.0       2.030386E-9    
  7055.0       2.0196844E-9   
  7060.0       2.019938E-9    
  7065.0       2.0174946E-9   
  7070.0       2.010454E-9    
  7075.0       2.0067217E-9   
  7080.0       2.003533E-9    
  7085.0       1.9995032E-9   
  7090.0       1.989913E-9    
  7095.0       1.9884019E-9   
  7100.0       1.9876216E-9   
  7105.0       1.9847621E-9   
  7110.0       1.9762587E-9   
  7115.0       1.956935E-9    
  7120.0       1.9641706E-9   
  7125.0       1.9740192E-9   
  7130.0       1.9768582E-9   
  7135.0       1.9815871E-9   
  7140.0       1.9810034E-9   
  7145.0       1.9767805E-9   
  7150.0       1.9653792E-9   
  7155.0       1.9714472E-9   
  7160.0       1.9690283E-9   
  7165.0       1.9504214E-9   
  7170.0       1.933169E-9    
  7175.0       1.910514E-9    
  7180.0       1.8929598E-9   
  7185.0       1.8620051E-9   
  7190.0       1.864085E-9    
  7195.0       1.869729E-9    
  7200.0       1.8641177E-9   
  7205.0       1.8644215E-9   
  7210.0       1.8934716E-9   
  7215.0       1.9180293E-9   
  7220.0       1.9261708E-9   
  7225.0       1.917758E-9    
  7230.0       1.9027226E-9   
  7235.0       1.8777409E-9   
  7240.0       1.870764E-9    
  7245.0       1.8668658E-9   
  7250.0       1.8673305E-9   
  7255.0       1.8606358E-9   
  7260.0       1.8673711E-9   
  7265.0       1.8625164E-9   
  7270.0       1.859437E-9    
  7275.0       1.8445186E-9   
  7280.0       1.8390685E-9   
  7285.0       1.8494372E-9   
  7290.0       1.8354532E-9   
  7295.0       1.8365068E-9   
  7300.0       1.8447954E-9   
  7305.0       1.8270269E-9   
  7310.0       1.820475E-9    
  7315.0       1.8207542E-9   
  7320.0       1.8224608E-9   
  7325.0       1.8317767E-9   
  7330.0       1.8231944E-9   
  7335.0       1.8252859E-9   
  7340.0       1.8349571E-9   
  7345.0       1.8232941E-9   
  7350.0       1.8050041E-9   
  7355.0       1.8035603E-9   
  7360.0       1.804408E-9    
  7365.0       1.8014772E-9   
  7370.0       1.7974793E-9   
  7375.0       1.8004626E-9   
  7380.0       1.7952765E-9   
  7385.0       1.7855422E-9   
  7390.0       1.7801581E-9   
  7395.0       1.7851937E-9   
  7400.0       1.7864246E-9   
  7405.0       1.7781442E-9   
  7410.0       1.7668257E-9   
  7415.0       1.7669962E-9   
  7420.0       1.7667052E-9   
  7425.0       1.7660391E-9   
  7430.0       1.773556E-9    
  7435.0       1.7762433E-9   
  7440.0       1.7716381E-9   
  7445.0       1.759028E-9    
  7450.0       1.7581663E-9   
  7455.0       1.7620784E-9   
  7460.0       1.7551759E-9   
  7465.0       1.7502935E-9   
  7470.0       1.7538073E-9   
  7475.0       1.750535E-9    
  7480.0       1.7473274E-9   
  7485.0       1.7421509E-9   
  7490.0       1.7364323E-9   
  7495.0       1.7283608E-9   
  7500.0       1.7278099E-9   
  7505.0       1.7252223E-9   
  7510.0       1.7165582E-9   
  7515.0       1.7139826E-9   
  7520.0       1.7225542E-9   
  7525.0       1.7235362E-9   
  7530.0       1.7152757E-9   
  7535.0       1.7091979E-9   
  7540.0       1.7107475E-9   
  7545.0       1.7083885E-9   
  7550.0       1.7045431E-9   
  7555.0       1.7015118E-9   
  7560.0       1.6983374E-9   
  7565.0       1.6952358E-9   
  7570.0       1.6922098E-9   
  7575.0       1.6890328E-9   
  7580.0       1.6858024E-9   
  7585.0       1.6828713E-9   
  7590.0       1.680067E-9    
  7595.0       1.6771972E-9   
  7600.0       1.6741943E-9   
  7605.0       1.6713843E-9   
  7610.0       1.6685667E-9   
  7615.0       1.6656985E-9   
  7620.0       1.6628332E-9   
  7625.0       1.6599568E-9   
  7630.0       1.6570642E-9   
  7635.0       1.6541604E-9   
  7640.0       1.6512354E-9   
  7645.0       1.6482838E-9   
  7650.0       1.6452978E-9   
  7655.0       1.6422899E-9   
  7660.0       1.6392463E-9   
  7665.0       1.6361694E-9   
  7670.0       1.6330547E-9   
  7675.0       1.6299143E-9   
  7680.0       1.6267533E-9   
  7685.0       1.623736E-9    
  7690.0       1.6207401E-9   
  7695.0       1.617567E-9    
  7700.0       1.6143695E-9   
  7705.0       1.6113714E-9   
  7710.0       1.6092581E-9   
  7715.0       1.6081884E-9   
  7720.0       1.6065781E-9   
  7725.0       1.6039554E-9   
  7730.0       1.6015111E-9   
  7735.0       1.5986331E-9   
  7740.0       1.594395E-9    
  7745.0       1.5897742E-9   
  7750.0       1.5913871E-9   
  7755.0       1.5895857E-9   
  7760.0       1.5833295E-9   
  7765.0       1.5666584E-9   
  7770.0       1.5236302E-9   
  7775.0       1.4956288E-9   
  7780.0       1.5288596E-9   
  7785.0       1.5613814E-9   
  7790.0       1.5713061E-9   
  7795.0       1.5670993E-9   
  7800.0       1.5677724E-9   
  7805.0       1.5653903E-9   
  7810.0       1.56358E-9     
  7815.0       1.5648172E-9   
  7820.0       1.5649728E-9   
  7825.0       1.558364E-9    
  7830.0       1.545641E-9    
  7835.0       1.5391436E-9   
  7840.0       1.5443703E-9   
  7845.0       1.5460746E-9   
  7850.0       1.5418841E-9   
  7855.0       1.5386616E-9   
  7860.0       1.5337215E-9   
  7865.0       1.5298138E-9   
  7870.0       1.532169E-9    
  7875.0       1.5231967E-9   
  7880.0       1.5206542E-9   
  7885.0       1.5261598E-9   
  7890.0       1.5214577E-9   
  7895.0       1.5074975E-9   
  7900.0       1.5047837E-9   
  7905.0       1.5132401E-9   
  7910.0       1.5176622E-9   
  7915.0       1.5139613E-9   
  7920.0       1.5001776E-9   
  7925.0       1.494776E-9    
  7930.0       1.4885587E-9   
  7935.0       1.4823127E-9   
  7940.0       1.4787342E-9   
  7945.0       1.4772333E-9   
  7950.0       1.477737E-9    
  7955.0       1.4861163E-9   
  7960.0       1.4876154E-9   
  7965.0       1.4868606E-9   
  7970.0       1.4839788E-9   
  7975.0       1.4838879E-9   
  7980.0       1.479184E-9    
  7985.0       1.4811696E-9   
  7990.0       1.4778029E-9   
  7995.0       1.4692664E-9   
  8000.0       1.4573669E-9   
  8005.0       1.4584632E-9   
  8010.0       1.4573934E-9   
  8015.0       1.458245E-9    
  8020.0       1.4567634E-9   
  8025.0       1.4550604E-9   
  8030.0       1.4527196E-9   
  8035.0       1.4518288E-9   
  8040.0       1.4455492E-9   
  8045.0       1.4417081E-9   
  8050.0       1.4389482E-9   
  8055.0       1.4410172E-9   
  8060.0       1.4397032E-9   
  8065.0       1.4315918E-9   
  8070.0       1.4357748E-9   
  8075.0       1.4346025E-9   
  8080.0       1.4315181E-9   
  8085.0       1.4260418E-9   
  8090.0       1.4262659E-9   
  8095.0       1.4266668E-9   
  8100.0       1.4226196E-9   
  8105.0       1.4256525E-9   
  8110.0       1.4216679E-9   
  8115.0       1.417703E-9    
  8120.0       1.4189467E-9   
  8125.0       1.416884E-9    
  8130.0       1.412331E-9    
  8135.0       1.4019801E-9   
  8140.0       1.4025823E-9   
  8145.0       1.3990826E-9   
  8150.0       1.3938634E-9   
  8155.0       1.3863902E-9   
  8160.0       1.3787379E-9   
  8165.0       1.3681936E-9   
  8170.0       1.3732239E-9   
  8175.0       1.3764097E-9   
  8180.0       1.3667231E-9   
  8185.0       1.3653509E-9   
  8190.0       1.3664964E-9   
  8195.0       1.3627373E-9   
  8200.0       1.3622846E-9   
  8205.0       1.3756362E-9   
  8210.0       1.3859179E-9   
  8215.0       1.3785988E-9   
  8220.0       1.3660159E-9   
  8225.0       1.3463097E-9   
  8230.0       1.3212363E-9   
  8235.0       1.3341409E-9   
  8240.0       1.3583397E-9   
  8245.0       1.3610456E-9   
  8250.0       1.3599734E-9   
  8255.0       1.353824E-9    
  8260.0       1.3556315E-9   
  8265.0       1.3592814E-9   
  8270.0       1.3561392E-9   
  8275.0       1.3443621E-9   
  8280.0       1.340727E-9    
  8285.0       1.3382151E-9   
  8290.0       1.3328317E-9   
  8295.0       1.3307999E-9   
  8300.0       1.3334583E-9   
  8305.0       1.3325683E-9   
  8310.0       1.331175E-9    
  8315.0       1.32773E-9     
  8320.0       1.3190994E-9   
  8325.0       1.3164424E-9   
  8330.0       1.3134238E-9   
  8335.0       1.3051209E-9   
  8340.0       1.3047012E-9   
  8345.0       1.3137723E-9   
  8350.0       1.3182738E-9   
  8355.0       1.3174013E-9   
  8360.0       1.3144675E-9   
  8365.0       1.3128786E-9   
  8370.0       1.3135987E-9   
  8375.0       1.312359E-9    
  8380.0       1.3085933E-9   
  8385.0       1.3058674E-9   
  8390.0       1.30276E-9     
  8395.0       1.302624E-9    
  8400.0       1.3036222E-9   
  8405.0       1.3024053E-9   
  8410.0       1.2988203E-9   
  8415.0       1.2980477E-9   
  8420.0       1.3007466E-9   
  8425.0       1.3046566E-9   
  8430.0       1.2967359E-9   
  8435.0       1.2791184E-9   
  8440.0       1.2626694E-9   
  8445.0       1.2562825E-9   
  8450.0       1.2718805E-9   
  8455.0       1.2860591E-9   
  8460.0       1.2821221E-9   
  8465.0       1.2657142E-9   
  8470.0       1.2637388E-9   
  8475.0       1.270989E-9    
  8480.0       1.2817113E-9   
  8485.0       1.2856305E-9   
  8490.0       1.2704782E-9   
  8495.0       1.2240431E-9   
  8500.0       1.189921E-9    
  8505.0       1.2061303E-9   
  8510.0       1.2384521E-9   
  8515.0       1.2541813E-9   
  8520.0       1.2670524E-9   
  8525.0       1.2632159E-9   
  8530.0       1.2437006E-9   
  8535.0       1.1935133E-9   
  8540.0       1.1163772E-9   
  8545.0       1.0937049E-9   
  8550.0       1.1532412E-9   
  8555.0       1.214064E-9    
  8560.0       1.2438248E-9   
  8565.0       1.2592417E-9   
  8570.0       1.2642771E-9   
  8575.0       1.2569125E-9   
  8580.0       1.2465393E-9   
  8585.0       1.2257252E-9   
  8590.0       1.1924568E-9   
  8595.0       1.1580267E-9   
  8600.0       1.1481669E-9   
  8605.0       1.1778044E-9   
  8610.0       1.2160812E-9   
  8615.0       1.2419459E-9   
  8620.0       1.2593758E-9   
  8625.0       1.2682843E-9   
  8630.0       1.2687171E-9   
  8635.0       1.2667217E-9   
  8640.0       1.2579167E-9   
  8645.0       1.2439831E-9   
  8650.0       1.208513E-9    
  8655.0       1.1516659E-9   
  8660.0       1.0777272E-9   
  8665.0       1.0384196E-9   
  8670.0       1.0860244E-9   
  8675.0       1.1471607E-9   
  8680.0       1.1891643E-9   
  8685.0       1.2114818E-9   
  8690.0       1.2312826E-9   
  8695.0       1.253653E-9    
  8700.0       1.2703592E-9   
  8705.0       1.2828213E-9   
  8710.0       1.2825098E-9   
  8715.0       1.2775111E-9   
  8720.0       1.2687621E-9   
  8725.0       1.2503799E-9   
  8730.0       1.2298998E-9   
  8735.0       1.1946458E-9   
  8740.0       1.1462205E-9   
  8745.0       1.0954355E-9   
  8750.0       1.0581181E-9   
  8755.0       1.0766097E-9   
  8760.0       1.1324841E-9   
  8765.0       1.1778932E-9   
  8770.0       1.2023181E-9   
  8775.0       1.2189519E-9   
  8780.0       1.2239256E-9   
  8785.0       1.2267608E-9   
  8790.0       1.2272781E-9   
  8795.0       1.2282328E-9   
  8800.0       1.226377E-9    
  8805.0       1.2188275E-9   
  8810.0       1.2143603E-9   
  8815.0       1.2162261E-9   
  8820.0       1.2267616E-9   
  8825.0       1.2254853E-9   
  8830.0       1.2037282E-9   
  8835.0       1.1818396E-9   
  8840.0       1.15652E-9     
  8845.0       1.133274E-9    
  8850.0       1.0947572E-9   
  8855.0       1.0484558E-9   
  8860.0       9.900132E-10   
  8865.0       9.766741E-10   
  8870.0       1.0201223E-9   
  8875.0       1.0728914E-9   
  8880.0       1.1132556E-9   
  8885.0       1.1470136E-9   
  8890.0       1.1620153E-9   
  8895.0       1.1744817E-9   
  8900.0       1.1886717E-9   
  8905.0       1.1886113E-9   
  8910.0       1.1821094E-9   
  8915.0       1.1917951E-9   
  8920.0       1.192379E-9    
  8925.0       1.1709447E-9   
  8930.0       1.1466558E-9   
  8935.0       1.1537369E-9   
  8940.0       1.1648245E-9   
  8945.0       1.1651244E-9   
  8950.0       1.1577068E-9   
  8955.0       1.1598854E-9   
  8960.0       1.1698049E-9   
  8965.0       1.1546741E-9   
  8970.0       1.1477916E-9   
  8975.0       1.1431129E-9   
  8980.0       1.1304335E-9   
  8985.0       1.1042192E-9   
  8990.0       1.0633033E-9   
  8995.0       1.0530693E-9   
  9000.0       1.0456972E-9   
  9005.0       1.0192174E-9   
  9010.0       9.928018E-10   
  9015.0       9.663663E-10   
  9020.0       9.821967E-10   
  9025.0       1.0294462E-9   
  9030.0       1.0823554E-9   
  9035.0       1.130636E-9    
  9040.0       1.1577193E-9   
  9045.0       1.174577E-9    
  9050.0       1.1842946E-9   
  9055.0       1.1702636E-9   
  9060.0       1.15344E-9     
  9065.0       1.1352014E-9   
  9070.0       1.1260683E-9   
  9075.0       1.1206659E-9   
  9080.0       1.1146949E-9   
  9085.0       1.1058281E-9   
  9090.0       1.1015288E-9   
  9095.0       1.105659E-9    
  9100.0       1.1136431E-9   
  9105.0       1.1231307E-9   
  9110.0       1.1250532E-9   
  9115.0       1.1265777E-9   
  9120.0       1.1271911E-9   
  9125.0       1.1304118E-9   
  9130.0       1.1249679E-9   
  9135.0       1.1177924E-9   
  9140.0       1.1263167E-9   
  9145.0       1.1355573E-9   
  9150.0       1.1202236E-9   
  9155.0       1.1002904E-9   
  9160.0       1.1046042E-9   
  9165.0       1.1155868E-9   
  9170.0       1.1167036E-9   
  9175.0       1.1087578E-9   
  9180.0       1.1121531E-9   
  9185.0       1.1222032E-9   
  9190.0       1.1214802E-9   
  9195.0       1.1149796E-9   
  9200.0       1.1045853E-9   
  9205.0       1.0886126E-9   
  9210.0       1.053803E-9    
  9215.0       1.0085925E-9   
  9220.0       9.711884E-10   
  9225.0       9.352138E-10   
  9230.0       9.1140345E-10  
  9235.0       9.2612984E-10  
  9240.0       9.658911E-10   
  9245.0       9.991777E-10   
  9250.0       1.02614E-9     
  9255.0       1.0494724E-9   
  9260.0       1.0672008E-9   
  9265.0       1.08327E-9     
  9270.0       1.1083496E-9   
  9275.0       1.1250376E-9   
  9280.0       1.1301782E-9   
  9285.0       1.141933E-9    
  9290.0       1.14348E-9     
  9295.0       1.1334687E-9   
  9300.0       1.1173766E-9   
  9305.0       1.0997829E-9   
  9310.0       1.077593E-9    
  9315.0       1.0547417E-9   
  9320.0       1.0320608E-9   
  9325.0       1.0426668E-9   
  9330.0       1.0491623E-9   
  9335.0       1.0419614E-9   
  9340.0       1.0206018E-9   
  9345.0       9.991095E-10   
  9350.0       1.0301295E-9   
  9355.0       1.0167733E-9   
  9360.0       1.0096738E-9   
  9365.0       1.0282373E-9   
  9370.0       1.0152981E-9   
  9375.0       1.0251819E-9   
  9380.0       1.0357019E-9   
  9385.0       1.0701467E-9   
  9390.0       1.1155553E-9   
  9395.0       1.1527355E-9   
  9400.0       1.1447278E-9   
  9405.0       1.1221306E-9   
  9410.0       1.0924884E-9   
  9415.0       1.072802E-9    
  9420.0       1.064655E-9    
  9425.0       1.0399145E-9   
  9430.0       1.0053811E-9   
  9435.0       1.0217308E-9   
  9440.0       9.819074E-10   
  9445.0       9.923996E-10   
  9450.0       1.0325141E-9   
  9455.0       1.0297351E-9   
  9460.0       1.0083628E-9   
  9465.0       1.0178739E-9   
  9470.0       1.0398005E-9   
  9475.0       1.0274948E-9   
  9480.0       1.0133845E-9   
  9485.0       1.0163259E-9   
  9490.0       1.0483466E-9   
  9495.0       1.0218109E-9   
  9500.0       9.942341E-10   
  9505.0       1.0256807E-9   
  9510.0       1.0570396E-9   
  9515.0       1.0322869E-9   
  9520.0       9.760217E-10   
  9525.0       9.452235E-10   
  9530.0       9.336547E-10   
  9535.0       9.2194385E-10  
  9540.0       8.811444E-10   
  9545.0       8.362586E-10   
  9550.0       8.364885E-10   
  9555.0       8.5255386E-10  
  9560.0       8.984142E-10   
  9565.0       9.2118674E-10  
  9570.0       9.468668E-10   
  9575.0       9.901296E-10   
  9580.0       9.902259E-10   
  9585.0       9.821655E-10   
  9590.0       9.76166E-10    
  9595.0       9.725579E-10   
  9600.0       9.861735E-10   
  9605.0       9.960325E-10   
  9610.0       1.0045296E-9   
  9615.0       1.0008376E-9   
  9620.0       9.726953E-10   
  9625.0       9.714748E-10   
  9630.0       9.752419E-10   
  9635.0       9.769413E-10   
  9640.0       9.704508E-10   
  9645.0       9.69539E-10    
  9650.0       9.697326E-10   
  9655.0       9.722149E-10   
  9660.0       9.653619E-10   
  9665.0       9.69898E-10    
  9670.0       9.885216E-10   
  9675.0       9.948863E-10   
  9680.0       9.862803E-10   
  9685.0       9.801421E-10   
  9690.0       9.859654E-10   
  9695.0       9.910542E-10   
  9700.0       9.81415E-10    
  9705.0       9.779404E-10   
  9710.0       9.842813E-10   
  9715.0       9.735044E-10   
  9720.0       9.661522E-10   
  9725.0       9.618467E-10   
  9730.0       9.584068E-10   
  9735.0       9.544119E-10   
  9740.0       9.429253E-10   
  9745.0       9.386353E-10   
  9750.0       9.375531E-10   
  9755.0       9.370467E-10   
  9760.0       9.454618E-10   
  9765.0       9.457788E-10   
  9770.0       9.447996E-10   
  9775.0       9.515212E-10   
  9780.0       9.549305E-10   
  9785.0       9.455954E-10   
  9790.0       9.396278E-10   
  9795.0       9.39597E-10    
  9800.0       9.409344E-10   
  9805.0       9.376289E-10   
  9810.0       9.358186E-10   
  9815.0       9.2531516E-10  
  9820.0       9.42447E-10    
  9825.0       9.417517E-10   
  9830.0       9.329983E-10   
  9835.0       9.289513E-10   
  9840.0       9.290406E-10   
  9845.0       9.356359E-10   
  9850.0       9.437531E-10   
  9855.0       9.2798796E-10  
  9860.0       9.2035735E-10  
  9865.0       9.319727E-10   
  9870.0       9.2472785E-10  
  9875.0       9.182216E-10   
  9880.0       9.119638E-10   
  9885.0       9.1541325E-10  
  9890.0       9.194671E-10   
  9895.0       9.081057E-10   
  9900.0       9.265521E-10   
  9905.0       9.233461E-10   
  9910.0       9.355071E-10   
  9915.0       9.2357283E-10  
  9920.0       9.176056E-10   
  9925.0       9.09189E-10    
  9930.0       9.010384E-10   
  9935.0       9.018782E-10   
  9940.0       8.8360513E-10  
  9945.0       9.0711344E-10  
  9950.0       9.0590446E-10  
  9955.0       9.157088E-10   
  9960.0       9.1070645E-10  
  9965.0       9.0954655E-10  
  9970.0       9.1603375E-10  
  9975.0       9.064637E-10   
  9980.0       8.936274E-10   
  9985.0       8.920605E-10   
  9990.0       8.9358554E-10  
  9995.0       8.948937E-10   
  10000.0      8.761369E-10   
  10005.0      8.7599183E-10  
  10010.0      8.7069135E-10  
  10015.0      8.74958E-10    
  10020.0      8.6731927E-10  
  10025.0      8.4339147E-10  
  10030.0      8.301023E-10   
  10035.0      8.0654505E-10  
  10040.0      7.9058243E-10  
  10045.0      7.6237094E-10  
  10050.0      7.3149936E-10  
  10055.0      7.451167E-10   
  10060.0      7.5857687E-10  
  10065.0      7.605588E-10   
  10070.0      7.998045E-10   
  10075.0      8.277923E-10   
  10080.0      8.598238E-10   
  10085.0      8.501032E-10   
  10090.0      8.4033513E-10  
  10095.0      8.515431E-10   
  10100.0      8.5278573E-10  
  10105.0      8.5239277E-10  
  10110.0      8.728637E-10   
  10115.0      8.8491786E-10  
  10120.0      8.7115826E-10  
  10125.0      8.4622764E-10  
  10130.0      8.41707E-10    
  10135.0      8.467268E-10   
  10140.0      8.737618E-10   
  10145.0      8.7661484E-10  
  10150.0      8.733654E-10   
  10155.0      8.697472E-10   
  10160.0      8.6713714E-10  
  10165.0      8.66525E-10    
  10170.0      8.678791E-10   
  10175.0      8.708062E-10   
  10180.0      8.748297E-10   
  10185.0      8.792883E-10   
  10190.0      8.829936E-10   
  10195.0      8.845561E-10   
  10200.0      8.826598E-10   
  10205.0      8.768806E-10   
  10210.0      8.691076E-10   
  10215.0      8.621203E-10   
  10220.0      8.586712E-10   
  10225.0      8.6033486E-10  
  10230.0      8.6559243E-10  
  10235.0      8.71754E-10    
  10240.0      8.7609686E-10  
  10245.0      8.76848E-10    
  10250.0      8.746657E-10   
  10255.0      8.7114765E-10  
  10260.0      8.6793106E-10  
  10265.0      8.660377E-10   
  10270.0      8.6488944E-10  
  10275.0      8.6329377E-10  
  10280.0      8.6006324E-10  
  10285.0      8.545786E-10   
  10290.0      8.4773477E-10  
  10295.0      8.4100343E-10  
  10300.0      8.3586466E-10  
  10305.0      8.3329105E-10  
  10310.0      8.329444E-10   
  10315.0      8.339937E-10   
  10320.0      8.35566E-10    
  10325.0      8.3697166E-10  
  10330.0      8.380053E-10   
  10335.0      8.3864626E-10  
  10340.0      8.3889273E-10  
  10345.0      8.3885093E-10  
  10350.0      8.3887847E-10  
  10355.0      8.3942336E-10  
  10360.0      8.409289E-10   
  10365.0      8.435041E-10   
  10370.0      8.464616E-10   
  10375.0      8.4879515E-10  
  10380.0      8.494912E-10   
  10385.0      8.478763E-10   
  10390.0      8.4412244E-10  
  10395.0      8.3871815E-10  
  10400.0      8.322073E-10   
  10405.0      8.2518975E-10  
  10410.0      8.184368E-10   
  10415.0      8.127848E-10   
  10420.0      8.090259E-10   
  10425.0      8.0748297E-10  
  10430.0      8.0725204E-10  
  10435.0      8.0695295E-10  
  10440.0      8.0521373E-10  
  10445.0      8.0125245E-10  
  10450.0      7.95808E-10    
  10455.0      7.902023E-10   
  10460.0      7.8576534E-10  
  10465.0      7.8335793E-10  
  10470.0      7.826133E-10   
  10475.0      7.8268586E-10  
  10480.0      7.8271134E-10  
  10485.0      7.8206874E-10  
  10490.0      7.807673E-10   
  10495.0      7.7906187E-10  
  10500.0      7.7722045E-10  
  10505.0      7.754254E-10   
  10510.0      7.73614E-10    
  10515.0      7.716353E-10   
  10520.0      7.6936163E-10  
  10525.0      7.669644E-10   
  10530.0      7.6540035E-10  
  10535.0      7.6592777E-10  
  10540.0      7.6974793E-10  
  10545.0      7.771618E-10   
  10550.0      7.861517E-10   
  10555.0      7.937949E-10   
  10560.0      7.972007E-10   
  10565.0      7.946425E-10   
  10570.0      7.874226E-10   
  10575.0      7.780062E-10   
  10580.0      7.689156E-10   
  10585.0      7.6210216E-10  
  10590.0      7.5802087E-10  
  10595.0      7.565475E-10   
  10600.0      7.574993E-10   
  10605.0      7.606094E-10   
  10610.0      7.65399E-10    
  10615.0      7.713171E-10   
  10620.0      5.824835E-10   
