# WAVELENGTH   FLUX           
  1150.0       8.797398E-12   
  1155.0       8.720237E-12   
  1160.0       4.8213105E-12  
  1165.0       3.104548E-12   
  1170.0       3.1326185E-12  
  1175.0       2.916828E-12   
  1180.0       1.70971E-12    
  1185.0       1.2195565E-12  
  1190.0       9.115247E-13   
  1195.0       5.020683E-12   
  1200.0       2.4772915E-11  
  1205.0       1.1551685E-10  
  1210.0       2.6958405E-10  
  1215.0       3.0338554E-10  
  1220.0       1.5577997E-10  
  1225.0       3.518063E-11   
  1230.0       4.881143E-12   
  1235.0       1.8846404E-12  
  1240.0       1.7654274E-12  
  1245.0       1.4063751E-12  
  1250.0       8.900522E-13   
  1255.0       5.416E-13      
  1260.0       5.358793E-13   
  1265.0       5.354082E-13   
  1270.0       5.918794E-13   
  1275.0       8.603707E-13   
  1280.0       1.0603882E-12  
  1285.0       9.093563E-13   
  1290.0       6.728977E-13   
  1295.0       8.1379684E-13  
  1300.0       1.5678554E-12  
  1305.0       1.9423792E-12  
  1310.0       1.0150357E-12  
  1315.0       4.9290796E-13  
  1320.0       3.98762E-13    
  1325.0       6.2442206E-13  
  1330.0       1.4251302E-12  
  1335.0       2.3271613E-12  
  1340.0       1.0841688E-12  
  1345.0       2.8294324E-13  
  1350.0       1.177355E-13   
  1355.0       4.4032494E-13  
  1360.0       6.3173387E-13  
  1365.0       5.8388683E-13  
  1370.0       4.649853E-13   
  1375.0       5.063414E-13   
  1380.0       4.4224647E-13  
  1385.0       4.606802E-13   
  1390.0       9.101024E-13   
  1395.0       1.4165709E-12  
  1400.0       1.3477784E-12  
  1405.0       1.346255E-12   
  1410.0       8.7964575E-13  
  1415.0       5.1252877E-13  
  1420.0       5.1329514E-13  
  1425.0       7.795054E-13   
  1430.0       9.517695E-13   
  1435.0       7.192123E-13   
  1440.0       8.108074E-13   
  1445.0       1.1109761E-12  
  1450.0       1.2256431E-12  
  1455.0       1.0564394E-12  
  1460.0       7.0474713E-13  
  1465.0       1.0244483E-12  
  1470.0       1.4359486E-12  
  1475.0       1.1122679E-12  
  1480.0       9.602562E-13   
  1485.0       1.6043844E-12  
  1490.0       1.8419322E-12  
  1495.0       1.7317644E-12  
  1500.0       1.3452534E-12  
  1505.0       1.1489555E-12  
  1510.0       1.351052E-12   
  1515.0       1.2387515E-12  
  1520.0       1.2329484E-12  
  1525.0       1.3749983E-12  
  1530.0       2.0465615E-12  
  1535.0       1.9901461E-12  
  1540.0       1.91892E-12    
  1545.0       3.647305E-12   
  1550.0       4.1375557E-12  
  1555.0       2.105284E-12   
  1560.0       1.2808302E-12  
  1565.0       1.2246678E-12  
  1570.0       1.064482E-12   
  1575.0       1.3325944E-12  
  1580.0       1.469929E-12   
  1585.0       1.2294741E-12  
  1590.0       8.9993806E-13  
  1595.0       9.683435E-13   
  1600.0       1.2226025E-12  
  1605.0       1.2228317E-12  
  1610.0       1.0362109E-12  
  1615.0       1.0326634E-12  
  1620.0       1.064145E-12   
  1625.0       1.4344346E-12  
  1630.0       1.8876777E-12  
  1635.0       2.379454E-12   
  1640.0       2.5695197E-12  
  1645.0       1.729345E-12   
  1650.0       1.9452376E-12  
  1655.0       3.232143E-12   
  1660.0       3.3086398E-12  
  1665.0       2.2322613E-12  
  1670.0       1.819901E-12   
  1675.0       1.6143333E-12  
  1680.0       1.6757538E-12  
  1685.0       1.7634365E-12  
  1690.0       1.9596662E-12  
  1695.0       2.1726715E-12  
  1700.0       2.4401507E-12  
  1705.0       2.6157173E-12  
  1710.0       2.5198734E-12  
  1715.0       2.5843596E-12  
  1720.0       2.4607868E-12  
  1725.0       2.4645724E-12  
  1730.0       2.6717346E-12  
  1735.0       2.8864942E-12  
  1740.0       3.0586213E-12  
  1745.0       3.3230018E-12  
  1750.0       3.6958626E-12  
  1755.0       4.00953E-12    
  1760.0       4.062017E-12   
  1765.0       3.9753973E-12  
  1770.0       4.2511606E-12  
  1775.0       4.399507E-12   
  1780.0       4.34169E-12    
  1785.0       4.0071093E-12  
  1790.0       3.3255414E-12  
  1795.0       4.210842E-12   
  1800.0       5.22E-12       
  1805.0       6.6483264E-12  
  1810.0       7.976118E-12   
  1815.0       9.1812885E-12  
  1820.0       8.918423E-12   
  1825.0       7.071883E-12   
  1830.0       6.4279294E-12  
  1835.0       6.556122E-12   
  1840.0       6.408227E-12   
  1845.0       5.9437806E-12  
  1850.0       6.08721E-12    
  1855.0       6.524565E-12   
  1860.0       6.9638544E-12  
  1865.0       7.8650446E-12  
  1870.0       8.696508E-12   
  1875.0       8.512352E-12   
  1880.0       8.703307E-12   
  1885.0       8.9858745E-12  
  1890.0       9.4839865E-12  
  1895.0       9.603633E-12   
  1900.0       9.542798E-12   
  1905.0       9.649651E-12   
  1910.0       9.923091E-12   
  1915.0       1.0247343E-11  
  1920.0       1.050693E-11   
  1925.0       1.0286234E-11  
  1930.0       9.527161E-12   
  1935.0       1.000413E-11   
  1940.0       1.1892633E-11  
  1945.0       1.3524056E-11  
  1950.0       1.777251E-11   
  1955.0       2.8135494E-11  
  1960.0       2.3740442E-11  
  1965.0       2.2936979E-11  
  1970.0       2.9146286E-11  
  1975.0       2.3945906E-11  
  1980.0       2.6483487E-11  
  1985.0       2.6500644E-11  
  1990.0       2.2270116E-11  
  1995.0       3.3221474E-11  
  2000.0       3.2147437E-11  
  2005.0       2.5956515E-11  
  2010.0       2.0949091E-11  
  2015.0       2.3085572E-11  
  2020.0       2.8570032E-11  
  2025.0       2.3798722E-11  
  2030.0       2.283795E-11   
  2035.0       3.1725532E-11  
  2040.0       3.972868E-11   
  2045.0       4.2329446E-11  
  2050.0       4.4074574E-11  
  2055.0       3.4654737E-11  
  2060.0       3.520974E-11   
  2065.0       3.9153045E-11  
  2070.0       4.7478705E-11  
  2075.0       4.8613284E-11  
  2080.0       4.7828234E-11  
  2085.0       4.6504182E-11  
  2090.0       3.8043894E-11  
  2095.0       4.5282576E-11  
  2100.0       6.523789E-11   
  2105.0       7.155888E-11   
  2110.0       5.8389495E-11  
  2115.0       6.6574656E-11  
  2120.0       7.4409E-11     
  2125.0       6.1107404E-11  
  2130.0       5.4840674E-11  
  2135.0       6.3491455E-11  
  2140.0       7.1197444E-11  
  2145.0       6.9321944E-11  
  2150.0       7.651786E-11   
  2155.0       8.1112214E-11  
  2160.0       7.123101E-11   
  2165.0       6.518923E-11   
  2170.0       5.2126668E-11  
  2175.0       5.5754013E-11  
  2180.0       7.177705E-11   
  2185.0       1.0006793E-10  
  2190.0       1.1791616E-10  
  2195.0       1.2002004E-10  
  2200.0       1.06808014E-10 
  2205.0       8.6534765E-11  
  2210.0       7.601298E-11   
  2215.0       7.578755E-11   
  2220.0       9.0086764E-11  
  2225.0       9.5175354E-11  
  2230.0       8.6288796E-11  
  2235.0       9.4100186E-11  
  2240.0       1.0473354E-10  
  2245.0       1.1752085E-10  
  2250.0       1.151235E-10   
  2255.0       9.662932E-11   
  2260.0       8.280759E-11   
  2265.0       7.5867486E-11  
  2270.0       7.729255E-11   
  2275.0       7.412763E-11   
  2280.0       9.2610544E-11  
  2285.0       9.555171E-11   
  2290.0       8.7863404E-11  
  2295.0       9.522679E-11   
  2300.0       1.0271199E-10  
  2305.0       1.1457037E-10  
  2310.0       1.172659E-10   
  2315.0       1.098091E-10   
  2320.0       1.066581E-10   
  2325.0       1.2285516E-10  
  2330.0       1.1613463E-10  
  2335.0       9.8770464E-11  
  2340.0       9.5267905E-11  
  2345.0       8.821029E-11   
  2350.0       8.935776E-11   
  2355.0       9.996234E-11   
  2360.0       1.0891293E-10  
  2365.0       1.2000044E-10  
  2370.0       1.3457646E-10  
  2375.0       1.3265335E-10  
  2380.0       1.0795902E-10  
  2385.0       9.294965E-11   
  2390.0       9.463063E-11   
  2395.0       9.436208E-11   
  2400.0       7.8089785E-11  
  2405.0       8.23327E-11    
  2410.0       8.2431506E-11  
  2415.0       9.306016E-11   
  2420.0       1.1900161E-10  
  2425.0       1.3323698E-10  
  2430.0       1.2153506E-10  
  2435.0       1.1782697E-10  
  2440.0       1.2202822E-10  
  2445.0       1.1787987E-10  
  2450.0       1.1537313E-10  
  2455.0       1.2595514E-10  
  2460.0       1.1477114E-10  
  2465.0       1.0428738E-10  
  2470.0       1.0647021E-10  
  2475.0       1.0528275E-10  
  2480.0       9.3889826E-11  
  2485.0       8.262324E-11   
  2490.0       9.0098026E-11  
  2495.0       1.0698378E-10  
  2500.0       1.2195338E-10  
  2505.0       1.19456E-10    
  2510.0       1.1180629E-10  
  2515.0       1.06802026E-10 
  2520.0       1.0528941E-10  
  2525.0       1.0610712E-10  
  2530.0       1.1639875E-10  
  2535.0       1.14990906E-10 
  2540.0       1.1651351E-10  
  2545.0       1.2549997E-10  
  2550.0       1.3557998E-10  
  2555.0       1.4560582E-10  
  2560.0       1.6503941E-10  
  2565.0       1.9066479E-10  
  2570.0       1.8711109E-10  
  2575.0       1.7686567E-10  
  2580.0       2.0266475E-10  
  2585.0       2.2108343E-10  
  2590.0       2.1733478E-10  
  2595.0       2.0132095E-10  
  2600.0       1.9187918E-10  
  2605.0       1.905712E-10   
  2610.0       1.8687955E-10  
  2615.0       1.9005979E-10  
  2620.0       1.9399772E-10  
  2625.0       2.0433256E-10  
  2630.0       2.2519958E-10  
  2635.0       2.8238778E-10  
  2640.0       3.595869E-10   
  2645.0       3.8824932E-10  
  2650.0       3.850855E-10   
  2655.0       4.0365825E-10  
  2660.0       4.175852E-10   
  2665.0       4.0395187E-10  
  2670.0       4.0172712E-10  
  2675.0       4.0810055E-10  
  2680.0       4.0625991E-10  
  2685.0       3.927061E-10   
  2690.0       3.8612255E-10  
  2695.0       3.9686282E-10  
  2700.0       4.3155102E-10  
  2705.0       4.3175916E-10  
  2710.0       4.0787473E-10  
  2715.0       3.6969142E-10  
  2720.0       3.2263364E-10  
  2725.0       3.2323627E-10  
  2730.0       3.516596E-10   
  2735.0       3.254399E-10   
  2740.0       2.6151664E-10  
  2745.0       2.4114996E-10  
  2750.0       2.585496E-10   
  2755.0       3.06836E-10    
  2760.0       3.6220757E-10  
  2765.0       3.9799095E-10  
  2770.0       4.093454E-10   
  2775.0       3.951478E-10   
  2780.0       3.399658E-10   
  2785.0       2.8370598E-10  
  2790.0       2.4769256E-10  
  2795.0       2.2547136E-10  
  2800.0       2.1814016E-10  
  2805.0       2.34734E-10    
  2810.0       2.9810254E-10  
  2815.0       4.039431E-10   
  2820.0       4.6428306E-10  
  2825.0       4.987756E-10   
  2830.0       5.3096416E-10  
  2835.0       5.2745425E-10  
  2840.0       4.803221E-10   
  2845.0       4.0945083E-10  
  2850.0       3.312926E-10   
  2855.0       3.346745E-10   
  2860.0       4.4974294E-10  
  2865.0       5.504227E-10   
  2870.0       5.828696E-10   
  2875.0       5.708665E-10   
  2880.0       5.320804E-10   
  2885.0       5.701587E-10   
  2890.0       6.7998995E-10  
  2895.0       8.1050106E-10  
  2900.0       9.583215E-10   
  2905.0       1.0585467E-9   
  2910.0       1.0757814E-9   
  2915.0       1.0285669E-9   
  2920.0       9.425579E-10   
  2925.0       9.0526275E-10  
  2930.0       9.263065E-10   
  2935.0       9.182036E-10   
  2940.0       8.701945E-10   
  2945.0       8.5106505E-10  
  2950.0       8.7404917E-10  
  2955.0       9.396967E-10   
  2960.0       9.408783E-10   
  2965.0       8.616878E-10   
  2970.0       8.018831E-10   
  2975.0       8.552035E-10   
  2980.0       8.393992E-10   
  2985.0       7.5358986E-10  
  2990.0       7.7820167E-10  
  2995.0       7.665364E-10   
  3000.0       7.0544254E-10  
  3005.0       6.8454964E-10  
  3010.0       7.1825823E-10  
  3015.0       7.3869305E-10  
  3020.0       7.333758E-10   
  3025.0       8.2638785E-10  
  3030.0       9.506819E-10   
  3035.0       9.705754E-10   
  3040.0       9.397793E-10   
  3045.0       9.491974E-10   
  3050.0       9.726736E-10   
  3055.0       9.382026E-10   
  3060.0       8.98592E-10    
  3065.0       9.2862784E-10  
  3070.0       9.757637E-10   
  3075.0       1.001686E-9    
  3080.0       1.0133502E-9   
  3085.0       9.921186E-10   
  3090.0       9.418977E-10   
  3095.0       9.022693E-10   
  3100.0       9.699025E-10   
  3105.0       1.1504145E-9   
  3110.0       1.2321111E-9   
  3115.0       1.1408374E-9   
  3120.0       1.0986935E-9   
  3125.0       1.1476957E-9   
  3130.0       1.217139E-9    
  3135.0       1.2531537E-9   
  3140.0       1.2066612E-9   
  3145.0       1.1073383E-9   
  3150.0       1.1436834E-9   
  3155.0       1.0962181E-9   
  3160.0       9.596133E-10   
  3165.0       1.0170897E-9   
  3170.0       1.1319631E-9   
  3175.0       1.1840269E-9   
  3180.0       1.1272301E-9   
  3185.0       1.0788681E-9   
  3190.0       1.0980009E-9   
  3195.0       1.0995157E-9   
  3200.0       1.0699295E-9   
  3205.0       1.0694847E-9   
  3210.0       1.0466121E-9   
  3215.0       1.0120035E-9   
  3220.0       9.751617E-10   
  3225.0       9.450887E-10   
  3230.0       9.44525E-10    
  3235.0       9.876842E-10   
  3240.0       1.0527677E-9   
  3245.0       1.1164805E-9   
  3250.0       1.1869326E-9   
  3255.0       1.2734973E-9   
  3260.0       1.3564819E-9   
  3265.0       1.407951E-9    
  3270.0       1.4103065E-9   
  3275.0       1.3727962E-9   
  3280.0       1.361594E-9    
  3285.0       1.4262047E-9   
  3290.0       1.5167964E-9   
  3295.0       1.5651982E-9   
  3300.0       1.5563326E-9   
  3305.0       1.5069478E-9   
  3310.0       1.4603053E-9   
  3315.0       1.4465602E-9   
  3320.0       1.4384415E-9   
  3325.0       1.4085375E-9   
  3330.0       1.3854536E-9   
  3335.0       1.4008776E-9   
  3340.0       1.4371243E-9   
  3345.0       1.4623179E-9   
  3350.0       1.4587761E-9   
  3355.0       1.4230934E-9   
  3360.0       1.3742525E-9   
  3365.0       1.3397693E-9   
  3370.0       1.3465803E-9   
  3375.0       1.4033051E-9   
  3380.0       1.4723968E-9   
  3385.0       1.516032E-9    
  3390.0       1.5407283E-9   
  3395.0       1.5608618E-9   
  3400.0       1.5672269E-9   
  3405.0       1.5538225E-9   
  3410.0       1.5467272E-9   
  3415.0       1.5662696E-9   
  3420.0       1.5852013E-9   
  3425.0       1.5680868E-9   
  3430.0       1.5075864E-9   
  3435.0       1.421272E-9    
  3440.0       1.3615155E-9   
  3445.0       1.3702922E-9   
  3450.0       1.4280527E-9   
  3455.0       1.4929794E-9   
  3460.0       1.527704E-9    
  3465.0       1.5143858E-9   
  3470.0       1.4796682E-9   
  3475.0       1.4549488E-9   
  3480.0       1.4410809E-9   
  3485.0       1.4354612E-9   
  3490.0       1.4570668E-9   
  3495.0       1.5214979E-9   
  3500.0       1.6118213E-9   
  3505.0       1.6824636E-9   
  3510.0       1.6578449E-9   
  3515.0       1.6730125E-9   
  3520.0       1.6105602E-9   
  3525.0       1.592989E-9    
  3530.0       1.7611894E-9   
  3535.0       1.8848074E-9   
  3540.0       1.918638E-9    
  3545.0       1.9263626E-9   
  3550.0       1.8776678E-9   
  3555.0       1.7455454E-9   
  3560.0       1.6482494E-9   
  3565.0       1.5089726E-9   
  3570.0       1.4329973E-9   
  3575.0       1.4166714E-9   
  3580.0       1.3345953E-9   
  3585.0       1.3572975E-9   
  3590.0       1.564936E-9    
  3595.0       1.7643114E-9   
  3600.0       1.7933658E-9   
  3605.0       1.63326E-9     
  3610.0       1.5530118E-9   
  3615.0       1.553575E-9    
  3620.0       1.6679376E-9   
  3625.0       1.9029165E-9   
  3630.0       1.7848412E-9   
  3635.0       1.7691547E-9   
  3640.0       1.8776347E-9   
  3645.0       1.7657358E-9   
  3650.0       1.888235E-9    
  3655.0       2.2252433E-9   
  3660.0       2.281857E-9    
  3665.0       2.163574E-9    
  3670.0       2.168176E-9    
  3675.0       2.1370512E-9   
  3680.0       1.9828665E-9   
  3685.0       1.9479125E-9   
  3690.0       2.0787652E-9   
  3695.0       2.2361377E-9   
  3700.0       2.2358206E-9   
  3705.0       1.9502837E-9   
  3710.0       1.971523E-9    
  3715.0       2.0664872E-9   
  3720.0       1.8064423E-9   
  3725.0       1.8389965E-9   
  3730.0       1.7419952E-9   
  3735.0       1.4674022E-9   
  3740.0       1.5571696E-9   
  3745.0       1.5108746E-9   
  3750.0       1.5642848E-9   
  3755.0       1.8622556E-9   
  3760.0       1.8087196E-9   
  3765.0       1.8466351E-9   
  3770.0       2.0796007E-9   
  3775.0       2.3521978E-9   
  3780.0       2.5005302E-9   
  3785.0       2.3828703E-9   
  3790.0       2.111824E-9    
  3795.0       1.9572857E-9   
  3800.0       2.069287E-9    
  3805.0       2.2854474E-9   
  3810.0       2.2751354E-9   
  3815.0       1.9469928E-9   
  3820.0       1.6300868E-9   
  3825.0       1.3816742E-9   
  3830.0       1.2516901E-9   
  3835.0       1.219309E-9    
  3840.0       1.4473461E-9   
  3845.0       1.8332563E-9   
  3850.0       1.9239181E-9   
  3855.0       1.8098427E-9   
  3860.0       1.7425166E-9   
  3865.0       1.9027726E-9   
  3870.0       1.8343255E-9   
  3875.0       1.823504E-9    
  3880.0       1.8043907E-9   
  3885.0       1.7539785E-9   
  3890.0       1.875917E-9    
  3895.0       2.1258069E-9   
  3900.0       2.1628785E-9   
  3905.0       2.1851152E-9   
  3910.0       2.339158E-9    
  3915.0       2.337084E-9    
  3920.0       2.087991E-9    
  3925.0       1.7000373E-9   
  3930.0       1.2648669E-9   
  3935.0       1.1069609E-9   
  3940.0       1.3590259E-9   
  3945.0       1.7344584E-9   
  3950.0       2.0645134E-9   
  3955.0       2.154072E-9    
  3960.0       1.9187694E-9   
  3965.0       1.5339284E-9   
  3970.0       1.4276019E-9   
  3975.0       1.7923644E-9   
  3980.0       2.253946E-9    
  3985.0       2.5963747E-9   
  3990.0       2.8607692E-9   
  3995.0       2.9984848E-9   
  4000.0       3.0502085E-9   
  4005.0       3.072756E-9    
  4010.0       3.1481866E-9   
  4015.0       3.2273777E-9   
  4020.0       3.2736873E-9   
  4025.0       3.2535832E-9   
  4030.0       3.13654E-9     
  4035.0       3.0964131E-9   
  4040.0       3.0866287E-9   
  4045.0       3.0074276E-9   
  4050.0       3.0790985E-9   
  4055.0       3.0303406E-9   
  4060.0       2.9237135E-9   
  4065.0       2.8805585E-9   
  4070.0       2.9228688E-9   
  4075.0       3.0017566E-9   
  4080.0       3.1261358E-9   
  4085.0       3.2811878E-9   
  4090.0       3.3210747E-9   
  4095.0       3.1821992E-9   
  4100.0       2.9872271E-9   
  4105.0       3.0221976E-9   
  4110.0       3.1791112E-9   
  4115.0       3.293089E-9    
  4120.0       3.3190612E-9   
  4125.0       3.2814296E-9   
  4130.0       3.2077372E-9   
  4135.0       3.1997573E-9   
  4140.0       3.196072E-9    
  4145.0       3.1795435E-9   
  4150.0       3.221958E-9    
  4155.0       3.24735E-9     
  4160.0       3.3197867E-9   
  4165.0       3.3426768E-9   
  4170.0       3.261884E-9    
  4175.0       3.1795078E-9   
  4180.0       3.1624394E-9   
  4185.0       3.1301874E-9   
  4190.0       3.1240275E-9   
  4195.0       3.1051635E-9   
  4200.0       3.0929361E-9   
  4205.0       3.2093892E-9   
  4210.0       3.337805E-9    
  4215.0       3.3530363E-9   
  4220.0       3.2635583E-9   
  4225.0       3.062134E-9    
  4230.0       3.0458434E-9   
  4235.0       3.0514158E-9   
  4240.0       3.0954639E-9   
  4245.0       3.1606107E-9   
  4250.0       3.1512697E-9   
  4255.0       3.1800145E-9   
  4260.0       3.170753E-9    
  4265.0       3.1287792E-9   
  4270.0       2.986009E-9    
  4275.0       2.9609974E-9   
  4280.0       3.0416014E-9   
  4285.0       3.030795E-9    
  4290.0       2.9388465E-9   
  4295.0       2.754476E-9    
  4300.0       2.483046E-9    
  4305.0       2.330929E-9    
  4310.0       2.3850244E-9   
  4315.0       2.7712794E-9   
  4320.0       3.0711476E-9   
  4325.0       3.1038045E-9   
  4330.0       3.2589087E-9   
  4335.0       3.2605194E-9   
  4340.0       3.1119898E-9   
  4345.0       3.1851055E-9   
  4350.0       3.2923322E-9   
  4355.0       3.3865808E-9   
  4360.0       3.5016665E-9   
  4365.0       3.5666332E-9   
  4370.0       3.4737038E-9   
  4375.0       3.3202279E-9   
  4380.0       3.169631E-9    
  4385.0       3.0399672E-9   
  4390.0       3.1335528E-9   
  4395.0       3.2459937E-9   
  4400.0       3.3032204E-9   
  4405.0       3.3182708E-9   
  4410.0       3.4537666E-9   
  4415.0       3.5331256E-9   
  4420.0       3.581703E-9    
  4425.0       3.6092733E-9   
  4430.0       3.6070482E-9   
  4435.0       3.609531E-9    
  4440.0       3.6794419E-9   
  4445.0       3.6901537E-9   
  4450.0       3.6552295E-9   
  4455.0       3.5453627E-9   
  4460.0       3.5059582E-9   
  4465.0       3.5949081E-9   
  4470.0       3.6847558E-9   
  4475.0       3.7894E-9      
  4480.0       3.819558E-9    
  4485.0       3.870441E-9    
  4490.0       3.8855177E-9   
  4495.0       3.9062615E-9   
  4500.0       3.989971E-9    
  4505.0       4.087085E-9    
  4510.0       4.1045762E-9   
  4515.0       4.05058E-9     
  4520.0       3.972413E-9    
  4525.0       3.8253547E-9   
  4530.0       3.7201617E-9   
  4535.0       3.760943E-9    
  4540.0       3.831415E-9    
  4545.0       3.816402E-9    
  4550.0       3.809991E-9    
  4555.0       3.8868295E-9   
  4560.0       3.9780823E-9   
  4565.0       4.0035317E-9   
  4570.0       4.0440598E-9   
  4575.0       4.0457544E-9   
  4580.0       3.9603436E-9   
  4585.0       3.8832644E-9   
  4590.0       3.8598826E-9   
  4595.0       3.8503902E-9   
  4600.0       3.8903365E-9   
  4605.0       3.978474E-9    
  4610.0       4.0620565E-9   
  4615.0       4.10059E-9     
  4620.0       4.12614E-9     
  4625.0       4.104976E-9    
  4630.0       4.051507E-9    
  4635.0       3.977436E-9    
  4640.0       3.9416554E-9   
  4645.0       3.9461665E-9   
  4650.0       3.935221E-9    
  4655.0       3.927018E-9    
  4660.0       3.911795E-9    
  4665.0       3.8109946E-9   
  4670.0       3.770082E-9    
  4675.0       3.8241286E-9   
  4680.0       3.843148E-9    
  4685.0       3.8727275E-9   
  4690.0       3.8720085E-9   
  4695.0       3.8357033E-9   
  4700.0       3.7452894E-9   
  4705.0       3.6826227E-9   
  4710.0       3.7071761E-9   
  4715.0       3.8028363E-9   
  4720.0       3.9210724E-9   
  4725.0       3.946825E-9    
  4730.0       3.8700363E-9   
  4735.0       3.8310377E-9   
  4740.0       3.8613543E-9   
  4745.0       3.942326E-9    
  4750.0       3.9843706E-9   
  4755.0       3.985852E-9    
  4760.0       3.9328E-9      
  4765.0       3.8304613E-9   
  4770.0       3.845561E-9    
  4775.0       3.933324E-9    
  4780.0       3.9886823E-9   
  4785.0       3.986454E-9    
  4790.0       4.016013E-9    
  4795.0       4.0513157E-9   
  4800.0       4.0110444E-9   
  4805.0       3.983612E-9    
  4810.0       3.9922265E-9   
  4815.0       4.0103907E-9   
  4820.0       3.9978327E-9   
  4825.0       3.950945E-9    
  4830.0       3.9035397E-9   
  4835.0       3.8935344E-9   
  4840.0       3.8950523E-9   
  4845.0       3.88511E-9     
  4850.0       3.822492E-9    
  4855.0       3.6640513E-9   
  4860.0       3.437076E-9    
  4865.0       3.3679313E-9   
  4870.0       3.466834E-9    
  4875.0       3.5725873E-9   
  4880.0       3.7079786E-9   
  4885.0       3.7585024E-9   
  4890.0       3.7378327E-9   
  4895.0       3.828506E-9    
  4900.0       3.906816E-9    
  4905.0       3.8764445E-9   
  4910.0       3.8613774E-9   
  4915.0       3.8190353E-9   
  4920.0       3.741305E-9    
  4925.0       3.741759E-9    
  4930.0       3.833772E-9    
  4935.0       3.840128E-9    
  4940.0       3.841463E-9    
  4945.0       3.900405E-9    
  4950.0       3.9205545E-9   
  4955.0       3.9106456E-9   
  4960.0       3.8683394E-9   
  4965.0       3.926322E-9    
  4970.0       3.933818E-9    
  4975.0       3.9298187E-9   
  4980.0       3.8620587E-9   
  4985.0       3.7428207E-9   
  4990.0       3.7594106E-9   
  4995.0       3.7750674E-9   
  5000.0       3.6808292E-9   
  5005.0       3.5926786E-9   
  5010.0       3.6183991E-9   
  5015.0       3.6252779E-9   
  5020.0       3.6210013E-9   
  5025.0       3.6762613E-9   
  5030.0       3.720418E-9    
  5035.0       3.7314454E-9   
  5040.0       3.662664E-9    
  5045.0       3.6610646E-9   
  5050.0       3.7338364E-9   
  5055.0       3.7762513E-9   
  5060.0       3.838881E-9    
  5065.0       3.830334E-9    
  5070.0       3.7594585E-9   
  5075.0       3.745429E-9    
  5080.0       3.7138896E-9   
  5085.0       3.7359675E-9   
  5090.0       3.815641E-9    
  5095.0       3.828018E-9    
  5100.0       3.751436E-9    
  5105.0       3.74373E-9     
  5110.0       3.760636E-9    
  5115.0       3.8215533E-9   
  5120.0       3.837336E-9    
  5125.0       3.7759116E-9   
  5130.0       3.7209311E-9   
  5135.0       3.6882963E-9   
  5140.0       3.6324943E-9   
  5145.0       3.599216E-9    
  5150.0       3.6148426E-9   
  5155.0       3.6312426E-9   
  5160.0       3.5728456E-9   
  5165.0       3.369263E-9    
  5170.0       3.1241258E-9   
  5175.0       3.1068628E-9   
  5180.0       3.2268686E-9   
  5185.0       3.205141E-9    
  5190.0       3.3112624E-9   
  5195.0       3.4249799E-9   
  5200.0       3.5183476E-9   
  5205.0       3.5550975E-9   
  5210.0       3.58037E-9     
  5215.0       3.6429872E-9   
  5220.0       3.6912473E-9   
  5225.0       3.6605872E-9   
  5230.0       3.6043306E-9   
  5235.0       3.6744963E-9   
  5240.0       3.765022E-9    
  5245.0       3.8148986E-9   
  5250.0       3.8253307E-9   
  5255.0       3.793502E-9    
  5260.0       3.7115147E-9   
  5265.0       3.5061216E-9   
  5270.0       3.37571E-9     
  5275.0       3.4717005E-9   
  5280.0       3.6200298E-9   
  5285.0       3.6996872E-9   
  5290.0       3.81043E-9     
  5295.0       3.814461E-9    
  5300.0       3.7543404E-9   
  5305.0       3.7752406E-9   
  5310.0       3.8275965E-9   
  5315.0       3.8443027E-9   
  5320.0       3.8108166E-9   
  5325.0       3.681042E-9    
  5330.0       3.5809038E-9   
  5335.0       3.6555976E-9   
  5340.0       3.6909842E-9   
  5345.0       3.724898E-9    
  5350.0       3.7809342E-9   
  5355.0       3.848064E-9    
  5360.0       3.8710137E-9   
  5365.0       3.7816172E-9   
  5370.0       3.6805028E-9   
  5375.0       3.7120194E-9   
  5380.0       3.758156E-9    
  5385.0       3.7692502E-9   
  5390.0       3.767408E-9    
  5395.0       3.6755274E-9   
  5400.0       3.5998036E-9   
  5405.0       3.537543E-9    
  5410.0       3.536734E-9    
  5415.0       3.6173882E-9   
  5420.0       3.6814023E-9   
  5425.0       3.6837817E-9   
  5430.0       3.6743153E-9   
  5435.0       3.6747698E-9   
  5440.0       3.702003E-9    
  5445.0       3.6912897E-9   
  5450.0       3.6984718E-9   
  5455.0       3.735952E-9    
  5460.0       3.755678E-9    
  5465.0       3.7251475E-9   
  5470.0       3.704152E-9    
  5475.0       3.6597392E-9   
  5480.0       3.6317376E-9   
  5485.0       3.6858472E-9   
  5490.0       3.7135497E-9   
  5495.0       3.723421E-9    
  5500.0       3.7144894E-9   
  5505.0       3.696161E-9    
  5510.0       3.689628E-9    
  5515.0       3.6707124E-9   
  5520.0       3.689874E-9    
  5525.0       3.6976304E-9   
  5530.0       3.6568875E-9   
  5535.0       3.6584393E-9   
  5540.0       3.6680332E-9   
  5545.0       3.6863E-9      
  5550.0       3.732133E-9    
  5555.0       3.7552876E-9   
  5560.0       3.721216E-9    
  5565.0       3.6612402E-9   
  5570.0       3.5960803E-9   
  5575.0       3.5687802E-9   
  5580.0       3.580808E-9    
  5585.0       3.5606715E-9   
  5590.0       3.4916345E-9   
  5595.0       3.4986656E-9   
  5600.0       3.513006E-9    
  5605.0       3.5373557E-9   
  5610.0       3.613201E-9    
  5615.0       3.6049104E-9   
  5620.0       3.559818E-9    
  5625.0       3.579506E-9    
  5630.0       3.6110717E-9   
  5635.0       3.6462457E-9   
  5640.0       3.6336596E-9   
  5645.0       3.6339272E-9   
  5650.0       3.6289196E-9   
  5655.0       3.59669E-9     
  5660.0       3.5453676E-9   
  5665.0       3.5438723E-9   
  5670.0       3.572985E-9    
  5675.0       3.5873413E-9   
  5680.0       3.577539E-9    
  5685.0       3.5251528E-9   
  5690.0       3.4894714E-9   
  5695.0       3.4994683E-9   
  5700.0       3.5234173E-9   
  5705.0       3.5060082E-9   
  5710.0       3.455446E-9    
  5715.0       3.458662E-9    
  5720.0       3.54225E-9     
  5725.0       3.603147E-9    
  5730.0       3.6245706E-9   
  5735.0       3.6190184E-9   
  5740.0       3.6136094E-9   
  5745.0       3.593723E-9    
  5750.0       3.5605026E-9   
  5755.0       3.5403094E-9   
  5760.0       3.5414056E-9   
  5765.0       3.553501E-9    
  5770.0       3.5767684E-9   
  5775.0       3.5756733E-9   
  5780.0       3.5632555E-9   
  5785.0       3.5104737E-9   
  5790.0       3.4944445E-9   
  5795.0       3.4940486E-9   
  5800.0       3.4979069E-9   
  5805.0       3.5241379E-9   
  5810.0       3.5433279E-9   
  5815.0       3.585819E-9    
  5820.0       3.6265355E-9   
  5825.0       3.631986E-9    
  5830.0       3.6148033E-9   
  5835.0       3.6216872E-9   
  5840.0       3.6316354E-9   
  5845.0       3.6305268E-9   
  5850.0       3.6194456E-9   
  5855.0       3.5697307E-9   
  5860.0       3.5227232E-9   
  5865.0       3.5426135E-9   
  5870.0       3.5780823E-9   
  5875.0       3.5896204E-9   
  5880.0       3.5265089E-9   
  5885.0       3.3935759E-9   
  5890.0       3.215455E-9    
  5895.0       3.1329765E-9   
  5900.0       3.248077E-9    
  5905.0       3.4253058E-9   
  5910.0       3.4929488E-9   
  5915.0       3.5121857E-9   
  5920.0       3.5123588E-9   
  5925.0       3.507256E-9    
  5930.0       3.4721326E-9   
  5935.0       3.466619E-9    
  5940.0       3.4676042E-9   
  5945.0       3.4625713E-9   
  5950.0       3.4424894E-9   
  5955.0       3.4381218E-9   
  5960.0       3.4444922E-9   
  5965.0       3.458502E-9    
  5970.0       3.463608E-9    
  5975.0       3.4555254E-9   
  5980.0       3.4259924E-9   
  5985.0       3.422808E-9    
  5990.0       3.4314764E-9   
  5995.0       3.4371732E-9   
  6000.0       3.4238365E-9   
  6005.0       3.4034575E-9   
  6010.0       3.3862069E-9   
  6015.0       3.3690608E-9   
  6020.0       3.3414183E-9   
  6025.0       3.3644094E-9   
  6030.0       3.422761E-9    
  6035.0       3.4826853E-9   
  6040.0       3.4898455E-9   
  6045.0       3.4808934E-9   
  6050.0       3.46478E-9     
  6055.0       3.4342051E-9   
  6060.0       3.4227696E-9   
  6065.0       3.4124543E-9   
  6070.0       3.4251209E-9   
  6075.0       3.4240926E-9   
  6080.0       3.3962417E-9   
  6085.0       3.3776455E-9   
  6090.0       3.3479228E-9   
  6095.0       3.3119614E-9   
  6100.0       3.2880563E-9   
  6105.0       3.2892868E-9   
  6110.0       3.3494036E-9   
  6115.0       3.3938934E-9   
  6120.0       3.3475427E-9   
  6125.0       3.3127732E-9   
  6130.0       3.3006535E-9   
  6135.0       3.251008E-9    
  6140.0       3.2306482E-9   
  6145.0       3.2749117E-9   
  6150.0       3.3101057E-9   
  6155.0       3.2955383E-9   
  6160.0       3.2323033E-9   
  6165.0       3.184276E-9    
  6170.0       3.1949696E-9   
  6175.0       3.2541638E-9   
  6180.0       3.3179572E-9   
  6185.0       3.335269E-9    
  6190.0       3.3139032E-9   
  6195.0       3.3207301E-9   
  6200.0       3.3511274E-9   
  6205.0       3.3566216E-9   
  6210.0       3.355026E-9    
  6215.0       3.317582E-9    
  6220.0       3.296246E-9    
  6225.0       3.3010354E-9   
  6230.0       3.2864107E-9   
  6235.0       3.2768033E-9   
  6240.0       3.2813503E-9   
  6245.0       3.252931E-9    
  6250.0       3.2419607E-9   
  6255.0       3.2211844E-9   
  6260.0       3.221177E-9    
  6265.0       3.240147E-9    
  6270.0       3.268726E-9    
  6275.0       3.262043E-9    
  6280.0       3.2208591E-9   
  6285.0       3.2381022E-9   
  6290.0       3.2666063E-9   
  6295.0       3.259097E-9    
  6300.0       3.2333605E-9   
  6305.0       3.2285883E-9   
  6310.0       3.237234E-9    
  6315.0       3.1882443E-9   
  6320.0       3.161124E-9    
  6325.0       3.2110106E-9   
  6330.0       3.2411238E-9   
  6335.0       3.232388E-9    
  6340.0       3.205949E-9    
  6345.0       3.216358E-9    
  6350.0       3.2210965E-9   
  6355.0       3.2122036E-9   
  6360.0       3.1913174E-9   
  6365.0       3.1915568E-9   
  6370.0       3.222324E-9    
  6375.0       3.2444718E-9   
  6380.0       3.2412506E-9   
  6385.0       3.2293566E-9   
  6390.0       3.231078E-9    
  6395.0       3.2168324E-9   
  6400.0       3.1755447E-9   
  6405.0       3.1567327E-9   
  6410.0       3.13805E-9     
  6415.0       3.1231693E-9   
  6420.0       3.1242844E-9   
  6425.0       3.1418974E-9   
  6430.0       3.1693907E-9   
  6435.0       3.1615415E-9   
  6440.0       3.151147E-9    
  6445.0       3.150703E-9    
  6450.0       3.1322736E-9   
  6455.0       3.117329E-9    
  6460.0       3.1160226E-9   
  6465.0       3.1042238E-9   
  6470.0       3.1204048E-9   
  6475.0       3.1287442E-9   
  6480.0       3.1334537E-9   
  6485.0       3.1157974E-9   
  6490.0       3.0747238E-9   
  6495.0       2.9997071E-9   
  6500.0       3.0143357E-9   
  6505.0       3.1071736E-9   
  6510.0       3.1694416E-9   
  6515.0       3.185708E-9    
  6520.0       3.18031E-9     
  6525.0       3.1687566E-9   
  6530.0       3.1523582E-9   
  6535.0       3.1420702E-9   
  6540.0       3.1385958E-9   
  6545.0       3.1123693E-9   
  6550.0       3.0563567E-9   
  6555.0       2.9563783E-9   
  6560.0       2.7651752E-9   
  6565.0       2.6357265E-9   
  6570.0       2.7950129E-9   
  6575.0       2.95589E-9     
  6580.0       3.048368E-9    
  6585.0       3.0825202E-9   
  6590.0       3.0748417E-9   
  6595.0       3.0480924E-9   
  6600.0       3.0749931E-9   
  6605.0       3.0912348E-9   
  6610.0       3.0901188E-9   
  6615.0       3.1040412E-9   
  6620.0       3.113718E-9    
  6625.0       3.0995788E-9   
  6630.0       3.0618525E-9   
  6635.0       3.0283276E-9   
  6640.0       3.0217302E-9   
  6645.0       3.0160596E-9   
  6650.0       3.0299954E-9   
  6655.0       3.0481626E-9   
  6660.0       3.0473388E-9   
  6665.0       3.0293554E-9   
  6670.0       3.0319829E-9   
  6675.0       3.0158198E-9   
  6680.0       2.9927307E-9   
  6685.0       3.0148342E-9   
  6690.0       3.0373288E-9   
  6695.0       3.0388956E-9   
  6700.0       3.0373013E-9   
  6705.0       3.0268488E-9   
  6710.0       2.988326E-9    
  6715.0       2.945806E-9    
  6720.0       2.9221927E-9   
  6725.0       2.9431004E-9   
  6730.0       2.9686056E-9   
  6735.0       2.989794E-9    
  6740.0       2.996687E-9    
  6745.0       2.9853329E-9   
  6750.0       2.9664422E-9   
  6755.0       2.9622134E-9   
  6760.0       2.9734943E-9   
  6765.0       2.98211E-9     
  6770.0       2.9747107E-9   
  6775.0       2.9820246E-9   
  6780.0       2.9872973E-9   
  6785.0       2.9798657E-9   
  6790.0       2.9809535E-9   
  6795.0       2.986046E-9    
  6800.0       2.9828808E-9   
  6805.0       2.9694667E-9   
  6810.0       2.9534228E-9   
  6815.0       2.9469183E-9   
  6820.0       2.9425473E-9   
  6825.0       2.9366694E-9   
  6830.0       2.9172664E-9   
  6835.0       2.9031186E-9   
  6840.0       2.899653E-9    
  6845.0       2.8918723E-9   
  6850.0       2.8997404E-9   
  6855.0       2.9228284E-9   
  6860.0       2.949106E-9    
  6865.0       2.9655878E-9   
  6870.0       2.966754E-9    
  6875.0       2.9564549E-9   
  6880.0       2.944432E-9    
  6885.0       2.9391167E-9   
  6890.0       2.9425509E-9   
  6895.0       2.950617E-9    
  6900.0       2.9561473E-9   
  6905.0       2.9534242E-9   
  6910.0       2.9413203E-9   
  6915.0       2.9235723E-9   
  6920.0       2.906512E-9    
  6925.0       2.8929659E-9   
  6930.0       2.8839617E-9   
  6935.0       2.878135E-9    
  6940.0       2.873133E-9    
  6945.0       2.8681726E-9   
  6950.0       2.8648937E-9   
  6955.0       2.8656229E-9   
  6960.0       2.8716405E-9   
  6965.0       2.8802623E-9   
  6970.0       2.8830738E-9   
  6975.0       2.8551708E-9   
  6980.0       2.817604E-9    
  6985.0       2.835681E-9    
  6990.0       2.8471585E-9   
  6995.0       2.8496014E-9   
  7000.0       2.8385712E-9   
  7005.0       2.8262945E-9   
  7010.0       2.8252356E-9   
  7015.0       2.8162077E-9   
  7020.0       2.7901932E-9   
  7025.0       2.7727765E-9   
  7030.0       2.7693898E-9   
  7035.0       2.7731804E-9   
  7040.0       2.783022E-9    
  7045.0       2.806249E-9    
  7050.0       2.8177565E-9   
  7055.0       2.81729E-9     
  7060.0       2.8093008E-9   
  7065.0       2.8109939E-9   
  7070.0       2.821552E-9    
  7075.0       2.8515612E-9   
  7080.0       2.864473E-9    
  7085.0       2.8329206E-9   
  7090.0       2.8068594E-9   
  7095.0       2.802822E-9    
  7100.0       2.8108766E-9   
  7105.0       2.812139E-9    
  7110.0       2.8129639E-9   
  7115.0       2.81623E-9     
  7120.0       2.8171496E-9   
  7125.0       2.8165958E-9   
  7130.0       2.816423E-9    
  7135.0       2.816107E-9    
  7140.0       2.828389E-9    
  7145.0       2.819188E-9    
  7150.0       2.7971192E-9   
  7155.0       2.8047795E-9   
  7160.0       2.8185312E-9   
  7165.0       2.7922202E-9   
  7170.0       2.7720028E-9   
  7175.0       2.7678897E-9   
  7180.0       2.746493E-9    
  7185.0       2.7082003E-9   
  7190.0       2.673149E-9    
  7195.0       2.6840659E-9   
  7200.0       2.6803388E-9   
  7205.0       2.6630238E-9   
  7210.0       2.7079494E-9   
  7215.0       2.800566E-9    
  7220.0       2.8242517E-9   
  7225.0       2.8143383E-9   
  7230.0       2.8049285E-9   
  7235.0       2.7593567E-9   
  7240.0       2.7401892E-9   
  7245.0       2.731618E-9    
  7250.0       2.7445557E-9   
  7255.0       2.7215072E-9   
  7260.0       2.7543965E-9   
  7265.0       2.728612E-9    
  7270.0       2.7344091E-9   
  7275.0       2.7083564E-9   
  7280.0       2.671994E-9    
  7285.0       2.6881208E-9   
  7290.0       2.6285691E-9   
  7295.0       2.628143E-9    
  7300.0       2.6962248E-9   
  7305.0       2.6951954E-9   
  7310.0       2.6773528E-9   
  7315.0       2.680465E-9    
  7320.0       2.6942806E-9   
  7325.0       2.7068638E-9   
  7330.0       2.6984253E-9   
  7335.0       2.716063E-9    
  7340.0       2.7402762E-9   
  7345.0       2.74152E-9     
  7350.0       2.7145197E-9   
  7355.0       2.6895024E-9   
  7360.0       2.6782923E-9   
  7365.0       2.6804232E-9   
  7370.0       2.6848455E-9   
  7375.0       2.6928042E-9   
  7380.0       2.6795912E-9   
  7385.0       2.6425768E-9   
  7390.0       2.5925573E-9   
  7395.0       2.6073923E-9   
  7400.0       2.6349805E-9   
  7405.0       2.6289577E-9   
  7410.0       2.6064064E-9   
  7415.0       2.5929336E-9   
  7420.0       2.6022482E-9   
  7425.0       2.6066056E-9   
  7430.0       2.6351872E-9   
  7435.0       2.647292E-9    
  7440.0       2.648419E-9    
  7445.0       2.6109668E-9   
  7450.0       2.6036113E-9   
  7455.0       2.6349978E-9   
  7460.0       2.645303E-9    
  7465.0       2.6317604E-9   
  7470.0       2.6463578E-9   
  7475.0       2.640381E-9    
  7480.0       2.6274158E-9   
  7485.0       2.6196552E-9   
  7490.0       2.6085896E-9   
  7495.0       2.5634106E-9   
  7500.0       2.5690077E-9   
  7505.0       2.593858E-9    
  7510.0       2.5639035E-9   
  7515.0       2.553472E-9    
  7520.0       2.586191E-9    
  7525.0       2.5738016E-9   
  7530.0       2.5723745E-9   
  7535.0       2.5754554E-9   
  7540.0       2.5925502E-9   
  7545.0       2.5808833E-9   
  7550.0       2.5811788E-9   
  7555.0       2.5779558E-9   
  7560.0       2.5731146E-9   
  7565.0       2.5689932E-9   
  7570.0       2.5657865E-9   
  7575.0       2.5615814E-9   
  7580.0       2.557432E-9    
  7585.0       2.554583E-9    
  7590.0       2.5513973E-9   
  7595.0       2.5483367E-9   
  7600.0       2.54554E-9     
  7605.0       2.5434155E-9   
  7610.0       2.5409932E-9   
  7615.0       2.538658E-9    
  7620.0       2.5362952E-9   
  7625.0       2.5339106E-9   
  7630.0       2.531504E-9    
  7635.0       2.529071E-9    
  7640.0       2.5266087E-9   
  7645.0       2.5241358E-9   
  7650.0       2.5216356E-9   
  7655.0       2.5191267E-9   
  7660.0       2.5166143E-9   
  7665.0       2.5140807E-9   
  7670.0       2.5113847E-9   
  7675.0       2.5079914E-9   
  7680.0       2.5042577E-9   
  7685.0       2.5014666E-9   
  7690.0       2.4998228E-9   
  7695.0       2.4971343E-9   
  7700.0       2.4933844E-9   
  7705.0       2.489629E-9    
  7710.0       2.4855467E-9   
  7715.0       2.482586E-9    
  7720.0       2.4801916E-9   
  7725.0       2.47777E-9     
  7730.0       2.4788798E-9   
  7735.0       2.493735E-9    
  7740.0       2.4962328E-9   
  7745.0       2.4670366E-9   
  7750.0       2.4370828E-9   
  7755.0       2.466666E-9    
  7760.0       2.4833282E-9   
  7765.0       2.4793816E-9   
  7770.0       2.480297E-9    
  7775.0       2.4506772E-9   
  7780.0       2.434082E-9    
  7785.0       2.4393938E-9   
  7790.0       2.4598983E-9   
  7795.0       2.4597688E-9   
  7800.0       2.4413966E-9   
  7805.0       2.4308962E-9   
  7810.0       2.4418418E-9   
  7815.0       2.4400204E-9   
  7820.0       2.4616535E-9   
  7825.0       2.459605E-9    
  7830.0       2.4362516E-9   
  7835.0       2.3958004E-9   
  7840.0       2.4074693E-9   
  7845.0       2.4200368E-9   
  7850.0       2.4099862E-9   
  7855.0       2.41475E-9     
  7860.0       2.4273155E-9   
  7865.0       2.4223605E-9   
  7870.0       2.4170752E-9   
  7875.0       2.4101376E-9   
  7880.0       2.4158646E-9   
  7885.0       2.416541E-9    
  7890.0       2.4311522E-9   
  7895.0       2.4256055E-9   
  7900.0       2.4140658E-9   
  7905.0       2.4055733E-9   
  7910.0       2.399871E-9    
  7915.0       2.3764575E-9   
  7920.0       2.3529811E-9   
  7925.0       2.3597313E-9   
  7930.0       2.3531799E-9   
  7935.0       2.3090212E-9   
  7940.0       2.2965503E-9   
  7945.0       2.2948923E-9   
  7950.0       2.3090623E-9   
  7955.0       2.3508668E-9   
  7960.0       2.3457716E-9   
  7965.0       2.3500166E-9   
  7970.0       2.3599234E-9   
  7975.0       2.3636124E-9   
  7980.0       2.3642668E-9   
  7985.0       2.355601E-9    
  7990.0       2.351642E-9    
  7995.0       2.3462952E-9   
  8000.0       2.3052469E-9   
  8005.0       2.2928357E-9   
  8010.0       2.313358E-9    
  8015.0       2.3254372E-9   
  8020.0       2.3296132E-9   
  8025.0       2.311311E-9    
  8030.0       2.28824E-9     
  8035.0       2.3153353E-9   
  8040.0       2.3190458E-9   
  8045.0       2.3041564E-9   
  8050.0       2.2795295E-9   
  8055.0       2.2976412E-9   
  8060.0       2.32051E-9     
  8065.0       2.3383675E-9   
  8070.0       2.3184592E-9   
  8075.0       2.3079063E-9   
  8080.0       2.306758E-9    
  8085.0       2.310762E-9    
  8090.0       2.2886009E-9   
  8095.0       2.2840219E-9   
  8100.0       2.2812467E-9   
  8105.0       2.3070126E-9   
  8110.0       2.3276956E-9   
  8115.0       2.324436E-9    
  8120.0       2.3376434E-9   
  8125.0       2.3305535E-9   
  8130.0       2.326213E-9    
  8135.0       2.2940827E-9   
  8140.0       2.2909754E-9   
  8145.0       2.2712512E-9   
  8150.0       2.2596955E-9   
  8155.0       2.246483E-9    
  8160.0       2.2245938E-9   
  8165.0       2.185409E-9    
  8170.0       2.2041395E-9   
  8175.0       2.2433488E-9   
  8180.0       2.2033801E-9   
  8185.0       2.1965443E-9   
  8190.0       2.2019275E-9   
  8195.0       2.1898372E-9   
  8200.0       2.1852027E-9   
  8205.0       2.2639954E-9   
  8210.0       2.2981475E-9   
  8215.0       2.2704343E-9   
  8220.0       2.2474278E-9   
  8225.0       2.1832776E-9   
  8230.0       2.0978033E-9   
  8235.0       2.110845E-9    
  8240.0       2.246623E-9    
  8245.0       2.2613527E-9   
  8250.0       2.2772042E-9   
  8255.0       2.2733082E-9   
  8260.0       2.2480011E-9   
  8265.0       2.2611926E-9   
  8270.0       2.2691176E-9   
  8275.0       2.2416133E-9   
  8280.0       2.2094242E-9   
  8285.0       2.2128759E-9   
  8290.0       2.2106392E-9   
  8295.0       2.1944062E-9   
  8300.0       2.1981799E-9   
  8305.0       2.19777E-9     
  8310.0       2.1824786E-9   
  8315.0       2.1761692E-9   
  8320.0       2.1782718E-9   
  8325.0       2.1753395E-9   
  8330.0       2.155442E-9    
  8335.0       2.1307711E-9   
  8340.0       2.1346147E-9   
  8345.0       2.1712514E-9   
  8350.0       2.172778E-9    
  8355.0       2.1812112E-9   
  8360.0       2.188838E-9    
  8365.0       2.181826E-9    
  8370.0       2.1790187E-9   
  8375.0       2.193427E-9    
  8380.0       2.18275E-9     
  8385.0       2.1775488E-9   
  8390.0       2.1656381E-9   
  8395.0       2.181249E-9    
  8400.0       2.1750919E-9   
  8405.0       2.1686035E-9   
  8410.0       2.1732525E-9   
  8415.0       2.1662778E-9   
  8420.0       2.1542341E-9   
  8425.0       2.131432E-9    
  8430.0       2.141387E-9    
  8435.0       2.1386475E-9   
  8440.0       2.118051E-9    
  8445.0       2.1335842E-9   
  8450.0       2.1387105E-9   
  8455.0       2.1536926E-9   
  8460.0       2.158422E-9    
  8465.0       2.1389077E-9   
  8470.0       2.1105664E-9   
  8475.0       2.0937285E-9   
  8480.0       2.1295514E-9   
  8485.0       2.1325461E-9   
  8490.0       2.1271398E-9   
  8495.0       2.0620377E-9   
  8500.0       1.9603659E-9   
  8505.0       1.9776467E-9   
  8510.0       2.0610809E-9   
  8515.0       2.0697464E-9   
  8520.0       2.0569804E-9   
  8525.0       2.0707895E-9   
  8530.0       2.0553297E-9   
  8535.0       1.987685E-9    
  8540.0       1.8284055E-9   
  8545.0       1.6835981E-9   
  8550.0       1.815208E-9    
  8555.0       1.9783561E-9   
  8560.0       2.0318576E-9   
  8565.0       2.0614408E-9   
  8570.0       2.0698694E-9   
  8575.0       2.0674684E-9   
  8580.0       2.056557E-9    
  8585.0       2.061273E-9    
  8590.0       2.05924E-9     
  8595.0       2.05173E-9     
  8600.0       2.0455058E-9   
  8605.0       2.0570456E-9   
  8610.0       2.0482547E-9   
  8615.0       2.043439E-9    
  8620.0       2.0547468E-9   
  8625.0       2.0745485E-9   
  8630.0       2.0602071E-9   
  8635.0       2.0741011E-9   
  8640.0       2.067569E-9    
  8645.0       2.0618076E-9   
  8650.0       2.0214528E-9   
  8655.0       1.9899307E-9   
  8660.0       1.8864275E-9   
  8665.0       1.7313665E-9   
  8670.0       1.8174244E-9   
  8675.0       1.9498407E-9   
  8680.0       1.9959143E-9   
  8685.0       2.0089623E-9   
  8690.0       2.0036948E-9   
  8695.0       2.0177262E-9   
  8700.0       2.022153E-9    
  8705.0       2.0533502E-9   
  8710.0       2.0652116E-9   
  8715.0       2.0470106E-9   
  8720.0       2.0576219E-9   
  8725.0       2.0637627E-9   
  8730.0       2.0417952E-9   
  8735.0       2.007494E-9    
  8740.0       2.0032982E-9   
  8745.0       2.0148154E-9   
  8750.0       2.0124424E-9   
  8755.0       1.9986353E-9   
  8760.0       2.0078892E-9   
  8765.0       2.0160218E-9   
  8770.0       2.023221E-9    
  8775.0       2.009337E-9    
  8780.0       2.0080029E-9   
  8785.0       2.0142426E-9   
  8790.0       2.011442E-9    
  8795.0       1.9851443E-9   
  8800.0       1.9784954E-9   
  8805.0       1.9634476E-9   
  8810.0       1.9303537E-9   
  8815.0       1.9682191E-9   
  8820.0       1.9735957E-9   
  8825.0       1.9720445E-9   
  8830.0       1.9764246E-9   
  8835.0       1.9851722E-9   
  8840.0       1.9844821E-9   
  8845.0       1.979909E-9    
  8850.0       1.9778434E-9   
  8855.0       1.9798903E-9   
  8860.0       1.9694284E-9   
  8865.0       1.9239168E-9   
  8870.0       1.9150483E-9   
  8875.0       1.9434612E-9   
  8880.0       1.9514967E-9   
  8885.0       1.9683255E-9   
  8890.0       1.96004E-9     
  8895.0       1.9569344E-9   
  8900.0       1.9676945E-9   
  8905.0       1.9688082E-9   
  8910.0       1.9728057E-9   
  8915.0       1.9677524E-9   
  8920.0       1.9519453E-9   
  8925.0       1.9569695E-9   
  8930.0       1.9480106E-9   
  8935.0       1.9574422E-9   
  8940.0       1.9664876E-9   
  8945.0       1.9727247E-9   
  8950.0       1.9519837E-9   
  8955.0       1.932166E-9    
  8960.0       1.9367314E-9   
  8965.0       1.9097275E-9   
  8970.0       1.8995592E-9   
  8975.0       1.898391E-9    
  8980.0       1.9034223E-9   
  8985.0       1.8742794E-9   
  8990.0       1.7970816E-9   
  8995.0       1.8130912E-9   
  9000.0       1.8528408E-9   
  9005.0       1.8187686E-9   
  9010.0       1.8168819E-9   
  9015.0       1.8061711E-9   
  9020.0       1.8098468E-9   
  9025.0       1.8255752E-9   
  9030.0       1.8993438E-9   
  9035.0       1.9717779E-9   
  9040.0       2.0211213E-9   
  9045.0       2.00976E-9     
  9050.0       1.9992625E-9   
  9055.0       1.9814015E-9   
  9060.0       1.966775E-9    
  9065.0       1.8993698E-9   
  9070.0       1.8650617E-9   
  9075.0       1.826751E-9    
  9080.0       1.8290854E-9   
  9085.0       1.820622E-9    
  9090.0       1.8054916E-9   
  9095.0       1.811997E-9    
  9100.0       1.834278E-9    
  9105.0       1.8510912E-9   
  9110.0       1.872463E-9    
  9115.0       1.895368E-9    
  9120.0       1.8371424E-9   
  9125.0       1.9176127E-9   
  9130.0       1.885342E-9    
  9135.0       1.830151E-9    
  9140.0       1.8377596E-9   
  9145.0       1.887059E-9    
  9150.0       1.8582352E-9   
  9155.0       1.7852297E-9   
  9160.0       1.7862161E-9   
  9165.0       1.8439855E-9   
  9170.0       1.8393865E-9   
  9175.0       1.7884181E-9   
  9180.0       1.803574E-9    
  9185.0       1.8457585E-9   
  9190.0       1.8690398E-9   
  9195.0       1.8825068E-9   
  9200.0       1.8818072E-9   
  9205.0       1.895039E-9    
  9210.0       1.889138E-9    
  9215.0       1.867102E-9    
  9220.0       1.858104E-9    
  9225.0       1.86542E-9     
  9230.0       1.8552716E-9   
  9235.0       1.8530013E-9   
  9240.0       1.8483328E-9   
  9245.0       1.8353729E-9   
  9250.0       1.8247667E-9   
  9255.0       1.8335472E-9   
  9260.0       1.8342126E-9   
  9265.0       1.8563903E-9   
  9270.0       1.8902615E-9   
  9275.0       1.8976873E-9   
  9280.0       1.8845054E-9   
  9285.0       1.8700574E-9   
  9290.0       1.8534256E-9   
  9295.0       1.8198877E-9   
  9300.0       1.7720927E-9   
  9305.0       1.7257598E-9   
  9310.0       1.6780938E-9   
  9315.0       1.6213229E-9   
  9320.0       1.58472E-9     
  9325.0       1.6138058E-9   
  9330.0       1.6678859E-9   
  9335.0       1.664782E-9    
  9340.0       1.634768E-9    
  9345.0       1.6079933E-9   
  9350.0       1.6657242E-9   
  9355.0       1.6588071E-9   
  9360.0       1.6214713E-9   
  9365.0       1.7007199E-9   
  9370.0       1.6696315E-9   
  9375.0       1.6825064E-9   
  9380.0       1.7219096E-9   
  9385.0       1.7695069E-9   
  9390.0       1.8792157E-9   
  9395.0       1.9820474E-9   
  9400.0       1.9667128E-9   
  9405.0       1.9092616E-9   
  9410.0       1.844854E-9    
  9415.0       1.7920077E-9   
  9420.0       1.7565405E-9   
  9425.0       1.727617E-9    
  9430.0       1.6380185E-9   
  9435.0       1.6559701E-9   
  9440.0       1.6315792E-9   
  9445.0       1.5863418E-9   
  9450.0       1.7013766E-9   
  9455.0       1.7150057E-9   
  9460.0       1.6837708E-9   
  9465.0       1.7164346E-9   
  9470.0       1.7429523E-9   
  9475.0       1.7466029E-9   
  9480.0       1.7094588E-9   
  9485.0       1.7111108E-9   
  9490.0       1.7500564E-9   
  9495.0       1.6983855E-9   
  9500.0       1.6383305E-9   
  9505.0       1.6745649E-9   
  9510.0       1.7846443E-9   
  9515.0       1.7842329E-9   
  9520.0       1.7335274E-9   
  9525.0       1.7078563E-9   
  9530.0       1.7149485E-9   
  9535.0       1.7662849E-9   
  9540.0       1.7445833E-9   
  9545.0       1.7113752E-9   
  9550.0       1.7063871E-9   
  9555.0       1.6892107E-9   
  9560.0       1.6704457E-9   
  9565.0       1.6828074E-9   
  9570.0       1.6928694E-9   
  9575.0       1.7265015E-9   
  9580.0       1.7246262E-9   
  9585.0       1.700201E-9    
  9590.0       1.6995206E-9   
  9595.0       1.6761035E-9   
  9600.0       1.7112979E-9   
  9605.0       1.7307731E-9   
  9610.0       1.7423611E-9   
  9615.0       1.748119E-9    
  9620.0       1.7215057E-9   
  9625.0       1.6920901E-9   
  9630.0       1.6906314E-9   
  9635.0       1.7274844E-9   
  9640.0       1.698982E-9    
  9645.0       1.7016577E-9   
  9650.0       1.7061856E-9   
  9655.0       1.7221404E-9   
  9660.0       1.704902E-9    
  9665.0       1.6984943E-9   
  9670.0       1.7096506E-9   
  9675.0       1.7470904E-9   
  9680.0       1.7634842E-9   
  9685.0       1.7559175E-9   
  9690.0       1.7590881E-9   
  9695.0       1.7512827E-9   
  9700.0       1.7410624E-9   
  9705.0       1.7405672E-9   
  9710.0       1.7554419E-9   
  9715.0       1.7357031E-9   
  9720.0       1.7055635E-9   
  9725.0       1.6873207E-9   
  9730.0       1.6750423E-9   
  9735.0       1.6603858E-9   
  9740.0       1.658201E-9    
  9745.0       1.6712652E-9   
  9750.0       1.6851048E-9   
  9755.0       1.6717934E-9   
  9760.0       1.666794E-9    
  9765.0       1.6718904E-9   
  9770.0       1.6953422E-9   
  9775.0       1.7108411E-9   
  9780.0       1.685798E-9    
  9785.0       1.6505681E-9   
  9790.0       1.6647534E-9   
  9795.0       1.6823353E-9   
  9800.0       1.6583671E-9   
  9805.0       1.6739696E-9   
  9810.0       1.7053432E-9   
  9815.0       1.70325E-9     
  9820.0       1.6753366E-9   
  9825.0       1.6664248E-9   
  9830.0       1.6885834E-9   
  9835.0       1.6922492E-9   
  9840.0       1.6804519E-9   
  9845.0       1.6894406E-9   
  9850.0       1.6669326E-9   
  9855.0       1.6653482E-9   
  9860.0       1.7001166E-9   
  9865.0       1.6733926E-9   
  9870.0       1.6427384E-9   
  9875.0       1.6365478E-9   
  9880.0       1.6619894E-9   
  9885.0       1.6408725E-9   
  9890.0       1.638192E-9    
  9895.0       1.6453632E-9   
  9900.0       1.6653908E-9   
  9905.0       1.6810839E-9   
  9910.0       1.6383692E-9   
  9915.0       1.6248819E-9   
  9920.0       1.630527E-9    
  9925.0       1.6405046E-9   
  9930.0       1.6549805E-9   
  9935.0       1.6408136E-9   
  9940.0       1.6156292E-9   
  9945.0       1.6405823E-9   
  9950.0       1.6769589E-9   
  9955.0       1.6557582E-9   
  9960.0       1.6500343E-9   
  9965.0       1.6608954E-9   
  9970.0       1.6585298E-9   
  9975.0       1.6225771E-9   
  9980.0       1.617217E-9    
  9985.0       1.6335095E-9   
  9990.0       1.647424E-9    
  9995.0       1.6462227E-9   
  10000.0      1.6662636E-9   
  10005.0      1.6363699E-9   
  10010.0      1.6342527E-9   
  10015.0      1.6609084E-9   
  10020.0      1.6696631E-9   
  10025.0      1.5749763E-9   
  10030.0      1.6099164E-9   
  10035.0      1.6556176E-9   
  10040.0      1.6201188E-9   
  10045.0      1.5780091E-9   
  10050.0      1.5443111E-9   
  10055.0      1.577443E-9    
  10060.0      1.5653555E-9   
  10065.0      1.5762507E-9   
  10070.0      1.5696813E-9   
  10075.0      1.5824225E-9   
  10080.0      1.6026502E-9   
  10085.0      1.6322136E-9   
  10090.0      1.6114393E-9   
  10095.0      1.5682243E-9   
  10100.0      1.5465347E-9   
  10105.0      1.627824E-9    
  10110.0      1.5712273E-9   
  10115.0      1.5096233E-9   
  10120.0      1.5708564E-9   
  10125.0      1.5901505E-9   
  10130.0      1.6231377E-9   
  10135.0      1.5846195E-9   
  10140.0      1.5648486E-9   
  10145.0      1.5668997E-9   
  10150.0      1.5747281E-9   
  10155.0      1.5505628E-9   
  10160.0      1.5369576E-9   
  10165.0      1.496342E-9    
  10170.0      1.5518382E-9   
  10175.0      1.5844253E-9   
  10180.0      1.5663509E-9   
  10185.0      1.5628787E-9   
  10190.0      1.5592387E-9   
  10195.0      1.5514992E-9   
  10200.0      1.540306E-9    
  10205.0      1.5266873E-9   
  10210.0      1.5126306E-9   
  10215.0      1.5004934E-9   
  10220.0      1.4925751E-9   
  10225.0      1.4901693E-9   
  10230.0      1.4920032E-9   
  10235.0      1.4957972E-9   
  10240.0      1.499256E-9    
  10245.0      1.50095E-9     
  10250.0      1.5016451E-9   
  10255.0      1.5029589E-9   
  10260.0      1.506507E-9    
  10265.0      1.5128931E-9   
  10270.0      1.5201147E-9   
  10275.0      1.5251778E-9   
  10280.0      1.5251318E-9   
  10285.0      1.5185612E-9   
  10290.0      1.5080073E-9   
  10295.0      1.4975424E-9   
  10300.0      1.4912105E-9   
  10305.0      1.4913223E-9   
  10310.0      1.4956543E-9   
  10315.0      1.5002374E-9   
  10320.0      1.5011264E-9   
  10325.0      1.4962577E-9   
  10330.0      1.4884808E-9   
  10335.0      1.4825262E-9   
  10340.0      1.4831079E-9   
  10345.0      1.492697E-9    
  10350.0      1.5080229E-9   
  10355.0      1.5235755E-9   
  10360.0      1.5338206E-9   
  10365.0      1.5351025E-9   
  10370.0      1.5286424E-9   
  10375.0      1.5175414E-9   
  10380.0      1.5050252E-9   
  10385.0      1.493607E-9    
  10390.0      1.4839825E-9   
  10395.0      1.4761586E-9   
  10400.0      1.4700641E-9   
  10405.0      1.465648E-9    
  10410.0      1.4628968E-9   
  10415.0      1.4618212E-9   
  10420.0      1.4624103E-9   
  10425.0      1.4645501E-9   
  10430.0      1.4678114E-9   
  10435.0      1.4716611E-9   
  10440.0      1.4755593E-9   
  10445.0      1.4790855E-9   
  10450.0      1.4821336E-9   
  10455.0      1.4847111E-9   
  10460.0      1.4868402E-9   
  10465.0      1.4883961E-9   
  10470.0      1.4889547E-9   
  10475.0      1.4879684E-9   
  10480.0      1.4848962E-9   
  10485.0      1.4795022E-9   
  10490.0      1.4723202E-9   
  10495.0      1.4641728E-9   
  10500.0      1.4559085E-9   
  10505.0      1.4482628E-9   
  10510.0      1.4416623E-9   
  10515.0      1.4364121E-9   
  10520.0      1.4327937E-9   
  10525.0      1.4307928E-9   
  10530.0      1.4296646E-9   
  10535.0      1.4283794E-9   
  10540.0      1.4259379E-9   
  10545.0      1.4219416E-9   
  10550.0      1.4175368E-9   
  10555.0      1.414471E-9    
  10560.0      1.4144564E-9   
  10565.0      1.4183642E-9   
  10570.0      1.4248058E-9   
  10575.0      1.431549E-9    
  10580.0      1.4363517E-9   
  10585.0      1.4377513E-9   
  10590.0      1.4363337E-9   
  10595.0      1.4334713E-9   
  10600.0      1.4305724E-9   
  10605.0      1.4286722E-9   
  10610.0      1.4278249E-9   
  10615.0      1.4277031E-9   
  10620.0      1.07084E-9     
