# WAVELENGTH   FLUX           
  1150.0       0.0            
  1155.0       0.0            
  1160.0       0.0            
  1165.0       0.0            
  1170.0       0.0            
  1175.0       0.0            
  1180.0       0.0            
  1185.0       0.0            
  1190.0       0.0            
  1195.0       0.0            
  1200.0       0.0            
  1205.0       0.0            
  1210.0       0.0            
  1215.0       0.0            
  1220.0       0.0            
  1225.0       0.0            
  1230.0       0.0            
  1235.0       0.0            
  1240.0       0.0            
  1245.0       0.0            
  1250.0       0.0            
  1255.0       0.0            
  1260.0       0.0            
  1265.0       0.0            
  1270.0       0.0            
  1275.0       0.0            
  1280.0       0.0            
  1285.0       0.0            
  1290.0       0.0            
  1295.0       0.0            
  1300.0       0.0            
  1305.0       0.0            
  1310.0       0.0            
  1315.0       0.0            
  1320.0       0.0            
  1325.0       0.0            
  1330.0       0.0            
  1335.0       0.0            
  1340.0       0.0            
  1345.0       0.0            
  1350.0       0.0            
  1355.0       0.0            
  1360.0       0.0            
  1365.0       0.0            
  1370.0       0.0            
  1375.0       0.0            
  1380.0       0.0            
  1385.0       0.0            
  1390.0       0.0            
  1395.0       0.0            
  1400.0       0.0            
  1405.0       0.0            
  1410.0       0.0            
  1415.0       0.0            
  1420.0       0.0            
  1425.0       0.0            
  1430.0       0.0            
  1435.0       0.0            
  1440.0       0.0            
  1445.0       0.0            
  1450.0       0.0            
  1455.0       0.0            
  1460.0       0.0            
  1465.0       0.0            
  1470.0       0.0            
  1475.0       0.0            
  1480.0       0.0            
  1485.0       0.0            
  1490.0       0.0            
  1495.0       0.0            
  1500.0       0.0            
  1505.0       0.0            
  1510.0       0.0            
  1515.0       0.0            
  1520.0       0.0            
  1525.0       0.0            
  1530.0       0.0            
  1535.0       0.0            
  1540.0       0.0            
  1545.0       0.0            
  1550.0       0.0            
  1555.0       0.0            
  1560.0       0.0            
  1565.0       0.0            
  1570.0       0.0            
  1575.0       0.0            
  1580.0       0.0            
  1585.0       0.0            
  1590.0       0.0            
  1595.0       0.0            
  1600.0       0.0            
  1605.0       0.0            
  1610.0       0.0            
  1615.0       0.0            
  1620.0       0.0            
  1625.0       0.0            
  1630.0       0.0            
  1635.0       0.0            
  1640.0       0.0            
  1645.0       0.0            
  1650.0       0.0            
  1655.0       0.0            
  1660.0       0.0            
  1665.0       0.0            
  1670.0       0.0            
  1675.0       0.0            
  1680.0       0.0            
  1685.0       0.0            
  1690.0       0.0            
  1695.0       0.0            
  1700.0       0.0            
  1705.0       0.0            
  1710.0       0.0            
  1715.0       0.0            
  1720.0       0.0            
  1725.0       0.0            
  1730.0       0.0            
  1735.0       0.0            
  1740.0       0.0            
  1745.0       0.0            
  1750.0       0.0            
  1755.0       0.0            
  1760.0       0.0            
  1765.0       0.0            
  1770.0       0.0            
  1775.0       0.0            
  1780.0       0.0            
  1785.0       0.0            
  1790.0       0.0            
  1795.0       0.0            
  1800.0       0.0            
  1805.0       0.0            
  1810.0       0.0            
  1815.0       0.0            
  1820.0       0.0            
  1825.0       0.0            
  1830.0       0.0            
  1835.0       0.0            
  1840.0       0.0            
  1845.0       0.0            
  1850.0       0.0            
  1855.0       0.0            
  1860.0       0.0            
  1865.0       0.0            
  1870.0       4.599832E-16   
  1875.0       3.2125222E-15  
  1880.0       3.6700557E-15  
  1885.0       3.2100844E-15  
  1890.0       4.5754364E-16  
  1895.0       0.0            
  1900.0       0.0            
  1905.0       0.0            
  1910.0       0.0            
  1915.0       0.0            
  1920.0       0.0            
  1925.0       0.0            
  1930.0       0.0            
  1935.0       0.0            
  1940.0       0.0            
  1945.0       0.0            
  1950.0       4.5993317E-16  
  1955.0       4.132334E-15   
  1960.0       1.1014845E-14  
  1965.0       1.7895038E-14  
  1970.0       2.2022662E-14  
  1975.0       2.5692722E-14  
  1980.0       2.890285E-14   
  1985.0       2.8440615E-14  
  1990.0       2.201574E-14   
  1995.0       1.375582E-14   
  2000.0       1.8304395E-15  
  2005.0       0.0            
  2010.0       0.0            
  2015.0       0.0            
  2020.0       0.0            
  2025.0       0.0            
  2030.0       0.0            
  2035.0       0.0            
  2040.0       0.0            
  2045.0       0.0            
  2050.0       9.197524E-15   
  2055.0       7.482536E-14   
  2060.0       1.5786362E-13  
  2065.0       2.4135514E-13  
  2070.0       3.165823E-13   
  2075.0       3.7070005E-13  
  2080.0       3.9545266E-13  
  2085.0       3.821214E-13   
  2090.0       3.1556786E-13  
  2095.0       1.8891151E-13  
  2100.0       2.4713902E-14  
  2105.0       0.0            
  2110.0       0.0            
  2115.0       0.0            
  2120.0       0.0            
  2125.0       0.0            
  2130.0       0.0            
  2135.0       0.0            
  2140.0       0.0            
  2145.0       0.0            
  2150.0       1.2829096E-13  
  2155.0       1.0562668E-12  
  2160.0       2.3257763E-12  
  2165.0       3.78747E-12    
  2170.0       5.3881344E-12  
  2175.0       7.0727187E-12  
  2180.0       8.783431E-12   
  2185.0       1.0464272E-11  
  2190.0       1.2058388E-11  
  2195.0       1.351484E-11   
  2200.0       1.4775842E-11  
  2205.0       1.5805168E-11  
  2210.0       1.6612456E-11  
  2215.0       1.7225242E-11  
  2220.0       1.7672915E-11  
  2225.0       1.7984347E-11  
  2230.0       1.818705E-11   
  2235.0       1.8314107E-11  
  2240.0       1.838884E-11   
  2245.0       1.8446213E-11  
  2250.0       1.8509055E-11  
  2255.0       1.8604958E-11  
  2260.0       1.8742605E-11  
  2265.0       1.89335E-11    
  2270.0       1.9180331E-11  
  2275.0       1.948956E-11   
  2280.0       1.986854E-11   
  2285.0       2.0324584E-11  
  2290.0       2.0864598E-11  
  2295.0       2.149314E-11   
  2300.0       2.2216649E-11  
  2305.0       2.303467E-11   
  2310.0       2.3919644E-11  
  2315.0       2.484357E-11   
  2320.0       2.5771637E-11  
  2325.0       2.6670315E-11  
  2330.0       2.7506598E-11  
  2335.0       2.8247883E-11  
  2340.0       2.8863432E-11  
  2345.0       2.9317982E-11  
  2350.0       2.9580307E-11  
  2355.0       2.964075E-11   
  2360.0       2.9537445E-11  
  2365.0       2.9324092E-11  
  2370.0       2.9057076E-11  
  2375.0       2.8799726E-11  
  2380.0       2.8608489E-11  
  2385.0       2.8538826E-11  
  2390.0       2.8649524E-11  
  2395.0       2.9001485E-11  
  2400.0       2.9648537E-11  
  2405.0       3.06162E-11    
  2410.0       3.1846237E-11  
  2415.0       3.3255124E-11  
  2420.0       3.475301E-11   
  2425.0       3.6253115E-11  
  2430.0       3.7662807E-11  
  2435.0       3.8895845E-11  
  2440.0       3.9864143E-11  
  2445.0       4.0476372E-11  
  2450.0       4.0646795E-11  
  2455.0       4.0340065E-11  
  2460.0       3.962191E-11   
  2465.0       3.861213E-11   
  2470.0       3.742754E-11   
  2475.0       3.6190745E-11  
  2480.0       3.5020063E-11  
  2485.0       3.4033835E-11  
  2490.0       3.3355048E-11  
  2495.0       3.3102077E-11  
  2500.0       3.3388205E-11  
  2505.0       3.4283028E-11  
  2510.0       3.5735727E-11  
  2515.0       3.765304E-11   
  2520.0       3.9930493E-11  
  2525.0       4.2465222E-11  
  2530.0       4.5157277E-11  
  2535.0       4.7904753E-11  
  2540.0       5.0607695E-11  
  2545.0       5.3163786E-11  
  2550.0       5.547677E-11   
  2555.0       5.7513938E-11  
  2560.0       5.940586E-11   
  2565.0       6.1340086E-11  
  2570.0       6.35188E-11    
  2575.0       6.6138206E-11  
  2580.0       6.939288E-11   
  2585.0       7.3480826E-11  
  2590.0       7.8600786E-11  
  2595.0       8.495229E-11   
  2600.0       9.271847E-11   
  2605.0       1.01976906E-10 
  2610.0       1.1251362E-10  
  2615.0       1.2401055E-10  
  2620.0       1.3613163E-10  
  2625.0       1.4854316E-10  
  2630.0       1.6091671E-10  
  2635.0       1.7291613E-10  
  2640.0       1.842077E-10   
  2645.0       1.9445988E-10  
  2650.0       2.033481E-10   
  2655.0       2.1063228E-10  
  2660.0       2.1628774E-10  
  2665.0       2.2037368E-10  
  2670.0       2.2296143E-10  
  2675.0       2.2411835E-10  
  2680.0       2.2391242E-10  
  2685.0       2.2240972E-10  
  2690.0       2.1968262E-10  
  2695.0       2.1579702E-10  
  2700.0       2.1082537E-10  
  2705.0       2.048815E-10   
  2710.0       1.9817942E-10  
  2715.0       1.9097463E-10  
  2720.0       1.8352707E-10  
  2725.0       1.7609428E-10  
  2730.0       1.689341E-10   
  2735.0       1.6230942E-10  
  2740.0       1.5648018E-10  
  2745.0       1.5169893E-10  
  2750.0       1.4821908E-10  
  2755.0       1.461738E-10   
  2760.0       1.4540441E-10  
  2765.0       1.4563734E-10  
  2770.0       1.4659005E-10  
  2775.0       1.4798159E-10  
  2780.0       1.4952527E-10  
  2785.0       1.5094222E-10  
  2790.0       1.5194539E-10  
  2795.0       1.5225143E-10  
  2800.0       1.5159936E-10  
  2805.0       1.4991804E-10  
  2810.0       1.4764684E-10  
  2815.0       1.4541597E-10  
  2820.0       1.4387677E-10  
  2825.0       1.4368626E-10  
  2830.0       1.4549072E-10  
  2835.0       1.4994408E-10  
  2840.0       1.5769762E-10  
  2845.0       1.6940079E-10  
  2850.0       1.8567418E-10  
  2855.0       2.0678041E-10  
  2860.0       2.3207095E-10  
  2865.0       2.6054348E-10  
  2870.0       2.911631E-10   
  2875.0       3.228962E-10   
  2880.0       3.547042E-10   
  2885.0       3.8555273E-10  
  2890.0       4.1440454E-10  
  2895.0       4.4022827E-10  
  2900.0       4.6201123E-10  
  2905.0       4.7904924E-10  
  2910.0       4.913968E-10   
  2915.0       4.9940696E-10  
  2920.0       5.0346394E-10  
  2925.0       5.039468E-10   
  2930.0       5.012371E-10   
  2935.0       4.9572096E-10  
  2940.0       4.877808E-10   
  2945.0       4.7779525E-10  
  2950.0       4.6615156E-10  
  2955.0       4.5327253E-10  
  2960.0       4.3966655E-10  
  2965.0       4.2588114E-10  
  2970.0       4.1246956E-10  
  2975.0       3.9998038E-10  
  2980.0       3.889626E-10   
  2985.0       3.799676E-10   
  2990.0       3.73545E-10    
  2995.0       3.7024542E-10  
  3000.0       3.7059472E-10  
  3005.0       3.7489042E-10  
  3010.0       3.828257E-10   
  3015.0       3.938583E-10   
  3020.0       4.0742437E-10  
  3025.0       4.2296538E-10  
  3030.0       4.3991422E-10  
  3035.0       4.5770998E-10  
  3040.0       4.7579224E-10  
  3045.0       4.93594E-10    
  3050.0       5.10571E-10    
  3055.0       5.263191E-10   
  3060.0       5.408263E-10   
  3065.0       5.5422417E-10  
  3070.0       5.6665495E-10  
  3075.0       5.782669E-10   
  3080.0       5.892066E-10   
  3085.0       5.9962224E-10  
  3090.0       6.0965577E-10  
  3095.0       6.194542E-10   
  3100.0       6.291612E-10   
  3105.0       6.388787E-10   
  3110.0       6.4860584E-10  
  3115.0       6.582998E-10   
  3120.0       6.6792455E-10  
  3125.0       6.774282E-10   
  3130.0       6.867709E-10   
  3135.0       6.9590644E-10  
  3140.0       7.0478967E-10  
  3145.0       7.133803E-10   
  3150.0       7.216319E-10   
  3155.0       7.356478E-10   
  3160.0       7.809377E-10   
  3165.0       8.015978E-10   
  3170.0       8.172129E-10   
  3175.0       8.3169516E-10  
  3180.0       8.4060614E-10  
  3185.0       8.4134827E-10  
  3190.0       8.3943275E-10  
  3195.0       8.5005764E-10  
  3200.0       9.094176E-10   
  3205.0       9.388936E-10   
  3210.0       9.322928E-10   
  3215.0       8.7817603E-10  
  3220.0       8.281656E-10   
  3225.0       8.2961E-10     
  3230.0       8.494772E-10   
  3235.0       8.478954E-10   
  3240.0       8.4807095E-10  
  3245.0       8.8322305E-10  
  3250.0       9.475412E-10   
  3255.0       1.0218375E-9   
  3260.0       1.0922427E-9   
  3265.0       1.1458091E-9   
  3270.0       1.1666682E-9   
  3275.0       1.152338E-9    
  3280.0       1.1380723E-9   
  3285.0       1.1588428E-9   
  3290.0       1.2103435E-9   
  3295.0       1.2666651E-9   
  3300.0       1.2869248E-9   
  3305.0       1.2497147E-9   
  3310.0       1.1973071E-9   
  3315.0       1.1753123E-9   
  3320.0       1.174974E-9    
  3325.0       1.1746093E-9   
  3330.0       1.1742558E-9   
  3335.0       1.1813701E-9   
  3340.0       1.1989855E-9   
  3345.0       1.223073E-9    
  3350.0       1.2362992E-9   
  3355.0       1.2201362E-9   
  3360.0       1.167452E-9    
  3365.0       1.0903431E-9   
  3370.0       1.03825E-9     
  3375.0       1.0495943E-9   
  3380.0       1.0976031E-9   
  3385.0       1.1442692E-9   
  3390.0       1.1870755E-9   
  3395.0       1.230528E-9    
  3400.0       1.260947E-9    
  3405.0       1.2656236E-9   
  3410.0       1.2541428E-9   
  3415.0       1.2445104E-9   
  3420.0       1.252743E-9    
  3425.0       1.2776663E-9   
  3430.0       1.2774969E-9   
  3435.0       1.2220818E-9   
  3440.0       1.1515955E-9   
  3445.0       1.1182812E-9   
  3450.0       1.1339042E-9   
  3455.0       1.1834557E-9   
  3460.0       1.2250736E-9   
  3465.0       1.2278222E-9   
  3470.0       1.2139801E-9   
  3475.0       1.2119344E-9   
  3480.0       1.2136394E-9   
  3485.0       1.2087815E-9   
  3490.0       1.2181738E-9   
  3495.0       1.2625991E-9   
  3500.0       1.3297794E-9   
  3505.0       1.3905525E-9   
  3510.0       1.4071596E-9   
  3515.0       1.3638298E-9   
  3520.0       1.3094755E-9   
  3525.0       1.2990927E-9   
  3530.0       1.3385816E-9   
  3535.0       1.4085233E-9   
  3540.0       1.4736985E-9   
  3545.0       1.5016625E-9   
  3550.0       1.4820817E-9   
  3555.0       1.4205355E-9   
  3560.0       1.341756E-9    
  3565.0       1.2663546E-9   
  3570.0       1.1870687E-9   
  3575.0       1.1008646E-9   
  3580.0       1.0434154E-9   
  3585.0       1.0533765E-9   
  3590.0       1.1356769E-9   
  3595.0       1.2627753E-9   
  3600.0       1.343479E-9    
  3605.0       1.2604299E-9   
  3610.0       1.2077281E-9   
  3615.0       1.1925994E-9   
  3620.0       1.2192071E-9   
  3625.0       1.2758148E-9   
  3630.0       1.3406657E-9   
  3635.0       1.3940624E-9   
  3640.0       1.4342683E-9   
  3645.0       1.4766915E-9   
  3650.0       1.5402949E-9   
  3655.0       1.632049E-9    
  3660.0       1.7330539E-9   
  3665.0       1.8082579E-9   
  3670.0       1.827613E-9    
  3675.0       1.7870546E-9   
  3680.0       1.7252676E-9   
  3685.0       1.6904893E-9   
  3690.0       1.6970041E-9   
  3695.0       1.7337758E-9   
  3700.0       1.7805959E-9   
  3705.0       1.808082E-9    
  3710.0       1.7855346E-9   
  3715.0       1.7002683E-9   
  3720.0       1.5678278E-9   
  3725.0       1.4228919E-9   
  3730.0       1.3057591E-9   
  3735.0       1.2427667E-9   
  3740.0       1.2383672E-9   
  3745.0       1.278272E-9    
  3750.0       1.3317318E-9   
  3755.0       1.3844571E-9   
  3760.0       1.458188E-9    
  3765.0       1.5721152E-9   
  3770.0       1.7124349E-9   
  3775.0       1.8375713E-9   
  3780.0       1.8901813E-9   
  3785.0       1.8468231E-9   
  3790.0       1.7560996E-9   
  3795.0       1.6820367E-9   
  3800.0       1.6469679E-9   
  3805.0       1.6292505E-9   
  3810.0       1.572763E-9    
  3815.0       1.4374769E-9   
  3820.0       1.2479441E-9   
  3825.0       1.0671554E-9   
  3830.0       9.592658E-10   
  3835.0       9.569634E-10   
  3840.0       1.031781E-9    
  3845.0       1.1269784E-9   
  3850.0       1.2002077E-9   
  3855.0       1.2346578E-9   
  3860.0       1.2435661E-9   
  3865.0       1.2529925E-9   
  3870.0       1.2767046E-9   
  3875.0       1.3152317E-9   
  3880.0       1.3681535E-9   
  3885.0       1.4300663E-9   
  3890.0       1.4876141E-9   
  3895.0       1.5401405E-9   
  3900.0       1.6023124E-9   
  3905.0       1.6800867E-9   
  3910.0       1.7540934E-9   
  3915.0       1.7773079E-9   
  3920.0       1.6903862E-9   
  3925.0       1.4848178E-9   
  3930.0       1.2560784E-9   
  3935.0       1.1313349E-9   
  3940.0       1.1800415E-9   
  3945.0       1.3796789E-9   
  3950.0       1.5981088E-9   
  3955.0       1.6952842E-9   
  3960.0       1.6386277E-9   
  3965.0       1.5020546E-9   
  3970.0       1.4396401E-9   
  3975.0       1.5691103E-9   
  3980.0       1.8531382E-9   
  3985.0       2.174335E-9    
  3990.0       2.4342184E-9   
  3995.0       2.587901E-9    
  4000.0       2.6660187E-9   
  4005.0       2.7258293E-9   
  4010.0       2.7871954E-9   
  4015.0       2.8381502E-9   
  4020.0       2.8644322E-9   
  4025.0       2.8541425E-9   
  4030.0       2.8000637E-9   
  4035.0       2.7220384E-9   
  4040.0       2.6714742E-9   
  4045.0       2.678259E-9    
  4050.0       2.7101954E-9   
  4055.0       2.716024E-9    
  4060.0       2.6769238E-9   
  4065.0       2.6147924E-9   
  4070.0       2.584211E-9    
  4075.0       2.631415E-9    
  4080.0       2.7493792E-9   
  4085.0       2.8842293E-9   
  4090.0       2.9630587E-9   
  4095.0       2.946218E-9    
  4100.0       2.871733E-9    
  4105.0       2.813346E-9    
  4110.0       2.8180467E-9   
  4115.0       2.8832565E-9   
  4120.0       2.9545435E-9   
  4125.0       2.9720402E-9   
  4130.0       2.9284979E-9   
  4135.0       2.8559883E-9   
  4140.0       2.786726E-9    
  4145.0       2.7457878E-9   
  4150.0       2.750728E-9    
  4155.0       2.7936102E-9   
  4160.0       2.8363216E-9   
  4165.0       2.850294E-9    
  4170.0       2.8401201E-9   
  4175.0       2.8209348E-9   
  4180.0       2.8038107E-9   
  4185.0       2.7897678E-9   
  4190.0       2.7709368E-9   
  4195.0       2.7535136E-9   
  4200.0       2.7628753E-9   
  4205.0       2.812067E-9    
  4210.0       2.8757017E-9   
  4215.0       2.9091138E-9   
  4220.0       2.8854474E-9   
  4225.0       2.8128857E-9   
  4230.0       2.7380884E-9   
  4235.0       2.7121916E-9   
  4240.0       2.740677E-9    
  4245.0       2.795232E-9    
  4250.0       2.847922E-9    
  4255.0       2.8726581E-9   
  4260.0       2.852832E-9    
  4265.0       2.7988878E-9   
  4270.0       2.7413818E-9   
  4275.0       2.7073817E-9   
  4280.0       2.7050504E-9   
  4285.0       2.7077833E-9   
  4290.0       2.652855E-9    
  4295.0       2.5133424E-9   
  4300.0       2.362768E-9    
  4305.0       2.3017248E-9   
  4310.0       2.3718003E-9   
  4315.0       2.553172E-9    
  4320.0       2.7652676E-9   
  4325.0       2.9233422E-9   
  4330.0       3.0149183E-9   
  4335.0       3.0632834E-9   
  4340.0       3.0717047E-9   
  4345.0       3.0543643E-9   
  4350.0       3.060358E-9    
  4355.0       3.1110823E-9   
  4360.0       3.1637493E-9   
  4365.0       3.1668204E-9   
  4370.0       3.1045473E-9   
  4375.0       3.0010114E-9   
  4380.0       2.9100424E-9   
  4385.0       2.8706655E-9   
  4390.0       2.8769949E-9   
  4395.0       2.904233E-9    
  4400.0       2.94161E-9     
  4405.0       2.9946299E-9   
  4410.0       3.0722143E-9   
  4415.0       3.1738538E-9   
  4420.0       3.2758718E-9   
  4425.0       3.3501377E-9   
  4430.0       3.3954946E-9   
  4435.0       3.4225074E-9   
  4440.0       3.4302772E-9   
  4445.0       3.4162522E-9   
  4450.0       3.3854954E-9   
  4455.0       3.3506915E-9   
  4460.0       3.3427947E-9   
  4465.0       3.3885275E-9   
  4470.0       3.4740655E-9   
  4475.0       3.5670447E-9   
  4480.0       3.6407122E-9   
  4485.0       3.679556E-9    
  4490.0       3.6989154E-9   
  4495.0       3.7275183E-9   
  4500.0       3.7732524E-9   
  4505.0       3.8257686E-9   
  4510.0       3.858619E-9    
  4515.0       3.8421755E-9   
  4520.0       3.7743235E-9   
  4525.0       3.679402E-9    
  4530.0       3.5972498E-9   
  4535.0       3.5630814E-9   
  4540.0       3.5786982E-9   
  4545.0       3.6241754E-9   
  4550.0       3.6809669E-9   
  4555.0       3.733523E-9    
  4560.0       3.7693395E-9   
  4565.0       3.7830516E-9   
  4570.0       3.77406E-9     
  4575.0       3.7458396E-9   
  4580.0       3.7103627E-9   
  4585.0       3.680046E-9    
  4590.0       3.660659E-9    
  4595.0       3.6562329E-9   
  4600.0       3.672243E-9    
  4605.0       3.711386E-9    
  4610.0       3.765336E-9    
  4615.0       3.8190326E-9   
  4620.0       3.8577763E-9   
  4625.0       3.866201E-9    
  4630.0       3.833379E-9    
  4635.0       3.7679593E-9   
  4640.0       3.7046997E-9   
  4645.0       3.674418E-9    
  4650.0       3.673004E-9    
  4655.0       3.67686E-9     
  4660.0       3.671471E-9    
  4665.0       3.6570151E-9   
  4670.0       3.6422112E-9   
  4675.0       3.6403527E-9   
  4680.0       3.6591976E-9   
  4685.0       3.6857741E-9   
  4690.0       3.6903633E-9   
  4695.0       3.6579841E-9   
  4700.0       3.6106274E-9   
  4705.0       3.5856527E-9   
  4710.0       3.6033756E-9   
  4715.0       3.6564638E-9   
  4720.0       3.7157972E-9   
  4725.0       3.7544017E-9   
  4730.0       3.7668997E-9   
  4735.0       3.7684E-9      
  4740.0       3.7835632E-9   
  4745.0       3.817824E-9    
  4750.0       3.8406474E-9   
  4755.0       3.8257557E-9   
  4760.0       3.7918353E-9   
  4765.0       3.774398E-9    
  4770.0       3.787847E-9    
  4775.0       3.825919E-9    
  4780.0       3.866722E-9    
  4785.0       3.89087E-9     
  4790.0       3.9042236E-9   
  4795.0       3.9200234E-9   
  4800.0       3.934417E-9    
  4805.0       3.9382306E-9   
  4810.0       3.933637E-9    
  4815.0       3.924292E-9    
  4820.0       3.9055625E-9   
  4825.0       3.8785855E-9   
  4830.0       3.8574437E-9   
  4835.0       3.8505186E-9   
  4840.0       3.848171E-9    
  4845.0       3.830864E-9    
  4850.0       3.7782764E-9   
  4855.0       3.688619E-9    
  4860.0       3.5948302E-9   
  4865.0       3.5348666E-9   
  4870.0       3.5231715E-9   
  4875.0       3.552941E-9    
  4880.0       3.597507E-9    
  4885.0       3.6360417E-9   
  4890.0       3.6783083E-9   
  4895.0       3.7336387E-9   
  4900.0       3.780008E-9    
  4905.0       3.7881938E-9   
  4910.0       3.749338E-9    
  4915.0       3.6784957E-9   
  4920.0       3.6165066E-9   
  4925.0       3.6005574E-9   
  4930.0       3.6301264E-9   
  4935.0       3.6799903E-9   
  4940.0       3.7219576E-9   
  4945.0       3.7391397E-9   
  4950.0       3.7371444E-9   
  4955.0       3.734253E-9    
  4960.0       3.74422E-9     
  4965.0       3.762359E-9    
  4970.0       3.7620205E-9   
  4975.0       3.7255643E-9   
  4980.0       3.6736647E-9   
  4985.0       3.638131E-9    
  4990.0       3.6260939E-9   
  4995.0       3.6221324E-9   
  5000.0       3.6015844E-9   
  5005.0       3.5524121E-9   
  5010.0       3.4962195E-9   
  5015.0       3.46799E-9     
  5020.0       3.4846017E-9   
  5025.0       3.5342265E-9   
  5030.0       3.5774563E-9   
  5035.0       3.5827628E-9   
  5040.0       3.5618237E-9   
  5045.0       3.5478311E-9   
  5050.0       3.560956E-9    
  5055.0       3.597765E-9    
  5060.0       3.6334382E-9   
  5065.0       3.641619E-9    
  5070.0       3.6160386E-9   
  5075.0       3.5735999E-9   
  5080.0       3.5433827E-9   
  5085.0       3.5424612E-9   
  5090.0       3.5628571E-9   
  5095.0       3.5845944E-9   
  5100.0       3.5912917E-9   
  5105.0       3.583021E-9    
  5110.0       3.5760082E-9   
  5115.0       3.5793082E-9   
  5120.0       3.5799623E-9   
  5125.0       3.559334E-9    
  5130.0       3.5180472E-9   
  5135.0       3.4728005E-9   
  5140.0       3.437782E-9    
  5145.0       3.420752E-9    
  5150.0       3.4188963E-9   
  5155.0       3.4089687E-9   
  5160.0       3.352809E-9    
  5165.0       3.2352112E-9   
  5170.0       3.0964298E-9   
  5175.0       2.9978555E-9   
  5180.0       2.9750467E-9   
  5185.0       3.0321858E-9   
  5190.0       3.1451968E-9   
  5195.0       3.270821E-9    
  5200.0       3.3610488E-9   
  5205.0       3.3960668E-9   
  5210.0       3.406758E-9    
  5215.0       3.4264531E-9   
  5220.0       3.4471643E-9   
  5225.0       3.4528196E-9   
  5230.0       3.4581304E-9   
  5235.0       3.4882957E-9   
  5240.0       3.5453922E-9   
  5245.0       3.6076764E-9   
  5250.0       3.63487E-9     
  5255.0       3.5921026E-9   
  5260.0       3.4892031E-9   
  5265.0       3.3751344E-9   
  5270.0       3.3111158E-9   
  5275.0       3.3379621E-9   
  5280.0       3.44268E-9     
  5285.0       3.571342E-9    
  5290.0       3.6640162E-9   
  5295.0       3.6947114E-9   
  5300.0       3.6940466E-9   
  5305.0       3.7051484E-9   
  5310.0       3.7309418E-9   
  5315.0       3.7409515E-9   
  5320.0       3.7039651E-9   
  5325.0       3.617093E-9    
  5330.0       3.5244725E-9   
  5335.0       3.4849557E-9   
  5340.0       3.519946E-9    
  5345.0       3.6073389E-9   
  5350.0       3.7021606E-9   
  5355.0       3.759397E-9    
  5360.0       3.7563845E-9   
  5365.0       3.709835E-9    
  5370.0       3.6684318E-9   
  5375.0       3.6664132E-9   
  5380.0       3.6942303E-9   
  5385.0       3.7149708E-9   
  5390.0       3.690939E-9    
  5395.0       3.6158965E-9   
  5400.0       3.5304433E-9   
  5405.0       3.4842185E-9   
  5410.0       3.4994605E-9   
  5415.0       3.5631604E-9   
  5420.0       3.6291523E-9   
  5425.0       3.6596195E-9   
  5430.0       3.6611905E-9   
  5435.0       3.660479E-9    
  5440.0       3.6750276E-9   
  5445.0       3.7046721E-9   
  5450.0       3.728546E-9    
  5455.0       3.7280645E-9   
  5460.0       3.713128E-9    
  5465.0       3.7015206E-9   
  5470.0       3.690908E-9    
  5475.0       3.675602E-9    
  5480.0       3.6651362E-9   
  5485.0       3.6690118E-9   
  5490.0       3.6864647E-9   
  5495.0       3.7106744E-9   
  5500.0       3.7267056E-9   
  5505.0       3.725215E-9    
  5510.0       3.7178725E-9   
  5515.0       3.7166459E-9   
  5520.0       3.7153784E-9   
  5525.0       3.7067425E-9   
  5530.0       3.6954806E-9   
  5535.0       3.6907735E-9   
  5540.0       3.7015775E-9   
  5545.0       3.7265853E-9   
  5550.0       3.745703E-9    
  5555.0       3.7422945E-9   
  5560.0       3.7199617E-9   
  5565.0       3.6912708E-9   
  5570.0       3.6674321E-9   
  5575.0       3.6498928E-9   
  5580.0       3.6290895E-9   
  5585.0       3.5987746E-9   
  5590.0       3.563285E-9    
  5595.0       3.5392185E-9   
  5600.0       3.554499E-9    
  5605.0       3.613441E-9    
  5610.0       3.67153E-9     
  5615.0       3.6876673E-9   
  5620.0       3.6718464E-9   
  5625.0       3.6575194E-9   
  5630.0       3.6645478E-9   
  5635.0       3.6924637E-9   
  5640.0       3.7258365E-9   
  5645.0       3.7431485E-9   
  5650.0       3.729031E-9    
  5655.0       3.6912606E-9   
  5660.0       3.662206E-9    
  5665.0       3.666603E-9    
  5670.0       3.6967103E-9   
  5675.0       3.727481E-9    
  5680.0       3.740525E-9    
  5685.0       3.7301366E-9   
  5690.0       3.6978591E-9   
  5695.0       3.6535919E-9   
  5700.0       3.6174523E-9   
  5705.0       3.6034757E-9   
  5710.0       3.6097734E-9   
  5715.0       3.6321166E-9   
  5720.0       3.674659E-9    
  5725.0       3.7311074E-9   
  5730.0       3.765344E-9    
  5735.0       3.75023E-9     
  5740.0       3.706423E-9    
  5745.0       3.668848E-9    
  5750.0       3.6521122E-9   
  5755.0       3.6550865E-9   
  5760.0       3.6670638E-9   
  5765.0       3.6751442E-9   
  5770.0       3.6736987E-9   
  5775.0       3.6643832E-9   
  5780.0       3.6532224E-9   
  5785.0       3.6467716E-9   
  5790.0       3.6484367E-9   
  5795.0       3.658754E-9    
  5800.0       3.6754992E-9   
  5805.0       3.693965E-9    
  5810.0       3.7085641E-9   
  5815.0       3.7162764E-9   
  5820.0       3.7193937E-9   
  5825.0       3.7239498E-9   
  5830.0       3.734101E-9    
  5835.0       3.746375E-9    
  5840.0       3.750632E-9    
  5845.0       3.738129E-9    
  5850.0       3.7072998E-9   
  5855.0       3.661083E-9    
  5860.0       3.6588792E-9   
  5865.0       3.682824E-9    
  5870.0       3.693286E-9    
  5875.0       3.668679E-9    
  5880.0       3.5808765E-9   
  5885.0       3.396922E-9    
  5890.0       3.2265624E-9   
  5895.0       3.2353493E-9   
  5900.0       3.3805054E-9   
  5905.0       3.519609E-9    
  5910.0       3.583639E-9    
  5915.0       3.6155496E-9   
  5920.0       3.6343424E-9   
  5925.0       3.6357881E-9   
  5930.0       3.630718E-9    
  5935.0       3.6470085E-9   
  5940.0       3.6538554E-9   
  5945.0       3.645131E-9    
  5950.0       3.6388161E-9   
  5955.0       3.6444991E-9   
  5960.0       3.6552887E-9   
  5965.0       3.6667214E-9   
  5970.0       3.665316E-9    
  5975.0       3.6468515E-9   
  5980.0       3.6219443E-9   
  5985.0       3.6216756E-9   
  5990.0       3.6322128E-9   
  5995.0       3.635272E-9    
  6000.0       3.6142964E-9   
  6005.0       3.585426E-9    
  6010.0       3.5566088E-9   
  6015.0       3.54476E-9     
  6020.0       3.5451535E-9   
  6025.0       3.5761307E-9   
  6030.0       3.6442822E-9   
  6035.0       3.6848375E-9   
  6040.0       3.6840613E-9   
  6045.0       3.678118E-9    
  6050.0       3.6725838E-9   
  6055.0       3.6479788E-9   
  6060.0       3.6400876E-9   
  6065.0       3.6413788E-9   
  6070.0       3.6528855E-9   
  6075.0       3.6485253E-9   
  6080.0       3.6251164E-9   
  6085.0       3.6046273E-9   
  6090.0       3.5841725E-9   
  6095.0       3.5723202E-9   
  6100.0       3.5645564E-9   
  6105.0       3.5611447E-9   
  6110.0       3.5920753E-9   
  6115.0       3.5899703E-9   
  6120.0       3.553942E-9    
  6125.0       3.51892E-9     
  6130.0       3.5219416E-9   
  6135.0       3.4911782E-9   
  6140.0       3.496984E-9    
  6145.0       3.5280354E-9   
  6150.0       3.5214087E-9   
  6155.0       3.469743E-9    
  6160.0       3.3990781E-9   
  6165.0       3.3747052E-9   
  6170.0       3.415659E-9    
  6175.0       3.4774994E-9   
  6180.0       3.5215362E-9   
  6185.0       3.5277734E-9   
  6190.0       3.52439E-9     
  6195.0       3.5464471E-9   
  6200.0       3.5616123E-9   
  6205.0       3.557257E-9    
  6210.0       3.5385797E-9   
  6215.0       3.5043342E-9   
  6220.0       3.4955994E-9   
  6225.0       3.4759333E-9   
  6230.0       3.4503358E-9   
  6235.0       3.449557E-9    
  6240.0       3.4411036E-9   
  6245.0       3.4236145E-9   
  6250.0       3.4178698E-9   
  6255.0       3.4035272E-9   
  6260.0       3.4311645E-9   
  6265.0       3.4574636E-9   
  6270.0       3.458107E-9    
  6275.0       3.4466139E-9   
  6280.0       3.4306988E-9   
  6285.0       3.451896E-9    
  6290.0       3.4608396E-9   
  6295.0       3.4447472E-9   
  6300.0       3.4393228E-9   
  6305.0       3.4489147E-9   
  6310.0       3.4527416E-9   
  6315.0       3.4258114E-9   
  6320.0       3.4222578E-9   
  6325.0       3.4521777E-9   
  6330.0       3.464325E-9    
  6335.0       3.4439953E-9   
  6340.0       3.4499832E-9   
  6345.0       3.477738E-9    
  6350.0       3.4877785E-9   
  6355.0       3.4620797E-9   
  6360.0       3.4368088E-9   
  6365.0       3.460379E-9    
  6370.0       3.5063614E-9   
  6375.0       3.5203913E-9   
  6380.0       3.5302419E-9   
  6385.0       3.5303425E-9   
  6390.0       3.5060739E-9   
  6395.0       3.4620902E-9   
  6400.0       3.4338128E-9   
  6405.0       3.4192025E-9   
  6410.0       3.4117689E-9   
  6415.0       3.4242718E-9   
  6420.0       3.4415144E-9   
  6425.0       3.468725E-9    
  6430.0       3.4765912E-9   
  6435.0       3.4662642E-9   
  6440.0       3.4609244E-9   
  6445.0       3.4577383E-9   
  6450.0       3.436541E-9    
  6455.0       3.432713E-9    
  6460.0       3.4203216E-9   
  6465.0       3.413691E-9    
  6470.0       3.4210723E-9   
  6475.0       3.4214584E-9   
  6480.0       3.4160668E-9   
  6485.0       3.4049426E-9   
  6490.0       3.358565E-9    
  6495.0       3.2923455E-9   
  6500.0       3.3470666E-9   
  6505.0       3.4230214E-9   
  6510.0       3.4583245E-9   
  6515.0       3.457055E-9    
  6520.0       3.4517673E-9   
  6525.0       3.4586278E-9   
  6530.0       3.4516874E-9   
  6535.0       3.4601093E-9   
  6540.0       3.4604328E-9   
  6545.0       3.423629E-9    
  6550.0       3.3657197E-9   
  6555.0       3.2703475E-9   
  6560.0       3.1189995E-9   
  6565.0       3.089024E-9    
  6570.0       3.2265761E-9   
  6575.0       3.3196115E-9   
  6580.0       3.3682173E-9   
  6585.0       3.3845045E-9   
  6590.0       3.3736016E-9   
  6595.0       3.3667356E-9   
  6600.0       3.4004959E-9   
  6605.0       3.4199341E-9   
  6610.0       3.4183392E-9   
  6615.0       3.4222511E-9   
  6620.0       3.4241678E-9   
  6625.0       3.404155E-9    
  6630.0       3.3795162E-9   
  6635.0       3.3792784E-9   
  6640.0       3.3914318E-9   
  6645.0       3.3921814E-9   
  6650.0       3.3872576E-9   
  6655.0       3.382048E-9    
  6660.0       3.3694822E-9   
  6665.0       3.3589609E-9   
  6670.0       3.3695904E-9   
  6675.0       3.3562408E-9   
  6680.0       3.3401903E-9   
  6685.0       3.3612266E-9   
  6690.0       3.3704954E-9   
  6695.0       3.363554E-9    
  6700.0       3.3607268E-9   
  6705.0       3.3594556E-9   
  6710.0       3.3381637E-9   
  6715.0       3.3083103E-9   
  6720.0       3.3049445E-9   
  6725.0       3.3201524E-9   
  6730.0       3.3304206E-9   
  6735.0       3.335863E-9    
  6740.0       3.3302527E-9   
  6745.0       3.321607E-9    
  6750.0       3.3143062E-9   
  6755.0       3.3263858E-9   
  6760.0       3.3328653E-9   
  6765.0       3.3267458E-9   
  6770.0       3.313139E-9    
  6775.0       3.323158E-9    
  6780.0       3.3254801E-9   
  6785.0       3.312491E-9    
  6790.0       3.3140433E-9   
  6795.0       3.3128187E-9   
  6800.0       3.3068022E-9   
  6805.0       3.3024388E-9   
  6810.0       3.2888456E-9   
  6815.0       3.2910292E-9   
  6820.0       3.2928464E-9   
  6825.0       3.298501E-9    
  6830.0       3.2903609E-9   
  6835.0       3.2833605E-9   
  6840.0       3.276809E-9    
  6845.0       3.267753E-9    
  6850.0       3.2556668E-9   
  6855.0       3.2414527E-9   
  6860.0       3.227134E-9    
  6865.0       3.2170446E-9   
  6870.0       3.2147607E-9   
  6875.0       3.2198502E-9   
  6880.0       3.228138E-9    
  6885.0       3.2331635E-9   
  6890.0       3.2317877E-9   
  6895.0       3.2268819E-9   
  6900.0       3.2258836E-9   
  6905.0       3.2335514E-9   
  6910.0       3.2474095E-9   
  6915.0       3.2591585E-9   
  6920.0       3.2597165E-9   
  6925.0       3.2463776E-9   
  6930.0       3.227184E-9    
  6935.0       3.212905E-9    
  6940.0       3.2095078E-9   
  6945.0       3.214673E-9    
  6950.0       3.2196572E-9   
  6955.0       3.2184575E-9   
  6960.0       3.2115057E-9   
  6965.0       3.2052636E-9   
  6970.0       3.204303E-9    
  6975.0       3.19293E-9     
  6980.0       3.1958962E-9   
  6985.0       3.2165866E-9   
  6990.0       3.20627E-9     
  6995.0       3.1895018E-9   
  7000.0       3.1714458E-9   
  7005.0       3.1525802E-9   
  7010.0       3.1568514E-9   
  7015.0       3.1464653E-9   
  7020.0       3.1393057E-9   
  7025.0       3.131735E-9    
  7030.0       3.1357557E-9   
  7035.0       3.1327025E-9   
  7040.0       3.141541E-9    
  7045.0       3.1606222E-9   
  7050.0       3.155571E-9    
  7055.0       3.130843E-9    
  7060.0       3.1176788E-9   
  7065.0       3.1178595E-9   
  7070.0       3.127119E-9    
  7075.0       3.148929E-9    
  7080.0       3.1541205E-9   
  7085.0       3.1341254E-9   
  7090.0       3.1314626E-9   
  7095.0       3.1422502E-9   
  7100.0       3.1538225E-9   
  7105.0       3.141395E-9    
  7110.0       3.1143328E-9   
  7115.0       3.089873E-9    
  7120.0       3.064374E-9    
  7125.0       3.046142E-9    
  7130.0       3.0518417E-9   
  7135.0       3.0871987E-9   
  7140.0       3.110702E-9    
  7145.0       3.0957876E-9   
  7150.0       3.083361E-9    
  7155.0       3.0799223E-9   
  7160.0       3.0680696E-9   
  7165.0       3.0532472E-9   
  7170.0       3.0649265E-9   
  7175.0       3.0559195E-9   
  7180.0       3.0203822E-9   
  7185.0       2.9758755E-9   
  7190.0       2.9386766E-9   
  7195.0       2.948211E-9    
  7200.0       2.955881E-9    
  7205.0       2.9455747E-9   
  7210.0       2.9851341E-9   
  7215.0       3.0463245E-9   
  7220.0       3.0530591E-9   
  7225.0       3.0655616E-9   
  7230.0       3.066793E-9    
  7235.0       3.038332E-9    
  7240.0       3.033426E-9    
  7245.0       3.0257707E-9   
  7250.0       3.019742E-9    
  7255.0       3.0106868E-9   
  7260.0       3.0149736E-9   
  7265.0       3.0095713E-9   
  7270.0       3.015939E-9    
  7275.0       2.995807E-9    
  7280.0       2.9808223E-9   
  7285.0       2.9727134E-9   
  7290.0       2.9453995E-9   
  7295.0       2.976482E-9    
  7300.0       3.0085618E-9   
  7305.0       2.9964444E-9   
  7310.0       2.9922569E-9   
  7315.0       3.0066332E-9   
  7320.0       3.0071525E-9   
  7325.0       3.0068061E-9   
  7330.0       3.0129699E-9   
  7335.0       3.0339047E-9   
  7340.0       3.0424079E-9   
  7345.0       3.0378862E-9   
  7350.0       3.0157874E-9   
  7355.0       2.996162E-9    
  7360.0       2.9891194E-9   
  7365.0       2.9987743E-9   
  7370.0       3.0152312E-9   
  7375.0       3.0097798E-9   
  7380.0       2.9925291E-9   
  7385.0       2.948088E-9    
  7390.0       2.9339369E-9   
  7395.0       2.9601692E-9   
  7400.0       2.962434E-9    
  7405.0       2.9528653E-9   
  7410.0       2.9289349E-9   
  7415.0       2.921006E-9    
  7420.0       2.9246423E-9   
  7425.0       2.9385754E-9   
  7430.0       2.9669995E-9   
  7435.0       2.9721112E-9   
  7440.0       2.9593274E-9   
  7445.0       2.9340084E-9   
  7450.0       2.9574192E-9   
  7455.0       2.977004E-9    
  7460.0       2.9618545E-9   
  7465.0       2.9568492E-9   
  7470.0       2.9579699E-9   
  7475.0       2.946487E-9    
  7480.0       2.9380105E-9   
  7485.0       2.9296046E-9   
  7490.0       2.9045688E-9   
  7495.0       2.8899552E-9   
  7500.0       2.9083795E-9   
  7505.0       2.8995886E-9   
  7510.0       2.879103E-9    
  7515.0       2.9006908E-9   
  7520.0       2.9058913E-9   
  7525.0       2.8993412E-9   
  7530.0       2.9029863E-9   
  7535.0       2.9075458E-9   
  7540.0       2.9139937E-9   
  7545.0       2.8975133E-9   
  7550.0       2.8816465E-9   
  7555.0       2.877583E-9    
  7560.0       2.8825513E-9   
  7565.0       2.8987126E-9   
  7570.0       2.9197016E-9   
  7575.0       2.9374474E-9   
  7580.0       2.9456495E-9   
  7585.0       2.9391132E-9   
  7590.0       2.9222504E-9   
  7595.0       2.90349E-9     
  7600.0       2.8911873E-9   
  7605.0       2.890526E-9    
  7610.0       2.8978808E-9   
  7615.0       2.907445E-9    
  7620.0       2.9134626E-9   
  7625.0       2.911803E-9    
  7630.0       2.9031915E-9   
  7635.0       2.8902338E-9   
  7640.0       2.8756202E-9   
  7645.0       2.861181E-9    
  7650.0       2.8464764E-9   
  7655.0       2.8301783E-9   
  7660.0       2.810998E-9    
  7665.0       2.7889497E-9   
  7670.0       2.7673652E-9   
  7675.0       2.7506062E-9   
  7680.0       2.7439553E-9   
  7685.0       2.7505491E-9   
  7690.0       2.765947E-9    
  7695.0       2.7828664E-9   
  7700.0       2.7958007E-9   
  7705.0       2.8009326E-9   
  7710.0       2.7995941E-9   
  7715.0       2.7951783E-9   
  7720.0       2.7906581E-9   
  7725.0       2.7879044E-9   
  7730.0       2.7896871E-9   
  7735.0       2.8011053E-9   
  7740.0       2.7929679E-9   
  7745.0       2.7664901E-9   
  7750.0       2.7622422E-9   
  7755.0       2.7858544E-9   
  7760.0       2.7936327E-9   
  7765.0       2.7986022E-9   
  7770.0       2.7942357E-9   
  7775.0       2.7837468E-9   
  7780.0       2.7719047E-9   
  7785.0       2.7735647E-9   
  7790.0       2.7782892E-9   
  7795.0       2.7698972E-9   
  7800.0       2.7577751E-9   
  7805.0       2.754867E-9    
  7810.0       2.7566986E-9   
  7815.0       2.7657128E-9   
  7820.0       2.7718732E-9   
  7825.0       2.7625888E-9   
  7830.0       2.7382103E-9   
  7835.0       2.7195097E-9   
  7840.0       2.7492522E-9   
  7845.0       2.7559244E-9   
  7850.0       2.7483436E-9   
  7855.0       2.756065E-9    
  7860.0       2.7614901E-9   
  7865.0       2.7537432E-9   
  7870.0       2.7419247E-9   
  7875.0       2.7428297E-9   
  7880.0       2.7394444E-9   
  7885.0       2.7449998E-9   
  7890.0       2.7487899E-9   
  7895.0       2.7399285E-9   
  7900.0       2.7340927E-9   
  7905.0       2.7236036E-9   
  7910.0       2.709202E-9    
  7915.0       2.6929936E-9   
  7920.0       2.68015E-9     
  7925.0       2.6808737E-9   
  7930.0       2.6542257E-9   
  7935.0       2.6225067E-9   
  7940.0       2.62603E-9     
  7945.0       2.6301614E-9   
  7950.0       2.662733E-9    
  7955.0       2.6801656E-9   
  7960.0       2.6897498E-9   
  7965.0       2.7015894E-9   
  7970.0       2.702252E-9    
  7975.0       2.7039007E-9   
  7980.0       2.704697E-9    
  7985.0       2.7060638E-9   
  7990.0       2.6937585E-9   
  7995.0       2.6664337E-9   
  8000.0       2.6477116E-9   
  8005.0       2.6626141E-9   
  8010.0       2.6656297E-9   
  8015.0       2.6725437E-9   
  8020.0       2.6639626E-9   
  8025.0       2.6449474E-9   
  8030.0       2.6489717E-9   
  8035.0       2.659205E-9    
  8040.0       2.6502165E-9   
  8045.0       2.6217903E-9   
  8050.0       2.6217268E-9   
  8055.0       2.644396E-9    
  8060.0       2.6537677E-9   
  8065.0       2.646197E-9    
  8070.0       2.631321E-9    
  8075.0       2.6204345E-9   
  8080.0       2.6155902E-9   
  8085.0       2.5971028E-9   
  8090.0       2.5851243E-9   
  8095.0       2.5705698E-9   
  8100.0       2.5826863E-9   
  8105.0       2.6047677E-9   
  8110.0       2.6143157E-9   
  8115.0       2.624929E-9    
  8120.0       2.6328506E-9   
  8125.0       2.6395097E-9   
  8130.0       2.6282376E-9   
  8135.0       2.617716E-9    
  8140.0       2.6062195E-9   
  8145.0       2.584762E-9    
  8150.0       2.5617681E-9   
  8155.0       2.5477422E-9   
  8160.0       2.522754E-9    
  8165.0       2.4932127E-9   
  8170.0       2.5039313E-9   
  8175.0       2.5036238E-9   
  8180.0       2.4688522E-9   
  8185.0       2.470081E-9    
  8190.0       2.4768478E-9   
  8195.0       2.4684859E-9   
  8200.0       2.4988527E-9   
  8205.0       2.5384557E-9   
  8210.0       2.5371798E-9   
  8215.0       2.5180855E-9   
  8220.0       2.4922677E-9   
  8225.0       2.469285E-9    
  8230.0       2.4312798E-9   
  8235.0       2.4639313E-9   
  8240.0       2.5197258E-9   
  8245.0       2.5313622E-9   
  8250.0       2.5467033E-9   
  8255.0       2.5501292E-9   
  8260.0       2.5501585E-9   
  8265.0       2.559492E-9    
  8270.0       2.5365188E-9   
  8275.0       2.5073317E-9   
  8280.0       2.4908626E-9   
  8285.0       2.483891E-9    
  8290.0       2.4716618E-9   
  8295.0       2.4732358E-9   
  8300.0       2.4745488E-9   
  8305.0       2.461766E-9    
  8310.0       2.4634599E-9   
  8315.0       2.4647844E-9   
  8320.0       2.4396296E-9   
  8325.0       2.417705E-9    
  8330.0       2.399672E-9    
  8335.0       2.3953803E-9   
  8340.0       2.4012619E-9   
  8345.0       2.4208853E-9   
  8350.0       2.4351492E-9   
  8355.0       2.4514089E-9   
  8360.0       2.4563265E-9   
  8365.0       2.4578395E-9   
  8370.0       2.4549833E-9   
  8375.0       2.447278E-9    
  8380.0       2.4382936E-9   
  8385.0       2.4187408E-9   
  8390.0       2.4250373E-9   
  8395.0       2.4525404E-9   
  8400.0       2.4584714E-9   
  8405.0       2.44632E-9     
  8410.0       2.413867E-9    
  8415.0       2.4006275E-9   
  8420.0       2.3797688E-9   
  8425.0       2.366905E-9    
  8430.0       2.3880278E-9   
  8435.0       2.3609739E-9   
  8440.0       2.3586704E-9   
  8445.0       2.379702E-9    
  8450.0       2.4047535E-9   
  8455.0       2.4145563E-9   
  8460.0       2.4015847E-9   
  8465.0       2.3824909E-9   
  8470.0       2.3577997E-9   
  8475.0       2.3815216E-9   
  8480.0       2.406004E-9    
  8485.0       2.3920543E-9   
  8490.0       2.3540565E-9   
  8495.0       2.239118E-9    
  8500.0       2.1772308E-9   
  8505.0       2.2660072E-9   
  8510.0       2.305209E-9    
  8515.0       2.3050317E-9   
  8520.0       2.314718E-9    
  8525.0       2.305015E-9    
  8530.0       2.25775E-9     
  8535.0       2.139895E-9    
  8540.0       1.9266364E-9   
  8545.0       1.9230872E-9   
  8550.0       2.1298663E-9   
  8555.0       2.2379434E-9   
  8560.0       2.2838944E-9   
  8565.0       2.3069728E-9   
  8570.0       2.3174025E-9   
  8575.0       2.3123001E-9   
  8580.0       2.3105815E-9   
  8585.0       2.2993687E-9   
  8590.0       2.3047286E-9   
  8595.0       2.2936824E-9   
  8600.0       2.2847206E-9   
  8605.0       2.2959759E-9   
  8610.0       2.2753615E-9   
  8615.0       2.2614268E-9   
  8620.0       2.2758193E-9   
  8625.0       2.3017066E-9   
  8630.0       2.303487E-9    
  8635.0       2.3058637E-9   
  8640.0       2.3218565E-9   
  8645.0       2.294259E-9    
  8650.0       2.2427102E-9   
  8655.0       2.1582158E-9   
  8660.0       1.9897006E-9   
  8665.0       1.973282E-9    
  8670.0       2.1226971E-9   
  8675.0       2.2062097E-9   
  8680.0       2.253811E-9    
  8685.0       2.2369173E-9   
  8690.0       2.2416597E-9   
  8695.0       2.2962294E-9   
  8700.0       2.3168116E-9   
  8705.0       2.3107836E-9   
  8710.0       2.312123E-9    
  8715.0       2.2980953E-9   
  8720.0       2.3121396E-9   
  8725.0       2.3062667E-9   
  8730.0       2.2985183E-9   
  8735.0       2.2631146E-9   
  8740.0       2.2659192E-9   
  8745.0       2.28445E-9     
  8750.0       2.2860884E-9   
  8755.0       2.2775106E-9   
  8760.0       2.2823388E-9   
  8765.0       2.285661E-9    
  8770.0       2.2761808E-9   
  8775.0       2.2722066E-9   
  8780.0       2.2986846E-9   
  8785.0       2.280453E-9    
  8790.0       2.255072E-9    
  8795.0       2.2444824E-9   
  8800.0       2.2310898E-9   
  8805.0       2.1635584E-9   
  8810.0       2.1721989E-9   
  8815.0       2.2560571E-9   
  8820.0       2.2599316E-9   
  8825.0       2.2388988E-9   
  8830.0       2.269123E-9    
  8835.0       2.2737827E-9   
  8840.0       2.2609215E-9   
  8845.0       2.260706E-9    
  8850.0       2.267961E-9    
  8855.0       2.2630686E-9   
  8860.0       2.2351279E-9   
  8865.0       2.2149629E-9   
  8870.0       2.2068296E-9   
  8875.0       2.2298352E-9   
  8880.0       2.2380562E-9   
  8885.0       2.2512299E-9   
  8890.0       2.2438729E-9   
  8895.0       2.238634E-9    
  8900.0       2.2479674E-9   
  8905.0       2.249188E-9    
  8910.0       2.2437248E-9   
  8915.0       2.2367317E-9   
  8920.0       2.2384015E-9   
  8925.0       2.256426E-9    
  8930.0       2.2558155E-9   
  8935.0       2.2637494E-9   
  8940.0       2.26199E-9     
  8945.0       2.2533218E-9   
  8950.0       2.2481246E-9   
  8955.0       2.2529447E-9   
  8960.0       2.2566817E-9   
  8965.0       2.2387323E-9   
  8970.0       2.2364914E-9   
  8975.0       2.22696E-9     
  8980.0       2.2240814E-9   
  8985.0       2.1986524E-9   
  8990.0       2.1599387E-9   
  8995.0       2.1496944E-9   
  9000.0       2.1464337E-9   
  9005.0       2.1497382E-9   
  9010.0       2.1462827E-9   
  9015.0       2.1466384E-9   
  9020.0       2.164703E-9    
  9025.0       2.2108662E-9   
  9030.0       2.2693027E-9   
  9035.0       2.3199016E-9   
  9040.0       2.3403097E-9   
  9045.0       2.3377296E-9   
  9050.0       2.3362354E-9   
  9055.0       2.3223137E-9   
  9060.0       2.2852082E-9   
  9065.0       2.2390128E-9   
  9070.0       2.2065825E-9   
  9075.0       2.1827464E-9   
  9080.0       2.1434705E-9   
  9085.0       2.1307358E-9   
  9090.0       2.1160222E-9   
  9095.0       2.1439859E-9   
  9100.0       2.15589E-9     
  9105.0       2.1563977E-9   
  9110.0       2.1648863E-9   
  9115.0       2.1709263E-9   
  9120.0       2.1624833E-9   
  9125.0       2.1768454E-9   
  9130.0       2.1500213E-9   
  9135.0       2.116788E-9    
  9140.0       2.1170994E-9   
  9145.0       2.1348694E-9   
  9150.0       2.1114728E-9   
  9155.0       2.0824988E-9   
  9160.0       2.0904323E-9   
  9165.0       2.1248123E-9   
  9170.0       2.105426E-9    
  9175.0       2.081496E-9    
  9180.0       2.1040383E-9   
  9185.0       2.1302506E-9   
  9190.0       2.1453712E-9   
  9195.0       2.1477125E-9   
  9200.0       2.1585884E-9   
  9205.0       2.1538482E-9   
  9210.0       2.1344708E-9   
  9215.0       2.122006E-9    
  9220.0       2.121358E-9    
  9225.0       2.1223492E-9   
  9230.0       2.1184814E-9   
  9235.0       2.1065876E-9   
  9240.0       2.0992506E-9   
  9245.0       2.0821453E-9   
  9250.0       2.074026E-9    
  9255.0       2.0637205E-9   
  9260.0       2.086202E-9    
  9265.0       2.1301814E-9   
  9270.0       2.1684154E-9   
  9275.0       2.1652977E-9   
  9280.0       2.1564832E-9   
  9285.0       2.1629485E-9   
  9290.0       2.1519635E-9   
  9295.0       2.1175683E-9   
  9300.0       2.084361E-9    
  9305.0       2.0686994E-9   
  9310.0       2.0232176E-9   
  9315.0       1.9801676E-9   
  9320.0       1.973599E-9    
  9325.0       1.9454103E-9   
  9330.0       1.9613813E-9   
  9335.0       1.9562287E-9   
  9340.0       1.8790525E-9   
  9345.0       1.8218204E-9   
  9350.0       1.8893052E-9   
  9355.0       1.8606238E-9   
  9360.0       1.8473658E-9   
  9365.0       1.919391E-9    
  9370.0       1.912838E-9    
  9375.0       1.9810473E-9   
  9380.0       2.0162503E-9   
  9385.0       2.1109694E-9   
  9390.0       2.2281532E-9   
  9395.0       2.3107132E-9   
  9400.0       2.2905013E-9   
  9405.0       2.2351447E-9   
  9410.0       2.173087E-9    
  9415.0       2.1359725E-9   
  9420.0       2.1104105E-9   
  9425.0       2.0605686E-9   
  9430.0       1.9552748E-9   
  9435.0       1.9667385E-9   
  9440.0       1.8912876E-9   
  9445.0       1.8843345E-9   
  9450.0       1.9821256E-9   
  9455.0       1.9793518E-9   
  9460.0       1.9519792E-9   
  9465.0       1.9640112E-9   
  9470.0       2.0297204E-9   
  9475.0       2.0476993E-9   
  9480.0       2.018355E-9    
  9485.0       2.0433493E-9   
  9490.0       2.0840314E-9   
  9495.0       2.0057742E-9   
  9500.0       1.9558328E-9   
  9505.0       2.001173E-9    
  9510.0       2.0775053E-9   
  9515.0       2.0468134E-9   
  9520.0       1.9841864E-9   
  9525.0       1.9545014E-9   
  9530.0       1.990657E-9    
  9535.0       2.0219326E-9   
  9540.0       2.0235658E-9   
  9545.0       1.9808184E-9   
  9550.0       1.9762147E-9   
  9555.0       1.943579E-9    
  9560.0       1.9748234E-9   
  9565.0       1.9705921E-9   
  9570.0       1.9712758E-9   
  9575.0       1.9900168E-9   
  9580.0       1.9886095E-9   
  9585.0       1.964041E-9    
  9590.0       1.9204787E-9   
  9595.0       1.8816964E-9   
  9600.0       1.9017383E-9   
  9605.0       1.9421265E-9   
  9610.0       1.9598096E-9   
  9615.0       1.9719109E-9   
  9620.0       1.9404276E-9   
  9625.0       1.9222768E-9   
  9630.0       1.931393E-9    
  9635.0       1.931909E-9    
  9640.0       1.8845925E-9   
  9645.0       1.8743798E-9   
  9650.0       1.877272E-9    
  9655.0       1.9047186E-9   
  9660.0       1.8816915E-9   
  9665.0       1.8696136E-9   
  9670.0       1.9235302E-9   
  9675.0       1.9462267E-9   
  9680.0       1.9445234E-9   
  9685.0       1.9459354E-9   
  9690.0       1.9431818E-9   
  9695.0       1.938659E-9    
  9700.0       1.9358795E-9   
  9705.0       1.9115987E-9   
  9710.0       1.8830577E-9   
  9715.0       1.895224E-9    
  9720.0       1.9017596E-9   
  9725.0       1.8971702E-9   
  9730.0       1.867075E-9    
  9735.0       1.8389736E-9   
  9740.0       1.8444366E-9   
  9745.0       1.8019626E-9   
  9750.0       1.8120745E-9   
  9755.0       1.7986885E-9   
  9760.0       1.817097E-9    
  9765.0       1.8073324E-9   
  9770.0       1.8433622E-9   
  9775.0       1.8423338E-9   
  9780.0       1.8340575E-9   
  9785.0       1.8488311E-9   
  9790.0       1.8867647E-9   
  9795.0       1.8390888E-9   
  9800.0       1.8541011E-9   
  9805.0       1.8538296E-9   
  9810.0       1.8504909E-9   
  9815.0       1.8597197E-9   
  9820.0       1.8719417E-9   
  9825.0       1.8437889E-9   
  9830.0       1.8355457E-9   
  9835.0       1.8394529E-9   
  9840.0       1.8522441E-9   
  9845.0       1.8593179E-9   
  9850.0       1.8253525E-9   
  9855.0       1.82736E-9     
  9860.0       1.8595199E-9   
  9865.0       1.846081E-9    
  9870.0       1.8285792E-9   
  9875.0       1.8246573E-9   
  9880.0       1.8138336E-9   
  9885.0       1.8122508E-9   
  9890.0       1.7957187E-9   
  9895.0       1.7853397E-9   
  9900.0       1.8036523E-9   
  9905.0       1.8447693E-9   
  9910.0       1.8166079E-9   
  9915.0       1.8226254E-9   
  9920.0       1.8253049E-9   
  9925.0       1.814807E-9    
  9930.0       1.8133123E-9   
  9935.0       1.7966851E-9   
  9940.0       1.7526051E-9   
  9945.0       1.788173E-9    
  9950.0       1.8022664E-9   
  9955.0       1.7917559E-9   
  9960.0       1.7862553E-9   
  9965.0       1.7887946E-9   
  9970.0       1.8070934E-9   
  9975.0       1.8009317E-9   
  9980.0       1.7493358E-9   
  9985.0       1.7692952E-9   
  9990.0       1.77719E-9     
  9995.0       1.7830433E-9   
  10000.0      1.7714572E-9   
  10005.0      1.7564552E-9   
  10010.0      1.7756193E-9   
  10015.0      1.8213905E-9   
  10020.0      1.8338494E-9   
  10025.0      1.778945E-9    
  10030.0      1.7489717E-9   
  10035.0      1.7586923E-9   
  10040.0      1.7642255E-9   
  10045.0      1.7372433E-9   
  10050.0      1.7492184E-9   
  10055.0      1.7660534E-9   
  10060.0      1.719774E-9    
  10065.0      1.7416076E-9   
  10070.0      1.7376823E-9   
  10075.0      1.7490597E-9   
  10080.0      1.7614472E-9   
  10085.0      1.7433363E-9   
  10090.0      1.7631755E-9   
  10095.0      1.6656359E-9   
  10100.0      1.7152436E-9   
  10105.0      1.7723324E-9   
  10110.0      1.7596786E-9   
  10115.0      1.6809455E-9   
  10120.0      1.7266424E-9   
  10125.0      1.7307366E-9   
  10130.0      1.71071E-9     
  10135.0      1.6910632E-9   
  10140.0      1.7349058E-9   
  10145.0      1.7484868E-9   
  10150.0      1.7071656E-9   
  10155.0      1.7091367E-9   
  10160.0      1.6860878E-9   
  10165.0      1.7115172E-9   
  10170.0      1.6986574E-9   
  10175.0      1.6415097E-9   
  10180.0      1.6679597E-9   
  10185.0      1.6716579E-9   
  10190.0      1.6703009E-9   
  10195.0      1.6716142E-9   
  10200.0      1.6765973E-9   
  10205.0      1.6853192E-9   
  10210.0      1.6954353E-9   
  10215.0      1.7036819E-9   
  10220.0      1.7068424E-9   
  10225.0      1.7032266E-9   
  10230.0      1.6950809E-9   
  10235.0      1.6861641E-9   
  10240.0      1.680235E-9    
  10245.0      1.6795909E-9   
  10250.0      1.6826728E-9   
  10255.0      1.6864483E-9   
  10260.0      1.6878688E-9   
  10265.0      1.6850302E-9   
  10270.0      1.6790694E-9   
  10275.0      1.6722926E-9   
  10280.0      1.66703E-9     
  10285.0      1.6647743E-9   
  10290.0      1.6648329E-9   
  10295.0      1.6656754E-9   
  10300.0      1.6657518E-9   
  10305.0      1.6641185E-9   
  10310.0      1.6614636E-9   
  10315.0      1.6590885E-9   
  10320.0      1.6582935E-9   
  10325.0      1.6597851E-9   
  10330.0      1.6627197E-9   
  10335.0      1.6656645E-9   
  10340.0      1.6671585E-9   
  10345.0      1.6662027E-9   
  10350.0      1.6629326E-9   
  10355.0      1.6579522E-9   
  10360.0      1.651908E-9    
  10365.0      1.6455666E-9   
  10370.0      1.6400267E-9   
  10375.0      1.6364932E-9   
  10380.0      1.636121E-9    
  10385.0      1.63932E-9     
  10390.0      1.6445785E-9   
  10395.0      1.6496332E-9   
  10400.0      1.6522518E-9   
  10405.0      1.6512554E-9   
  10410.0      1.6481904E-9   
  10415.0      1.6456337E-9   
  10420.0      1.6461552E-9   
  10425.0      1.6510505E-9   
  10430.0      1.6583824E-9   
  10435.0      1.664927E-9    
  10440.0      1.6674845E-9   
  10445.0      1.6641653E-9   
  10450.0      1.6564645E-9   
  10455.0      1.6472168E-9   
  10460.0      1.6392746E-9   
  10465.0      1.6346657E-9   
  10470.0      1.633215E-9    
  10475.0      1.633909E-9    
  10480.0      1.6356738E-9   
  10485.0      1.6377308E-9   
  10490.0      1.6400831E-9   
  10495.0      1.6430278E-9   
  10500.0      1.6468423E-9   
  10505.0      1.6514307E-9   
  10510.0      1.655691E-9    
  10515.0      1.6581281E-9   
  10520.0      1.6572987E-9   
  10525.0      1.6525672E-9   
  10530.0      1.6454033E-9   
  10535.0      1.6381096E-9   
  10540.0      1.6329642E-9   
  10545.0      1.6315174E-9   
  10550.0      1.6333466E-9   
  10555.0      1.6372754E-9   
  10560.0      1.6420515E-9   
  10565.0      1.6464173E-9   
  10570.0      1.6491163E-9   
  10575.0      1.6488721E-9   
  10580.0      1.6445056E-9   
  10585.0      1.6356674E-9   
  10590.0      1.624195E-9    
  10595.0      1.6127555E-9   
  10600.0      1.6040039E-9   
  10605.0      1.5997558E-9   
  10610.0      1.5995711E-9   
  10615.0      1.6021513E-9   
  10620.0      1.2039784E-9   
