# WAVELENGTH   FLUX  
  1150.0       0.0   
  1155.0       0.0   
  1160.0       0.0   
  1165.0       0.0   
  1170.0       0.0   
  1175.0       0.0   
  1180.0       0.0   
  1185.0       0.0   
  1190.0       0.0   
  1195.0       0.0   
  1200.0       0.0   
  1205.0       0.0   
  1210.0       0.0   
  1215.0       0.0   
  1220.0       0.0   
  1225.0       0.0   
  1230.0       0.0   
  1235.0       0.0   
  1240.0       0.0   
  1245.0       0.0   
  1250.0       0.0   
  1255.0       0.0   
  1260.0       0.0   
  1265.0       0.0   
  1270.0       0.0   
  1275.0       0.0   
  1280.0       0.0   
  1285.0       0.0   
  1290.0       0.0   
  1295.0       0.0   
  1300.0       0.0   
  1305.0       0.0   
  1310.0       0.0   
  1315.0       0.0   
  1320.0       0.0   
  1325.0       0.0   
  1330.0       0.0   
  1335.0       0.0   
  1340.0       0.0   
  1345.0       0.0   
  1350.0       0.0   
  1355.0       0.0   
  1360.0       0.0   
  1365.0       0.0   
  1370.0       0.0   
  1375.0       0.0   
  1380.0       0.0   
  1385.0       0.0   
  1390.0       0.0   
  1395.0       0.0   
  1400.0       0.0   
  1405.0       0.0   
  1410.0       0.0   
  1415.0       0.0   
  1420.0       0.0   
  1425.0       0.0   
  1430.0       0.0   
  1435.0       0.0   
  1440.0       0.0   
  1445.0       0.0   
  1450.0       0.0   
  1455.0       0.0   
  1460.0       0.0   
  1465.0       0.0   
  1470.0       0.0   
  1475.0       0.0   
  1480.0       0.0   
  1485.0       0.0   
  1490.0       0.0   
  1495.0       0.0   
  1500.0       0.0   
  1505.0       0.0   
  1510.0       0.0   
  1515.0       0.0   
  1520.0       0.0   
  1525.0       0.0   
  1530.0       0.0   
  1535.0       0.0   
  1540.0       0.0   
  1545.0       0.0   
  1550.0       0.0   
  1555.0       0.0   
  1560.0       0.0   
  1565.0       0.0   
  1570.0       0.0   
  1575.0       0.0   
  1580.0       0.0   
  1585.0       0.0   
  1590.0       0.0   
  1595.0       0.0   
  1600.0       0.0   
  1605.0       0.0   
  1610.0       0.0   
  1615.0       0.0   
  1620.0       0.0   
  1625.0       0.0   
  1630.0       0.0   
  1635.0       0.0   
  1640.0       0.0   
  1645.0       0.0   
  1650.0       0.0   
  1655.0       0.0   
  1660.0       0.0   
  1665.0       0.0   
  1670.0       0.0   
  1675.0       0.0   
  1680.0       0.0   
  1685.0       0.0   
  1690.0       0.0   
  1695.0       0.0   
  1700.0       0.0   
  1705.0       0.0   
  1710.0       0.0   
  1715.0       0.0   
  1720.0       0.0   
  1725.0       0.0   
  1730.0       0.0   
  1735.0       0.0   
  1740.0       0.0   
  1745.0       0.0   
  1750.0       0.0   
  1755.0       0.0   
  1760.0       0.0   
  1765.0       0.0   
  1770.0       0.0   
  1775.0       0.0   
  1780.0       0.0   
  1785.0       0.0   
  1790.0       0.0   
  1795.0       0.0   
  1800.0       0.0   
  1805.0       0.0   
  1810.0       0.0   
  1815.0       0.0   
  1820.0       0.0   
  1825.0       0.0   
  1830.0       0.0   
  1835.0       0.0   
  1840.0       0.0   
  1845.0       0.0   
  1850.0       0.0   
  1855.0       0.0   
  1860.0       0.0   
  1865.0       0.0   
  1870.0       0.0   
  1875.0       0.0   
  1880.0       0.0   
  1885.0       0.0   
  1890.0       0.0   
  1895.0       0.0   
  1900.0       0.0   
  1905.0       0.0   
  1910.0       0.0   
  1915.0       0.0   
  1920.0       0.0   
  1925.0       0.0   
  1930.0       0.0   
  1935.0       0.0   
  1940.0       0.0   
  1945.0       0.0   
  1950.0       0.0   
  1955.0       0.0   
  1960.0       0.0   
  1965.0       0.0   
  1970.0       0.0   
  1975.0       0.0   
  1980.0       0.0   
  1985.0       0.0   
  1990.0       0.0   
  1995.0       0.0   
  2000.0       0.0   
  2005.0       0.0   
  2010.0       0.0   
  2015.0       0.0   
  2020.0       0.0   
  2025.0       0.0   
  2030.0       0.0   
  2035.0       0.0   
  2040.0       0.0   
  2045.0       0.0   
  2050.0       0.0   
  2055.0       0.0   
  2060.0       0.0   
  2065.0       0.0   
  2070.0       0.0   
  2075.0       0.0   
  2080.0       0.0   
  2085.0       0.0   
  2090.0       0.0   
  2095.0       0.0   
  2100.0       0.0   
  2105.0       0.0   
  2110.0       0.0   
  2115.0       0.0   
  2120.0       0.0   
  2125.0       0.0   
  2130.0       0.0   
  2135.0       0.0   
  2140.0       0.0   
  2145.0       0.0   
  2150.0       0.0   
  2155.0       0.0   
  2160.0       0.0   
  2165.0       0.0   
  2170.0       0.0   
  2175.0       0.0   
  2180.0       0.0   
  2185.0       0.0   
  2190.0       0.0   
  2195.0       0.0   
  2200.0       0.0   
  2205.0       0.0   
  2210.0       0.0   
  2215.0       0.0   
  2220.0       0.0   
  2225.0       0.0   
  2230.0       0.0   
  2235.0       0.0   
  2240.0       0.0   
  2245.0       0.0   
  2250.0       0.0   
  2255.0       0.0   
  2260.0       0.0   
  2265.0       0.0   
  2270.0       0.0   
  2275.0       0.0   
  2280.0       0.0   
  2285.0       0.0   
  2290.0       0.0   
  2295.0       0.0   
  2300.0       0.0   
  2305.0       0.0   
  2310.0       0.0   
  2315.0       0.0   
  2320.0       0.0   
  2325.0       0.0   
  2330.0       0.0   
  2335.0       0.0   
  2340.0       0.0   
  2345.0       0.0   
  2350.0       0.0   
  2355.0       0.0   
  2360.0       0.0   
  2365.0       0.0   
  2370.0       0.0   
  2375.0       0.0   
  2380.0       0.0   
  2385.0       0.0   
  2390.0       0.0   
  2395.0       0.0   
  2400.0       0.0   
  2405.0       0.0   
  2410.0       0.0   
  2415.0       0.0   
  2420.0       0.0   
  2425.0       0.0   
  2430.0       0.0   
  2435.0       0.0   
  2440.0       0.0   
  2445.0       0.0   
  2450.0       0.0   
  2455.0       0.0   
  2460.0       0.0   
  2465.0       0.0   
  2470.0       0.0   
  2475.0       0.0   
  2480.0       0.0   
  2485.0       0.0   
  2490.0       0.0   
  2495.0       0.0   
  2500.0       0.0   
  2505.0       4.771753E-16
  2510.0       3.8116965E-15
  2515.0       7.144323E-15
  2520.0       7.619595E-15
  2525.0       8.096768E-15
  2530.0       1.0476947E-14
  2535.0       8.094884E-15
  2540.0       7.142436E-15
  2545.0       3.8079285E-15
  2550.0       4.7529083E-16
  2555.0       0.0   
  2560.0       0.0   
  2565.0       0.0   
  2570.0       0.0   
  2575.0       0.0   
  2580.0       0.0   
  2585.0       0.0   
  2590.0       0.0   
  2595.0       0.0   
  2600.0       2.862845E-15
  2605.0       2.3824033E-14
  2610.0       5.335178E-14
  2615.0       8.287584E-14
  2620.0       1.06685345E-13
  2625.0       1.2763544E-13
  2630.0       1.3572494E-13
  2635.0       1.3095545E-13
  2640.0       1.0808768E-13
  2645.0       6.521669E-14
  2650.0       8.555874E-15
  2655.0       0.0   
  2660.0       0.0   
  2665.0       0.0   
  2670.0       0.0   
  2675.0       0.0   
  2680.0       0.0   
  2685.0       0.0   
  2690.0       0.0   
  2695.0       0.0   
  2700.0       4.389386E-14
  2705.0       3.6354527E-13
  2710.0       8.155272E-13
  2715.0       1.3603712E-12
  2720.0       1.9956948E-12
  2725.0       2.7153043E-12
  2730.0       3.5149227E-12
  2735.0       4.390259E-12
  2740.0       5.3351234E-12
  2745.0       6.3471255E-12
  2750.0       7.416744E-12
  2755.0       8.533514E-12
  2760.0       9.6702655E-12
  2765.0       1.0782705E-11
  2770.0       1.1837023E-11
  2775.0       1.2795602E-11
  2780.0       1.3617503E-11
  2785.0       1.4264126E-11
  2790.0       1.4697866E-11
  2795.0       1.4883E-11
  2800.0       1.478094E-11
  2805.0       1.4376498E-11
  2810.0       1.3717804E-11
  2815.0       1.2869576E-11
  2820.0       1.1902793E-11
  2825.0       1.0886051E-11
  2830.0       9.885524E-12
  2835.0       8.972665E-12
  2840.0       8.218884E-12
  2845.0       7.6903805E-12
  2850.0       7.452885E-12
  2855.0       7.547316E-12
  2860.0       7.943665E-12
  2865.0       8.583316E-12
  2870.0       9.403452E-12
  2875.0       1.0347832E-11
  2880.0       1.1354109E-11
  2885.0       1.2363217E-11
  2890.0       1.33118325E-11
  2895.0       1.4139442E-11
  2900.0       1.4792249E-11
  2905.0       1.5232683E-11
  2910.0       1.549882E-11
  2915.0       1.5647362E-11
  2920.0       1.573926E-11
  2925.0       1.5837854E-11
  2930.0       1.6002666E-11
  2935.0       1.6298952E-11
  2940.0       1.6783358E-11
  2945.0       1.7519253E-11
  2950.0       1.8568046E-11
  2955.0       1.9959237E-11
  2960.0       2.1645657E-11
  2965.0       2.3557314E-11
  2970.0       2.5623226E-11
  2975.0       2.7763377E-11
  2980.0       2.9905894E-11
  2985.0       3.1974107E-11
  2990.0       3.3898457E-11
  2995.0       3.559702E-11
  3000.0       3.7004115E-11
  3005.0       3.8080723E-11
  3010.0       3.8868814E-11
  3015.0       3.944975E-11
  3020.0       3.990208E-11
  3025.0       4.0308767E-11
  3030.0       4.0753134E-11
  3035.0       4.131517E-11
  3040.0       4.2072904E-11
  3045.0       4.311172E-11
  3050.0       4.4509132E-11
  3055.0       4.630653E-11
  3060.0       4.8447284E-11
  3065.0       5.0839437E-11
  3070.0       5.33878E-11
  3075.0       5.5997033E-11
  3080.0       5.857193E-11
  3085.0       6.101728E-11
  3090.0       6.323779E-11
  3095.0       6.5138256E-11
  3100.0       6.662727E-11
  3105.0       6.7653376E-11
  3110.0       6.827464E-11
  3115.0       6.858416E-11
  3120.0       6.868114E-11
  3125.0       6.866974E-11
  3130.0       6.8645485E-11
  3135.0       6.871403E-11
  3140.0       6.897082E-11
  3145.0       6.9516705E-11
  3150.0       7.04479E-11
  3155.0       7.182111E-11
  3160.0       7.3572745E-11
  3165.0       7.560528E-11
  3170.0       7.781315E-11
  3175.0       8.009005E-11
  3180.0       8.233196E-11
  3185.0       8.4433606E-11
  3190.0       9.605284E-11
  3195.0       1.6431274E-10
  3200.0       2.2327215E-10
  3205.0       2.2223257E-10
  3210.0       2.1043069E-10
  3215.0       1.989792E-10
  3220.0       1.7857378E-10
  3225.0       1.4710808E-10
  3230.0       1.3176812E-10
  3235.0       1.5112077E-10
  3240.0       1.7269053E-10
  3245.0       1.6326071E-10
  3250.0       1.3878708E-10
  3255.0       1.2532435E-10
  3260.0       1.2496218E-10
  3265.0       1.2974624E-10
  3270.0       1.3113342E-10
  3275.0       1.2641199E-10
  3280.0       1.2725132E-10
  3285.0       1.4199919E-10
  3290.0       1.5654375E-10
  3295.0       1.5653684E-10
  3300.0       1.4947815E-10
  3305.0       1.4651114E-10
  3310.0       1.4608491E-10
  3315.0       1.4327865E-10
  3320.0       1.3771569E-10
  3325.0       1.315086E-10
  3330.0       1.2832964E-10
  3335.0       1.3134192E-10
  3340.0       1.4069108E-10
  3345.0       1.5251422E-10
  3350.0       1.5601558E-10
  3355.0       1.45234E-10
  3360.0       1.3323563E-10
  3365.0       1.3227558E-10
  3370.0       1.337971E-10
  3375.0       1.2740124E-10
  3380.0       1.1895851E-10
  3385.0       1.181159E-10
  3390.0       1.2730707E-10
  3395.0       1.436132E-10
  3400.0       1.5811065E-10
  3405.0       1.6542463E-10
  3410.0       1.7475654E-10
  3415.0       1.943708E-10
  3420.0       2.1544456E-10
  3425.0       2.2476522E-10
  3430.0       2.1559317E-10
  3435.0       1.8992495E-10
  3440.0       1.6547212E-10
  3445.0       1.5879527E-10
  3450.0       1.6778381E-10
  3455.0       1.8166936E-10
  3460.0       1.8640495E-10
  3465.0       1.7500827E-10
  3470.0       1.6120459E-10
  3475.0       1.5842912E-10
  3480.0       1.5923278E-10
  3485.0       1.5463807E-10
  3490.0       1.5282214E-10
  3495.0       1.6471853E-10
  3500.0       1.9029409E-10
  3505.0       2.2075464E-10
  3510.0       2.366054E-10
  3515.0       2.266974E-10
  3520.0       2.1160074E-10
  3525.0       2.1436927E-10
  3530.0       2.3253757E-10
  3535.0       2.5256913E-10
  3540.0       2.5867955E-10
  3545.0       2.427585E-10
  3550.0       2.1795439E-10
  3555.0       1.9914698E-10
  3560.0       1.847973E-10
  3565.0       1.6897848E-10
  3570.0       1.5138146E-10
  3575.0       1.3607511E-10
  3580.0       1.3192154E-10
  3585.0       1.4250667E-10
  3590.0       1.5359347E-10
  3595.0       1.5323791E-10
  3600.0       1.625771E-10
  3605.0       2.3062996E-10
  3610.0       2.4066502E-10
  3615.0       2.3660138E-10
  3620.0       2.3245567E-10
  3625.0       2.3050566E-10
  3630.0       2.3200084E-10
  3635.0       2.353956E-10
  3640.0       2.3770438E-10
  3645.0       2.407745E-10
  3650.0       2.5349917E-10
  3655.0       2.8100555E-10
  3660.0       3.126927E-10
  3665.0       3.327212E-10
  3670.0       3.3463304E-10
  3675.0       3.2270403E-10
  3680.0       3.11219E-10
  3685.0       3.1278322E-10
  3690.0       3.246754E-10
  3695.0       3.348712E-10
  3700.0       3.3323697E-10
  3705.0       3.176107E-10
  3710.0       2.9660652E-10
  3715.0       2.8037E-10
  3720.0       2.6754443E-10
  3725.0       2.5122993E-10
  3730.0       2.326414E-10
  3735.0       2.1734213E-10
  3740.0       2.0889626E-10
  3745.0       2.1052636E-10
  3750.0       2.2169513E-10
  3755.0       2.3847577E-10
  3760.0       2.600214E-10
  3765.0       2.8704084E-10
  3770.0       3.1780636E-10
  3775.0       3.467858E-10
  3780.0       3.5925063E-10
  3785.0       3.4439668E-10
  3790.0       3.157378E-10
  3795.0       2.9301409E-10
  3800.0       2.813206E-10
  3805.0       2.778922E-10
  3810.0       2.7496497E-10
  3815.0       2.6322106E-10
  3820.0       2.426988E-10
  3825.0       2.2070115E-10
  3830.0       2.0614588E-10
  3835.0       2.0669234E-10
  3840.0       2.2113032E-10
  3845.0       2.4053026E-10
  3850.0       2.554895E-10
  3855.0       2.6035887E-10
  3860.0       2.570979E-10
  3865.0       2.5198554E-10
  3870.0       2.4808453E-10
  3875.0       2.470898E-10
  3880.0       2.5542157E-10
  3885.0       2.7611163E-10
  3890.0       3.0080063E-10
  3895.0       3.222236E-10
  3900.0       3.420448E-10
  3905.0       3.6263728E-10
  3910.0       3.8048684E-10
  3915.0       3.8511552E-10
  3920.0       3.6218273E-10
  3925.0       3.07833E-10
  3930.0       2.4347915E-10
  3935.0       2.0129855E-10
  3940.0       2.0295113E-10
  3945.0       2.4803623E-10
  3950.0       3.02732E-10
  3955.0       3.2730102E-10
  3960.0       3.1231057E-10
  3965.0       2.7682945E-10
  3970.0       2.61831E-10
  3975.0       3.0109581E-10
  3980.0       3.8521641E-10
  3985.0       4.826932E-10
  3990.0       5.6851174E-10
  3995.0       6.3089384E-10
  4000.0       6.777046E-10
  4005.0       7.238934E-10
  4010.0       7.7328693E-10
  4015.0       8.16618E-10
  4020.0       8.3554225E-10
  4025.0       8.20167E-10
  4030.0       7.8673457E-10
  4035.0       7.624802E-10
  4040.0       7.649654E-10
  4045.0       7.9381607E-10
  4050.0       8.268427E-10
  4055.0       8.3949403E-10
  4060.0       8.259579E-10
  4065.0       8.014391E-10
  4070.0       7.987634E-10
  4075.0       8.410916E-10
  4080.0       9.1527946E-10
  4085.0       9.872164E-10
  4090.0       1.0216766E-9
  4095.0       1.0029483E-9
  4100.0       9.545582E-10
  4105.0       9.1235147E-10
  4110.0       8.939545E-10
  4115.0       8.989815E-10
  4120.0       9.117768E-10
  4125.0       9.1419244E-10
  4130.0       9.0107594E-10
  4135.0       8.7873275E-10
  4140.0       8.604536E-10
  4145.0       8.57756E-10
  4150.0       8.715101E-10
  4155.0       8.9376023E-10
  4160.0       9.101804E-10
  4165.0       9.1339253E-10
  4170.0       9.1578894E-10
  4175.0       9.298615E-10
  4180.0       9.497585E-10
  4185.0       9.623242E-10
  4190.0       9.594977E-10
  4195.0       9.456094E-10
  4200.0       9.42207E-10
  4205.0       9.634777E-10
  4210.0       9.874012E-10
  4215.0       9.851655E-10
  4220.0       9.602581E-10
  4225.0       9.357648E-10
  4230.0       9.442302E-10
  4235.0       1.004355E-9
  4240.0       1.0797929E-9
  4245.0       1.1267547E-9
  4250.0       1.1520992E-9
  4255.0       1.1714321E-9
  4260.0       1.1762195E-9
  4265.0       1.1613834E-9
  4270.0       1.1378053E-9
  4275.0       1.1195559E-9
  4280.0       1.1167657E-9
  4285.0       1.1210761E-9
  4290.0       1.0955618E-9
  4295.0       1.0258357E-9
  4300.0       9.707501E-10
  4305.0       9.946121E-10
  4310.0       1.0928909E-9
  4315.0       1.226764E-9
  4320.0       1.354508E-9
  4325.0       1.4460001E-9
  4330.0       1.5112905E-9
  4335.0       1.5687586E-9
  4340.0       1.6031508E-9
  4345.0       1.6073932E-9
  4350.0       1.6202898E-9
  4355.0       1.6697097E-9
  4360.0       1.7278984E-9
  4365.0       1.7509819E-9
  4370.0       1.7131125E-9
  4375.0       1.6205683E-9
  4380.0       1.5259103E-9
  4385.0       1.478824E-9
  4390.0       1.4782154E-9
  4395.0       1.50158E-9
  4400.0       1.531237E-9
  4405.0       1.5594964E-9
  4410.0       1.5973776E-9
  4415.0       1.6496479E-9
  4420.0       1.6884885E-9
  4425.0       1.696623E-9
  4430.0       1.7087555E-9
  4435.0       1.7590001E-9
  4440.0       1.8268645E-9
  4445.0       1.8708421E-9
  4450.0       1.869715E-9
  4455.0       1.8300942E-9
  4460.0       1.7949139E-9
  4465.0       1.8144685E-9
  4470.0       1.9001511E-9
  4475.0       2.0237887E-9
  4480.0       2.128184E-9
  4485.0       2.1686122E-9
  4490.0       2.1685898E-9
  4495.0       2.1816116E-9
  4500.0       2.2309241E-9
  4505.0       2.3094184E-9
  4510.0       2.3786504E-9
  4515.0       2.3902744E-9
  4520.0       2.332219E-9
  4525.0       2.228674E-9
  4530.0       2.1296076E-9
  4535.0       2.0867637E-9
  4540.0       2.1143973E-9
  4545.0       2.194239E-9
  4550.0       2.293559E-9
  4555.0       2.3798603E-9
  4560.0       2.4380966E-9
  4565.0       2.4697295E-9
  4570.0       2.4817357E-9
  4575.0       2.479528E-9
  4580.0       2.4655766E-9
  4585.0       2.4417781E-9
  4590.0       2.4170086E-9
  4595.0       2.4080928E-9
  4600.0       2.4348161E-9
  4605.0       2.5077396E-9
  4610.0       2.6110385E-9
  4615.0       2.7125504E-9
  4620.0       2.7781855E-9
  4625.0       2.781256E-9
  4630.0       2.7182665E-9
  4635.0       2.6130045E-9
  4640.0       2.5158786E-9
  4645.0       2.4726496E-9
  4650.0       2.487886E-9
  4655.0       2.5357751E-9
  4660.0       2.5790303E-9
  4665.0       2.5908842E-9
  4670.0       2.5766087E-9
  4675.0       2.559243E-9
  4680.0       2.5573785E-9
  4685.0       2.5740847E-9
  4690.0       2.5922833E-9
  4695.0       2.5952058E-9
  4700.0       2.588015E-9
  4705.0       2.5880598E-9
  4710.0       2.6092768E-9
  4715.0       2.6495384E-9
  4720.0       2.6825144E-9
  4725.0       2.6868174E-9
  4730.0       2.6754934E-9
  4735.0       2.6753035E-9
  4740.0       2.6995937E-9
  4745.0       2.739323E-9
  4750.0       2.7607234E-9
  4755.0       2.7367033E-9
  4760.0       2.6821938E-9
  4765.0       2.6296232E-9
  4770.0       2.5937343E-9
  4775.0       2.5771292E-9
  4780.0       2.5819857E-9
  4785.0       2.6055196E-9
  4790.0       2.6409026E-9
  4795.0       2.6842286E-9
  4800.0       2.7280704E-9
  4805.0       2.7657554E-9
  4810.0       2.8020901E-9
  4815.0       2.836711E-9
  4820.0       2.8537488E-9
  4825.0       2.8444562E-9
  4830.0       2.8215268E-9
  4835.0       2.8028435E-9
  4840.0       2.7987688E-9
  4845.0       2.8056415E-9
  4850.0       2.8010845E-9
  4855.0       2.7701048E-9
  4860.0       2.7285312E-9
  4865.0       2.698067E-9
  4870.0       2.6831146E-9
  4875.0       2.6817466E-9
  4880.0       2.6971907E-9
  4885.0       2.7360416E-9
  4890.0       2.8027576E-9
  4895.0       2.8901481E-9
  4900.0       2.969895E-9
  4905.0       3.010338E-9
  4910.0       3.0012248E-9
  4915.0       2.955219E-9
  4920.0       2.9058116E-9
  4925.0       2.8893146E-9
  4930.0       2.9205747E-9
  4935.0       2.9892113E-9
  4940.0       3.0635054E-9
  4945.0       3.1077192E-9
  4950.0       3.09897E-9
  4955.0       3.0427079E-9
  4960.0       2.9832603E-9
  4965.0       2.9560492E-9
  4970.0       2.9433371E-9
  4975.0       2.9159417E-9
  4980.0       2.8753808E-9
  4985.0       2.8376863E-9
  4990.0       2.8140636E-9
  4995.0       2.8019869E-9
  5000.0       2.7782274E-9
  5005.0       2.7265965E-9
  5010.0       2.6697695E-9
  5015.0       2.642766E-9
  5020.0       2.6582956E-9
  5025.0       2.7066216E-9
  5030.0       2.7576912E-9
  5035.0       2.7835887E-9
  5040.0       2.7872653E-9
  5045.0       2.7907752E-9
  5050.0       2.8130127E-9
  5055.0       2.8566516E-9
  5060.0       2.8994929E-9
  5065.0       2.909459E-9
  5070.0       2.8683935E-9
  5075.0       2.7882243E-9
  5080.0       2.7157179E-9
  5085.0       2.690899E-9
  5090.0       2.7037406E-9
  5095.0       2.7214124E-9
  5100.0       2.728797E-9
  5105.0       2.723536E-9
  5110.0       2.7036038E-9
  5115.0       2.6755251E-9
  5120.0       2.6553577E-9
  5125.0       2.6511648E-9
  5130.0       2.657789E-9
  5135.0       2.6649625E-9
  5140.0       2.6595322E-9
  5145.0       2.641722E-9
  5150.0       2.6368585E-9
  5155.0       2.648496E-9
  5160.0       2.6191347E-9
  5165.0       2.501826E-9
  5170.0       2.3349123E-9
  5175.0       2.1992008E-9
  5180.0       2.1679776E-9
  5185.0       2.2687234E-9
  5190.0       2.4387932E-9
  5195.0       2.5865976E-9
  5200.0       2.6665843E-9
  5205.0       2.6831246E-9
  5210.0       2.6913305E-9
  5215.0       2.7481726E-9
  5220.0       2.8498244E-9
  5225.0       2.9639222E-9
  5230.0       3.0762901E-9
  5235.0       3.1749023E-9
  5240.0       3.2323104E-9
  5245.0       3.231728E-9
  5250.0       3.1851304E-9
  5255.0       3.1124259E-9
  5260.0       3.033519E-9
  5265.0       2.9751397E-9
  5270.0       2.9719853E-9
  5275.0       3.0472045E-9
  5280.0       3.1836662E-9
  5285.0       3.335428E-9
  5290.0       3.4484302E-9
  5295.0       3.4956205E-9
  5300.0       3.512935E-9
  5305.0       3.5487937E-9
  5310.0       3.6022845E-9
  5315.0       3.6400527E-9
  5320.0       3.6248906E-9
  5325.0       3.5426044E-9
  5330.0       3.436221E-9
  5335.0       3.3713723E-9
  5340.0       3.3818826E-9
  5345.0       3.4672665E-9
  5350.0       3.5982226E-9
  5355.0       3.724242E-9
  5360.0       3.7904635E-9
  5365.0       3.7793924E-9
  5370.0       3.737994E-9
  5375.0       3.7188985E-9
  5380.0       3.7257224E-9
  5385.0       3.7260297E-9
  5390.0       3.6776966E-9
  5395.0       3.5692131E-9
  5400.0       3.4535261E-9
  5405.0       3.4029715E-9
  5410.0       3.45146E-9
  5415.0       3.5806609E-9
  5420.0       3.7155252E-9
  5425.0       3.7830006E-9
  5430.0       3.7799937E-9
  5435.0       3.7423673E-9
  5440.0       3.6981547E-9
  5445.0       3.6628998E-9
  5450.0       3.6354653E-9
  5455.0       3.606539E-9
  5460.0       3.5845875E-9
  5465.0       3.5802494E-9
  5470.0       3.5775813E-9
  5475.0       3.5640162E-9
  5480.0       3.5573724E-9
  5485.0       3.5733727E-9
  5490.0       3.6059329E-9
  5495.0       3.640431E-9
  5500.0       3.6551637E-9
  5505.0       3.6424865E-9
  5510.0       3.6298062E-9
  5515.0       3.6430496E-9
  5520.0       3.6808558E-9
  5525.0       3.7297543E-9
  5530.0       3.7710763E-9
  5535.0       3.7975725E-9
  5540.0       3.8291637E-9
  5545.0       3.878053E-9
  5550.0       3.9176364E-9
  5555.0       3.9227857E-9
  5560.0       3.9073096E-9
  5565.0       3.896306E-9
  5570.0       3.9005377E-9
  5575.0       3.91338E-9
  5580.0       3.909355E-9
  5585.0       3.8702748E-9
  5590.0       3.8073815E-9
  5595.0       3.750195E-9
  5600.0       3.7375956E-9
  5605.0       3.7836414E-9
  5610.0       3.845871E-9
  5615.0       3.8753627E-9
  5620.0       3.8616603E-9
  5625.0       3.8232355E-9
  5630.0       3.80054E-9
  5635.0       3.8201184E-9
  5640.0       3.8605132E-9
  5645.0       3.889102E-9
  5650.0       3.8970764E-9
  5655.0       3.889716E-9
  5660.0       3.875807E-9
  5665.0       3.8674406E-9
  5670.0       3.880678E-9
  5675.0       3.9240087E-9
  5680.0       3.986713E-9
  5685.0       4.0435495E-9
  5690.0       4.0586707E-9
  5695.0       4.0102326E-9
  5700.0       3.918436E-9
  5705.0       3.8292924E-9
  5710.0       3.7939447E-9
  5715.0       3.8402703E-9
  5720.0       3.943507E-9
  5725.0       4.053543E-9
  5730.0       4.1317105E-9
  5735.0       4.160966E-9
  5740.0       4.148532E-9
  5745.0       4.119387E-9
  5750.0       4.1011368E-9
  5755.0       4.1070733E-9
  5760.0       4.130497E-9
  5765.0       4.1531827E-9
  5770.0       4.1582715E-9
  5775.0       4.1421275E-9
  5780.0       4.11607E-9
  5785.0       4.098925E-9
  5790.0       4.1067003E-9
  5795.0       4.1448573E-9
  5800.0       4.206779E-9
  5805.0       4.277235E-9
  5810.0       4.3384896E-9
  5815.0       4.3785544E-9
  5820.0       4.395634E-9
  5825.0       4.4000297E-9
  5830.0       4.4162496E-9
  5835.0       4.4203015E-9
  5840.0       4.4177977E-9
  5845.0       4.373184E-9
  5850.0       4.3068686E-9
  5855.0       4.2126955E-9
  5860.0       4.1833457E-9
  5865.0       4.1931023E-9
  5870.0       4.184139E-9
  5875.0       4.1385206E-9
  5880.0       4.0136263E-9
  5885.0       3.8144434E-9
  5890.0       3.5554326E-9
  5895.0       3.4671437E-9
  5900.0       3.6167602E-9
  5905.0       3.8068233E-9
  5910.0       3.941773E-9
  5915.0       4.033186E-9
  5920.0       4.091203E-9
  5925.0       4.08724E-9
  5930.0       4.093403E-9
  5935.0       4.175909E-9
  5940.0       4.1632564E-9
  5945.0       4.2039003E-9
  5950.0       4.1962345E-9
  5955.0       4.2001598E-9
  5960.0       4.2172523E-9
  5965.0       4.279349E-9
  5970.0       4.319081E-9
  5975.0       4.295806E-9
  5980.0       4.2603703E-9
  5985.0       4.264539E-9
  5990.0       4.281389E-9
  5995.0       4.2820605E-9
  6000.0       4.2738457E-9
  6005.0       4.2692143E-9
  6010.0       4.2671475E-9
  6015.0       4.273084E-9
  6020.0       4.296752E-9
  6025.0       4.3724895E-9
  6030.0       4.4478865E-9
  6035.0       4.499622E-9
  6040.0       4.539567E-9
  6045.0       4.592563E-9
  6050.0       4.604113E-9
  6055.0       4.575083E-9
  6060.0       4.545852E-9
  6065.0       4.5758966E-9
  6070.0       4.623904E-9
  6075.0       4.616795E-9
  6080.0       4.571406E-9
  6085.0       4.5402295E-9
  6090.0       4.5099715E-9
  6095.0       4.51466E-9
  6100.0       4.5000945E-9
  6105.0       4.4917066E-9
  6110.0       4.5517883E-9
  6115.0       4.573874E-9
  6120.0       4.516222E-9
  6125.0       4.465743E-9
  6130.0       4.441213E-9
  6135.0       4.369573E-9
  6140.0       4.353421E-9
  6145.0       4.3999626E-9
  6150.0       4.386979E-9
  6155.0       4.32357E-9
  6160.0       4.191033E-9
  6165.0       4.1197117E-9
  6170.0       4.1048764E-9
  6175.0       4.135798E-9
  6180.0       4.1763784E-9
  6185.0       4.1563775E-9
  6190.0       4.115188E-9
  6195.0       4.129726E-9
  6200.0       4.138099E-9
  6205.0       4.1273074E-9
  6210.0       4.068195E-9
  6215.0       3.9551287E-9
  6220.0       3.9054884E-9
  6225.0       3.8719086E-9
  6230.0       3.8399937E-9
  6235.0       3.853113E-9
  6240.0       3.8346255E-9
  6245.0       3.850574E-9
  6250.0       3.8745336E-9
  6255.0       3.826368E-9
  6260.0       3.8329317E-9
  6265.0       3.913116E-9
  6270.0       3.9619708E-9
  6275.0       4.0137484E-9
  6280.0       4.0317225E-9
  6285.0       4.0808352E-9
  6290.0       4.1659525E-9
  6295.0       4.16266E-9
  6300.0       4.1911297E-9
  6305.0       4.232916E-9
  6310.0       4.274908E-9
  6315.0       4.2879336E-9
  6320.0       4.31928E-9
  6325.0       4.3786343E-9
  6330.0       4.4270414E-9
  6335.0       4.4136512E-9
  6340.0       4.4244013E-9
  6345.0       4.444213E-9
  6350.0       4.456597E-9
  6355.0       4.4109636E-9
  6360.0       4.3536312E-9
  6365.0       4.4127333E-9
  6370.0       4.532153E-9
  6375.0       4.572717E-9
  6380.0       4.584787E-9
  6385.0       4.604719E-9
  6390.0       4.5925472E-9
  6395.0       4.5840087E-9
  6400.0       4.610665E-9
  6405.0       4.6235114E-9
  6410.0       4.6382205E-9
  6415.0       4.627081E-9
  6420.0       4.6176383E-9
  6425.0       4.6262536E-9
  6430.0       4.613928E-9
  6435.0       4.6289848E-9
  6440.0       4.6713526E-9
  6445.0       4.691038E-9
  6450.0       4.6434394E-9
  6455.0       4.668817E-9
  6460.0       4.691842E-9
  6465.0       4.6701034E-9
  6470.0       4.654341E-9
  6475.0       4.630335E-9
  6480.0       4.590722E-9
  6485.0       4.532921E-9
  6490.0       4.4582067E-9
  6495.0       4.3334194E-9
  6500.0       4.3656128E-9
  6505.0       4.504838E-9
  6510.0       4.5841975E-9
  6515.0       4.6310555E-9
  6520.0       4.6821556E-9
  6525.0       4.7175197E-9
  6530.0       4.714533E-9
  6535.0       4.7189106E-9
  6540.0       4.722105E-9
  6545.0       4.6579585E-9
  6550.0       4.592416E-9
  6555.0       4.498671E-9
  6560.0       4.393531E-9
  6565.0       4.3601593E-9
  6570.0       4.482015E-9
  6575.0       4.5433532E-9
  6580.0       4.614892E-9
  6585.0       4.6637756E-9
  6590.0       4.6691886E-9
  6595.0       4.6452273E-9
  6600.0       4.6808744E-9
  6605.0       4.6899435E-9
  6610.0       4.700711E-9
  6615.0       4.7576614E-9
  6620.0       4.763321E-9
  6625.0       4.709118E-9
  6630.0       4.6815263E-9
  6635.0       4.681987E-9
  6640.0       4.7015747E-9
  6645.0       4.688673E-9
  6650.0       4.68724E-9
  6655.0       4.673795E-9
  6660.0       4.636962E-9
  6665.0       4.6104724E-9
  6670.0       4.641406E-9
  6675.0       4.6460507E-9
  6680.0       4.6186273E-9
  6685.0       4.632106E-9
  6690.0       4.6313535E-9
  6695.0       4.6226925E-9
  6700.0       4.630994E-9
  6705.0       4.6327404E-9
  6710.0       4.6072457E-9
  6715.0       4.574216E-9
  6720.0       4.5691695E-9
  6725.0       4.5936313E-9
  6730.0       4.5950177E-9
  6735.0       4.5964343E-9
  6740.0       4.5768207E-9
  6745.0       4.548233E-9
  6750.0       4.5328417E-9
  6755.0       4.5498743E-9
  6760.0       4.588803E-9
  6765.0       4.5795496E-9
  6770.0       4.5922697E-9
  6775.0       4.654155E-9
  6780.0       4.6766004E-9
  6785.0       4.6306576E-9
  6790.0       4.633894E-9
  6795.0       4.637165E-9
  6800.0       4.7003774E-9
  6805.0       4.7205297E-9
  6810.0       4.7411075E-9
  6815.0       4.784784E-9
  6820.0       4.8395137E-9
  6825.0       4.8704534E-9
  6830.0       4.852071E-9
  6835.0       4.833938E-9
  6840.0       4.815639E-9
  6845.0       4.7976916E-9
  6850.0       4.782349E-9
  6855.0       4.768451E-9
  6860.0       4.748955E-9
  6865.0       4.722354E-9
  6870.0       4.6898614E-9
  6875.0       4.6615436E-9
  6880.0       4.6494755E-9
  6885.0       4.659807E-9
  6890.0       4.6885935E-9
  6895.0       4.7278914E-9
  6900.0       4.7718896E-9
  6905.0       4.8156164E-9
  6910.0       4.854317E-9
  6915.0       4.8812434E-9
  6920.0       4.888636E-9
  6925.0       4.873406E-9
  6930.0       4.849804E-9
  6935.0       4.8384585E-9
  6940.0       4.8539857E-9
  6945.0       4.891439E-9
  6950.0       4.925732E-9
  6955.0       4.929565E-9
  6960.0       4.8905955E-9
  6965.0       4.8270437E-9
  6970.0       4.7723936E-9
  6975.0       4.7247113E-9
  6980.0       4.732732E-9
  6985.0       4.833946E-9
  6990.0       4.8736246E-9
  6995.0       4.86815E-9
  7000.0       4.813886E-9
  7005.0       4.7705204E-9
  7010.0       4.757679E-9
  7015.0       4.7418176E-9
  7020.0       4.7778337E-9
  7025.0       4.78466E-9
  7030.0       4.807968E-9
  7035.0       4.824294E-9
  7040.0       4.8549826E-9
  7045.0       4.898744E-9
  7050.0       4.8707403E-9
  7055.0       4.7881983E-9
  7060.0       4.723836E-9
  7065.0       4.6438915E-9
  7070.0       4.630524E-9
  7075.0       4.6659983E-9
  7080.0       4.6508153E-9
  7085.0       4.5514144E-9
  7090.0       4.476536E-9
  7095.0       4.445968E-9
  7100.0       4.445277E-9
  7105.0       4.454881E-9
  7110.0       4.4661492E-9
  7115.0       4.4729993E-9
  7120.0       4.4380353E-9
  7125.0       4.3397748E-9
  7130.0       4.2474255E-9
  7135.0       4.2678754E-9
  7140.0       4.332739E-9
  7145.0       4.39831E-9
  7150.0       4.4536255E-9
  7155.0       4.5125397E-9
  7160.0       4.528289E-9
  7165.0       4.513368E-9
  7170.0       4.534606E-9
  7175.0       4.550923E-9
  7180.0       4.535604E-9
  7185.0       4.4957145E-9
  7190.0       4.4520525E-9
  7195.0       4.4627555E-9
  7200.0       4.457811E-9
  7205.0       4.4638124E-9
  7210.0       4.5139736E-9
  7215.0       4.608138E-9
  7220.0       4.7004542E-9
  7225.0       4.758249E-9
  7230.0       4.786557E-9
  7235.0       4.7656035E-9
  7240.0       4.7322675E-9
  7245.0       4.718658E-9
  7250.0       4.7083133E-9
  7255.0       4.7040842E-9
  7260.0       4.707829E-9
  7265.0       4.7177977E-9
  7270.0       4.7391553E-9
  7275.0       4.714837E-9
  7280.0       4.700377E-9
  7285.0       4.7087356E-9
  7290.0       4.735851E-9
  7295.0       4.824582E-9
  7300.0       4.9042694E-9
  7305.0       4.9254116E-9
  7310.0       4.917864E-9
  7315.0       4.899672E-9
  7320.0       4.885038E-9
  7325.0       4.88729E-9
  7330.0       4.9193214E-9
  7335.0       4.970414E-9
  7340.0       5.005465E-9
  7345.0       4.9746287E-9
  7350.0       4.9260165E-9
  7355.0       4.8599293E-9
  7360.0       4.872508E-9
  7365.0       4.908365E-9
  7370.0       5.003973E-9
  7375.0       5.075204E-9
  7380.0       5.1078604E-9
  7385.0       5.0855307E-9
  7390.0       5.0741704E-9
  7395.0       5.097668E-9
  7400.0       5.0843805E-9
  7405.0       5.082491E-9
  7410.0       5.0598006E-9
  7415.0       5.0393534E-9
  7420.0       5.0722706E-9
  7425.0       5.125705E-9
  7430.0       5.1707323E-9
  7435.0       5.163859E-9
  7440.0       5.1130047E-9
  7445.0       5.061954E-9
  7450.0       5.0845026E-9
  7455.0       5.1152242E-9
  7460.0       5.1333533E-9
  7465.0       5.180655E-9
  7470.0       5.219659E-9
  7475.0       5.1974602E-9
  7480.0       5.162925E-9
  7485.0       5.114593E-9
  7490.0       5.0624998E-9
  7495.0       5.046817E-9
  7500.0       5.123729E-9
  7505.0       5.178501E-9
  7510.0       5.2079785E-9
  7515.0       5.263378E-9
  7520.0       5.3084017E-9
  7525.0       5.318581E-9
  7530.0       5.3593534E-9
  7535.0       5.4003166E-9
  7540.0       5.4158114E-9
  7545.0       5.4166827E-9
  7550.0       5.4159712E-9
  7555.0       5.416283E-9
  7560.0       5.4178146E-9
  7565.0       5.4181815E-9
  7570.0       5.4063154E-9
  7575.0       5.373802E-9
  7580.0       5.317254E-9
  7585.0       5.2366103E-9
  7590.0       5.1458686E-9
  7595.0       5.064596E-9
  7600.0       5.016037E-9
  7605.0       5.0211573E-9
  7610.0       5.0748934E-9
  7615.0       5.1593894E-9
  7620.0       5.2445572E-9
  7625.0       5.295528E-9
  7630.0       5.301532E-9
  7635.0       5.2669136E-9
  7640.0       5.2091855E-9
  7645.0       5.152988E-9
  7650.0       5.1091704E-9
  7655.0       5.078258E-9
  7660.0       5.0515565E-9
  7665.0       5.0172555E-9
  7670.0       4.975679E-9
  7675.0       4.9349413E-9
  7680.0       4.9100533E-9
  7685.0       4.914923E-9
  7690.0       4.9451208E-9
  7695.0       4.9830415E-9
  7700.0       5.0111653E-9
  7705.0       5.0174704E-9
  7710.0       5.0049516E-9
  7715.0       4.9881033E-9
  7720.0       4.98366E-9
  7725.0       5.000269E-9
  7730.0       5.042956E-9
  7735.0       5.0955786E-9
  7740.0       5.1081606E-9
  7745.0       5.0599835E-9
  7750.0       5.026894E-9
  7755.0       5.0828315E-9
  7760.0       5.1266853E-9
  7765.0       5.1517355E-9
  7770.0       5.177222E-9
  7775.0       5.192525E-9
  7780.0       5.170372E-9
  7785.0       5.1448836E-9
  7790.0       5.1336864E-9
  7795.0       5.1551683E-9
  7800.0       5.1629665E-9
  7805.0       5.2060316E-9
  7810.0       5.2310156E-9
  7815.0       5.257228E-9
  7820.0       5.252839E-9
  7825.0       5.2223474E-9
  7830.0       5.166505E-9
  7835.0       5.113108E-9
  7840.0       5.124166E-9
  7845.0       5.1408624E-9
  7850.0       5.126866E-9
  7855.0       5.1315063E-9
  7860.0       5.1595417E-9
  7865.0       5.1340607E-9
  7870.0       5.086755E-9
  7875.0       5.025617E-9
  7880.0       5.0004387E-9
  7885.0       4.9821236E-9
  7890.0       4.955444E-9
  7895.0       4.8879527E-9
  7900.0       4.860956E-9
  7905.0       4.8510684E-9
  7910.0       4.806331E-9
  7915.0       4.7768376E-9
  7920.0       4.7902895E-9
  7925.0       4.8143547E-9
  7930.0       4.8192152E-9
  7935.0       4.7932405E-9
  7940.0       4.77139E-9
  7945.0       4.760739E-9
  7950.0       4.8006483E-9
  7955.0       4.845509E-9
  7960.0       4.861905E-9
  7965.0       4.8905773E-9
  7970.0       4.9287565E-9
  7975.0       4.9517475E-9
  7980.0       4.9548334E-9
  7985.0       4.973649E-9
  7990.0       4.9659286E-9
  7995.0       4.933688E-9
  8000.0       4.912568E-9
  8005.0       4.929157E-9
  8010.0       4.9494213E-9
  8015.0       4.969674E-9
  8020.0       4.9737556E-9
  8025.0       4.937333E-9
  8030.0       4.9666014E-9
  8035.0       5.03915E-9
  8040.0       5.028623E-9
  8045.0       4.9860867E-9
  8050.0       4.9683555E-9
  8055.0       4.996118E-9
  8060.0       4.9835283E-9
  8065.0       4.9384346E-9
  8070.0       4.8929154E-9
  8075.0       4.887058E-9
  8080.0       4.8846944E-9
  8085.0       4.8587565E-9
  8090.0       4.804979E-9
  8095.0       4.7526947E-9
  8100.0       4.759094E-9
  8105.0       4.766894E-9
  8110.0       4.765226E-9
  8115.0       4.7850497E-9
  8120.0       4.8504485E-9
  8125.0       4.907711E-9
  8130.0       4.9156745E-9
  8135.0       4.914135E-9
  8140.0       4.912093E-9
  8145.0       4.8809965E-9
  8150.0       4.861651E-9
  8155.0       4.8621884E-9
  8160.0       4.835376E-9
  8165.0       4.838094E-9
  8170.0       4.875096E-9
  8175.0       4.8745745E-9
  8180.0       4.840754E-9
  8185.0       4.829382E-9
  8190.0       4.8581725E-9
  8195.0       4.850275E-9
  8200.0       4.8615942E-9
  8205.0       4.8906923E-9
  8210.0       4.934626E-9
  8215.0       4.9715005E-9
  8220.0       4.9903526E-9
  8225.0       4.9916005E-9
  8230.0       4.9734523E-9
  8235.0       4.9928595E-9
  8240.0       5.0090887E-9
  8245.0       5.008858E-9
  8250.0       5.030051E-9
  8255.0       5.014622E-9
  8260.0       5.068866E-9
  8265.0       5.0958437E-9
  8270.0       5.073482E-9
  8275.0       5.01632E-9
  8280.0       5.002439E-9
  8285.0       4.9794977E-9
  8290.0       4.938366E-9
  8295.0       4.900648E-9
  8300.0       4.869017E-9
  8305.0       4.821792E-9
  8310.0       4.790371E-9
  8315.0       4.8098254E-9
  8320.0       4.7885766E-9
  8325.0       4.7569606E-9
  8330.0       4.724998E-9
  8335.0       4.710312E-9
  8340.0       4.6978585E-9
  8345.0       4.7072435E-9
  8350.0       4.72602E-9
  8355.0       4.7636886E-9
  8360.0       4.780379E-9
  8365.0       4.78013E-9
  8370.0       4.801289E-9
  8375.0       4.7755537E-9
  8380.0       4.719851E-9
  8385.0       4.68536E-9
  8390.0       4.7323776E-9
  8395.0       4.8225774E-9
  8400.0       4.861031E-9
  8405.0       4.887193E-9
  8410.0       4.8777746E-9
  8415.0       4.8408055E-9
  8420.0       4.8067177E-9
  8425.0       4.7604534E-9
  8430.0       4.7706723E-9
  8435.0       4.7650457E-9
  8440.0       4.8111506E-9
  8445.0       4.879212E-9
  8450.0       4.910306E-9
  8455.0       4.929101E-9
  8460.0       4.9233613E-9
  8465.0       4.889832E-9
  8470.0       4.87692E-9
  8475.0       4.940199E-9
  8480.0       4.948442E-9
  8485.0       4.925502E-9
  8490.0       4.861725E-9
  8495.0       4.6778723E-9
  8500.0       4.5488924E-9
  8505.0       4.671945E-9
  8510.0       4.7619877E-9
  8515.0       4.7656883E-9
  8520.0       4.7769384E-9
  8525.0       4.721149E-9
  8530.0       4.5582347E-9
  8535.0       4.308652E-9
  8540.0       4.003238E-9
  8545.0       3.996896E-9
  8550.0       4.33403E-9
  8555.0       4.6208575E-9
  8560.0       4.8009303E-9
  8565.0       4.8826614E-9
  8570.0       4.9009636E-9
  8575.0       4.892502E-9
  8580.0       4.8860316E-9
  8585.0       4.882273E-9
  8590.0       4.9056945E-9
  8595.0       4.9154965E-9
  8600.0       4.9190865E-9
  8605.0       4.917931E-9
  8610.0       4.8887734E-9
  8615.0       4.882595E-9
  8620.0       4.892343E-9
  8625.0       4.9130344E-9
  8630.0       4.933639E-9
  8635.0       4.9528825E-9
  8640.0       4.9415276E-9
  8645.0       4.8631383E-9
  8650.0       4.7206474E-9
  8655.0       4.5135002E-9
  8660.0       4.2295185E-9
  8665.0       4.199941E-9
  8670.0       4.453036E-9
  8675.0       4.638177E-9
  8680.0       4.770557E-9
  8685.0       4.815124E-9
  8690.0       4.8350723E-9
  8695.0       4.889563E-9
  8700.0       4.9221005E-9
  8705.0       4.976817E-9
  8710.0       5.0209255E-9
  8715.0       5.0523714E-9
  8720.0       5.0751106E-9
  8725.0       5.044908E-9
  8730.0       4.9937423E-9
  8735.0       4.980975E-9
  8740.0       4.988708E-9
  8745.0       4.989386E-9
  8750.0       4.9684994E-9
  8755.0       4.9354085E-9
  8760.0       4.9033253E-9
  8765.0       4.8681184E-9
  8770.0       4.8496482E-9
  8775.0       4.872485E-9
  8780.0       4.913779E-9
  8785.0       4.9509263E-9
  8790.0       4.920734E-9
  8795.0       4.88153E-9
  8800.0       4.853442E-9
  8805.0       4.8010436E-9
  8810.0       4.8424282E-9
  8815.0       4.92862E-9
  8820.0       4.9501203E-9
  8825.0       4.9513327E-9
  8830.0       4.9885176E-9
  8835.0       4.9875517E-9
  8840.0       4.9898925E-9
  8845.0       5.0355577E-9
  8850.0       5.05716E-9
  8855.0       5.0506066E-9
  8860.0       4.9841846E-9
  8865.0       4.9117976E-9
  8870.0       4.889662E-9
  8875.0       4.878967E-9
  8880.0       4.8775943E-9
  8885.0       4.902866E-9
  8890.0       4.919524E-9
  8895.0       4.9383693E-9
  8900.0       4.9537947E-9
  8905.0       4.9678612E-9
  8910.0       4.9712896E-9
  8915.0       4.9591127E-9
  8920.0       4.938551E-9
  8925.0       4.9154263E-9
  8930.0       4.901561E-9
  8935.0       4.90414E-9
  8940.0       4.8737063E-9
  8945.0       4.8487827E-9
  8950.0       4.874245E-9
  8955.0       4.9068256E-9
  8960.0       4.9155604E-9
  8965.0       4.892895E-9
  8970.0       4.898098E-9
  8975.0       4.8861426E-9
  8980.0       4.879569E-9
  8985.0       4.8427036E-9
  8990.0       4.799094E-9
  8995.0       4.8292077E-9
  9000.0       4.8256625E-9
  9005.0       4.809486E-9
  9010.0       4.7725743E-9
  9015.0       4.7587374E-9
  9020.0       4.785794E-9
  9025.0       4.81771E-9
  9030.0       4.908534E-9
  9035.0       4.976526E-9
  9040.0       5.005678E-9
  9045.0       5.00167E-9
  9050.0       4.975974E-9
  9055.0       4.9542357E-9
  9060.0       4.9255493E-9
  9065.0       4.8890745E-9
  9070.0       4.847841E-9
  9075.0       4.800977E-9
  9080.0       4.7366218E-9
  9085.0       4.686999E-9
  9090.0       4.6765503E-9
  9095.0       4.7225703E-9
  9100.0       4.7204294E-9
  9105.0       4.712649E-9
  9110.0       4.698889E-9
  9115.0       4.676678E-9
  9120.0       4.66423E-9
  9125.0       4.682482E-9
  9130.0       4.664501E-9
  9135.0       4.622008E-9
  9140.0       4.5694395E-9
  9145.0       4.526456E-9
  9150.0       4.506201E-9
  9155.0       4.4985438E-9
  9160.0       4.5223736E-9
  9165.0       4.5135544E-9
  9170.0       4.4596553E-9
  9175.0       4.46004E-9
  9180.0       4.5170534E-9
  9185.0       4.55072E-9
  9190.0       4.5586743E-9
  9195.0       4.551071E-9
  9200.0       4.550339E-9
  9205.0       4.5452464E-9
  9210.0       4.5409814E-9
  9215.0       4.562692E-9
  9220.0       4.602696E-9
  9225.0       4.6303668E-9
  9230.0       4.6096025E-9
  9235.0       4.5537853E-9
  9240.0       4.4963526E-9
  9245.0       4.458743E-9
  9250.0       4.4363193E-9
  9255.0       4.449584E-9
  9260.0       4.4971875E-9
  9265.0       4.559854E-9
  9270.0       4.614113E-9
  9275.0       4.6528577E-9
  9280.0       4.6956394E-9
  9285.0       4.7150484E-9
  9290.0       4.7358903E-9
  9295.0       4.758224E-9
  9300.0       4.755013E-9
  9305.0       4.6982405E-9
  9310.0       4.6064472E-9
  9315.0       4.53305E-9
  9320.0       4.490643E-9
  9325.0       4.504675E-9
  9330.0       4.5699724E-9
  9335.0       4.5758495E-9
  9340.0       4.5496202E-9
  9345.0       4.5167363E-9
  9350.0       4.524628E-9
  9355.0       4.4134745E-9
  9360.0       4.403882E-9
  9365.0       4.4474726E-9
  9370.0       4.458051E-9
  9375.0       4.5295065E-9
  9380.0       4.5924304E-9
  9385.0       4.7247597E-9
  9390.0       4.8426196E-9
  9395.0       4.919168E-9
  9400.0       4.9115947E-9
  9405.0       4.8435167E-9
  9410.0       4.683933E-9
  9415.0       4.560418E-9
  9420.0       4.467152E-9
  9425.0       4.3618957E-9
  9430.0       4.296264E-9
  9435.0       4.2670463E-9
  9440.0       4.2394173E-9
  9445.0       4.305777E-9
  9450.0       4.395307E-9
  9455.0       4.426408E-9
  9460.0       4.472267E-9
  9465.0       4.5406012E-9
  9470.0       4.5754414E-9
  9475.0       4.565534E-9
  9480.0       4.500283E-9
  9485.0       4.5338555E-9
  9490.0       4.5516346E-9
  9495.0       4.4825983E-9
  9500.0       4.4854755E-9
  9505.0       4.5881596E-9
  9510.0       4.6726405E-9
  9515.0       4.7063327E-9
  9520.0       4.7061075E-9
  9525.0       4.7723554E-9
  9530.0       4.828595E-9
  9535.0       4.8382827E-9
  9540.0       4.787163E-9
  9545.0       4.7155995E-9
  9550.0       4.692399E-9
  9555.0       4.6529482E-9
  9560.0       4.5945643E-9
  9565.0       4.5539275E-9
  9570.0       4.548798E-9
  9575.0       4.544438E-9
  9580.0       4.4975588E-9
  9585.0       4.4714783E-9
  9590.0       4.459086E-9
  9595.0       4.4651065E-9
  9600.0       4.4800896E-9
  9605.0       4.4915605E-9
  9610.0       4.522363E-9
  9615.0       4.5225383E-9
  9620.0       4.5075814E-9
  9625.0       4.4764845E-9
  9630.0       4.4554045E-9
  9635.0       4.399615E-9
  9640.0       4.375686E-9
  9645.0       4.374831E-9
  9650.0       4.3726396E-9
  9655.0       4.4088786E-9
  9660.0       4.422736E-9
  9665.0       4.469847E-9
  9670.0       4.4756043E-9
  9675.0       4.481877E-9
  9680.0       4.5040536E-9
  9685.0       4.513195E-9
  9690.0       4.4893063E-9
  9695.0       4.484298E-9
  9700.0       4.4532436E-9
  9705.0       4.4457487E-9
  9710.0       4.4828194E-9
  9715.0       4.4834736E-9
  9720.0       4.445815E-9
  9725.0       4.4329678E-9
  9730.0       4.4107322E-9
  9735.0       4.3811728E-9
  9740.0       4.3504524E-9
  9745.0       4.3462225E-9
  9750.0       4.387721E-9
  9755.0       4.4143045E-9
  9760.0       4.4382866E-9
  9765.0       4.438184E-9
  9770.0       4.446154E-9
  9775.0       4.4667776E-9
  9780.0       4.424115E-9
  9785.0       4.40062E-9
  9790.0       4.4021378E-9
  9795.0       4.4457615E-9
  9800.0       4.4794857E-9
  9805.0       4.505733E-9
  9810.0       4.5266453E-9
  9815.0       4.529588E-9
  9820.0       4.542735E-9
  9825.0       4.5315436E-9
  9830.0       4.5428967E-9
  9835.0       4.5656456E-9
  9840.0       4.576082E-9
  9845.0       4.576804E-9
  9850.0       4.5724335E-9
  9855.0       4.5576587E-9
  9860.0       4.5477493E-9
  9865.0       4.5253956E-9
  9870.0       4.5270947E-9
  9875.0       4.557327E-9
  9880.0       4.5530886E-9
  9885.0       4.5561044E-9
  9890.0       4.556611E-9
  9895.0       4.5535975E-9
  9900.0       4.598632E-9
  9905.0       4.5979047E-9
  9910.0       4.5601234E-9
  9915.0       4.545156E-9
  9920.0       4.544432E-9
  9925.0       4.5173576E-9
  9930.0       4.48936E-9
  9935.0       4.5375295E-9
  9940.0       4.570162E-9
  9945.0       4.5605195E-9
  9950.0       4.598069E-9
  9955.0       4.6011053E-9
  9960.0       4.6308637E-9
  9965.0       4.6139697E-9
  9970.0       4.6255066E-9
  9975.0       4.621589E-9
  9980.0       4.542502E-9
  9985.0       4.58774E-9
  9990.0       4.5978847E-9
  9995.0       4.6046162E-9
  10000.0      4.621708E-9
  10005.0      4.6422524E-9
  10010.0      4.663694E-9
  10015.0      4.6793907E-9
  10020.0      4.6821174E-9
  10025.0      4.6680317E-9
  10030.0      4.6420605E-9
  10035.0      4.612504E-9
  10040.0      4.5877364E-9
  10045.0      4.5735398E-9
  10050.0      4.5689736E-9
  10055.0      4.5705257E-9
  10060.0      4.574528E-9
  10065.0      4.5781086E-9
  10070.0      4.5803734E-9
  10075.0      4.5812176E-9
  10080.0      4.5806408E-9
  10085.0      4.578773E-9
  10090.0      4.5762185E-9
  10095.0      4.5736948E-9
  10100.0      4.571928E-9
  10105.0      4.5713153E-9
  10110.0      4.5714055E-9
  10115.0      4.5714237E-9
  10120.0      4.5705666E-9
  10125.0      4.5683763E-9
  10130.0      4.565223E-9
  10135.0      4.561773E-9
  10140.0      4.558737E-9
  10145.0      4.5563726E-9
  10150.0      4.5538995E-9
  10155.0      4.5501958E-9
  10160.0      4.5442223E-9
  10165.0      4.53545E-9
  10170.0      4.524562E-9
  10175.0      4.512707E-9
  10180.0      4.5010777E-9
  10185.0      4.4907376E-9
  10190.0      4.4824433E-9
  10195.0      4.4768034E-9
  10200.0      4.474425E-9
  10205.0      4.475468E-9
  10210.0      4.4790975E-9
  10215.0      4.484019E-9
  10220.0      4.4890007E-9
  10225.0      4.4933777E-9
  10230.0      4.497904E-9
  10235.0      4.503911E-9
  10240.0      4.512708E-9
  10245.0      4.52443E-9
  10250.0      4.5363167E-9
  10255.0      4.544427E-9
  10260.0      4.5449404E-9
  10265.0      4.5361657E-9
  10270.0      4.522033E-9
  10275.0      4.5086415E-9
  10280.0      4.5020156E-9
  10285.0      4.5054356E-9
  10290.0      4.5149595E-9
  10295.0      4.5238515E-9
  10300.0      4.525387E-9
  10305.0      4.5153934E-9
  10310.0      4.4964366E-9
  10315.0      4.4736326E-9
  10320.0      4.4522377E-9
  10325.0      4.4361608E-9
  10330.0      4.4258206E-9
  10335.0      4.4202437E-9
  10340.0      4.418398E-9
  10345.0      4.419226E-9
  10350.0      4.4216772E-9
  10355.0      4.4247517E-9
  10360.0      4.427294E-9
  10365.0      4.428395E-9
  10370.0      4.4278226E-9
  10375.0      4.425545E-9
  10380.0      4.4216564E-9
  10385.0      4.4167487E-9
  10390.0      4.4128177E-9
  10395.0      4.41239E-9
  10400.0      4.4178807E-9
  10405.0      4.4300563E-9
  10410.0      4.445425E-9
  10415.0      4.4588795E-9
  10420.0      4.4653494E-9
  10425.0      4.462074E-9
  10430.0      4.452265E-9
  10435.0      4.4414534E-9
  10440.0      4.4351443E-9
  10445.0      4.4365835E-9
  10450.0      4.4431414E-9
  10455.0      4.4499227E-9
  10460.0      4.4520005E-9
  10465.0      4.4465236E-9
  10470.0      4.436012E-9
  10475.0      4.4250283E-9
  10480.0      4.4181805E-9
  10485.0      4.4181294E-9
  10490.0      4.422509E-9
  10495.0      4.4270196E-9
  10500.0      4.4273536E-9
  10505.0      4.4211657E-9
  10510.0      4.4109685E-9
  10515.0      4.4012793E-9
  10520.0      4.396544E-9
  10525.0      4.399391E-9
  10530.0      4.407521E-9
  10535.0      4.4168074E-9
  10540.0      4.423052E-9
  10545.0      4.4234985E-9
  10550.0      4.4191633E-9
  10555.0      4.4125117E-9
  10560.0      4.4060524E-9
  10565.0      4.401739E-9
  10570.0      4.3999564E-9
  10575.0      4.4005177E-9
  10580.0      4.403143E-9
  10585.0      4.4073802E-9
  10590.0      4.412365E-9
  10595.0      4.417038E-9
  10600.0      4.420334E-9
  10605.0      4.421618E-9
  10610.0      4.421084E-9
  10615.0      4.419318E-9
  10620.0      3.312749E-9
