# WAVELENGTH   FLUX  
  1150.0       0.0   
  1155.0       0.0   
  1160.0       0.0   
  1165.0       0.0   
  1170.0       0.0   
  1175.0       0.0   
  1180.0       0.0   
  1185.0       0.0   
  1190.0       0.0   
  1195.0       0.0   
  1200.0       0.0   
  1205.0       0.0   
  1210.0       0.0   
  1215.0       0.0   
  1220.0       0.0   
  1225.0       0.0   
  1230.0       0.0   
  1235.0       0.0   
  1240.0       0.0   
  1245.0       0.0   
  1250.0       0.0   
  1255.0       0.0   
  1260.0       0.0   
  1265.0       0.0   
  1270.0       0.0   
  1275.0       0.0   
  1280.0       0.0   
  1285.0       0.0   
  1290.0       0.0   
  1295.0       0.0   
  1300.0       0.0   
  1305.0       0.0   
  1310.0       0.0   
  1315.0       0.0   
  1320.0       0.0   
  1325.0       0.0   
  1330.0       0.0   
  1335.0       0.0   
  1340.0       0.0   
  1345.0       0.0   
  1350.0       0.0   
  1355.0       0.0   
  1360.0       0.0   
  1365.0       0.0   
  1370.0       0.0   
  1375.0       0.0   
  1380.0       0.0   
  1385.0       0.0   
  1390.0       0.0   
  1395.0       0.0   
  1400.0       0.0   
  1405.0       0.0   
  1410.0       0.0   
  1415.0       0.0   
  1420.0       0.0   
  1425.0       0.0   
  1430.0       0.0   
  1435.0       0.0   
  1440.0       0.0   
  1445.0       0.0   
  1450.0       0.0   
  1455.0       0.0   
  1460.0       0.0   
  1465.0       0.0   
  1470.0       0.0   
  1475.0       0.0   
  1480.0       0.0   
  1485.0       0.0   
  1490.0       0.0   
  1495.0       0.0   
  1500.0       0.0   
  1505.0       0.0   
  1510.0       0.0   
  1515.0       0.0   
  1520.0       0.0   
  1525.0       0.0   
  1530.0       0.0   
  1535.0       0.0   
  1540.0       0.0   
  1545.0       0.0   
  1550.0       0.0   
  1555.0       0.0   
  1560.0       0.0   
  1565.0       0.0   
  1570.0       0.0   
  1575.0       0.0   
  1580.0       0.0   
  1585.0       0.0   
  1590.0       0.0   
  1595.0       0.0   
  1600.0       0.0   
  1605.0       0.0   
  1610.0       0.0   
  1615.0       0.0   
  1620.0       0.0   
  1625.0       0.0   
  1630.0       0.0   
  1635.0       0.0   
  1640.0       0.0   
  1645.0       0.0   
  1650.0       0.0   
  1655.0       0.0   
  1660.0       0.0   
  1665.0       0.0   
  1670.0       0.0   
  1675.0       0.0   
  1680.0       0.0   
  1685.0       0.0   
  1690.0       0.0   
  1695.0       0.0   
  1700.0       0.0   
  1705.0       0.0   
  1710.0       0.0   
  1715.0       0.0   
  1720.0       0.0   
  1725.0       0.0   
  1730.0       0.0   
  1735.0       0.0   
  1740.0       0.0   
  1745.0       0.0   
  1750.0       0.0   
  1755.0       0.0   
  1760.0       0.0   
  1765.0       0.0   
  1770.0       0.0   
  1775.0       0.0   
  1780.0       0.0   
  1785.0       0.0   
  1790.0       0.0   
  1795.0       0.0   
  1800.0       0.0   
  1805.0       0.0   
  1810.0       0.0   
  1815.0       0.0   
  1820.0       0.0   
  1825.0       0.0   
  1830.0       0.0   
  1835.0       0.0   
  1840.0       0.0   
  1845.0       0.0   
  1850.0       0.0   
  1855.0       0.0   
  1860.0       0.0   
  1865.0       0.0   
  1870.0       0.0   
  1875.0       0.0   
  1880.0       0.0   
  1885.0       0.0   
  1890.0       0.0   
  1895.0       0.0   
  1900.0       0.0   
  1905.0       0.0   
  1910.0       0.0   
  1915.0       0.0   
  1920.0       0.0   
  1925.0       0.0   
  1930.0       0.0   
  1935.0       0.0   
  1940.0       0.0   
  1945.0       0.0   
  1950.0       0.0   
  1955.0       0.0   
  1960.0       0.0   
  1965.0       0.0   
  1970.0       0.0   
  1975.0       0.0   
  1980.0       0.0   
  1985.0       0.0   
  1990.0       0.0   
  1995.0       0.0   
  2000.0       0.0   
  2005.0       0.0   
  2010.0       0.0   
  2015.0       0.0   
  2020.0       0.0   
  2025.0       0.0   
  2030.0       0.0   
  2035.0       0.0   
  2040.0       0.0   
  2045.0       0.0   
  2050.0       0.0   
  2055.0       0.0   
  2060.0       0.0   
  2065.0       0.0   
  2070.0       0.0   
  2075.0       0.0   
  2080.0       0.0   
  2085.0       0.0   
  2090.0       0.0   
  2095.0       0.0   
  2100.0       0.0   
  2105.0       0.0   
  2110.0       0.0   
  2115.0       0.0   
  2120.0       0.0   
  2125.0       0.0   
  2130.0       0.0   
  2135.0       0.0   
  2140.0       0.0   
  2145.0       0.0   
  2150.0       0.0   
  2155.0       0.0   
  2160.0       0.0   
  2165.0       0.0   
  2170.0       0.0   
  2175.0       0.0   
  2180.0       0.0   
  2185.0       0.0   
  2190.0       0.0   
  2195.0       0.0   
  2200.0       0.0   
  2205.0       0.0   
  2210.0       0.0   
  2215.0       0.0   
  2220.0       0.0   
  2225.0       0.0   
  2230.0       0.0   
  2235.0       0.0   
  2240.0       0.0   
  2245.0       0.0   
  2250.0       0.0   
  2255.0       0.0   
  2260.0       0.0   
  2265.0       0.0   
  2270.0       0.0   
  2275.0       0.0   
  2280.0       0.0   
  2285.0       0.0   
  2290.0       0.0   
  2295.0       0.0   
  2300.0       0.0   
  2305.0       0.0   
  2310.0       0.0   
  2315.0       0.0   
  2320.0       0.0   
  2325.0       0.0   
  2330.0       0.0   
  2335.0       0.0   
  2340.0       0.0   
  2345.0       0.0   
  2350.0       0.0   
  2355.0       0.0   
  2360.0       0.0   
  2365.0       0.0   
  2370.0       0.0   
  2375.0       0.0   
  2380.0       0.0   
  2385.0       0.0   
  2390.0       0.0   
  2395.0       0.0   
  2400.0       0.0   
  2405.0       0.0   
  2410.0       0.0   
  2415.0       0.0   
  2420.0       0.0   
  2425.0       0.0   
  2430.0       0.0   
  2435.0       0.0   
  2440.0       0.0   
  2445.0       0.0   
  2450.0       0.0   
  2455.0       0.0   
  2460.0       0.0   
  2465.0       0.0   
  2470.0       0.0   
  2475.0       0.0   
  2480.0       0.0   
  2485.0       0.0   
  2490.0       0.0   
  2495.0       0.0   
  2500.0       0.0   
  2505.0       0.0   
  2510.0       0.0   
  2515.0       0.0   
  2520.0       0.0   
  2525.0       0.0   
  2530.0       0.0   
  2535.0       0.0   
  2540.0       0.0   
  2545.0       0.0   
  2550.0       0.0   
  2555.0       0.0   
  2560.0       4.9355657E-16
  2565.0       3.449122E-15
  2570.0       3.940757E-15
  2575.0       3.9407577E-15
  2580.0       3.940759E-15
  2585.0       3.9407543E-15
  2590.0       3.4472117E-15
  2595.0       4.916458E-16
  2600.0       0.0   
  2605.0       0.0   
  2610.0       0.0   
  2615.0       0.0   
  2620.0       0.0   
  2625.0       0.0   
  2630.0       0.0   
  2635.0       0.0   
  2640.0       0.0   
  2645.0       0.0   
  2650.0       9.870466E-16
  2655.0       8.378739E-15
  2660.0       1.9215795E-14
  2665.0       2.758898E-14
  2670.0       3.5470504E-14
  2675.0       4.2858468E-14
  2680.0       4.630386E-14
  2685.0       4.2852962E-14
  2690.0       3.496961E-14
  2695.0       2.2158504E-14
  2700.0       2.9500944E-15
  2705.0       0.0   
  2710.0       0.0   
  2715.0       0.0   
  2720.0       0.0   
  2725.0       0.0   
  2730.0       0.0   
  2735.0       0.0   
  2740.0       0.0   
  2745.0       0.0   
  2750.0       1.4311204E-14
  2755.0       1.1680121E-13
  2760.0       2.4882166E-13
  2765.0       3.842824E-13
  2770.0       5.039709E-13
  2775.0       5.8966476E-13
  2780.0       6.3003227E-13
  2785.0       6.0487726E-13
  2790.0       5.0040907E-13
  2795.0       3.0036813E-13
  2800.0       3.9337172E-14
  2805.0       0.0   
  2810.0       0.0   
  2815.0       0.0   
  2820.0       0.0   
  2825.0       0.0   
  2830.0       0.0   
  2835.0       0.0   
  2840.0       0.0   
  2845.0       0.0   
  2850.0       2.0429169E-13
  2855.0       1.6815328E-12
  2860.0       3.695902E-12
  2865.0       6.0136674E-12
  2870.0       8.543214E-12
  2875.0       1.1188474E-11
  2880.0       1.3860781E-11
  2885.0       1.6469525E-11
  2890.0       1.8920582E-11
  2895.0       2.111988E-11
  2900.0       2.2979766E-11
  2905.0       2.4444544E-11
  2910.0       2.5531058E-11
  2915.0       2.6290015E-11
  2920.0       2.677363E-11
  2925.0       2.7036122E-11
  2930.0       2.7129651E-11
  2935.0       2.7108425E-11
  2940.0       2.7024166E-11
  2945.0       2.6929119E-11
  2950.0       2.6878883E-11
  2955.0       2.6910968E-11
  2960.0       2.703266E-11
  2965.0       2.724106E-11
  2970.0       2.753173E-11
  2975.0       2.789827E-11
  2980.0       2.8338182E-11
  2985.0       2.8843086E-11
  2990.0       2.9412587E-11
  2995.0       3.0035717E-11
  3000.0       3.071309E-11
  3005.0       3.1443095E-11
  3010.0       3.2232758E-11
  3015.0       3.309384E-11
  3020.0       3.4041128E-11
  3025.0       3.508746E-11
  3030.0       3.6246565E-11
  3035.0       3.7526413E-11
  3040.0       3.8945652E-11
  3045.0       4.0512614E-11
  3050.0       4.2243667E-11
  3055.0       4.414713E-11
  3060.0       4.6224507E-11
  3065.0       4.8478187E-11
  3070.0       5.0905693E-11
  3075.0       5.3506765E-11
  3080.0       5.6281084E-11
  3085.0       5.922885E-11
  3090.0       6.235046E-11
  3095.0       6.56474E-11
  3100.0       6.911343E-11
  3105.0       7.2758605E-11
  3110.0       7.658671E-11
  3115.0       8.060834E-11
  3120.0       8.483781E-11
  3125.0       8.9284656E-11
  3130.0       9.3960374E-11
  3135.0       9.887908E-11
  3140.0       1.04048006E-10
  3145.0       1.0948273E-10
  3150.0       1.1518715E-10
  3155.0       1.3023264E-10
  3160.0       1.9046359E-10
  3165.0       2.0299028E-10
  3170.0       2.0465886E-10
  3175.0       2.0317849E-10
  3180.0       1.9635121E-10
  3185.0       1.8442724E-10
  3190.0       1.7429706E-10
  3195.0       1.7282469E-10
  3200.0       1.8062357E-10
  3205.0       1.7903148E-10
  3210.0       1.8468739E-10
  3215.0       2.0389745E-10
  3220.0       2.0831506E-10
  3225.0       1.7279245E-10
  3230.0       1.1489375E-10
  3235.0       6.931142E-11
  3240.0       7.067054E-11
  3245.0       1.3111338E-10
  3250.0       2.0579481E-10
  3255.0       2.465618E-10
  3260.0       2.5323726E-10
  3265.0       2.4469285E-10
  3270.0       2.4030367E-10
  3275.0       2.5181915E-10
  3280.0       2.7210836E-10
  3285.0       2.8924746E-10
  3290.0       2.972107E-10
  3295.0       2.9255826E-10
  3300.0       2.7316857E-10
  3305.0       2.46775E-10
  3310.0       2.442131E-10
  3315.0       2.822863E-10
  3320.0       3.196029E-10
  3325.0       3.1832936E-10
  3330.0       3.072543E-10
  3335.0       3.216652E-10
  3340.0       3.4627923E-10
  3345.0       3.5321915E-10
  3350.0       3.3465147E-10
  3355.0       2.9915206E-10
  3360.0       2.7575053E-10
  3365.0       2.8459599E-10
  3370.0       3.0380096E-10
  3375.0       3.1021447E-10
  3380.0       3.1872385E-10
  3385.0       3.4674918E-10
  3390.0       3.7951323E-10
  3395.0       3.9600676E-10
  3400.0       3.9253226E-10
  3405.0       3.767659E-10
  3410.0       3.6728393E-10
  3415.0       3.7516618E-10
  3420.0       3.823401E-10
  3425.0       3.714739E-10
  3430.0       3.5562522E-10
  3435.0       3.4896377E-10
  3440.0       3.385814E-10
  3445.0       3.1474895E-10
  3450.0       3.0268335E-10
  3455.0       3.228025E-10
  3460.0       3.483567E-10
  3465.0       3.514885E-10
  3470.0       3.4836825E-10
  3475.0       3.5825554E-10
  3480.0       3.644794E-10
  3485.0       3.5217537E-10
  3490.0       3.4716777E-10
  3495.0       3.735092E-10
  3500.0       4.0933526E-10
  3505.0       4.2439535E-10
  3510.0       4.1400358E-10
  3515.0       3.904584E-10
  3520.0       3.8287193E-10
  3525.0       4.1119977E-10
  3530.0       4.5576498E-10
  3535.0       4.894822E-10
  3540.0       5.052968E-10
  3545.0       5.0218746E-10
  3550.0       4.7468607E-10
  3555.0       4.2354953E-10
  3560.0       3.706128E-10
  3565.0       3.3624142E-10
  3570.0       3.1615222E-10
  3575.0       3.0184344E-10
  3580.0       2.982469E-10
  3585.0       3.0953323E-10
  3590.0       3.239732E-10
  3595.0       3.2883596E-10
  3600.0       3.253348E-10
  3605.0       3.2215955E-10
  3610.0       3.3251685E-10
  3615.0       3.6128686E-10
  3620.0       3.8805378E-10
  3625.0       3.936328E-10
  3630.0       3.8720885E-10
  3635.0       3.852839E-10
  3640.0       3.9483405E-10
  3645.0       4.194331E-10
  3650.0       4.629315E-10
  3655.0       5.1811316E-10
  3660.0       5.492088E-10
  3665.0       5.28587E-10
  3670.0       4.78611E-10
  3675.0       4.3571163E-10
  3680.0       4.2193402E-10
  3685.0       4.408566E-10
  3690.0       4.6394413E-10
  3695.0       4.637566E-10
  3700.0       4.4676912E-10
  3705.0       4.2789847E-10
  3710.0       4.098938E-10
  3715.0       3.9169495E-10
  3720.0       3.7513714E-10
  3725.0       3.600637E-10
  3730.0       3.3863082E-10
  3735.0       3.1050398E-10
  3740.0       3.0137876E-10
  3745.0       3.2734554E-10
  3750.0       3.5484304E-10
  3755.0       3.5600264E-10
  3760.0       3.6630216E-10
  3765.0       4.2052029E-10
  3770.0       4.8775145E-10
  3775.0       5.2527666E-10
  3780.0       5.2709626E-10
  3785.0       5.0596344E-10
  3790.0       4.8486376E-10
  3795.0       4.8058857E-10
  3800.0       4.8472065E-10
  3805.0       4.811653E-10
  3810.0       4.5940288E-10
  3815.0       4.18314E-10
  3820.0       3.7525674E-10
  3825.0       3.513156E-10
  3830.0       3.5847664E-10
  3835.0       3.962895E-10
  3840.0       4.411828E-10
  3845.0       4.66693E-10
  3850.0       4.62581E-10
  3855.0       4.3686194E-10
  3860.0       4.2666326E-10
  3865.0       4.5069803E-10
  3870.0       4.540562E-10
  3875.0       3.9699646E-10
  3880.0       3.5072978E-10
  3885.0       3.848528E-10
  3890.0       4.5357926E-10
  3895.0       4.92779E-10
  3900.0       5.073165E-10
  3905.0       5.1803134E-10
  3910.0       5.163497E-10
  3915.0       4.923021E-10
  3920.0       4.636474E-10
  3925.0       4.5178045E-10
  3930.0       4.587437E-10
  3935.0       4.7648446E-10
  3940.0       4.9093785E-10
  3945.0       4.9257287E-10
  3950.0       4.8929816E-10
  3955.0       4.9511895E-10
  3960.0       5.220775E-10
  3965.0       5.740641E-10
  3970.0       6.362898E-10
  3975.0       6.937272E-10
  3980.0       7.4878326E-10
  3985.0       8.060567E-10
  3990.0       8.582619E-10
  3995.0       8.9694124E-10
  4000.0       9.23216E-10
  4005.0       9.43709E-10
  4010.0       9.689141E-10
  4015.0       1.0020056E-9
  4020.0       1.023797E-9
  4025.0       1.0150837E-9
  4030.0       9.800087E-10
  4035.0       9.409937E-10
  4040.0       9.422896E-10
  4045.0       1.0052469E-9
  4050.0       1.0717546E-9
  4055.0       1.0847847E-9
  4060.0       1.0689838E-9
  4065.0       1.0670198E-9
  4070.0       1.0857646E-9
  4075.0       1.120942E-9
  4080.0       1.1755463E-9
  4085.0       1.2397223E-9
  4090.0       1.2637545E-9
  4095.0       1.216929E-9
  4100.0       1.1569374E-9
  4105.0       1.1464316E-9
  4110.0       1.1725607E-9
  4115.0       1.203206E-9
  4120.0       1.2324088E-9
  4125.0       1.2576902E-9
  4130.0       1.2587238E-9
  4135.0       1.226788E-9
  4140.0       1.2011254E-9
  4145.0       1.217046E-9
  4150.0       1.2517976E-9
  4155.0       1.2710865E-9
  4160.0       1.2695939E-9
  4165.0       1.2550565E-9
  4170.0       1.2388325E-9
  4175.0       1.2300168E-9
  4180.0       1.2291053E-9
  4185.0       1.2318566E-9
  4190.0       1.2307029E-9
  4195.0       1.2237809E-9
  4200.0       1.2251341E-9
  4205.0       1.2306647E-9
  4210.0       1.1760628E-9
  4215.0       1.0191635E-9
  4220.0       8.363824E-10
  4225.0       7.31191E-10
  4230.0       7.547408E-10
  4235.0       8.949091E-10
  4240.0       1.0322426E-9
  4245.0       1.0688219E-9
  4250.0       1.0656539E-9
  4255.0       1.1046198E-9
  4260.0       1.1624525E-9
  4265.0       1.1886E-9
  4270.0       1.1715237E-9
  4275.0       1.1278072E-9
  4280.0       1.1036149E-9
  4285.0       1.1271802E-9
  4290.0       1.1541327E-9
  4295.0       1.1472658E-9
  4300.0       1.1589594E-9
  4305.0       1.2439884E-9
  4310.0       1.3719001E-9
  4315.0       1.4863799E-9
  4320.0       1.5524583E-9
  4325.0       1.5672256E-9
  4330.0       1.585712E-9
  4335.0       1.6482089E-9
  4340.0       1.7022204E-9
  4345.0       1.6971335E-9
  4350.0       1.6792415E-9
  4355.0       1.7021452E-9
  4360.0       1.7396001E-9
  4365.0       1.7431128E-9
  4370.0       1.6908619E-9
  4375.0       1.6004585E-9
  4380.0       1.5600489E-9
  4385.0       1.6268114E-9
  4390.0       1.7106878E-9
  4395.0       1.7194071E-9
  4400.0       1.7012453E-9
  4405.0       1.7270082E-9
  4410.0       1.7825968E-9
  4415.0       1.8256335E-9
  4420.0       1.8306507E-9
  4425.0       1.8054513E-9
  4430.0       1.8213606E-9
  4435.0       1.9177255E-9
  4440.0       1.9918645E-9
  4445.0       1.953176E-9
  4450.0       1.884435E-9
  4455.0       1.9007687E-9
  4460.0       2.0233772E-9
  4465.0       2.2136728E-9
  4470.0       2.3771307E-9
  4475.0       2.4437676E-9
  4480.0       2.4590008E-9
  4485.0       2.4852451E-9
  4490.0       2.5153681E-9
  4495.0       2.5327849E-9
  4500.0       2.5663252E-9
  4505.0       2.6323654E-9
  4510.0       2.6685005E-9
  4515.0       2.6116374E-9
  4520.0       2.4784579E-9
  4525.0       2.3268E-9
  4530.0       2.2392945E-9
  4535.0       2.2747535E-9
  4540.0       2.4064892E-9
  4545.0       2.5788556E-9
  4550.0       2.745108E-9
  4555.0       2.870129E-9
  4560.0       2.939004E-9
  4565.0       2.9543372E-9
  4570.0       2.9452556E-9
  4575.0       2.940295E-9
  4580.0       2.9409155E-9
  4585.0       2.9414928E-9
  4590.0       2.9455738E-9
  4595.0       2.9640757E-9
  4600.0       3.0151983E-9
  4605.0       3.097691E-9
  4610.0       3.1547065E-9
  4615.0       3.145086E-9
  4620.0       3.121762E-9
  4625.0       3.135716E-9
  4630.0       3.1400038E-9
  4635.0       3.0846172E-9
  4640.0       3.0106468E-9
  4645.0       2.9737417E-9
  4650.0       2.9737988E-9
  4655.0       2.9884526E-9
  4660.0       2.9956702E-9
  4665.0       2.984274E-9
  4670.0       2.9692548E-9
  4675.0       2.9710314E-9
  4680.0       2.9970537E-9
  4685.0       3.0360587E-9
  4690.0       3.0434082E-9
  4695.0       2.993298E-9
  4700.0       2.9405867E-9
  4705.0       2.9424252E-9
  4710.0       2.9808667E-9
  4715.0       3.0145986E-9
  4720.0       3.0186629E-9
  4725.0       2.9865526E-9
  4730.0       2.9414235E-9
  4735.0       2.9095175E-9
  4740.0       2.8954652E-9
  4745.0       2.8833451E-9
  4750.0       2.82761E-9
  4755.0       2.6998246E-9
  4760.0       2.545029E-9
  4765.0       2.4220643E-9
  4770.0       2.3518352E-9
  4775.0       2.3357236E-9
  4780.0       2.363381E-9
  4785.0       2.4236355E-9
  4790.0       2.5127174E-9
  4795.0       2.6242584E-9
  4800.0       2.7371865E-9
  4805.0       2.8249465E-9
  4810.0       2.8625868E-9
  4815.0       2.839269E-9
  4820.0       2.7798204E-9
  4825.0       2.7198168E-9
  4830.0       2.6876417E-9
  4835.0       2.7013025E-9
  4840.0       2.758212E-9
  4845.0       2.8370097E-9
  4850.0       2.8886111E-9
  4855.0       2.8780918E-9
  4860.0       2.8341656E-9
  4865.0       2.7945628E-9
  4870.0       2.7578124E-9
  4875.0       2.7166644E-9
  4880.0       2.6896343E-9
  4885.0       2.7006277E-9
  4890.0       2.7589575E-9
  4895.0       2.849354E-9
  4900.0       2.9097054E-9
  4905.0       2.8978373E-9
  4910.0       2.8684164E-9
  4915.0       2.8844425E-9
  4920.0       2.9335598E-9
  4925.0       2.9822635E-9
  4930.0       3.019066E-9
  4935.0       3.0411724E-9
  4940.0       3.0438874E-9
  4945.0       3.0181042E-9
  4950.0       2.9483747E-9
  4955.0       2.8421985E-9
  4960.0       2.7704918E-9
  4965.0       2.782711E-9
  4970.0       2.810487E-9
  4975.0       2.7766784E-9
  4980.0       2.7000102E-9
  4985.0       2.6291596E-9
  4990.0       2.5912226E-9
  4995.0       2.5853653E-9
  5000.0       2.5644786E-9
  5005.0       2.499438E-9
  5010.0       2.4510114E-9
  5015.0       2.4758957E-9
  5020.0       2.5305635E-9
  5025.0       2.5541564E-9
  5030.0       2.5430376E-9
  5035.0       2.51769E-9
  5040.0       2.5012044E-9
  5045.0       2.5046665E-9
  5050.0       2.5074702E-9
  5055.0       2.4867908E-9
  5060.0       2.4454119E-9
  5065.0       2.395802E-9
  5070.0       2.3496165E-9
  5075.0       2.3166424E-9
  5080.0       2.3029045E-9
  5085.0       2.3068276E-9
  5090.0       2.3108189E-9
  5095.0       2.298036E-9
  5100.0       2.2698565E-9
  5105.0       2.2368214E-9
  5110.0       2.2143238E-9
  5115.0       2.2089315E-9
  5120.0       2.2015594E-9
  5125.0       2.1845594E-9
  5130.0       2.2027893E-9
  5135.0       2.281272E-9
  5140.0       2.3432092E-9
  5145.0       2.3216244E-9
  5150.0       2.2751807E-9
  5155.0       2.2641475E-9
  5160.0       2.2284048E-9
  5165.0       2.107659E-9
  5170.0       1.9646529E-9
  5175.0       1.8926594E-9
  5180.0       1.9356334E-9
  5185.0       2.0798212E-9
  5190.0       2.2154194E-9
  5195.0       2.24878E-9
  5200.0       2.22351E-9
  5205.0       2.232775E-9
  5210.0       2.3563673E-9
  5215.0       2.6073634E-9
  5220.0       2.845527E-9
  5225.0       2.9488658E-9
  5230.0       2.9919305E-9
  5235.0       3.075301E-9
  5240.0       3.168606E-9
  5245.0       3.2015195E-9
  5250.0       3.137256E-9
  5255.0       2.9791938E-9
  5260.0       2.799637E-9
  5265.0       2.6916014E-9
  5270.0       2.730569E-9
  5275.0       2.9271285E-9
  5280.0       3.1432426E-9
  5285.0       3.2449081E-9
  5290.0       3.256163E-9
  5295.0       3.2561054E-9
  5300.0       3.304363E-9
  5305.0       3.410084E-9
  5310.0       3.4775443E-9
  5315.0       3.423711E-9
  5320.0       3.3017247E-9
  5325.0       3.1976737E-9
  5330.0       3.145635E-9
  5335.0       3.1518055E-9
  5340.0       3.2047283E-9
  5345.0       3.289815E-9
  5350.0       3.3982306E-9
  5355.0       3.5121395E-9
  5360.0       3.5859797E-9
  5365.0       3.5928651E-9
  5370.0       3.581354E-9
  5375.0       3.603548E-9
  5380.0       3.6444738E-9
  5385.0       3.6628622E-9
  5390.0       3.619823E-9
  5395.0       3.5093086E-9
  5400.0       3.406479E-9
  5405.0       3.3945051E-9
  5410.0       3.4938583E-9
  5415.0       3.669211E-9
  5420.0       3.8060395E-9
  5425.0       3.8128367E-9
  5430.0       3.7354746E-9
  5435.0       3.6588395E-9
  5440.0       3.6306798E-9
  5445.0       3.6615553E-9
  5450.0       3.7067847E-9
  5455.0       3.7239805E-9
  5460.0       3.7291437E-9
  5465.0       3.7461607E-9
  5470.0       3.761682E-9
  5475.0       3.7649515E-9
  5480.0       3.7892294E-9
  5485.0       3.8585903E-9
  5490.0       3.928488E-9
  5495.0       3.9431263E-9
  5500.0       3.888849E-9
  5505.0       3.7887387E-9
  5510.0       3.717102E-9
  5515.0       3.737342E-9
  5520.0       3.8334877E-9
  5525.0       3.9546517E-9
  5530.0       4.0406354E-9
  5535.0       4.062318E-9
  5540.0       4.076693E-9
  5545.0       4.1355888E-9
  5550.0       4.1932053E-9
  5555.0       4.1910084E-9
  5560.0       4.1369566E-9
  5565.0       4.0651287E-9
  5570.0       4.0079455E-9
  5575.0       3.9803782E-9
  5580.0       3.955481E-9
  5585.0       3.8988546E-9
  5590.0       3.8008525E-9
  5595.0       3.6903829E-9
  5600.0       3.6672876E-9
  5605.0       3.7914263E-9
  5610.0       3.9505452E-9
  5615.0       4.019771E-9
  5620.0       4.014321E-9
  5625.0       3.9982084E-9
  5630.0       4.01795E-9
  5635.0       4.0902495E-9
  5640.0       4.1761994E-9
  5645.0       4.2325605E-9
  5650.0       4.2583506E-9
  5655.0       4.2624144E-9
  5660.0       4.2376245E-9
  5665.0       4.1910786E-9
  5670.0       4.1816586E-9
  5675.0       4.2475206E-9
  5680.0       4.322033E-9
  5685.0       4.3336654E-9
  5690.0       4.3024566E-9
  5695.0       4.2658987E-9
  5700.0       4.215356E-9
  5705.0       4.148281E-9
  5710.0       4.124033E-9
  5715.0       4.1851616E-9
  5720.0       4.2689416E-9
  5725.0       4.3110155E-9
  5730.0       4.3471133E-9
  5735.0       4.4226818E-9
  5740.0       4.5067714E-9
  5745.0       4.5549244E-9
  5750.0       4.5665054E-9
  5755.0       4.5589736E-9
  5760.0       4.5510298E-9
  5765.0       4.5556923E-9
  5770.0       4.5712936E-9
  5775.0       4.5904516E-9
  5780.0       4.6056265E-9
  5785.0       4.6129136E-9
  5790.0       4.6178665E-9
  5795.0       4.629681E-9
  5800.0       4.6453903E-9
  5805.0       4.613744E-9
  5810.0       4.6097597E-9
  5815.0       4.6114086E-9
  5820.0       4.6187725E-9
  5825.0       4.6379927E-9
  5830.0       4.631321E-9
  5835.0       4.5987782E-9
  5840.0       4.5793125E-9
  5845.0       4.548088E-9
  5850.0       4.4934008E-9
  5855.0       4.3771724E-9
  5860.0       4.256318E-9
  5865.0       4.1692454E-9
  5870.0       4.041969E-9
  5875.0       3.8676187E-9
  5880.0       3.5821726E-9
  5885.0       3.1438407E-9
  5890.0       2.7389144E-9
  5895.0       2.7141278E-9
  5900.0       3.11997E-9
  5905.0       3.511611E-9
  5910.0       3.748838E-9
  5915.0       3.9063637E-9
  5920.0       4.0378656E-9
  5925.0       4.1338812E-9
  5930.0       4.216827E-9
  5935.0       4.303204E-9
  5940.0       4.3620125E-9
  5945.0       4.3759987E-9
  5950.0       4.370774E-9
  5955.0       4.3596646E-9
  5960.0       4.3928594E-9
  5965.0       4.4297983E-9
  5970.0       4.446255E-9
  5975.0       4.463379E-9
  5980.0       4.4720507E-9
  5985.0       4.4943524E-9
  5990.0       4.538815E-9
  5995.0       4.5523527E-9
  6000.0       4.518895E-9
  6005.0       4.502704E-9
  6010.0       4.4864974E-9
  6015.0       4.4708113E-9
  6020.0       4.5045234E-9
  6025.0       4.6057496E-9
  6030.0       4.6940087E-9
  6035.0       4.7509596E-9
  6040.0       4.7222035E-9
  6045.0       4.802095E-9
  6050.0       4.8075717E-9
  6055.0       4.789881E-9
  6060.0       4.7732938E-9
  6065.0       4.748978E-9
  6070.0       4.7837934E-9
  6075.0       4.7827617E-9
  6080.0       4.726731E-9
  6085.0       4.698711E-9
  6090.0       4.688921E-9
  6095.0       4.664811E-9
  6100.0       4.564137E-9
  6105.0       4.4743804E-9
  6110.0       4.561971E-9
  6115.0       4.579301E-9
  6120.0       4.3533515E-9
  6125.0       4.3660164E-9
  6130.0       4.580633E-9
  6135.0       4.5812283E-9
  6140.0       4.6046345E-9
  6145.0       4.6331743E-9
  6150.0       4.549876E-9
  6155.0       4.3756665E-9
  6160.0       4.0397836E-9
  6165.0       3.8845673E-9
  6170.0       4.0168198E-9
  6175.0       4.1693986E-9
  6180.0       4.269125E-9
  6185.0       4.261013E-9
  6190.0       4.1682355E-9
  6195.0       4.1990558E-9
  6200.0       4.244921E-9
  6205.0       4.282255E-9
  6210.0       4.2044794E-9
  6215.0       4.0515578E-9
  6220.0       3.9767496E-9
  6225.0       3.928295E-9
  6230.0       3.8883186E-9
  6235.0       3.9081542E-9
  6240.0       3.8986863E-9
  6245.0       3.9028425E-9
  6250.0       3.9513623E-9
  6255.0       3.9533012E-9
  6260.0       3.982904E-9
  6265.0       4.082738E-9
  6270.0       4.1373793E-9
  6275.0       4.1517736E-9
  6280.0       4.186824E-9
  6285.0       4.268662E-9
  6290.0       4.3194284E-9
  6295.0       4.3051633E-9
  6300.0       4.3274935E-9
  6305.0       4.3998054E-9
  6310.0       4.4716915E-9
  6315.0       4.505406E-9
  6320.0       4.5338795E-9
  6325.0       4.6027444E-9
  6330.0       4.6211888E-9
  6335.0       4.631605E-9
  6340.0       4.667264E-9
  6345.0       4.6967275E-9
  6350.0       4.7362834E-9
  6355.0       4.6887663E-9
  6360.0       4.6007647E-9
  6365.0       4.583136E-9
  6370.0       4.595143E-9
  6375.0       4.553742E-9
  6380.0       4.452368E-9
  6385.0       4.422374E-9
  6390.0       4.4549235E-9
  6395.0       4.531453E-9
  6400.0       4.604732E-9
  6405.0       4.7120525E-9
  6410.0       4.7741198E-9
  6415.0       4.824218E-9
  6420.0       4.8299427E-9
  6425.0       4.88967E-9
  6430.0       4.9025406E-9
  6435.0       4.868576E-9
  6440.0       4.866424E-9
  6445.0       4.962082E-9
  6450.0       4.9579136E-9
  6455.0       5.0087197E-9
  6460.0       5.0025677E-9
  6465.0       4.9540514E-9
  6470.0       5.0557616E-9
  6475.0       5.1080344E-9
  6480.0       5.1315383E-9
  6485.0       5.109314E-9
  6490.0       5.0511546E-9
  6495.0       4.930957E-9
  6500.0       5.040366E-9
  6505.0       5.2194062E-9
  6510.0       5.330236E-9
  6515.0       5.376515E-9
  6520.0       5.435153E-9
  6525.0       5.474531E-9
  6530.0       5.495552E-9
  6535.0       5.523923E-9
  6540.0       5.54513E-9
  6545.0       5.4941407E-9
  6550.0       5.43902E-9
  6555.0       5.387658E-9
  6560.0       5.330495E-9
  6565.0       5.2673435E-9
  6570.0       5.3055276E-9
  6575.0       5.3302203E-9
  6580.0       5.408342E-9
  6585.0       5.4416684E-9
  6590.0       5.4367226E-9
  6595.0       5.4075966E-9
  6600.0       5.467457E-9
  6605.0       5.4721343E-9
  6610.0       5.439408E-9
  6615.0       5.438118E-9
  6620.0       5.4005023E-9
  6625.0       5.3737503E-9
  6630.0       5.355025E-9
  6635.0       5.3410067E-9
  6640.0       5.335732E-9
  6645.0       5.3114424E-9
  6650.0       5.2682414E-9
  6655.0       5.203542E-9
  6660.0       5.173237E-9
  6665.0       5.142834E-9
  6670.0       5.158628E-9
  6675.0       5.1069735E-9
  6680.0       5.023343E-9
  6685.0       5.004844E-9
  6690.0       5.001702E-9
  6695.0       4.991533E-9
  6700.0       4.99379E-9
  6705.0       4.986581E-9
  6710.0       4.949948E-9
  6715.0       4.8444213E-9
  6720.0       4.7773483E-9
  6725.0       4.8279394E-9
  6730.0       4.844675E-9
  6735.0       4.8493614E-9
  6740.0       4.834509E-9
  6745.0       4.7891433E-9
  6750.0       4.746356E-9
  6755.0       4.7598743E-9
  6760.0       4.789877E-9
  6765.0       4.7772195E-9
  6770.0       4.7791753E-9
  6775.0       4.7984887E-9
  6780.0       4.7495003E-9
  6785.0       4.6786885E-9
  6790.0       4.664489E-9
  6795.0       4.6590896E-9
  6800.0       4.6702113E-9
  6805.0       4.669738E-9
  6810.0       4.6686397E-9
  6815.0       4.6658837E-9
  6820.0       4.670494E-9
  6825.0       4.7028155E-9
  6830.0       4.7139945E-9
  6835.0       4.6707798E-9
  6840.0       4.6818047E-9
  6845.0       4.7040865E-9
  6850.0       4.726748E-9
  6855.0       4.7496407E-9
  6860.0       4.7726405E-9
  6865.0       4.7956563E-9
  6870.0       4.81859E-9
  6875.0       4.8413846E-9
  6880.0       4.86391E-9
  6885.0       4.886095E-9
  6890.0       4.907866E-9
  6895.0       4.9291327E-9
  6900.0       4.9497837E-9
  6905.0       4.969827E-9
  6910.0       4.9893996E-9
  6915.0       5.0087E-9
  6920.0       5.0279407E-9
  6925.0       5.0473385E-9
  6930.0       5.0670925E-9
  6935.0       5.087426E-9
  6940.0       5.108551E-9
  6945.0       5.1306697E-9
  6950.0       5.153976E-9
  6955.0       5.1785243E-9
  6960.0       5.203951E-9
  6965.0       5.2297446E-9
  6970.0       5.2553792E-9
  6975.0       5.261845E-9
  6980.0       5.1806675E-9
  6985.0       5.2156097E-9
  6990.0       5.21498E-9
  6995.0       5.221922E-9
  7000.0       5.246743E-9
  7005.0       5.2808438E-9
  7010.0       5.2797935E-9
  7015.0       5.290852E-9
  7020.0       5.314441E-9
  7025.0       5.357595E-9
  7030.0       5.432985E-9
  7035.0       5.488361E-9
  7040.0       5.533044E-9
  7045.0       5.591447E-9
  7050.0       5.537999E-9
  7055.0       5.375449E-9
  7060.0       5.2794804E-9
  7065.0       5.259291E-9
  7070.0       5.279277E-9
  7075.0       5.3006253E-9
  7080.0       5.2433777E-9
  7085.0       5.168777E-9
  7090.0       5.070417E-9
  7095.0       5.062981E-9
  7100.0       5.083806E-9
  7105.0       5.100037E-9
  7110.0       5.1105205E-9
  7115.0       5.1033755E-9
  7120.0       5.0851447E-9
  7125.0       4.958181E-9
  7130.0       4.841595E-9
  7135.0       4.8150555E-9
  7140.0       4.8302904E-9
  7145.0       4.845522E-9
  7150.0       4.8797117E-9
  7155.0       5.017835E-9
  7160.0       5.050034E-9
  7165.0       5.065266E-9
  7170.0       5.0912647E-9
  7175.0       5.090546E-9
  7180.0       5.0810365E-9
  7185.0       5.017901E-9
  7190.0       4.988418E-9
  7195.0       4.9931344E-9
  7200.0       4.920884E-9
  7205.0       4.9039426E-9
  7210.0       5.0081193E-9
  7215.0       5.1399685E-9
  7220.0       5.2460725E-9
  7225.0       5.280499E-9
  7230.0       5.2827867E-9
  7235.0       5.2889493E-9
  7240.0       5.2896088E-9
  7245.0       5.301514E-9
  7250.0       5.338932E-9
  7255.0       5.360694E-9
  7260.0       5.4014078E-9
  7265.0       5.4170313E-9
  7270.0       5.4469473E-9
  7275.0       5.440344E-9
  7280.0       5.5165135E-9
  7285.0       5.567973E-9
  7290.0       5.5631086E-9
  7295.0       5.6223204E-9
  7300.0       5.6521117E-9
  7305.0       5.6505596E-9
  7310.0       5.65941E-9
  7315.0       5.6671645E-9
  7320.0       5.65908E-9
  7325.0       5.6378684E-9
  7330.0       5.6597567E-9
  7335.0       5.739452E-9
  7340.0       5.7722653E-9
  7345.0       5.73617E-9
  7350.0       5.737229E-9
  7355.0       5.69651E-9
  7360.0       5.690793E-9
  7365.0       5.7464846E-9
  7370.0       5.8193272E-9
  7375.0       5.863545E-9
  7380.0       5.8699765E-9
  7385.0       5.8531824E-9
  7390.0       5.8234075E-9
  7395.0       5.8274394E-9
  7400.0       5.8060565E-9
  7405.0       5.848954E-9
  7410.0       5.849467E-9
  7415.0       5.8449263E-9
  7420.0       5.849788E-9
  7425.0       5.8709904E-9
  7430.0       5.8983085E-9
  7435.0       5.9063336E-9
  7440.0       5.8996363E-9
  7445.0       5.879201E-9
  7450.0       5.895678E-9
  7455.0       5.9343557E-9
  7460.0       5.8947767E-9
  7465.0       5.866845E-9
  7470.0       5.9110885E-9
  7475.0       5.916916E-9
  7480.0       5.9071317E-9
  7485.0       5.8868386E-9
  7490.0       5.8414744E-9
  7495.0       5.820791E-9
  7500.0       5.871819E-9
  7505.0       5.8728804E-9
  7510.0       5.8583205E-9
  7515.0       5.8967653E-9
  7520.0       5.9268572E-9
  7525.0       5.9251133E-9
  7530.0       5.937891E-9
  7535.0       5.96663E-9
  7540.0       5.976163E-9
  7545.0       5.966707E-9
  7550.0       5.95834E-9
  7555.0       5.9522804E-9
  7560.0       5.9455085E-9
  7565.0       5.9376437E-9
  7570.0       5.9288157E-9
  7575.0       5.9191296E-9
  7580.0       5.908691E-9
  7585.0       5.897641E-9
  7590.0       5.886055E-9
  7595.0       5.8740808E-9
  7600.0       5.861813E-9
  7605.0       5.849363E-9
  7610.0       5.836847E-9
  7615.0       5.8243463E-9
  7620.0       5.8119984E-9
  7625.0       5.799899E-9
  7630.0       5.7881224E-9
  7635.0       5.7768026E-9
  7640.0       5.76602E-9
  7645.0       5.7559153E-9
  7650.0       5.746559E-9
  7655.0       5.7379985E-9
  7660.0       5.730242E-9
  7665.0       5.723226E-9
  7670.0       5.7168577E-9
  7675.0       5.7110787E-9
  7680.0       5.705813E-9
  7685.0       5.7010157E-9
  7690.0       5.6965987E-9
  7695.0       5.692512E-9
  7700.0       5.688669E-9
  7705.0       5.6850227E-9
  7710.0       5.681637E-9
  7715.0       5.6785185E-9
  7720.0       5.675753E-9
  7725.0       5.67338E-9
  7730.0       5.6802E-9
  7735.0       5.7313816E-9
  7740.0       5.737858E-9
  7745.0       5.7149703E-9
  7750.0       5.6809397E-9
  7755.0       5.7069096E-9
  7760.0       5.7334604E-9
  7765.0       5.7547593E-9
  7770.0       5.7908336E-9
  7775.0       5.8082157E-9
  7780.0       5.7714997E-9
  7785.0       5.7660863E-9
  7790.0       5.7670664E-9
  7795.0       5.778323E-9
  7800.0       5.773032E-9
  7805.0       5.7762617E-9
  7810.0       5.782367E-9
  7815.0       5.7909992E-9
  7820.0       5.779887E-9
  7825.0       5.7745595E-9
  7830.0       5.748965E-9
  7835.0       5.742053E-9
  7840.0       5.7936664E-9
  7845.0       5.8322334E-9
  7850.0       5.8411036E-9
  7855.0       5.8506338E-9
  7860.0       5.865179E-9
  7865.0       5.8722494E-9
  7870.0       5.8708545E-9
  7875.0       5.871017E-9
  7880.0       5.88133E-9
  7885.0       5.8896963E-9
  7890.0       5.880242E-9
  7895.0       5.8620673E-9
  7900.0       5.841941E-9
  7905.0       5.819018E-9
  7910.0       5.7933045E-9
  7915.0       5.774652E-9
  7920.0       5.7697407E-9
  7925.0       5.7632237E-9
  7930.0       5.761911E-9
  7935.0       5.7241234E-9
  7940.0       5.6952576E-9
  7945.0       5.672889E-9
  7950.0       5.6860796E-9
  7955.0       5.737168E-9
  7960.0       5.754659E-9
  7965.0       5.775748E-9
  7970.0       5.811601E-9
  7975.0       5.827643E-9
  7980.0       5.823944E-9
  7985.0       5.8417498E-9
  7990.0       5.8470837E-9
  7995.0       5.8315766E-9
  8000.0       5.8185394E-9
  8005.0       5.8744014E-9
  8010.0       5.8886642E-9
  8015.0       5.8862595E-9
  8020.0       5.882768E-9
  8025.0       5.8497736E-9
  8030.0       5.850107E-9
  8035.0       5.8627907E-9
  8040.0       5.8641354E-9
  8045.0       5.844168E-9
  8050.0       5.8630487E-9
  8055.0       5.906914E-9
  8060.0       5.9223417E-9
  8065.0       5.9052185E-9
  8070.0       5.8674012E-9
  8075.0       5.8641247E-9
  8080.0       5.8603518E-9
  8085.0       5.803913E-9
  8090.0       5.85508E-9
  8095.0       5.873593E-9
  8100.0       5.8878595E-9
  8105.0       5.91358E-9
  8110.0       5.9249525E-9
  8115.0       5.926913E-9
  8120.0       5.957847E-9
  8125.0       6.00762E-9
  8130.0       5.9991603E-9
  8135.0       6.0016254E-9
  8140.0       5.9959806E-9
  8145.0       5.958243E-9
  8150.0       5.9163803E-9
  8155.0       5.8746203E-9
  8160.0       5.784179E-9
  8165.0       5.760439E-9
  8170.0       5.795834E-9
  8175.0       5.7174514E-9
  8180.0       5.565109E-9
  8185.0       5.4127103E-9
  8190.0       5.391788E-9
  8195.0       5.261758E-9
  8200.0       5.3706866E-9
  8205.0       5.569688E-9
  8210.0       5.6725384E-9
  8215.0       5.7246137E-9
  8220.0       5.7057936E-9
  8225.0       5.6251017E-9
  8230.0       5.586701E-9
  8235.0       5.7000618E-9
  8240.0       5.7935985E-9
  8245.0       5.809058E-9
  8250.0       5.8474057E-9
  8255.0       5.8590572E-9
  8260.0       5.8945155E-9
  8265.0       5.939989E-9
  8270.0       5.9198375E-9
  8275.0       5.882135E-9
  8280.0       5.8663425E-9
  8285.0       5.862547E-9
  8290.0       5.8435083E-9
  8295.0       5.8583876E-9
  8300.0       5.840866E-9
  8305.0       5.807633E-9
  8310.0       5.789781E-9
  8315.0       5.7570713E-9
  8320.0       5.7151386E-9
  8325.0       5.696558E-9
  8330.0       5.6705303E-9
  8335.0       5.723947E-9
  8340.0       5.783328E-9
  8345.0       5.8525513E-9
  8350.0       5.881214E-9
  8355.0       5.9087415E-9
  8360.0       5.9223435E-9
  8365.0       5.9055076E-9
  8370.0       5.917514E-9
  8375.0       5.897128E-9
  8380.0       5.8256617E-9
  8385.0       5.7498735E-9
  8390.0       5.7801435E-9
  8395.0       5.855523E-9
  8400.0       5.887415E-9
  8405.0       5.911152E-9
  8410.0       5.90397E-9
  8415.0       5.88618E-9
  8420.0       5.9009895E-9
  8425.0       5.882955E-9
  8430.0       5.8672733E-9
  8435.0       5.8016587E-9
  8440.0       5.8734355E-9
  8445.0       5.9358216E-9
  8450.0       5.9219176E-9
  8455.0       5.8995586E-9
  8460.0       5.884494E-9
  8465.0       5.847645E-9
  8470.0       5.824423E-9
  8475.0       5.849191E-9
  8480.0       5.8768967E-9
  8485.0       5.885369E-9
  8490.0       5.8460166E-9
  8495.0       5.707871E-9
  8500.0       5.629157E-9
  8505.0       5.7147567E-9
  8510.0       5.751898E-9
  8515.0       5.6868736E-9
  8520.0       5.6750977E-9
  8525.0       5.6869727E-9
  8530.0       5.6311937E-9
  8535.0       5.4811418E-9
  8540.0       5.170385E-9
  8545.0       5.1309756E-9
  8550.0       5.338041E-9
  8555.0       5.514803E-9
  8560.0       5.5888343E-9
  8565.0       5.656804E-9
  8570.0       5.739E-9
  8575.0       5.817978E-9
  8580.0       5.877E-9
  8585.0       5.896347E-9
  8590.0       5.926498E-9
  8595.0       5.923388E-9
  8600.0       5.912333E-9
  8605.0       5.8873884E-9
  8610.0       5.835328E-9
  8615.0       5.8066876E-9
  8620.0       5.811702E-9
  8625.0       5.837881E-9
  8630.0       5.8720735E-9
  8635.0       5.8764487E-9
  8640.0       5.881152E-9
  8645.0       5.8655045E-9
  8650.0       5.8090865E-9
  8655.0       5.670722E-9
  8660.0       5.4084297E-9
  8665.0       5.2888525E-9
  8670.0       5.4282148E-9
  8675.0       5.439154E-9
  8680.0       5.443975E-9
  8685.0       5.421387E-9
  8690.0       5.4273572E-9
  8695.0       5.5578866E-9
  8700.0       5.6750538E-9
  8705.0       5.757781E-9
  8710.0       5.7793432E-9
  8715.0       5.795702E-9
  8720.0       5.820774E-9
  8725.0       5.8411103E-9
  8730.0       5.833196E-9
  8735.0       5.7983662E-9
  8740.0       5.819654E-9
  8745.0       5.831559E-9
  8750.0       5.8022933E-9
  8755.0       5.760774E-9
  8760.0       5.7262826E-9
  8765.0       5.697784E-9
  8770.0       5.6616853E-9
  8775.0       5.644974E-9
  8780.0       5.653558E-9
  8785.0       5.6745337E-9
  8790.0       5.711638E-9
  8795.0       5.7016196E-9
  8800.0       5.648057E-9
  8805.0       5.5404388E-9
  8810.0       5.5326272E-9
  8815.0       5.613188E-9
  8820.0       5.5916325E-9
  8825.0       5.5137868E-9
  8830.0       5.5857954E-9
  8835.0       5.639866E-9
  8840.0       5.650429E-9
  8845.0       5.6890914E-9
  8850.0       5.7021667E-9
  8855.0       5.705551E-9
  8860.0       5.7070864E-9
  8865.0       5.629727E-9
  8870.0       5.5730474E-9
  8875.0       5.5742757E-9
  8880.0       5.5669833E-9
  8885.0       5.5501657E-9
  8890.0       5.557315E-9
  8895.0       5.547847E-9
  8900.0       5.5607994E-9
  8905.0       5.571585E-9
  8910.0       5.5807208E-9
  8915.0       5.5828098E-9
  8920.0       5.5743703E-9
  8925.0       5.5593814E-9
  8930.0       5.559391E-9
  8935.0       5.544922E-9
  8940.0       5.5325E-9
  8945.0       5.5043428E-9
  8950.0       5.507394E-9
  8955.0       5.51458E-9
  8960.0       5.5487908E-9
  8965.0       5.535075E-9
  8970.0       5.5365335E-9
  8975.0       5.5449028E-9
  8980.0       5.5166742E-9
  8985.0       5.4171143E-9
  8990.0       5.3456803E-9
  8995.0       5.416481E-9
  9000.0       5.431611E-9
  9005.0       5.4181144E-9
  9010.0       5.4319638E-9
  9015.0       5.4382685E-9
  9020.0       5.49806E-9
  9025.0       5.5471165E-9
  9030.0       5.6551377E-9
  9035.0       5.7386216E-9
  9040.0       5.7773097E-9
  9045.0       5.795699E-9
  9050.0       5.7853438E-9
  9055.0       5.7545875E-9
  9060.0       5.699407E-9
  9065.0       5.634074E-9
  9070.0       5.5578173E-9
  9075.0       5.521881E-9
  9080.0       5.4960902E-9
  9085.0       5.489634E-9
  9090.0       5.5259135E-9
  9095.0       5.598792E-9
  9100.0       5.609373E-9
  9105.0       5.6256364E-9
  9110.0       5.6468896E-9
  9115.0       5.6147313E-9
  9120.0       5.5731797E-9
  9125.0       5.549129E-9
  9130.0       5.483649E-9
  9135.0       5.458953E-9
  9140.0       5.4732276E-9
  9145.0       5.4715166E-9
  9150.0       5.4322307E-9
  9155.0       5.424523E-9
  9160.0       5.4849645E-9
  9165.0       5.508049E-9
  9170.0       5.4368186E-9
  9175.0       5.4364757E-9
  9180.0       5.5031086E-9
  9185.0       5.547934E-9
  9190.0       5.5739893E-9
  9195.0       5.5839453E-9
  9200.0       5.59363E-9
  9205.0       5.614122E-9
  9210.0       5.6330864E-9
  9215.0       5.6449037E-9
  9220.0       5.6459175E-9
  9225.0       5.633641E-9
  9230.0       5.608881E-9
  9235.0       5.5736495E-9
  9240.0       5.5303047E-9
  9245.0       5.483567E-9
  9250.0       5.4442113E-9
  9255.0       5.4253695E-9
  9260.0       5.4395755E-9
  9265.0       5.4916485E-9
  9270.0       5.566356E-9
  9275.0       5.640753E-9
  9280.0       5.6919696E-9
  9285.0       5.704823E-9
  9290.0       5.684351E-9
  9295.0       5.6434004E-9
  9300.0       5.5954485E-9
  9305.0       5.553191E-9
  9310.0       5.527159E-9
  9315.0       5.527052E-9
  9320.0       5.561616E-9
  9325.0       5.6307066E-9
  9330.0       5.7111813E-9
  9335.0       5.771026E-9
  9340.0       5.7787526E-9
  9345.0       5.717335E-9
  9350.0       5.6071428E-9
  9355.0       5.4829985E-9
  9360.0       5.380306E-9
  9365.0       5.3259948E-9
  9370.0       5.3249876E-9
  9375.0       5.373681E-9
  9380.0       5.4670677E-9
  9385.0       5.594405E-9
  9390.0       5.7301026E-9
  9395.0       5.842829E-9
  9400.0       5.9018768E-9
  9405.0       5.888307E-9
  9410.0       5.813909E-9
  9415.0       5.7022063E-9
  9420.0       5.5776272E-9
  9425.0       5.461487E-9
  9430.0       5.3671148E-9
  9435.0       5.3047478E-9
  9440.0       5.2837024E-9
  9445.0       5.3069806E-9
  9450.0       5.36128E-9
  9455.0       5.427022E-9
  9460.0       5.4845675E-9
  9465.0       5.519577E-9
  9470.0       5.531604E-9
  9475.0       5.5254565E-9
  9480.0       5.506539E-9
  9485.0       5.480056E-9
  9490.0       5.4509437E-9
  9495.0       5.4240155E-9
  9500.0       5.403988E-9
  9505.0       5.3948583E-9
  9510.0       5.398878E-9
  9515.0       5.4175437E-9
  9520.0       5.452017E-9
  9525.0       5.500604E-9
  9530.0       5.5540075E-9
  9535.0       5.6000733E-9
  9540.0       5.626823E-9
  9545.0       5.6267955E-9
  9550.0       5.604289E-9
  9555.0       5.5681353E-9
  9560.0       5.527399E-9
  9565.0       5.4892437E-9
  9570.0       5.456004E-9
  9575.0       5.428099E-9
  9580.0       5.405805E-9
  9585.0       5.389757E-9
  9590.0       5.381367E-9
  9595.0       5.3824354E-9
  9600.0       5.3944946E-9
  9605.0       5.4164166E-9
  9610.0       5.4401754E-9
  9615.0       5.4550777E-9
  9620.0       5.4506732E-9
  9625.0       5.421626E-9
  9630.0       5.375856E-9
  9635.0       5.3263918E-9
  9640.0       5.286341E-9
  9645.0       5.2647375E-9
  9650.0       5.259927E-9
  9655.0       5.2661426E-9
  9660.0       5.277296E-9
  9665.0       5.288521E-9
  9670.0       5.298216E-9
  9675.0       5.3060436E-9
  9680.0       5.3117755E-9
  9685.0       5.315082E-9
  9690.0       5.3154365E-9
  9695.0       5.312211E-9
  9700.0       5.304893E-9
  9705.0       5.2940763E-9
  9710.0       5.2834106E-9
  9715.0       5.277603E-9
  9720.0       5.2812354E-9
  9725.0       5.2959392E-9
  9730.0       5.315798E-9
  9735.0       5.331943E-9
  9740.0       5.33564E-9
  9745.0       5.3222267E-9
  9750.0       5.2989346E-9
  9755.0       5.279009E-9
  9760.0       5.2597198E-9
  9765.0       5.283305E-9
  9770.0       5.293137E-9
  9775.0       5.2940696E-9
  9780.0       5.280732E-9
  9785.0       5.2272626E-9
  9790.0       5.252967E-9
  9795.0       5.270282E-9
  9800.0       5.267725E-9
  9805.0       5.280962E-9
  9810.0       5.3086233E-9
  9815.0       5.3174802E-9
  9820.0       5.3078097E-9
  9825.0       5.2788063E-9
  9830.0       5.296923E-9
  9835.0       5.3101292E-9
  9840.0       5.2853246E-9
  9845.0       5.300459E-9
  9850.0       5.311376E-9
  9855.0       5.3059086E-9
  9860.0       5.3186096E-9
  9865.0       5.3010916E-9
  9870.0       5.229543E-9
  9875.0       5.243478E-9
  9880.0       5.309599E-9
  9885.0       5.282822E-9
  9890.0       5.249945E-9
  9895.0       5.219629E-9
  9900.0       5.2068816E-9
  9905.0       5.2089293E-9
  9910.0       5.1407882E-9
  9915.0       5.13158E-9
  9920.0       5.1311493E-9
  9925.0       5.1535594E-9
  9930.0       5.159547E-9
  9935.0       5.1666866E-9
  9940.0       5.1728457E-9
  9945.0       5.2085882E-9
  9950.0       5.278723E-9
  9955.0       5.218089E-9
  9960.0       5.1776086E-9
  9965.0       5.195006E-9
  9970.0       5.1858846E-9
  9975.0       5.2041433E-9
  9980.0       5.16738E-9
  9985.0       5.1440217E-9
  9990.0       5.193402E-9
  9995.0       5.187017E-9
  10000.0      5.184722E-9
  10005.0      5.1862408E-9
  10010.0      5.21405E-9
  10015.0      5.2419113E-9
  10020.0      5.34139E-9
  10025.0      5.2925953E-9
  10030.0      5.2168945E-9
  10035.0      5.159022E-9
  10040.0      5.1259033E-9
  10045.0      5.1437357E-9
  10050.0      5.1268247E-9
  10055.0      5.1045843E-9
  10060.0      5.2392655E-9
  10065.0      5.228254E-9
  10070.0      5.1354823E-9
  10075.0      5.066776E-9
  10080.0      5.0629616E-9
  10085.0      5.1006688E-9
  10090.0      5.1123257E-9
  10095.0      5.1041864E-9
  10100.0      5.0886175E-9
  10105.0      5.1155484E-9
  10110.0      5.14682E-9
  10115.0      5.1736824E-9
  10120.0      5.1950337E-9
  10125.0      5.209337E-9
  10130.0      5.2135842E-9
  10135.0      5.204275E-9
  10140.0      5.178275E-9
  10145.0      5.1364952E-9
  10150.0      5.0905204E-9
  10155.0      5.0559925E-9
  10160.0      5.0481845E-9
  10165.0      5.0742E-9
  10170.0      5.1200812E-9
  10175.0      5.1636966E-9
  10180.0      5.1829736E-9
  10185.0      5.1641944E-9
  10190.0      5.1153264E-9
  10195.0      5.052732E-9
  10200.0      4.993139E-9
  10205.0      4.9489217E-9
  10210.0      4.921141E-9
  10215.0      4.9064752E-9
  10220.0      4.9012643E-9
  10225.0      4.9027515E-9
  10230.0      4.910597E-9
  10235.0      4.925324E-9
  10240.0      4.9475144E-9
  10245.0      4.977038E-9
  10250.0      5.0119455E-9
  10255.0      5.0495923E-9
  10260.0      5.087249E-9
  10265.0      5.122078E-9
  10270.0      5.1508864E-9
  10275.0      5.1703863E-9
  10280.0      5.17742E-9
  10285.0      5.1705142E-9
  10290.0      5.1524434E-9
  10295.0      5.1276565E-9
  10300.0      5.10066E-9
  10305.0      5.074897E-9
  10310.0      5.0510613E-9
  10315.0      5.028765E-9
  10320.0      5.0075655E-9
  10325.0      4.9872138E-9
  10330.0      4.9681117E-9
  10335.0      4.950881E-9
  10340.0      4.9362248E-9
  10345.0      4.925713E-9
  10350.0      4.922968E-9
  10355.0      4.932496E-9
  10360.0      4.958421E-9
  10365.0      5.000984E-9
  10370.0      5.05019E-9
  10375.0      5.09207E-9
  10380.0      5.1129607E-9
  10385.0      5.1056177E-9
  10390.0      5.079531E-9
  10395.0      5.0506563E-9
  10400.0      5.0349924E-9
  10405.0      5.0426805E-9
  10410.0      5.068619E-9
  10415.0      5.101808E-9
  10420.0      5.131023E-9
  10425.0      5.147945E-9
  10430.0      5.1519833E-9
  10435.0      5.1454885E-9
  10440.0      5.1310622E-9
  10445.0      5.1108726E-9
  10450.0      5.0859534E-9
  10455.0      5.0568754E-9
  10460.0      5.0243223E-9
  10465.0      4.9906066E-9
  10470.0      4.9622693E-9
  10475.0      4.947454E-9
  10480.0      4.9538595E-9
  10485.0      4.9833653E-9
  10490.0      5.0226423E-9
  10495.0      5.052521E-9
  10500.0      5.054145E-9
  10505.0      5.01795E-9
  10510.0      4.9585E-9
  10515.0      4.899638E-9
  10520.0      4.8652553E-9
  10525.0      4.8706212E-9
  10530.0      4.9084923E-9
  10535.0      4.9629976E-9
  10540.0      5.0177382E-9
  10545.0      5.0594138E-9
  10550.0      5.0828692E-9
  10555.0      5.086081E-9
  10560.0      5.067691E-9
  10565.0      5.029788E-9
  10570.0      4.9835465E-9
  10575.0      4.9435904E-9
  10580.0      4.924275E-9
  10585.0      4.9337165E-9
  10590.0      4.9638182E-9
  10595.0      5.000231E-9
  10600.0      5.028425E-9
  10605.0      5.038216E-9
  10610.0      5.0307456E-9
  10615.0      5.011459E-9
  10620.0      3.742657E-9
