# Extracted from file: pickles_1.fits
#SIMPLETrueFits standard
#BITPIX16Bits per pixel
#NAXIS0Number of axes
#EXTENDTrueFile may contain extensions
#DATE2007-01-11T20:44:20Date FITS file was generated
#IRAF-TLM15:44:36 (11/01/2007)Time of last modification
#COMMENT  FITS (Flexible Image Transport System) format is defined in 'Astronomy
#COMMENT  and Astrophysics', volume 376, page 359; bibcode: 2001A&A...376..359H
#ORIGINSTScI-STSDAS/TABLESTables version 2002-02-22
#FILENAMEpickles_1.fitsname of file
#NEXTEND1number of extensions in file
#COMMENT1spectral type: O5V
#COMMENT2metallicity: solar
#COMMENT3original filename: o5v.dat
#HISTORY  File created by F.R.Boffi.
#HISTORY  SEDs from Pickles UVILIB Library (1998, PASP 110, 863).
#HISTORY  Wavelength is in Angstrom.
#HISTORY  Fluxes are tabulated in units of erg/s/cm^2/A
#HISTORY  and were calculated by normalizing the original fluxes
#HISTORY  in the Pickles V band to a 0 magnitude in vegamag.
#HISTORY  In the vegamag system, Vega has magnitude zero in all passbands.
#HISTORY  Please refer to the SYNPHOT manual for further information.
#
#
#
#
#
#
#
#
#
#
#
#
#
#  
#Columns WAVELENGTH FLUX
#Units  angstroms flam
1150.0  3.04298e-08
1155.0  3.40669e-08
1160.0  2.87964e-08
1165.0  2.55042e-08
1170.0  2.30363e-08
1175.0  2.32086e-08
1180.0  2.45082e-08
1185.0  2.26217e-08
1190.0  1.69599e-08
1195.0  1.35615e-08
1200.0  1.22329e-08
1205.0  1.09931e-08
1210.0  1.21275e-08
1215.0  1.28482e-08
1220.0  8.9284e-09
1225.0  6.04153e-09
1230.0  7.10504e-09
1235.0  1.26882e-08
1240.0  2.44834e-08
1245.0  3.35917e-08
1250.0  3.16796e-08
1255.0  2.85289e-08
1260.0  2.83747e-08
1265.0  3.05778e-08
1270.0  3.30604e-08
1275.0  3.40207e-08
1280.0  3.46561e-08
1285.0  3.63743e-08
1290.0  3.80199e-08
1295.0  3.78387e-08
1300.0  3.49031e-08
1305.0  3.3665e-08
1310.0  3.63833e-08
1315.0  3.79171e-08
1320.0  3.79449e-08
1325.0  3.82119e-08
1330.0  3.64866e-08
1335.0  3.37738e-08
1340.0  3.45302e-08
1345.0  3.83086e-08
1350.0  4.0186e-08
1355.0  3.94732e-08
1360.0  3.72411e-08
1365.0  3.56957e-08
1370.0  3.52294e-08
1375.0  3.50239e-08
1380.0  3.51738e-08
1385.0  3.1516e-08
1390.0  3.1371e-08
1395.0  3.49758e-08
1400.0  4.03382e-08
1405.0  4.26924e-08
1410.0  4.22771e-08
1415.0  4.13826e-08
1420.0  4.09624e-08
1425.0  4.2267e-08
1430.0  4.24243e-08
1435.0  4.41432e-08
1440.0  4.27482e-08
1445.0  4.10435e-08
1450.0  3.98224e-08
1455.0  3.87536e-08
1460.0  3.94391e-08
1465.0  4.18342e-08
1470.0  4.50174e-08
1475.0  4.68493e-08
1480.0  4.87567e-08
1485.0  5.05903e-08
1490.0  5.18421e-08
1495.0  5.02524e-08
1500.0  4.75187e-08
1505.0  4.84804e-08
1510.0  5.01657e-08
1515.0  4.97778e-08
1520.0  4.9223e-08
1525.0  4.55768e-08
1530.0  3.45507e-08
1535.0  1.93397e-08
1540.0  1.61784e-08
1545.0  3.10626e-08
1550.0  5.51151e-08
1555.0  6.70315e-08
1560.0  5.99636e-08
1565.0  5.15023e-08
1570.0  4.92507e-08
1575.0  4.97606e-08
1580.0  4.92416e-08
1585.0  4.78373e-08
1590.0  4.67759e-08
1595.0  4.58259e-08
1600.0  4.42845e-08
1605.0  4.2652e-08
1610.0  4.10675e-08
1615.0  4.11575e-08
1620.0  4.11213e-08
1625.0  4.13958e-08
1630.0  4.18318e-08
1635.0  4.2604e-08
1640.0  4.37237e-08
1645.0  4.54877e-08
1650.0  4.46016e-08
1655.0  4.12115e-08
1660.0  4.05653e-08
1665.0  4.24664e-08
1670.0  4.21757e-08
1675.0  4.25467e-08
1680.0  4.44774e-08
1685.0  4.49594e-08
1690.0  4.43669e-08
1695.0  4.38172e-08
1700.0  4.27983e-08
1705.0  4.09593e-08
1710.0  3.73896e-08
1715.0  3.55861e-08
1720.0  3.9098e-08
1725.0  4.27155e-08
1730.0  4.34511e-08
1735.0  4.36997e-08
1740.0  4.33192e-08
1745.0  4.27555e-08
1750.0  4.22781e-08
1755.0  4.24279e-08
1760.0  4.23755e-08
1765.0  4.16947e-08
1770.0  4.13695e-08
1775.0  4.17646e-08
1780.0  4.10662e-08
1785.0  3.79286e-08
1790.0  3.44345e-08
1795.0  3.63202e-08
1800.0  3.77494e-08
1805.0  3.69511e-08
1810.0  3.64093e-08
1815.0  3.71743e-08
1820.0  3.73977e-08
1825.0  3.68246e-08
1830.0  3.62025e-08
1835.0  3.56663e-08
1840.0  3.49021e-08
1845.0  3.42903e-08
1850.0  3.31585e-08
1855.0  3.19535e-08
1860.0  3.18539e-08
1865.0  3.20743e-08
1870.0  3.16538e-08
1875.0  3.08892e-08
1880.0  3.05314e-08
1885.0  2.98457e-08
1890.0  2.93554e-08
1895.0  2.89302e-08
1900.0  2.81721e-08
1905.0  2.72756e-08
1910.0  2.67838e-08
1915.0  2.59123e-08
1920.0  2.47698e-08
1925.0  2.4197e-08
1930.0  2.4231e-08
1935.0  2.40039e-08
1940.0  2.35475e-08
1945.0  2.2991e-08
1950.0  2.24324e-08
1955.0  2.16353e-08
1960.0  2.07067e-08
1965.0  2.00486e-08
1970.0  1.95425e-08
1975.0  1.95821e-08
1980.0  1.91683e-08
1985.0  1.86108e-08
1990.0  1.73831e-08
1995.0  1.6618e-08
2000.0  1.71289e-08
2005.0  1.65401e-08
2010.0  1.56563e-08
2015.0  1.5518e-08
2020.0  1.5204e-08
2025.0  1.44524e-08
2030.0  1.40935e-08
2035.0  1.41716e-08
2040.0  1.37038e-08
2045.0  1.32446e-08
2050.0  1.31206e-08
2055.0  1.30468e-08
2060.0  1.18073e-08
2065.0  1.14647e-08
2070.0  1.24762e-08
2075.0  1.21321e-08
2080.0  1.22691e-08
2085.0  1.17408e-08
2090.0  1.09067e-08
2095.0  9.97766e-09
2100.0  8.98095e-09
2105.0  9.05538e-09
2110.0  9.6707e-09
2115.0  9.57573e-09
2120.0  9.03657e-09
2125.0  9.23887e-09
2130.0  9.26831e-09
2135.0  8.29665e-09
2140.0  7.92071e-09
2145.0  7.73031e-09
2150.0  7.55719e-09
2155.0  7.75857e-09
2160.0  7.84417e-09
2165.0  7.57894e-09
2170.0  7.22702e-09
2175.0  6.59725e-09
2180.0  6.02912e-09
2185.0  5.98084e-09
2190.0  6.22341e-09
2195.0  6.73257e-09
2200.0  6.98976e-09
2205.0  7.06925e-09
2210.0  6.79849e-09
2215.0  6.84785e-09
2220.0  6.98801e-09
2225.0  7.29887e-09
2230.0  7.60763e-09
2235.0  7.43435e-09
2240.0  7.41462e-09
2245.0  7.65604e-09
2250.0  8.47237e-09
2255.0  9.12616e-09
2260.0  8.80022e-09
2265.0  8.51328e-09
2270.0  9.0624e-09
2275.0  8.88424e-09
2280.0  8.76553e-09
2285.0  8.96146e-09
2290.0  9.36147e-09
2295.0  9.74872e-09
2300.0  9.83581e-09
2305.0  1.03899e-08
2310.0  1.12932e-08
2315.0  1.1486e-08
2320.0  1.09275e-08
2325.0  1.14059e-08
2330.0  1.24065e-08
2335.0  1.29743e-08
2340.0  1.28313e-08
2345.0  1.28739e-08
2350.0  1.32086e-08
2355.0  1.33119e-08
2360.0  1.34258e-08
2365.0  1.33997e-08
2370.0  1.39006e-08
2375.0  1.42607e-08
2380.0  1.46114e-08
2385.0  1.46876e-08
2390.0  1.44069e-08
2395.0  1.48986e-08
2400.0  1.58574e-08
2405.0  1.57362e-08
2410.0  1.55859e-08
2415.0  1.56849e-08
2420.0  1.59717e-08
2425.0  1.66209e-08
2430.0  1.73585e-08
2435.0  1.73575e-08
2440.0  1.74612e-08
2445.0  1.80394e-08
2450.0  1.81903e-08
2455.0  1.91895e-08
2460.0  2.01724e-08
2465.0  2.02435e-08
2470.0  1.93109e-08
2475.0  1.8905e-08
2480.0  1.89193e-08
2485.0  1.91852e-08
2490.0  1.93061e-08
2495.0  1.89663e-08
2500.0  1.96014e-08
2505.0  1.97073e-08
2510.0  1.95424e-08
2515.0  1.9442e-08
2520.0  1.95086e-08
2525.0  2.00346e-08
2530.0  2.09446e-08
2535.0  2.14344e-08
2540.0  2.11853e-08
2545.0  2.10731e-08
2550.0  2.1515e-08
2555.0  2.13522e-08
2560.0  2.12466e-08
2565.0  2.18959e-08
2570.0  2.2207e-08
2575.0  2.15649e-08
2580.0  1.87698e-08
2585.0  1.73689e-08
2590.0  1.88793e-08
2595.0  2.03404e-08
2600.0  2.06892e-08
2605.0  2.11464e-08
2610.0  2.15831e-08
2615.0  2.25903e-08
2620.0  2.31834e-08
2625.0  2.33481e-08
2630.0  2.33375e-08
2635.0  2.31515e-08
2640.0  2.23989e-08
2645.0  2.2503e-08
2650.0  2.3073e-08
2655.0  2.32486e-08
2660.0  2.2998e-08
2665.0  2.27178e-08
2670.0  2.28576e-08
2675.0  2.29785e-08
2680.0  2.30586e-08
2685.0  2.32774e-08
2690.0  2.36341e-08
2695.0  2.30744e-08
2700.0  2.28176e-08
2705.0  2.30777e-08
2710.0  2.31589e-08
2715.0  2.29345e-08
2720.0  2.29196e-08
2725.0  2.30479e-08
2730.0  2.35756e-08
2735.0  2.37523e-08
2740.0  2.36695e-08
2745.0  2.34988e-08
2750.0  2.37773e-08
2755.0  2.37094e-08
2760.0  2.42949e-08
2765.0  2.4822e-08
2770.0  2.44265e-08
2775.0  2.38604e-08
2780.0  2.37663e-08
2785.0  2.3496e-08
2790.0  2.31108e-08
2795.0  2.21456e-08
2800.0  2.14259e-08
2805.0  2.22531e-08
2810.0  2.38953e-08
2815.0  2.45385e-08
2820.0  2.44718e-08
2825.0  2.39238e-08
2830.0  2.37842e-08
2835.0  2.42321e-08
2840.0  2.45913e-08
2845.0  2.42315e-08
2850.0  2.39004e-08
2855.0  2.35879e-08
2860.0  2.397e-08
2865.0  2.44867e-08
2870.0  2.45133e-08
2875.0  2.44943e-08
2880.0  2.43758e-08
2885.0  2.45813e-08
2890.0  2.49547e-08
2895.0  2.50628e-08
2900.0  2.48421e-08
2905.0  2.44831e-08
2910.0  2.46676e-08
2915.0  2.49253e-08
2920.0  2.51167e-08
2925.0  2.50755e-08
2930.0  2.4888e-08
2935.0  2.45767e-08
2940.0  2.46033e-08
2945.0  2.48905e-08
2950.0  2.48801e-08
2955.0  2.52224e-08
2960.0  2.5395e-08
2965.0  2.50466e-08
2970.0  2.50319e-08
2975.0  2.5151e-08
2980.0  2.53455e-08
2985.0  2.5038e-08
2990.0  2.49125e-08
2995.0  2.45889e-08
3000.0  2.44879e-08
3005.0  2.45178e-08
3010.0  2.49732e-08
3015.0  2.50839e-08
3020.0  2.46459e-08
3025.0  2.40367e-08
3030.0  2.41443e-08
3035.0  2.44666e-08
3040.0  2.47952e-08
3045.0  2.45764e-08
3050.0  2.44289e-08
3055.0  2.45246e-08
3060.0  2.38622e-08
3065.0  2.35696e-08
3070.0  2.39397e-08
3075.0  2.40691e-08
3080.0  2.49927e-08
3085.0  2.58849e-08
3090.0  2.58923e-08
3095.0  2.5644e-08
3100.0  2.61155e-08
3105.0  2.64086e-08
3110.0  2.6199e-08
3115.0  2.61711e-08
3120.0  2.63271e-08
3125.0  2.68909e-08
3130.0  2.69692e-08
3135.0  2.67646e-08
3140.0  2.6972e-08
3145.0  2.78524e-08
3150.0  2.82994e-08
3155.0  2.81493e-08
3160.0  2.76522e-08
3165.0  2.8004e-08
3170.0  2.84615e-08
3175.0  2.87185e-08
3180.0  2.83749e-08
3185.0  2.77549e-08
3190.0  2.77443e-08
3195.0  2.68343e-08
3200.0  2.53549e-08
3205.0  2.60998e-08
3210.0  2.69097e-08
3215.0  2.64043e-08
3220.0  2.55992e-08
3225.0  2.57046e-08
3230.0  2.62342e-08
3235.0  2.63355e-08
3240.0  2.59592e-08
3245.0  2.54417e-08
3250.0  2.52564e-08
3255.0  2.55899e-08
3260.0  2.57954e-08
3265.0  2.53161e-08
3270.0  2.46439e-08
3275.0  2.43589e-08
3280.0  2.42229e-08
3285.0  2.38718e-08
3290.0  2.34488e-08
3295.0  2.31633e-08
3300.0  2.28772e-08
3305.0  2.24653e-08
3310.0  2.21867e-08
3315.0  2.22832e-08
3320.0  2.25572e-08
3325.0  2.26877e-08
3330.0  2.24945e-08
3335.0  2.20177e-08
3340.0  2.17039e-08
3345.0  2.18575e-08
3350.0  2.20305e-08
3355.0  2.17781e-08
3360.0  2.1408e-08
3365.0  2.12927e-08
3370.0  2.12185e-08
3375.0  2.0922e-08
3380.0  2.06067e-08
3385.0  2.05155e-08
3390.0  2.05151e-08
3395.0  2.04054e-08
3400.0  2.02015e-08
3405.0  2.00025e-08
3410.0  1.99003e-08
3415.0  1.9936e-08
3420.0  2.00314e-08
3425.0  2.00821e-08
3430.0  2.00351e-08
3435.0  1.99024e-08
3440.0  1.98074e-08
3445.0  1.9839e-08
3450.0  1.98888e-08
3455.0  1.98246e-08
3460.0  1.96493e-08
3465.0  1.94011e-08
3470.0  1.90754e-08
3475.0  1.87029e-08
3480.0  1.84475e-08
3485.0  1.8446e-08
3490.0  1.86229e-08
3495.0  1.88081e-08
3500.0  1.88062e-08
3505.0  1.85993e-08
3510.0  1.86763e-08
3515.0  1.87499e-08
3520.0  1.87365e-08
3525.0  1.86263e-08
3530.0  1.84489e-08
3535.0  1.83516e-08
3540.0  1.82629e-08
3545.0  1.81541e-08
3550.0  1.80309e-08
3555.0  1.78734e-08
3560.0  1.7705e-08
3565.0  1.75832e-08
3570.0  1.74561e-08
3575.0  1.71942e-08
3580.0  1.69763e-08
3585.0  1.68302e-08
3590.0  1.67623e-08
3595.0  1.67302e-08
3600.0  1.66768e-08
3605.0  1.66454e-08
3610.0  1.67257e-08
3615.0  1.66582e-08
3620.0  1.6555e-08
3625.0  1.65631e-08
3630.0  1.66138e-08
3635.0  1.66495e-08
3640.0  1.66467e-08
3645.0  1.66225e-08
3650.0  1.66408e-08
3655.0  1.67908e-08
3660.0  1.68199e-08
3665.0  1.66902e-08
3670.0  1.64844e-08
3675.0  1.62553e-08
3680.0  1.60777e-08
3685.0  1.60425e-08
3690.0  1.59667e-08
3695.0  1.58662e-08
3700.0  1.57383e-08
3705.0  1.56023e-08
3710.0  1.56266e-08
3715.0  1.57095e-08
3720.0  1.56071e-08
3725.0  1.54028e-08
3730.0  1.53206e-08
3735.0  1.54272e-08
3740.0  1.55576e-08
3745.0  1.53582e-08
3750.0  1.49315e-08
3755.0  1.46976e-08
3760.0  1.4672e-08
3765.0  1.46087e-08
3770.0  1.45491e-08
3775.0  1.50875e-08
3780.0  1.56496e-08
3785.0  1.56224e-08
3790.0  1.52055e-08
3795.0  1.47148e-08
3800.0  1.47975e-08
3805.0  1.53502e-08
3810.0  1.56924e-08
3815.0  1.57469e-08
3820.0  1.55868e-08
3825.0  1.52336e-08
3830.0  1.45526e-08
3835.0  1.41174e-08
3840.0  1.4549e-08
3845.0  1.50355e-08
3850.0  1.51456e-08
3855.0  1.50398e-08
3860.0  1.49577e-08
3865.0  1.4839e-08
3870.0  1.47342e-08
3875.0  1.45329e-08
3880.0  1.39375e-08
3885.0  1.31218e-08
3890.0  1.30458e-08
3895.0  1.37801e-08
3900.0  1.43523e-08
3905.0  1.44614e-08
3910.0  1.43095e-08
3915.0  1.40652e-08
3920.0  1.38468e-08
3925.0  1.36935e-08
3930.0  1.35219e-08
3935.0  1.35399e-08
3940.0  1.3767e-08
3945.0  1.38371e-08
3950.0  1.37538e-08
3955.0  1.34646e-08
3960.0  1.28015e-08
3965.0  1.18729e-08
3970.0  1.15343e-08
3975.0  1.22352e-08
3980.0  1.28468e-08
3985.0  1.29825e-08
3990.0  1.2877e-08
3995.0  1.27753e-08
4000.0  1.26923e-08
4005.0  1.26057e-08
4010.0  1.24998e-08
4015.0  1.23385e-08
4020.0  1.20643e-08
4025.0  1.18188e-08
4030.0  1.18454e-08
4035.0  1.19669e-08
4040.0  1.20968e-08
4045.0  1.21697e-08
4050.0  1.21842e-08
4055.0  1.20983e-08
4060.0  1.20316e-08
4065.0  1.19433e-08
4070.0  1.18003e-08
4075.0  1.1736e-08
4080.0  1.16553e-08
4085.0  1.14637e-08
4090.0  1.11297e-08
4095.0  1.0494e-08
4100.0  9.96944e-09
4105.0  1.03191e-08
4110.0  1.09455e-08
4115.0  1.12061e-08
4120.0  1.12537e-08
4125.0  1.12355e-08
4130.0  1.12061e-08
4135.0  1.11384e-08
4140.0  1.10624e-08
4145.0  1.10105e-08
4150.0  1.0969e-08
4155.0  1.09524e-08
4160.0  1.09028e-08
4165.0  1.08352e-08
4170.0  1.07788e-08
4175.0  1.07409e-08
4180.0  1.06969e-08
4185.0  1.05898e-08
4190.0  1.03798e-08
4195.0  1.01134e-08
4200.0  9.97185e-09
4205.0  1.00992e-08
4210.0  1.02077e-08
4215.0  1.02068e-08
4220.0  1.01878e-08
4225.0  1.01624e-08
4230.0  1.01184e-08
4235.0  1.00294e-08
4240.0  9.95941e-09
4245.0  9.94439e-09
4250.0  9.92675e-09
4255.0  9.8489e-09
4260.0  9.74761e-09
4265.0  9.66933e-09
4270.0  9.63824e-09
4275.0  9.61044e-09
4280.0  9.56906e-09
4285.0  9.52496e-09
4290.0  9.47868e-09
4295.0  9.46311e-09
4300.0  9.44641e-09
4305.0  9.42198e-09
4310.0  9.42117e-09
4315.0  9.38724e-09
4320.0  9.31188e-09
4325.0  9.17896e-09
4330.0  8.81847e-09
4335.0  8.2355e-09
4340.0  7.92526e-09
4345.0  8.29219e-09
4350.0  8.75244e-09
4355.0  8.98058e-09
4360.0  9.02736e-09
4365.0  8.99958e-09
4370.0  8.95219e-09
4375.0  8.89673e-09
4380.0  8.81741e-09
4385.0  8.75717e-09
4390.0  8.76695e-09
4395.0  8.75426e-09
4400.0  8.68959e-09
4405.0  8.61015e-09
4410.0  8.51048e-09
4415.0  8.36057e-09
4420.0  8.20441e-09
4425.0  8.06412e-09
4430.0  7.96136e-09
4435.0  7.98695e-09
4440.0  8.08901e-09
4445.0  8.17695e-09
4450.0  8.24684e-09
4455.0  8.26196e-09
4460.0  8.18446e-09
4465.0  8.05694e-09
4470.0  7.91241e-09
4475.0  7.92103e-09
4480.0  7.96245e-09
4485.0  7.96006e-09
4490.0  7.94055e-09
4495.0  7.92152e-09
4500.0  7.89673e-09
4505.0  7.83958e-09
4510.0  7.79645e-09
4515.0  7.75695e-09
4520.0  7.73147e-09
4525.0  7.66944e-09
4530.0  7.56344e-09
4535.0  7.3693e-09
4540.0  7.2e-09
4545.0  7.30001e-09
4550.0  7.43434e-09
4555.0  7.48496e-09
4560.0  7.49003e-09
4565.0  7.45333e-09
4570.0  7.40317e-09
4575.0  7.36823e-09
4580.0  7.36315e-09
4585.0  7.31998e-09
4590.0  7.24804e-09
4595.0  7.20677e-09
4600.0  7.18049e-09
4605.0  7.15958e-09
4610.0  7.16875e-09
4615.0  7.16728e-09
4620.0  7.13151e-09
4625.0  7.08016e-09
4630.0  7.06936e-09
4635.0  7.06953e-09
4640.0  7.07701e-09
4645.0  7.03391e-09
4650.0  6.96547e-09
4655.0  6.92347e-09
4660.0  6.93148e-09
4665.0  6.91498e-09
4670.0  6.84904e-09
4675.0  6.74267e-09
4680.0  6.51057e-09
4685.0  6.35787e-09
4690.0  6.49538e-09
4695.0  6.6405e-09
4700.0  6.64345e-09
4705.0  6.60492e-09
4710.0  6.5122e-09
4715.0  6.44955e-09
4720.0  6.40854e-09
4725.0  6.35889e-09
4730.0  6.35786e-09
4735.0  6.34289e-09
4740.0  6.32888e-09
4745.0  6.31592e-09
4750.0  6.26724e-09
4755.0  6.19281e-09
4760.0  6.12795e-09
4765.0  6.11398e-09
4770.0  6.12999e-09
4775.0  6.10117e-09
4780.0  6.06166e-09
4785.0  6.05278e-09
4790.0  6.03648e-09
4795.0  5.99568e-09
4800.0  5.95682e-09
4805.0  5.93851e-09
4810.0  5.92116e-09
4815.0  5.89835e-09
4820.0  5.883e-09
4825.0  5.86747e-09
4830.0  5.86107e-09
4835.0  5.8483e-09
4840.0  5.82584e-09
4845.0  5.73573e-09
4850.0  5.51648e-09
4855.0  5.10077e-09
4860.0  4.77253e-09
4865.0  4.96328e-09
4870.0  5.29902e-09
4875.0  5.43552e-09
4880.0  5.4658e-09
4885.0  5.4832e-09
4890.0  5.49428e-09
4895.0  5.49082e-09
4900.0  5.48633e-09
4905.0  5.49801e-09
4910.0  5.49246e-09
4915.0  5.46124e-09
4920.0  5.39963e-09
4925.0  5.41344e-09
4930.0  5.44805e-09
4935.0  5.42963e-09
4940.0  5.39032e-09
4945.0  5.3717e-09
4950.0  5.36155e-09
4955.0  5.34641e-09
4960.0  5.33375e-09
4965.0  5.29485e-09
4970.0  5.24332e-09
4975.0  5.20931e-09
4980.0  5.17592e-09
4985.0  5.18882e-09
4990.0  5.18712e-09
4995.0  5.17462e-09
5000.0  5.15764e-09
5005.0  5.11185e-09
5010.0  5.05069e-09
5015.0  4.99679e-09
5020.0  4.98923e-09
5025.0  4.98066e-09
5030.0  4.95759e-09
5035.0  4.94885e-09
5040.0  4.93815e-09
5045.0  4.91826e-09
5050.0  4.89844e-09
5055.0  4.88659e-09
5060.0  4.87117e-09
5065.0  4.8621e-09
5070.0  4.86014e-09
5075.0  4.857e-09
5080.0  4.84628e-09
5085.0  4.82785e-09
5090.0  4.80633e-09
5095.0  4.7771e-09
5100.0  4.76568e-09
5105.0  4.73117e-09
5110.0  4.69735e-09
5115.0  4.67996e-09
5120.0  4.6631e-09
5125.0  4.65377e-09
5130.0  4.64823e-09
5135.0  4.63437e-09
5140.0  4.61947e-09
5145.0  4.60107e-09
5150.0  4.57917e-09
5155.0  4.56174e-09
5160.0  4.54773e-09
5165.0  4.52634e-09
5170.0  4.51018e-09
5175.0  4.50623e-09
5180.0  4.48912e-09
5185.0  4.46488e-09
5190.0  4.44137e-09
5195.0  4.4349e-09
5200.0  4.40595e-09
5205.0  4.37447e-09
5210.0  4.37578e-09
5215.0  4.3693e-09
5220.0  4.34494e-09
5225.0  4.31964e-09
5230.0  4.29548e-09
5235.0  4.27764e-09
5240.0  4.26195e-09
5245.0  4.25537e-09
5250.0  4.23225e-09
5255.0  4.23715e-09
5260.0  4.23078e-09
5265.0  4.19561e-09
5270.0  4.16941e-09
5275.0  4.16194e-09
5280.0  4.1454e-09
5285.0  4.13588e-09
5290.0  4.11338e-09
5295.0  4.08592e-09
5300.0  4.06627e-09
5305.0  4.06314e-09
5310.0  4.05419e-09
5315.0  4.05303e-09
5320.0  4.04305e-09
5325.0  4.01968e-09
5330.0  3.99112e-09
5335.0  3.97533e-09
5340.0  3.95646e-09
5345.0  3.95091e-09
5350.0  3.95148e-09
5355.0  3.94303e-09
5360.0  3.91125e-09
5365.0  3.8916e-09
5370.0  3.88012e-09
5375.0  3.86971e-09
5380.0  3.86088e-09
5385.0  3.84592e-09
5390.0  3.84628e-09
5395.0  3.82237e-09
5400.0  3.75185e-09
5405.0  3.61735e-09
5410.0  3.49364e-09
5415.0  3.55073e-09
5420.0  3.67123e-09
5425.0  3.71252e-09
5430.0  3.7138e-09
5435.0  3.6988e-09
5440.0  3.68449e-09
5445.0  3.65815e-09
5450.0  3.64029e-09
5455.0  3.62533e-09
5460.0  3.62202e-09
5465.0  3.61136e-09
5470.0  3.6152e-09
5475.0  3.60526e-09
5480.0  3.57082e-09
5485.0  3.53522e-09
5490.0  3.52754e-09
5495.0  3.55238e-09
5500.0  3.55082e-09
5505.0  3.52107e-09
5510.0  3.50387e-09
5515.0  3.50098e-09
5520.0  3.48566e-09
5525.0  3.46145e-09
5530.0  3.44548e-09
5535.0  3.42359e-09
5540.0  3.41699e-09
5545.0  3.41448e-09
5550.0  3.41045e-09
5555.0  3.40184e-09
5560.0  3.39709e-09
5565.0  3.38838e-09
5570.0  3.37398e-09
5575.0  3.3698e-09
5580.0  3.35269e-09
5585.0  3.31626e-09
5590.0  3.28279e-09
5595.0  3.27678e-09
5600.0  3.2885e-09
5605.0  3.28325e-09
5610.0  3.26753e-09
5615.0  3.25142e-09
5620.0  3.24539e-09
5625.0  3.23668e-09
5630.0  3.22648e-09
5635.0  3.21756e-09
5640.0  3.20665e-09
5645.0  3.19607e-09
5650.0  3.18817e-09
5655.0  3.1758e-09
5660.0  3.1614e-09
5665.0  3.14662e-09
5670.0  3.12793e-09
5675.0  3.11058e-09
5680.0  3.10763e-09
5685.0  3.11257e-09
5690.0  3.11565e-09
5695.0  3.11942e-09
5700.0  3.08639e-09
5705.0  3.03836e-09
5710.0  3.04428e-09
5715.0  3.04372e-09
5720.0  3.02052e-09
5725.0  3.00336e-09
5730.0  2.99345e-09
5735.0  2.97867e-09
5740.0  2.9634e-09
5745.0  2.95277e-09
5750.0  2.9463e-09
5755.0  2.93878e-09
5760.0  2.93309e-09
5765.0  2.91276e-09
5770.0  2.88124e-09
5775.0  2.83168e-09
5780.0  2.77884e-09
5785.0  2.80325e-09
5790.0  2.82188e-09
5795.0  2.77178e-09
5800.0  2.73394e-09
5805.0  2.74499e-09
5810.0  2.74964e-09
5815.0  2.77339e-09
5820.0  2.81026e-09
5825.0  2.8211e-09
5830.0  2.81449e-09
5835.0  2.80236e-09
5840.0  2.79228e-09
5845.0  2.77343e-09
5850.0  2.75863e-09
5855.0  2.74855e-09
5860.0  2.74787e-09
5865.0  2.73328e-09
5870.0  2.65852e-09
5875.0  2.58788e-09
5880.0  2.6161e-09
5885.0  2.5413e-09
5890.0  2.38789e-09
5895.0  2.41175e-09
5900.0  2.55465e-09
5905.0  2.65192e-09
5910.0  2.65765e-09
5915.0  2.65006e-09
5920.0  2.62704e-09
5925.0  2.61656e-09
5930.0  2.61585e-09
5935.0  2.60669e-09
5940.0  2.59149e-09
5945.0  2.57158e-09
5950.0  2.55841e-09
5955.0  2.55732e-09
5960.0  2.54791e-09
5965.0  2.54262e-09
5970.0  2.52593e-09
5975.0  2.52418e-09
5980.0  2.51893e-09
5985.0  2.50711e-09
5990.0  2.51062e-09
5995.0  2.51337e-09
6000.0  2.49699e-09
6005.0  2.4795e-09
6010.0  2.46528e-09
6015.0  2.46146e-09
6020.0  2.46261e-09
6025.0  2.46453e-09
6030.0  2.46066e-09
6035.0  2.43185e-09
6040.0  2.41803e-09
6045.0  2.42539e-09
6050.0  2.41604e-09
6055.0  2.41381e-09
6060.0  2.40282e-09
6065.0  2.38682e-09
6070.0  2.37757e-09
6075.0  2.37185e-09
6080.0  2.36903e-09
6085.0  2.36683e-09
6090.0  2.36665e-09
6095.0  2.36001e-09
6100.0  2.34844e-09
6105.0  2.33595e-09
6110.0  2.32918e-09
6115.0  2.32513e-09
6120.0  2.30488e-09
6125.0  2.31106e-09
6130.0  2.30862e-09
6135.0  2.30066e-09
6140.0  2.29788e-09
6145.0  2.28737e-09
6150.0  2.28263e-09
6155.0  2.27152e-09
6160.0  2.2557e-09
6165.0  2.22663e-09
6170.0  2.20675e-09
6175.0  2.20695e-09
6180.0  2.21178e-09
6185.0  2.21726e-09
6190.0  2.21618e-09
6195.0  2.21256e-09
6200.0  2.19801e-09
6205.0  2.18688e-09
6210.0  2.19537e-09
6215.0  2.19525e-09
6220.0  2.19175e-09
6225.0  2.17594e-09
6230.0  2.15877e-09
6235.0  2.15459e-09
6240.0  2.15894e-09
6245.0  2.1687e-09
6250.0  2.17033e-09
6255.0  2.16265e-09
6260.0  2.15704e-09
6265.0  2.13013e-09
6270.0  2.10478e-09
6275.0  2.052e-09
6280.0  1.98269e-09
6285.0  1.9979e-09
6290.0  2.05281e-09
6295.0  2.07143e-09
6300.0  2.06535e-09
6305.0  2.0421e-09
6310.0  2.01907e-09
6315.0  2.02e-09
6320.0  2.04081e-09
6325.0  2.05761e-09
6330.0  2.05429e-09
6335.0  2.053e-09
6340.0  2.04608e-09
6345.0  2.03649e-09
6350.0  2.02762e-09
6355.0  2.01655e-09
6360.0  2.00971e-09
6365.0  2.0023e-09
6370.0  1.99608e-09
6375.0  1.98398e-09
6380.0  1.97385e-09
6385.0  1.97592e-09
6390.0  1.97504e-09
6395.0  1.96348e-09
6400.0  1.94047e-09
6405.0  1.92912e-09
6410.0  1.92786e-09
6415.0  1.93554e-09
6420.0  1.94476e-09
6425.0  1.94867e-09
6430.0  1.94468e-09
6435.0  1.93645e-09
6440.0  1.92676e-09
6445.0  1.91718e-09
6450.0  1.90802e-09
6455.0  1.89955e-09
6460.0  1.89595e-09
6465.0  1.89339e-09
6470.0  1.88828e-09
6475.0  1.88554e-09
6480.0  1.88559e-09
6485.0  1.87428e-09
6490.0  1.86727e-09
6495.0  1.86986e-09
6500.0  1.87445e-09
6505.0  1.87368e-09
6510.0  1.86732e-09
6515.0  1.84714e-09
6520.0  1.82476e-09
6525.0  1.80108e-09
6530.0  1.79799e-09
6535.0  1.81549e-09
6540.0  1.8247e-09
6545.0  1.81108e-09
6550.0  1.76319e-09
6555.0  1.6555e-09
6560.0  1.53374e-09
6565.0  1.54438e-09
6570.0  1.68104e-09
6575.0  1.7714e-09
6580.0  1.80082e-09
6585.0  1.79839e-09
6590.0  1.79657e-09
6595.0  1.79313e-09
6600.0  1.7911e-09
6605.0  1.78729e-09
6610.0  1.77283e-09
6615.0  1.76398e-09
6620.0  1.75896e-09
6625.0  1.7623e-09
6630.0  1.75229e-09
6635.0  1.74907e-09
6640.0  1.74392e-09
6645.0  1.73511e-09
6650.0  1.72571e-09
6655.0  1.71275e-09
6660.0  1.70244e-09
6665.0  1.69208e-09
6670.0  1.67965e-09
6675.0  1.64927e-09
6680.0  1.62088e-09
6685.0  1.62688e-09
6690.0  1.65216e-09
6695.0  1.66931e-09
6700.0  1.66853e-09
6705.0  1.66603e-09
6710.0  1.66631e-09
6715.0  1.66188e-09
6720.0  1.65893e-09
6725.0  1.65969e-09
6730.0  1.6532e-09
6735.0  1.64549e-09
6740.0  1.63517e-09
6745.0  1.63107e-09
6750.0  1.62574e-09
6755.0  1.61986e-09
6760.0  1.61934e-09
6765.0  1.61356e-09
6770.0  1.6063e-09
6775.0  1.59864e-09
6780.0  1.59213e-09
6785.0  1.58534e-09
6790.0  1.57881e-09
6795.0  1.58147e-09
6800.0  1.58569e-09
6805.0  1.57906e-09
6810.0  1.56821e-09
6815.0  1.56656e-09
6820.0  1.56633e-09
6825.0  1.56273e-09
6830.0  1.56087e-09
6835.0  1.5526e-09
6840.0  1.53584e-09
6845.0  1.53006e-09
6850.0  1.52638e-09
6855.0  1.5227e-09
6860.0  1.51902e-09
6865.0  1.51535e-09
6870.0  1.51167e-09
6875.0  1.50799e-09
6880.0  1.50431e-09
6885.0  1.50063e-09
6890.0  1.49696e-09
6895.0  1.49328e-09
6900.0  1.4896e-09
6905.0  1.48592e-09
6910.0  1.48224e-09
6915.0  1.47857e-09
6920.0  1.47489e-09
6925.0  1.47121e-09
6930.0  1.46753e-09
6935.0  1.46385e-09
6940.0  1.46017e-09
6945.0  1.45649e-09
6950.0  1.45281e-09
6955.0  1.44914e-09
6960.0  1.44546e-09
6965.0  1.44179e-09
6970.0  1.4413e-09
6975.0  1.45618e-09
6980.0  1.45094e-09
6985.0  1.43781e-09
6990.0  1.42089e-09
6995.0  1.41795e-09
7000.0  1.41562e-09
7005.0  1.41406e-09
7010.0  1.41332e-09
7015.0  1.40539e-09
7020.0  1.4065e-09
7025.0  1.40454e-09
7030.0  1.40405e-09
7035.0  1.40362e-09
7040.0  1.3961e-09
7045.0  1.38345e-09
7050.0  1.37864e-09
7055.0  1.37961e-09
7060.0  1.35996e-09
7065.0  1.34213e-09
7070.0  1.35175e-09
7075.0  1.36613e-09
7080.0  1.36542e-09
7085.0  1.36589e-09
7090.0  1.36723e-09
7095.0  1.36505e-09
7100.0  1.35444e-09
7105.0  1.35268e-09
7110.0  1.35029e-09
7115.0  1.34866e-09
7120.0  1.35522e-09
7125.0  1.35533e-09
7130.0  1.35709e-09
7135.0  1.35933e-09
7140.0  1.3557e-09
7145.0  1.34957e-09
7150.0  1.34401e-09
7155.0  1.33801e-09
7160.0  1.32556e-09
7165.0  1.30643e-09
7170.0  1.26559e-09
7175.0  1.23533e-09
7180.0  1.22578e-09
7185.0  1.22307e-09
7190.0  1.24049e-09
7195.0  1.25349e-09
7200.0  1.25456e-09
7205.0  1.26518e-09
7210.0  1.29129e-09
7215.0  1.29931e-09
7220.0  1.29655e-09
7225.0  1.29101e-09
7230.0  1.27684e-09
7235.0  1.25467e-09
7240.0  1.24203e-09
7245.0  1.23725e-09
7250.0  1.23945e-09
7255.0  1.23553e-09
7260.0  1.23587e-09
7265.0  1.22543e-09
7270.0  1.21897e-09
7275.0  1.20759e-09
7280.0  1.21651e-09
7285.0  1.2182e-09
7290.0  1.20466e-09
7295.0  1.21263e-09
7300.0  1.21106e-09
7305.0  1.19852e-09
7310.0  1.19844e-09
7315.0  1.19281e-09
7320.0  1.19103e-09
7325.0  1.192e-09
7330.0  1.1875e-09
7335.0  1.18883e-09
7340.0  1.18685e-09
7345.0  1.18228e-09
7350.0  1.17648e-09
7355.0  1.17623e-09
7360.0  1.1687e-09
7365.0  1.16032e-09
7370.0  1.16071e-09
7375.0  1.1616e-09
7380.0  1.15607e-09
7385.0  1.14356e-09
7390.0  1.14205e-09
7395.0  1.14467e-09
7400.0  1.13491e-09
7405.0  1.12424e-09
7410.0  1.11697e-09
7415.0  1.12281e-09
7420.0  1.12496e-09
7425.0  1.10236e-09
7430.0  1.09745e-09
7435.0  1.0948e-09
7440.0  1.0956e-09
7445.0  1.09407e-09
7450.0  1.09246e-09
7455.0  1.09391e-09
7460.0  1.08548e-09
7465.0  1.08393e-09
7470.0  1.07464e-09
7475.0  1.07546e-09
7480.0  1.07348e-09
7485.0  1.06892e-09
7490.0  1.06493e-09
7495.0  1.06341e-09
7500.0  1.06235e-09
7505.0  1.0578e-09
7510.0  1.05674e-09
7515.0  1.0562e-09
7520.0  1.0512e-09
7525.0  1.05033e-09
7530.0  1.04379e-09
7535.0  1.03975e-09
7540.0  1.03708e-09
7545.0  1.03623e-09
7550.0  1.03538e-09
7555.0  1.0327e-09
7560.0  1.0297e-09
7565.0  1.02671e-09
7570.0  1.02372e-09
7575.0  1.02072e-09
7580.0  1.01773e-09
7585.0  1.01473e-09
7590.0  1.01174e-09
7595.0  1.00875e-09
7600.0  1.00576e-09
7605.0  1.00276e-09
7610.0  9.99772e-10
7615.0  9.96774e-10
7620.0  9.93783e-10
7625.0  9.90789e-10
7630.0  9.87796e-10
7635.0  9.84803e-10
7640.0  9.81809e-10
7645.0  9.78815e-10
7650.0  9.75822e-10
7655.0  9.72829e-10
7660.0  9.69836e-10
7665.0  9.66842e-10
7670.0  9.63847e-10
7675.0  9.60854e-10
7680.0  9.57862e-10
7685.0  9.54869e-10
7690.0  9.51877e-10
7695.0  9.48883e-10
7700.0  9.45886e-10
7705.0  9.42895e-10
7710.0  9.39903e-10
7715.0  9.36908e-10
7720.0  9.33914e-10
7725.0  9.30921e-10
7730.0  9.27757e-10
7735.0  9.24445e-10
7740.0  9.25296e-10
7745.0  9.22206e-10
7750.0  9.21818e-10
7755.0  9.19274e-10
7760.0  9.16556e-10
7765.0  9.13084e-10
7770.0  9.12876e-10
7775.0  9.11333e-10
7780.0  9.05219e-10
7785.0  9.05531e-10
7790.0  9.03001e-10
7795.0  9.00532e-10
7800.0  8.99558e-10
7805.0  8.97073e-10
7810.0  8.96655e-10
7815.0  8.93639e-10
7820.0  8.94215e-10
7825.0  8.906e-10
7830.0  8.8477e-10
7835.0  8.84758e-10
7840.0  8.8154e-10
7845.0  8.81483e-10
7850.0  8.80164e-10
7855.0  8.79056e-10
7860.0  8.69358e-10
7865.0  8.67553e-10
7870.0  8.68207e-10
7875.0  8.66299e-10
7880.0  8.66091e-10
7885.0  8.60779e-10
7890.0  8.60293e-10
7895.0  8.54817e-10
7900.0  8.5278e-10
7905.0  8.5374e-10
7910.0  8.51735e-10
7915.0  8.51314e-10
7920.0  8.47682e-10
7925.0  8.41085e-10
7930.0  8.38289e-10
7935.0  8.40868e-10
7940.0  8.41758e-10
7945.0  8.36222e-10
7950.0  8.32957e-10
7955.0  8.29019e-10
7960.0  8.27491e-10
7965.0  8.26992e-10
7970.0  8.23118e-10
7975.0  8.23593e-10
7980.0  8.20789e-10
7985.0  8.20392e-10
7990.0  8.19729e-10
7995.0  8.16422e-10
8000.0  8.17925e-10
8005.0  8.20376e-10
8010.0  8.2041e-10
8015.0  8.17899e-10
8020.0  8.1655e-10
8025.0  8.15712e-10
8030.0  8.16151e-10
8035.0  8.15228e-10
8040.0  8.13159e-10
8045.0  8.12915e-10
8050.0  8.14421e-10
8055.0  8.16461e-10
8060.0  8.1243e-10
8065.0  8.07248e-10
8070.0  8.05398e-10
8075.0  8.02674e-10
8080.0  7.96987e-10
8085.0  7.92833e-10
8090.0  7.884e-10
8095.0  7.85072e-10
8100.0  7.81936e-10
8105.0  7.81687e-10
8110.0  7.80232e-10
8115.0  7.84872e-10
8120.0  7.84558e-10
8125.0  7.82095e-10
8130.0  7.79946e-10
8135.0  7.76586e-10
8140.0  7.74938e-10
8145.0  7.6956e-10
8150.0  7.61675e-10
8155.0  7.54766e-10
8160.0  7.49175e-10
8165.0  7.46279e-10
8170.0  7.47334e-10
8175.0  7.50208e-10
8180.0  7.46299e-10
8185.0  7.54833e-10
8190.0  7.54054e-10
8195.0  7.4382e-10
8200.0  7.49147e-10
8205.0  7.47468e-10
8210.0  7.44331e-10
8215.0  7.36666e-10
8220.0  7.25151e-10
8225.0  7.11616e-10
8230.0  7.00874e-10
8235.0  7.03524e-10
8240.0  7.0393e-10
8245.0  7.16075e-10
8250.0  7.29056e-10
8255.0  7.30388e-10
8260.0  7.31252e-10
8265.0  7.30719e-10
8270.0  7.29153e-10
8275.0  7.21138e-10
8280.0  7.16168e-10
8285.0  7.13907e-10
8290.0  7.15428e-10
8295.0  7.17949e-10
8300.0  7.21752e-10
8305.0  7.16463e-10
8310.0  7.14421e-10
8315.0  7.11835e-10
8320.0  7.06532e-10
8325.0  7.05819e-10
8330.0  7.06105e-10
8335.0  7.04997e-10
8340.0  7.04078e-10
8345.0  6.97017e-10
8350.0  6.91053e-10
8355.0  6.85186e-10
8360.0  6.79052e-10
8365.0  6.7994e-10
8370.0  6.82253e-10
8375.0  6.84409e-10
8380.0  6.84338e-10
8385.0  6.87593e-10
8390.0  6.87796e-10
8395.0  6.87106e-10
8400.0  6.88896e-10
8405.0  6.87743e-10
8410.0  6.85461e-10
8415.0  6.84001e-10
8420.0  6.81876e-10
8425.0  6.8125e-10
8430.0  6.7823e-10
8435.0  6.76171e-10
8440.0  6.71518e-10
8445.0  6.71757e-10
8450.0  6.70304e-10
8455.0  6.70898e-10
8460.0  6.68761e-10
8465.0  6.66378e-10
8470.0  6.63921e-10
8475.0  6.64594e-10
8480.0  6.5517e-10
8485.0  6.53678e-10
8490.0  6.55384e-10
8495.0  6.56473e-10
8500.0  6.52922e-10
8505.0  6.54816e-10
8510.0  6.56139e-10
8515.0  6.54116e-10
8520.0  6.51799e-10
8525.0  6.47795e-10
8530.0  6.43555e-10
8535.0  6.40463e-10
8540.0  6.42331e-10
8545.0  6.33926e-10
8550.0  6.33369e-10
8555.0  6.35026e-10
8560.0  6.3938e-10
8565.0  6.3771e-10
8570.0  6.32649e-10
8575.0  6.28071e-10
8580.0  6.24152e-10
8585.0  6.20163e-10
8590.0  6.14832e-10
8595.0  6.10521e-10
8600.0  6.11136e-10
8605.0  6.09779e-10
8610.0  6.13378e-10
8615.0  6.14761e-10
8620.0  6.13097e-10
8625.0  6.13529e-10
8630.0  6.16429e-10
8635.0  6.14648e-10
8640.0  6.09527e-10
8645.0  6.1061e-10
8650.0  6.11816e-10
8655.0  6.10706e-10
8660.0  6.07557e-10
8665.0  6.06087e-10
8670.0  6.0831e-10
8675.0  6.10591e-10
8680.0  6.12982e-10
8685.0  6.13821e-10
8690.0  6.13906e-10
8695.0  6.14523e-10
8700.0  6.14391e-10
8705.0  6.10992e-10
8710.0  6.08763e-10
8715.0  6.07537e-10
8720.0  6.06441e-10
8725.0  6.05366e-10
8730.0  6.01185e-10
8735.0  5.98535e-10
8740.0  6.00252e-10
8745.0  5.86509e-10
8750.0  5.85656e-10
8755.0  5.88053e-10
8760.0  5.91635e-10
8765.0  5.9578e-10
8770.0  5.90009e-10
8775.0  5.92785e-10
8780.0  5.91675e-10
8785.0  5.9453e-10
8790.0  5.95346e-10
8795.0  5.94363e-10
8800.0  5.9502e-10
8805.0  5.92979e-10
8810.0  5.92435e-10
8815.0  5.85401e-10
8820.0  5.88781e-10
8825.0  5.91026e-10
8830.0  5.8865e-10
8835.0  5.85375e-10
8840.0  5.78656e-10
8845.0  5.74409e-10
8850.0  5.67477e-10
8855.0  5.57572e-10
8860.0  5.49271e-10
8865.0  5.45809e-10
8870.0  5.48703e-10
8875.0  5.53851e-10
8880.0  5.56988e-10
8885.0  5.57779e-10
8890.0  5.60228e-10
8895.0  5.62814e-10
8900.0  5.60248e-10
8905.0  5.61784e-10
8910.0  5.59093e-10
8915.0  5.57361e-10
8920.0  5.57734e-10
8925.0  5.58803e-10
8930.0  5.76387e-10
8935.0  5.80248e-10
8940.0  5.84046e-10
8945.0  5.75488e-10
8950.0  5.6633e-10
8955.0  5.58188e-10
8960.0  5.52778e-10
8965.0  5.47087e-10
8970.0  5.39419e-10
8975.0  5.38674e-10
8980.0  5.35287e-10
8985.0  5.3124e-10
8990.0  5.1746e-10
8995.0  5.20297e-10
9000.0  5.20732e-10
9005.0  5.14488e-10
9010.0  5.17607e-10
9015.0  5.19592e-10
9020.0  5.2255e-10
9025.0  5.41933e-10
9030.0  5.54442e-10
9035.0  5.63396e-10
9040.0  5.58155e-10
9045.0  5.61817e-10
9050.0  5.56499e-10
9055.0  5.4315e-10
9060.0  5.36218e-10
9065.0  5.29945e-10
9070.0  5.21404e-10
9075.0  5.22418e-10
9080.0  5.22762e-10
9085.0  5.23489e-10
9090.0  5.2777e-10
9095.0  5.32486e-10
9100.0  5.29972e-10
9105.0  5.22587e-10
9110.0  5.2888e-10
9115.0  5.33325e-10
9120.0  5.31052e-10
9125.0  5.25829e-10
9130.0  5.19881e-10
9135.0  5.15366e-10
9140.0  5.17886e-10
9145.0  5.16548e-10
9150.0  5.07842e-10
9155.0  4.89796e-10
9160.0  5.06029e-10
9165.0  5.11854e-10
9170.0  5.10039e-10
9175.0  5.11692e-10
9180.0  5.23373e-10
9185.0  5.29648e-10
9190.0  5.25434e-10
9195.0  5.16884e-10
9200.0  5.17519e-10
9205.0  5.29712e-10
9210.0  5.19876e-10
9215.0  5.10235e-10
9220.0  5.052e-10
9225.0  4.99207e-10
9230.0  5.01406e-10
9235.0  4.94474e-10
9240.0  4.92899e-10
9245.0  4.89605e-10
9250.0  4.96465e-10
9255.0  5.07729e-10
9260.0  5.00866e-10
9265.0  5.1615e-10
9270.0  5.25551e-10
9275.0  5.36129e-10
9280.0  5.28824e-10
9285.0  5.22268e-10
9290.0  5.46742e-10
9295.0  5.48537e-10
9300.0  5.39019e-10
9305.0  5.25738e-10
9310.0  5.00673e-10
9315.0  4.86377e-10
9320.0  4.65471e-10
9325.0  4.71986e-10
9330.0  4.70997e-10
9335.0  4.69297e-10
9340.0  4.68002e-10
9345.0  4.45003e-10
9350.0  4.47987e-10
9355.0  4.32607e-10
9360.0  4.49196e-10
9365.0  4.54344e-10
9370.0  4.48668e-10
9375.0  4.64049e-10
9380.0  4.73242e-10
9385.0  5.05399e-10
9390.0  5.29428e-10
9395.0  5.35567e-10
9400.0  5.34183e-10
9405.0  5.27652e-10
9410.0  5.16491e-10
9415.0  4.85491e-10
9420.0  4.79691e-10
9425.0  4.63711e-10
9430.0  4.46624e-10
9435.0  4.46385e-10
9440.0  4.23025e-10
9445.0  4.4009e-10
9450.0  4.58668e-10
9455.0  4.61679e-10
9460.0  4.53846e-10
9465.0  4.55783e-10
9470.0  4.54688e-10
9475.0  4.57928e-10
9480.0  4.49918e-10
9485.0  4.39753e-10
9490.0  4.52478e-10
9495.0  4.55032e-10
9500.0  4.4762e-10
9505.0  4.62444e-10
9510.0  4.64343e-10
9515.0  4.76429e-10
9520.0  4.54667e-10
9525.0  4.56234e-10
9530.0  4.59607e-10
9535.0  4.53351e-10
9540.0  4.49012e-10
9545.0  4.41032e-10
9550.0  4.33784e-10
9555.0  4.27692e-10
9560.0  4.30042e-10
9565.0  4.31505e-10
9570.0  4.32375e-10
9575.0  4.38383e-10
9580.0  4.42385e-10
9585.0  4.40907e-10
9590.0  4.33233e-10
9595.0  4.32243e-10
9600.0  4.39835e-10
9605.0  4.35738e-10
9610.0  4.40121e-10
9615.0  4.32745e-10
9620.0  4.27347e-10
9625.0  4.2527e-10
9630.0  4.30621e-10
9635.0  4.10499e-10
9640.0  4.05807e-10
9645.0  4.00042e-10
9650.0  4.16629e-10
9655.0  4.23271e-10
9660.0  4.14929e-10
9665.0  4.19775e-10
9670.0  4.25274e-10
9675.0  4.24495e-10
9680.0  4.2172e-10
9685.0  4.2761e-10
9690.0  4.32747e-10
9695.0  4.30108e-10
9700.0  4.29835e-10
9705.0  4.08585e-10
9710.0  4.03658e-10
9715.0  4.09506e-10
9720.0  4.13754e-10
9725.0  4.02126e-10
9730.0  3.98332e-10
9735.0  4.08145e-10
9740.0  4.10977e-10
9745.0  4.1376e-10
9750.0  3.97947e-10
9755.0  4.16336e-10
9760.0  4.14764e-10
9765.0  3.90876e-10
9770.0  3.96794e-10
9775.0  3.91517e-10
9780.0  3.92281e-10
9785.0  4.10309e-10
9790.0  4.07114e-10
9795.0  3.97193e-10
9800.0  3.85734e-10
9805.0  4.14412e-10
9810.0  4.01326e-10
9815.0  3.89832e-10
9820.0  3.91483e-10
9825.0  3.98744e-10
9830.0  4.06427e-10
9835.0  3.89179e-10
9840.0  4.03045e-10
9845.0  3.96428e-10
9850.0  3.93711e-10
9855.0  4.02759e-10
9860.0  3.69596e-10
9865.0  3.81615e-10
9870.0  3.77556e-10
9875.0  3.90172e-10
9880.0  3.84095e-10
9885.0  3.65732e-10
9890.0  3.82866e-10
9895.0  3.93321e-10
9900.0  3.89978e-10
9905.0  3.75426e-10
9910.0  3.8168e-10
9915.0  3.91843e-10
9920.0  3.83498e-10
9925.0  3.91e-10
9930.0  3.66672e-10
9935.0  3.66114e-10
9940.0  3.85699e-10
9945.0  3.80031e-10
9950.0  3.75594e-10
9955.0  3.79162e-10
9960.0  3.91361e-10
9965.0  3.83472e-10
9970.0  3.66164e-10
9975.0  3.65935e-10
9980.0  3.72817e-10
9985.0  3.87072e-10
9990.0  3.64398e-10
9995.0  3.66515e-10
10000.0  3.49857e-10
10005.0  3.71919e-10
10010.0  3.84853e-10
10015.0  3.66742e-10
10020.0  3.38738e-10
10025.0  3.65243e-10
10030.0  3.79083e-10
10035.0  3.64125e-10
10040.0  3.25686e-10
10045.0  3.25082e-10
10050.0  3.47115e-10
10055.0  3.39206e-10
10060.0  3.26524e-10
10065.0  3.36076e-10
10070.0  3.54031e-10
10075.0  3.70896e-10
10080.0  3.74026e-10
10085.0  3.70123e-10
10090.0  3.48827e-10
10095.0  3.54513e-10
10100.0  3.51367e-10
10105.0  3.30232e-10
10110.0  3.16201e-10
10115.0  3.41833e-10
10120.0  3.38972e-10
10125.0  3.31177e-10
10130.0  3.17161e-10
10135.0  3.38735e-10
10140.0  3.4058e-10
10145.0  3.42176e-10
10150.0  3.45803e-10
10155.0  3.49102e-10
10160.0  3.5e-10
10165.0  3.47369e-10
10170.0  3.42548e-10
10175.0  3.3783e-10
10180.0  3.35505e-10
10185.0  3.36946e-10
10190.0  3.41138e-10
10195.0  3.4614e-10
10200.0  3.49992e-10
10205.0  3.51443e-10
10210.0  3.51095e-10
10215.0  3.50254e-10
10220.0  3.5025e-10
10225.0  3.51901e-10
10230.0  3.54728e-10
10235.0  3.57739e-10
10240.0  3.59925e-10
10245.0  3.60527e-10
10250.0  3.5947e-10
10255.0  3.56941e-10
10260.0  3.53158e-10
10265.0  3.48476e-10
10270.0  3.4359e-10
10275.0  3.39329e-10
10280.0  3.36492e-10
10285.0  3.35478e-10
10290.0  3.3564e-10
10295.0  3.35931e-10
10300.0  3.35308e-10
10305.0  3.33181e-10
10310.0  3.30129e-10
10315.0  3.27182e-10
10320.0  3.25375e-10
10325.0  3.25409e-10
10330.0  3.27078e-10
10335.0  3.29841e-10
10340.0  3.33103e-10
10345.0  3.36157e-10
10350.0  3.38002e-10
10355.0  3.37519e-10
10360.0  3.33655e-10
10365.0  3.26147e-10
10370.0  3.16781e-10
10375.0  3.08131e-10
10380.0  3.02759e-10
10385.0  3.02305e-10
10390.0  3.06014e-10
10395.0  3.12209e-10
10400.0  3.19143e-10
10405.0  3.25283e-10
10410.0  3.29664e-10
10415.0  3.31529e-10
10420.0  3.30213e-10
10425.0  3.25744e-10
10430.0  3.19949e-10
10435.0  3.15337e-10
10440.0  3.14369e-10
10445.0  3.18218e-10
10450.0  3.2474e-10
10455.0  3.30508e-10
10460.0  3.32113e-10
10465.0  3.2761e-10
10470.0  3.1885e-10
10475.0  3.09136e-10
10480.0  3.01816e-10
10485.0  2.99142e-10
10490.0  3.00536e-10
10495.0  3.04324e-10
10500.0  3.08761e-10
10505.0  3.12448e-10
10510.0  3.14868e-10
10515.0  3.15856e-10
10520.0  3.15297e-10
10525.0  3.13301e-10
10530.0  3.10553e-10
10535.0  3.07956e-10
10540.0  3.06394e-10
10545.0  3.0635e-10
10550.0  3.07244e-10
10555.0  3.08092e-10
10560.0  3.07917e-10
10565.0  3.06211e-10
10570.0  3.03681e-10
10575.0  3.0151e-10
10580.0  3.00874e-10
10585.0  3.02418e-10
10590.0  3.05432e-10
10595.0  3.08678e-10
10600.0  3.109e-10
10605.0  3.1124e-10
10610.0  3.09857e-10
10615.0  3.07297e-10
10620.0  2.28496e-10
