# Extracted from file: pickles_100.fits
#SIMPLETrueFits standard
#BITPIX16Bits per pixel
#NAXIS0Number of axes
#EXTENDTrueFile may contain extensions
#DATE2007-01-11T20:44:27Date FITS file was generated
#IRAF-TLM15:44:43 (11/01/2007)Time of last modification
#COMMENT  FITS (Flexible Image Transport System) format is defined in 'Astronomy
#COMMENT  and Astrophysics', volume 376, page 359; bibcode: 2001A&A...376..359H
#ORIGINSTScI-STSDAS/TABLESTables version 2002-02-22
#FILENAMEpickles_100.fitsname of file
#NEXTEND1number of extensions in file
#COMMENT1spectral type: M5III
#COMMENT2metallicity: solar
#COMMENT3original filename: m5iii.dat
#HISTORY  File created by F.R.Boffi.
#HISTORY  SEDs from Pickles UVILIB Library (1998, PASP 110, 863).
#HISTORY  Wavelength is in Angstrom.
#HISTORY  Fluxes are tabulated in units of erg/s/cm^2/A
#HISTORY  and were calculated by normalizing the original fluxes
#HISTORY  in the Pickles V band to a 0 magnitude in vegamag.
#HISTORY  In the vegamag system, Vega has magnitude zero in all passbands.
#HISTORY  Please refer to the SYNPHOT manual for further information.
#
#
#
#
#
#
#
#
#
#
#
#
#
#  
#Columns WAVELENGTH FLUX
#Units  angstroms flam
1150.0  0.0
1155.0  0.0
1160.0  0.0
1165.0  0.0
1170.0  0.0
1175.0  0.0
1180.0  0.0
1185.0  0.0
1190.0  0.0
1195.0  0.0
1200.0  0.0
1205.0  0.0
1210.0  0.0
1215.0  0.0
1220.0  0.0
1225.0  0.0
1230.0  0.0
1235.0  0.0
1240.0  0.0
1245.0  0.0
1250.0  0.0
1255.0  0.0
1260.0  0.0
1265.0  0.0
1270.0  0.0
1275.0  0.0
1280.0  0.0
1285.0  0.0
1290.0  0.0
1295.0  0.0
1300.0  0.0
1305.0  0.0
1310.0  0.0
1315.0  0.0
1320.0  0.0
1325.0  0.0
1330.0  0.0
1335.0  0.0
1340.0  0.0
1345.0  0.0
1350.0  0.0
1355.0  0.0
1360.0  0.0
1365.0  0.0
1370.0  0.0
1375.0  0.0
1380.0  0.0
1385.0  0.0
1390.0  0.0
1395.0  0.0
1400.0  0.0
1405.0  0.0
1410.0  0.0
1415.0  0.0
1420.0  0.0
1425.0  0.0
1430.0  0.0
1435.0  0.0
1440.0  0.0
1445.0  0.0
1450.0  0.0
1455.0  0.0
1460.0  0.0
1465.0  0.0
1470.0  0.0
1475.0  0.0
1480.0  0.0
1485.0  0.0
1490.0  0.0
1495.0  0.0
1500.0  0.0
1505.0  0.0
1510.0  0.0
1515.0  0.0
1520.0  0.0
1525.0  0.0
1530.0  0.0
1535.0  0.0
1540.0  0.0
1545.0  0.0
1550.0  0.0
1555.0  0.0
1560.0  0.0
1565.0  0.0
1570.0  0.0
1575.0  0.0
1580.0  0.0
1585.0  0.0
1590.0  0.0
1595.0  0.0
1600.0  0.0
1605.0  0.0
1610.0  0.0
1615.0  0.0
1620.0  0.0
1625.0  0.0
1630.0  0.0
1635.0  0.0
1640.0  0.0
1645.0  0.0
1650.0  0.0
1655.0  0.0
1660.0  0.0
1665.0  0.0
1670.0  0.0
1675.0  0.0
1680.0  0.0
1685.0  0.0
1690.0  0.0
1695.0  0.0
1700.0  0.0
1705.0  0.0
1710.0  0.0
1715.0  0.0
1720.0  0.0
1725.0  0.0
1730.0  0.0
1735.0  0.0
1740.0  0.0
1745.0  0.0
1750.0  0.0
1755.0  0.0
1760.0  0.0
1765.0  0.0
1770.0  0.0
1775.0  0.0
1780.0  0.0
1785.0  0.0
1790.0  0.0
1795.0  0.0
1800.0  0.0
1805.0  0.0
1810.0  0.0
1815.0  0.0
1820.0  0.0
1825.0  0.0
1830.0  0.0
1835.0  0.0
1840.0  0.0
1845.0  0.0
1850.0  0.0
1855.0  0.0
1860.0  0.0
1865.0  0.0
1870.0  0.0
1875.0  0.0
1880.0  0.0
1885.0  0.0
1890.0  0.0
1895.0  0.0
1900.0  0.0
1905.0  0.0
1910.0  0.0
1915.0  0.0
1920.0  0.0
1925.0  0.0
1930.0  0.0
1935.0  0.0
1940.0  0.0
1945.0  0.0
1950.0  0.0
1955.0  0.0
1960.0  0.0
1965.0  0.0
1970.0  0.0
1975.0  0.0
1980.0  0.0
1985.0  0.0
1990.0  0.0
1995.0  0.0
2000.0  0.0
2005.0  0.0
2010.0  0.0
2015.0  0.0
2020.0  0.0
2025.0  0.0
2030.0  0.0
2035.0  0.0
2040.0  0.0
2045.0  0.0
2050.0  0.0
2055.0  0.0
2060.0  0.0
2065.0  0.0
2070.0  0.0
2075.0  0.0
2080.0  0.0
2085.0  0.0
2090.0  0.0
2095.0  0.0
2100.0  0.0
2105.0  0.0
2110.0  0.0
2115.0  0.0
2120.0  0.0
2125.0  0.0
2130.0  0.0
2135.0  0.0
2140.0  0.0
2145.0  0.0
2150.0  0.0
2155.0  0.0
2160.0  0.0
2165.0  0.0
2170.0  0.0
2175.0  0.0
2180.0  0.0
2185.0  0.0
2190.0  0.0
2195.0  0.0
2200.0  0.0
2205.0  0.0
2210.0  0.0
2215.0  0.0
2220.0  0.0
2225.0  0.0
2230.0  0.0
2235.0  0.0
2240.0  0.0
2245.0  0.0
2250.0  0.0
2255.0  0.0
2260.0  0.0
2265.0  0.0
2270.0  0.0
2275.0  0.0
2280.0  0.0
2285.0  0.0
2290.0  0.0
2295.0  0.0
2300.0  0.0
2305.0  0.0
2310.0  0.0
2315.0  0.0
2320.0  0.0
2325.0  0.0
2330.0  0.0
2335.0  0.0
2340.0  0.0
2345.0  0.0
2350.0  0.0
2355.0  0.0
2360.0  0.0
2365.0  0.0
2370.0  0.0
2375.0  0.0
2380.0  0.0
2385.0  0.0
2390.0  0.0
2395.0  0.0
2400.0  0.0
2405.0  0.0
2410.0  0.0
2415.0  0.0
2420.0  0.0
2425.0  0.0
2430.0  0.0
2435.0  0.0
2440.0  0.0
2445.0  0.0
2450.0  0.0
2455.0  0.0
2460.0  0.0
2465.0  0.0
2470.0  0.0
2475.0  0.0
2480.0  0.0
2485.0  0.0
2490.0  0.0
2495.0  0.0
2500.0  0.0
2505.0  0.0
2510.0  0.0
2515.0  0.0
2520.0  0.0
2525.0  0.0
2530.0  0.0
2535.0  0.0
2540.0  0.0
2545.0  0.0
2550.0  0.0
2555.0  0.0
2560.0  0.0
2565.0  0.0
2570.0  0.0
2575.0  0.0
2580.0  0.0
2585.0  0.0
2590.0  0.0
2595.0  0.0
2600.0  0.0
2605.0  0.0
2610.0  0.0
2615.0  0.0
2620.0  0.0
2625.0  0.0
2630.0  0.0
2635.0  0.0
2640.0  0.0
2645.0  0.0
2650.0  0.0
2655.0  0.0
2660.0  0.0
2665.0  0.0
2670.0  4.34335e-16
2675.0  3.03548e-15
2680.0  3.46819e-15
2685.0  3.03386e-15
2690.0  4.32718e-16
2695.0  0.0
2700.0  0.0
2705.0  0.0
2710.0  0.0
2715.0  0.0
2720.0  0.0
2725.0  0.0
2730.0  0.0
2735.0  0.0
2740.0  0.0
2745.0  0.0
2750.0  4.34312e-16
2755.0  3.90407e-15
2760.0  1.04077e-14
2765.0  1.69098e-14
2770.0  2.08107e-14
2775.0  2.42789e-14
2780.0  2.68785e-14
2785.0  2.42758e-14
2790.0  2.03733e-14
2795.0  1.30011e-14
2800.0  1.731e-15
2805.0  0.0
2810.0  0.0
2815.0  0.0
2820.0  0.0
2825.0  0.0
2830.0  0.0
2835.0  0.0
2840.0  0.0
2845.0  0.0
2850.0  8.2514e-15
2855.0  6.72273e-14
2860.0  1.42664e-13
2865.0  2.20262e-13
2870.0  2.86151e-13
2875.0  3.36431e-13
2880.0  3.59828e-13
2885.0  3.47671e-13
2890.0  2.87822e-13
2895.0  1.72045e-13
2900.0  2.25044e-14
2905.0  0.0
2910.0  0.0
2915.0  0.0
2920.0  0.0
2925.0  0.0
2930.0  0.0
2935.0  0.0
2940.0  0.0
2945.0  0.0
2950.0  1.16816e-13
2955.0  9.61564e-13
2960.0  2.11352e-12
2965.0  3.4393e-12
2970.0  4.88861e-12
2975.0  6.40466e-12
2980.0  7.93543e-12
2985.0  9.4328e-12
2990.0  1.08391e-11
2995.0  1.21079e-11
3000.0  1.31852e-11
3005.0  1.40374e-11
3010.0  1.46806e-11
3015.0  1.51523e-11
3020.0  1.5483e-11
3025.0  1.57097e-11
3030.0  1.58696e-11
3035.0  1.59958e-11
3040.0  1.61246e-11
3045.0  1.62893e-11
3050.0  1.65282e-11
3055.0  1.68642e-11
3060.0  1.72965e-11
3065.0  1.78163e-11
3070.0  1.84177e-11
3075.0  1.90862e-11
3080.0  1.98136e-11
3085.0  2.05923e-11
3090.0  2.14095e-11
3095.0  2.22553e-11
3100.0  2.31237e-11
3105.0  2.40024e-11
3110.0  2.48972e-11
3115.0  2.58098e-11
3120.0  2.67436e-11
3125.0  2.77043e-11
3130.0  2.86941e-11
3135.0  2.97202e-11
3140.0  3.07824e-11
3145.0  3.18861e-11
3150.0  3.30372e-11
3155.0  4.15328e-11
3160.0  8.48874e-11
3165.0  8.27308e-11
3170.0  7.59034e-11
3175.0  7.50906e-11
3180.0  7.61628e-11
3185.0  7.49694e-11
3190.0  7.30526e-11
3195.0  7.53907e-11
3200.0  9.03896e-11
3205.0  7.97981e-11
3210.0  6.39271e-11
3215.0  5.51686e-11
3220.0  5.75824e-11
3225.0  6.80874e-11
3230.0  7.07928e-11
3235.0  5.59448e-11
3240.0  4.16699e-11
3245.0  4.4844e-11
3250.0  5.16566e-11
3255.0  4.66842e-11
3260.0  4.09242e-11
3265.0  4.64488e-11
3270.0  5.16246e-11
3275.0  4.50158e-11
3280.0  3.95123e-11
3285.0  4.80155e-11
3290.0  5.89776e-11
3295.0  5.90812e-11
3300.0  5.51233e-11
3305.0  5.69345e-11
3310.0  6.1681e-11
3315.0  6.37872e-11
3320.0  6.36759e-11
3325.0  6.37256e-11
3330.0  6.50298e-11
3335.0  6.75632e-11
3340.0  6.98778e-11
3345.0  7.04275e-11
3350.0  6.88449e-11
3355.0  6.59828e-11
3360.0  6.46121e-11
3365.0  6.67726e-11
3370.0  7.07312e-11
3375.0  7.37414e-11
3380.0  7.43067e-11
3385.0  7.28369e-11
3390.0  7.32058e-11
3395.0  7.80977e-11
3400.0  8.37757e-11
3405.0  8.58825e-11
3410.0  8.49015e-11
3415.0  8.3195e-11
3420.0  8.29492e-11
3425.0  8.50934e-11
3430.0  8.76363e-11
3435.0  8.8652e-11
3440.0  8.92283e-11
3445.0  9.12127e-11
3450.0  9.5267e-11
3455.0  1.00678e-10
3460.0  1.04519e-10
3465.0  1.05226e-10
3470.0  1.06744e-10
3475.0  1.12202e-10
3480.0  1.17235e-10
3485.0  1.17372e-10
3490.0  1.15379e-10
3495.0  1.15288e-10
3500.0  1.16999e-10
3505.0  1.42641e-10
3510.0  2.85949e-10
3515.0  3.05334e-10
3520.0  2.92376e-10
3525.0  2.87925e-10
3530.0  3.12713e-10
3535.0  3.46808e-10
3540.0  3.64847e-10
3545.0  3.5426e-10
3550.0  3.39353e-10
3555.0  3.49087e-10
3560.0  3.40499e-10
3565.0  2.98047e-10
3570.0  2.57603e-10
3575.0  2.29664e-10
3580.0  2.2716e-10
3585.0  2.50679e-10
3590.0  2.83141e-10
3595.0  3.18298e-10
3600.0  3.26552e-10
3605.0  3.14677e-10
3610.0  3.16055e-10
3615.0  3.38571e-10
3620.0  3.65058e-10
3625.0  3.97341e-10
3630.0  4.04781e-10
3635.0  4.00437e-10
3640.0  4.09326e-10
3645.0  4.01817e-10
3650.0  4.10326e-10
3655.0  4.52884e-10
3660.0  4.85349e-10
3665.0  4.88773e-10
3670.0  4.91166e-10
3675.0  4.99433e-10
3680.0  4.77184e-10
3685.0  4.5379e-10
3690.0  4.57368e-10
3695.0  4.86383e-10
3700.0  5.02075e-10
3705.0  4.77477e-10
3710.0  4.77104e-10
3715.0  4.70138e-10
3720.0  4.0888e-10
3725.0  3.75104e-10
3730.0  3.56319e-10
3735.0  3.37362e-10
3740.0  3.53229e-10
3745.0  3.61999e-10
3750.0  3.93578e-10
3755.0  4.40183e-10
3760.0  4.45951e-10
3765.0  4.79214e-10
3770.0  5.53871e-10
3775.0  6.08766e-10
3780.0  6.124e-10
3785.0  5.58631e-10
3790.0  4.89175e-10
3795.0  4.78849e-10
3800.0  5.13824e-10
3805.0  5.39554e-10
3810.0  5.17111e-10
3815.0  4.55449e-10
3820.0  3.94617e-10
3825.0  3.81908e-10
3830.0  4.10412e-10
3835.0  4.33822e-10
3840.0  4.53122e-10
3845.0  4.72439e-10
3850.0  4.7168e-10
3855.0  4.48665e-10
3860.0  4.38634e-10
3865.0  4.77918e-10
3870.0  5.07048e-10
3875.0  4.98566e-10
3880.0  5.02556e-10
3885.0  5.21115e-10
3890.0  5.61803e-10
3895.0  5.86218e-10
3900.0  5.84401e-10
3905.0  5.98611e-10
3910.0  6.21588e-10
3915.0  5.89971e-10
3920.0  5.03654e-10
3925.0  4.00163e-10
3930.0  3.13273e-10
3935.0  3.01839e-10
3940.0  3.72321e-10
3945.0  4.78525e-10
3950.0  5.80592e-10
3955.0  5.69071e-10
3960.0  4.52216e-10
3965.0  3.71959e-10
3970.0  4.0726e-10
3975.0  5.6167e-10
3980.0  7.24329e-10
3985.0  8.36597e-10
3990.0  9.0301e-10
3995.0  9.57143e-10
4000.0  1.00582e-09
4005.0  1.04427e-09
4010.0  1.07925e-09
4015.0  1.127e-09
4020.0  1.10994e-09
4025.0  1.06847e-09
4030.0  1.0405e-09
4035.0  1.09302e-09
4040.0  1.16199e-09
4045.0  1.15039e-09
4050.0  1.17839e-09
4055.0  1.17234e-09
4060.0  1.15007e-09
4065.0  1.17097e-09
4070.0  1.2042e-09
4075.0  1.1982e-09
4080.0  1.24561e-09
4085.0  1.36619e-09
4090.0  1.41776e-09
4095.0  1.34776e-09
4100.0  1.27187e-09
4105.0  1.29072e-09
4110.0  1.30618e-09
4115.0  1.29315e-09
4120.0  1.29168e-09
4125.0  1.28073e-09
4130.0  1.24121e-09
4135.0  1.24126e-09
4140.0  1.25496e-09
4145.0  1.27541e-09
4150.0  1.33792e-09
4155.0  1.43529e-09
4160.0  1.50346e-09
4165.0  1.44154e-09
4170.0  1.3186e-09
4175.0  1.27843e-09
4180.0  1.34587e-09
4185.0  1.39561e-09
4190.0  1.39295e-09
4195.0  1.33873e-09
4200.0  1.28341e-09
4205.0  1.3143e-09
4210.0  1.31042e-09
4215.0  1.17393e-09
4220.0  9.866e-10
4225.0  8.26411e-10
4230.0  8.75568e-10
4235.0  1.10714e-09
4240.0  1.33472e-09
4245.0  1.39951e-09
4250.0  1.32684e-09
4255.0  1.28889e-09
4260.0  1.33962e-09
4265.0  1.35724e-09
4270.0  1.28187e-09
4275.0  1.26033e-09
4280.0  1.3109e-09
4285.0  1.27572e-09
4290.0  1.22668e-09
4295.0  1.24622e-09
4300.0  1.25056e-09
4305.0  1.27727e-09
4310.0  1.34651e-09
4315.0  1.45089e-09
4320.0  1.53117e-09
4325.0  1.62013e-09
4330.0  1.7404e-09
4335.0  1.74598e-09
4340.0  1.65907e-09
4345.0  1.6535e-09
4350.0  1.65237e-09
4355.0  1.6498e-09
4360.0  1.6908e-09
4365.0  1.73636e-09
4370.0  1.73088e-09
4375.0  1.69116e-09
4380.0  1.63833e-09
4385.0  1.60928e-09
4390.0  1.64825e-09
4395.0  1.65689e-09
4400.0  1.62213e-09
4405.0  1.60809e-09
4410.0  1.69568e-09
4415.0  1.77007e-09
4420.0  1.7419e-09
4425.0  1.62326e-09
4430.0  1.54514e-09
4435.0  1.53989e-09
4440.0  1.61239e-09
4445.0  1.70892e-09
4450.0  1.73173e-09
4455.0  1.62426e-09
4460.0  1.49204e-09
4465.0  1.4431e-09
4470.0  1.50314e-09
4475.0  1.62054e-09
4480.0  1.70126e-09
4485.0  1.74517e-09
4490.0  1.77581e-09
4495.0  1.80888e-09
4500.0  1.81609e-09
4505.0  1.75515e-09
4510.0  1.707e-09
4515.0  1.74973e-09
4520.0  1.77942e-09
4525.0  1.70708e-09
4530.0  1.66296e-09
4535.0  1.76214e-09
4540.0  1.86716e-09
4545.0  1.82263e-09
4550.0  1.76534e-09
4555.0  1.87753e-09
4560.0  2.07208e-09
4565.0  2.22604e-09
4570.0  2.28975e-09
4575.0  2.22357e-09
4580.0  1.99036e-09
4585.0  1.66215e-09
4590.0  1.46181e-09
4595.0  1.47127e-09
4600.0  1.60752e-09
4605.0  1.82407e-09
4610.0  2.04299e-09
4615.0  2.13432e-09
4620.0  2.02316e-09
4625.0  1.72849e-09
4630.0  1.48299e-09
4635.0  1.40568e-09
4640.0  1.43962e-09
4645.0  1.52782e-09
4650.0  1.67397e-09
4655.0  1.83019e-09
4660.0  1.91943e-09
4665.0  1.78754e-09
4670.0  1.60051e-09
4675.0  1.57354e-09
4680.0  1.65167e-09
4685.0  1.79558e-09
4690.0  1.96083e-09
4695.0  2.099e-09
4700.0  2.16902e-09
4705.0  2.15479e-09
4710.0  2.09637e-09
4715.0  2.06781e-09
4720.0  2.1106e-09
4725.0  2.1682e-09
4730.0  2.22027e-09
4735.0  2.27162e-09
4740.0  2.3659e-09
4745.0  2.56574e-09
4750.0  2.6629e-09
4755.0  2.37366e-09
4760.0  1.76433e-09
4765.0  1.32717e-09
4770.0  1.27201e-09
4775.0  1.39232e-09
4780.0  1.49892e-09
4785.0  1.61061e-09
4790.0  1.75345e-09
4795.0  1.84705e-09
4800.0  1.7985e-09
4805.0  1.56626e-09
4810.0  1.4103e-09
4815.0  1.49915e-09
4820.0  1.65093e-09
4825.0  1.73103e-09
4830.0  1.8028e-09
4835.0  1.92831e-09
4840.0  1.96719e-09
4845.0  1.86725e-09
4850.0  1.74489e-09
4855.0  1.7163e-09
4860.0  1.76578e-09
4865.0  1.89122e-09
4870.0  2.04486e-09
4875.0  2.17549e-09
4880.0  2.28673e-09
4885.0  2.39483e-09
4890.0  2.5079e-09
4895.0  2.62598e-09
4900.0  2.77175e-09
4905.0  2.95496e-09
4910.0  3.10946e-09
4915.0  3.20434e-09
4920.0  3.31612e-09
4925.0  3.58804e-09
4930.0  3.84286e-09
4935.0  3.90491e-09
4940.0  3.9687e-09
4945.0  4.04592e-09
4950.0  3.59745e-09
4955.0  2.35393e-09
4960.0  1.39041e-09
4965.0  1.24365e-09
4970.0  1.41684e-09
4975.0  1.52513e-09
4980.0  1.58915e-09
4985.0  1.73292e-09
4990.0  1.84149e-09
4995.0  1.77271e-09
5000.0  1.59009e-09
5005.0  1.47146e-09
5010.0  1.4821e-09
5015.0  1.56132e-09
5020.0  1.70199e-09
5025.0  1.89064e-09
5030.0  2.09347e-09
5035.0  2.24804e-09
5040.0  2.39958e-09
5045.0  2.55586e-09
5050.0  2.62645e-09
5055.0  2.74805e-09
5060.0  2.9096e-09
5065.0  3.01866e-09
5070.0  3.14214e-09
5075.0  3.21856e-09
5080.0  3.25533e-09
5085.0  3.40491e-09
5090.0  3.58884e-09
5095.0  3.66656e-09
5100.0  3.67287e-09
5105.0  3.71689e-09
5110.0  3.84208e-09
5115.0  4.07912e-09
5120.0  4.2221e-09
5125.0  4.25718e-09
5130.0  4.37236e-09
5135.0  4.43041e-09
5140.0  4.31896e-09
5145.0  4.2189e-09
5150.0  4.32316e-09
5155.0  4.63058e-09
5160.0  4.50234e-09
5165.0  3.2267e-09
5170.0  1.80378e-09
5175.0  1.36735e-09
5180.0  1.50008e-09
5185.0  1.70607e-09
5190.0  1.88688e-09
5195.0  2.04162e-09
5200.0  2.11099e-09
5205.0  2.10768e-09
5210.0  2.23597e-09
5215.0  2.46231e-09
5220.0  2.66326e-09
5225.0  2.86216e-09
5230.0  3.093e-09
5235.0  3.13948e-09
5240.0  2.97614e-09
5245.0  2.81863e-09
5250.0  2.84829e-09
5255.0  3.0336e-09
5260.0  3.09971e-09
5265.0  2.99876e-09
5270.0  3.06709e-09
5275.0  3.34176e-09
5280.0  3.61172e-09
5285.0  3.84778e-09
5290.0  4.01274e-09
5295.0  4.04937e-09
5300.0  4.06858e-09
5305.0  4.04514e-09
5310.0  3.89926e-09
5315.0  3.85898e-09
5320.0  3.85505e-09
5325.0  3.78214e-09
5330.0  3.77949e-09
5335.0  3.89014e-09
5340.0  4.0147e-09
5345.0  4.22405e-09
5350.0  4.44387e-09
5355.0  4.4046e-09
5360.0  4.11868e-09
5365.0  3.94142e-09
5370.0  3.98369e-09
5375.0  4.22527e-09
5380.0  4.42441e-09
5385.0  4.41287e-09
5390.0  4.31368e-09
5395.0  4.32478e-09
5400.0  4.41195e-09
5405.0  4.34156e-09
5410.0  4.34482e-09
5415.0  4.59269e-09
5420.0  4.75687e-09
5425.0  4.67781e-09
5430.0  4.60452e-09
5435.0  4.81556e-09
5440.0  4.92791e-09
5445.0  4.16542e-09
5450.0  3.00822e-09
5455.0  2.49931e-09
5460.0  2.53309e-09
5465.0  2.69521e-09
5470.0  2.8225e-09
5475.0  2.95028e-09
5480.0  3.11843e-09
5485.0  3.28957e-09
5490.0  3.33252e-09
5495.0  3.1772e-09
5500.0  2.94737e-09
5505.0  2.90453e-09
5510.0  3.03938e-09
5515.0  3.26793e-09
5520.0  3.47801e-09
5525.0  3.51657e-09
5530.0  3.53784e-09
5535.0  3.66875e-09
5540.0  3.82944e-09
5545.0  3.90747e-09
5550.0  3.9008e-09
5555.0  3.84849e-09
5560.0  3.79731e-09
5565.0  3.73159e-09
5570.0  3.63888e-09
5575.0  3.6089e-09
5580.0  3.64047e-09
5585.0  3.64104e-09
5590.0  3.53771e-09
5595.0  3.28476e-09
5600.0  3.02111e-09
5605.0  2.94274e-09
5610.0  2.95378e-09
5615.0  2.90439e-09
5620.0  2.82384e-09
5625.0  2.79615e-09
5630.0  2.80509e-09
5635.0  2.83771e-09
5640.0  2.89567e-09
5645.0  3.02738e-09
5650.0  3.20836e-09
5655.0  3.32706e-09
5660.0  3.30797e-09
5665.0  3.196e-09
5670.0  3.14341e-09
5675.0  3.25712e-09
5680.0  3.43676e-09
5685.0  3.56316e-09
5690.0  3.63838e-09
5695.0  3.70395e-09
5700.0  3.7943e-09
5705.0  3.91856e-09
5710.0  3.99678e-09
5715.0  3.97154e-09
5720.0  3.94457e-09
5725.0  4.00714e-09
5730.0  4.09424e-09
5735.0  4.1549e-09
5740.0  4.20907e-09
5745.0  4.35871e-09
5750.0  4.47968e-09
5755.0  4.38344e-09
5760.0  4.10944e-09
5765.0  3.95549e-09
5770.0  4.01407e-09
5775.0  4.12347e-09
5780.0  4.23132e-09
5785.0  4.3556e-09
5790.0  4.54175e-09
5795.0  4.79115e-09
5800.0  4.95663e-09
5805.0  4.88153e-09
5810.0  4.51891e-09
5815.0  4.12848e-09
5820.0  3.98822e-09
5825.0  4.06268e-09
5830.0  4.18068e-09
5835.0  4.18453e-09
5840.0  4.02756e-09
5845.0  3.77381e-09
5850.0  3.34133e-09
5855.0  3.10694e-09
5860.0  3.04678e-09
5865.0  2.98598e-09
5870.0  2.8925e-09
5875.0  2.7922e-09
5880.0  2.74389e-09
5885.0  2.67876e-09
5890.0  2.50732e-09
5895.0  2.45279e-09
5900.0  2.38857e-09
5905.0  2.45851e-09
5910.0  2.48383e-09
5915.0  2.5419e-09
5920.0  2.60875e-09
5925.0  2.62522e-09
5930.0  2.70699e-09
5935.0  2.86749e-09
5940.0  2.9742e-09
5945.0  2.98068e-09
5950.0  2.94945e-09
5955.0  2.92671e-09
5960.0  2.95982e-09
5965.0  3.09558e-09
5970.0  3.19347e-09
5975.0  3.25603e-09
5980.0  3.35358e-09
5985.0  3.5275e-09
5990.0  3.71838e-09
5995.0  3.82661e-09
6000.0  3.81057e-09
6005.0  3.7842e-09
6010.0  3.83468e-09
6015.0  3.9657e-09
6020.0  4.10683e-09
6025.0  4.21026e-09
6030.0  4.32454e-09
6035.0  4.37068e-09
6040.0  4.48794e-09
6045.0  4.66329e-09
6050.0  4.78829e-09
6055.0  4.81681e-09
6060.0  4.83436e-09
6065.0  4.90488e-09
6070.0  5.04106e-09
6075.0  5.08021e-09
6080.0  5.04213e-09
6085.0  5.10276e-09
6090.0  5.24653e-09
6095.0  5.39471e-09
6100.0  5.47341e-09
6105.0  5.52771e-09
6110.0  5.61614e-09
6115.0  5.6435e-09
6120.0  5.66437e-09
6125.0  5.78961e-09
6130.0  5.90721e-09
6135.0  5.98148e-09
6140.0  6.04884e-09
6145.0  5.84524e-09
6150.0  5.14216e-09
6155.0  4.33821e-09
6160.0  3.58732e-09
6165.0  3.15529e-09
6170.0  3.08005e-09
6175.0  3.07282e-09
6180.0  3.02192e-09
6185.0  2.88033e-09
6190.0  2.71985e-09
6195.0  2.72468e-09
6200.0  2.82897e-09
6205.0  2.9242e-09
6210.0  2.9065e-09
6215.0  2.79412e-09
6220.0  2.69182e-09
6225.0  2.63232e-09
6230.0  2.65266e-09
6235.0  2.72433e-09
6240.0  2.82055e-09
6245.0  2.92928e-09
6250.0  3.0696e-09
6255.0  3.19455e-09
6260.0  3.33213e-09
6265.0  3.44475e-09
6270.0  3.50482e-09
6275.0  3.53783e-09
6280.0  3.57996e-09
6285.0  3.75439e-09
6290.0  3.92807e-09
6295.0  4.03151e-09
6300.0  4.17049e-09
6305.0  4.39711e-09
6310.0  4.66863e-09
6315.0  4.84238e-09
6320.0  4.92112e-09
6325.0  4.9693e-09
6330.0  5.12019e-09
6335.0  5.30799e-09
6340.0  5.50644e-09
6345.0  5.61513e-09
6350.0  5.53901e-09
6355.0  5.35224e-09
6360.0  5.27563e-09
6365.0  5.49546e-09
6370.0  5.83576e-09
6375.0  6.06336e-09
6380.0  6.15367e-09
6385.0  6.12251e-09
6390.0  6.19778e-09
6395.0  6.42419e-09
6400.0  6.69469e-09
6405.0  6.92921e-09
6410.0  6.92331e-09
6415.0  6.66134e-09
6420.0  6.37505e-09
6425.0  6.34993e-09
6430.0  6.55282e-09
6435.0  6.85052e-09
6440.0  7.12432e-09
6445.0  7.1734e-09
6450.0  7.08633e-09
6455.0  7.21309e-09
6460.0  7.49992e-09
6465.0  7.77225e-09
6470.0  7.88924e-09
6475.0  7.61349e-09
6480.0  7.17054e-09
6485.0  6.87661e-09
6490.0  6.84805e-09
6495.0  6.90264e-09
6500.0  7.08894e-09
6505.0  7.37307e-09
6510.0  7.5254e-09
6515.0  7.59124e-09
6520.0  7.78862e-09
6525.0  8.10753e-09
6530.0  8.40172e-09
6535.0  8.59705e-09
6540.0  8.5628e-09
6545.0  8.12982e-09
6550.0  7.64343e-09
6555.0  7.37778e-09
6560.0  7.17351e-09
6565.0  6.95863e-09
6570.0  6.92869e-09
6575.0  6.94223e-09
6580.0  7.0028e-09
6585.0  7.13884e-09
6590.0  7.14298e-09
6595.0  6.95128e-09
6600.0  6.85365e-09
6605.0  6.83241e-09
6610.0  6.8173e-09
6615.0  6.73162e-09
6620.0  6.53286e-09
6625.0  6.31724e-09
6630.0  6.21364e-09
6635.0  6.12651e-09
6640.0  6.02212e-09
6645.0  5.82292e-09
6650.0  5.40523e-09
6655.0  5.08527e-09
6660.0  5.10289e-09
6665.0  5.28689e-09
6670.0  5.41271e-09
6675.0  5.27419e-09
6680.0  4.93044e-09
6685.0  4.69663e-09
6690.0  4.71102e-09
6695.0  4.82184e-09
6700.0  4.96885e-09
6705.0  5.05661e-09
6710.0  4.94653e-09
6715.0  4.61918e-09
6720.0  4.39865e-09
6725.0  4.42424e-09
6730.0  4.58499e-09
6735.0  4.764e-09
6740.0  4.88499e-09
6745.0  4.90573e-09
6750.0  4.89235e-09
6755.0  4.99784e-09
6760.0  5.2012e-09
6765.0  5.43281e-09
6770.0  5.65417e-09
6775.0  5.74911e-09
6780.0  5.60331e-09
6785.0  5.35325e-09
6790.0  5.33474e-09
6795.0  5.50647e-09
6800.0  5.64775e-09
6805.0  5.84451e-09
6810.0  5.949e-09
6815.0  5.99433e-09
6820.0  6.0784e-09
6825.0  6.25665e-09
6830.0  6.48042e-09
6835.0  6.73393e-09
6840.0  7.08638e-09
6845.0  7.15644e-09
6850.0  7.18717e-09
6855.0  7.28608e-09
6860.0  7.3327e-09
6865.0  7.25312e-09
6870.0  7.28015e-09
6875.0  7.60509e-09
6880.0  8.00647e-09
6885.0  8.2305e-09
6890.0  8.35591e-09
6895.0  8.5446e-09
6900.0  8.83027e-09
6905.0  9.16183e-09
6910.0  9.40925e-09
6915.0  9.49124e-09
6920.0  9.52639e-09
6925.0  9.65738e-09
6930.0  9.88911e-09
6935.0  1.01707e-08
6940.0  1.04482e-08
6945.0  1.06907e-08
6950.0  1.09248e-08
6955.0  1.1185e-08
6960.0  1.14688e-08
6965.0  1.17586e-08
6970.0  1.19662e-08
6975.0  1.17904e-08
6980.0  1.18968e-08
6985.0  1.19864e-08
6990.0  1.19044e-08
6995.0  1.19099e-08
7000.0  1.21062e-08
7005.0  1.23633e-08
7010.0  1.26425e-08
7015.0  1.28609e-08
7020.0  1.2997e-08
7025.0  1.30917e-08
7030.0  1.31342e-08
7035.0  1.31321e-08
7040.0  1.30711e-08
7045.0  1.29176e-08
7050.0  1.18544e-08
7055.0  9.52594e-09
7060.0  7.42518e-09
7065.0  6.82761e-09
7070.0  7.06793e-09
7075.0  7.3864e-09
7080.0  7.36824e-09
7085.0  6.81767e-09
7090.0  5.97061e-09
7095.0  5.56226e-09
7100.0  5.63544e-09
7105.0  5.87682e-09
7110.0  6.13436e-09
7115.0  6.34346e-09
7120.0  6.31497e-09
7125.0  5.7616e-09
7130.0  5.12819e-09
7135.0  4.98291e-09
7140.0  5.17778e-09
7145.0  5.44224e-09
7150.0  5.6817e-09
7155.0  5.88937e-09
7160.0  6.00541e-09
7165.0  6.05908e-09
7170.0  6.16228e-09
7175.0  6.31469e-09
7180.0  6.51205e-09
7185.0  6.72123e-09
7190.0  6.86992e-09
7195.0  6.87423e-09
7200.0  6.78969e-09
7205.0  6.85224e-09
7210.0  7.11655e-09
7215.0  7.44535e-09
7220.0  7.75507e-09
7225.0  8.02399e-09
7230.0  8.26563e-09
7235.0  8.47953e-09
7240.0  8.79826e-09
7245.0  9.18073e-09
7250.0  9.6494e-09
7255.0  1.00584e-08
7260.0  1.04341e-08
7265.0  1.0707e-08
7270.0  1.08852e-08
7275.0  1.09559e-08
7280.0  1.11783e-08
7285.0  1.15037e-08
7290.0  1.18684e-08
7295.0  1.24126e-08
7300.0  1.30035e-08
7305.0  1.346e-08
7310.0  1.38971e-08
7315.0  1.42607e-08
7320.0  1.45755e-08
7325.0  1.49158e-08
7330.0  1.53e-08
7335.0  1.57666e-08
7340.0  1.6249e-08
7345.0  1.64147e-08
7350.0  1.64818e-08
7355.0  1.64495e-08
7360.0  1.6611e-08
7365.0  1.72252e-08
7370.0  1.80228e-08
7375.0  1.85917e-08
7380.0  1.87773e-08
7385.0  1.87119e-08
7390.0  1.87357e-08
7395.0  1.89614e-08
7400.0  1.92123e-08
7405.0  1.9396e-08
7410.0  1.93745e-08
7415.0  1.91922e-08
7420.0  1.91465e-08
7425.0  1.93442e-08
7430.0  1.95554e-08
7435.0  1.96907e-08
7440.0  1.97521e-08
7445.0  1.98778e-08
7450.0  2.00641e-08
7455.0  2.0114e-08
7460.0  2.00306e-08
7465.0  2.00676e-08
7470.0  2.01443e-08
7475.0  2.02182e-08
7480.0  2.03973e-08
7485.0  2.04798e-08
7490.0  2.03422e-08
7495.0  2.02487e-08
7500.0  2.04645e-08
7505.0  2.06994e-08
7510.0  2.07352e-08
7515.0  2.08166e-08
7520.0  2.09376e-08
7525.0  2.09476e-08
7530.0  2.09822e-08
7535.0  2.10372e-08
7540.0  2.10739e-08
7545.0  2.10568e-08
7550.0  2.09636e-08
7555.0  2.07482e-08
7560.0  2.04839e-08
7565.0  2.02491e-08
7570.0  2.03454e-08
7575.0  1.99968e-08
7580.0  1.95095e-08
7585.0  1.89806e-08
7590.0  1.8471e-08
7595.0  1.80565e-08
7600.0  1.78103e-08
7605.0  1.77638e-08
7610.0  1.78399e-08
7615.0  1.79194e-08
7620.0  1.78835e-08
7625.0  1.76568e-08
7630.0  1.72761e-08
7635.0  1.68218e-08
7640.0  1.63759e-08
7645.0  1.59945e-08
7650.0  1.5666e-08
7655.0  1.53529e-08
7660.0  1.50173e-08
7665.0  1.46405e-08
7670.0  1.42551e-08
7675.0  1.39128e-08
7680.0  1.36657e-08
7685.0  1.35445e-08
7690.0  1.35258e-08
7695.0  1.35652e-08
7700.0  1.36172e-08
7705.0  1.36464e-08
7710.0  1.36445e-08
7715.0  1.36138e-08
7720.0  1.35243e-08
7725.0  1.32696e-08
7730.0  1.32934e-08
7735.0  1.35829e-08
7740.0  1.35441e-08
7745.0  1.30562e-08
7750.0  1.24748e-08
7755.0  1.21031e-08
7760.0  1.23362e-08
7765.0  1.26584e-08
7770.0  1.29904e-08
7775.0  1.32729e-08
7780.0  1.33451e-08
7785.0  1.33242e-08
7790.0  1.34609e-08
7795.0  1.3877e-08
7800.0  1.43928e-08
7805.0  1.48774e-08
7810.0  1.52788e-08
7815.0  1.55703e-08
7820.0  1.54937e-08
7825.0  1.49921e-08
7830.0  1.44682e-08
7835.0  1.435e-08
7840.0  1.4599e-08
7845.0  1.49199e-08
7850.0  1.51848e-08
7855.0  1.54549e-08
7860.0  1.5661e-08
7865.0  1.57288e-08
7870.0  1.58893e-08
7875.0  1.62255e-08
7880.0  1.66195e-08
7885.0  1.69199e-08
7890.0  1.70898e-08
7895.0  1.70052e-08
7900.0  1.67852e-08
7905.0  1.6495e-08
7910.0  1.61951e-08
7915.0  1.61609e-08
7920.0  1.64465e-08
7925.0  1.68704e-08
7930.0  1.72193e-08
7935.0  1.73387e-08
7940.0  1.73253e-08
7945.0  1.74129e-08
7950.0  1.77067e-08
7955.0  1.79872e-08
7960.0  1.8191e-08
7965.0  1.85664e-08
7970.0  1.89338e-08
7975.0  1.90341e-08
7980.0  1.89224e-08
7985.0  1.88676e-08
7990.0  1.88199e-08
7995.0  1.88426e-08
8000.0  1.90502e-08
8005.0  1.94679e-08
8010.0  1.9989e-08
8015.0  2.04068e-08
8020.0  2.04546e-08
8025.0  2.02114e-08
8030.0  2.0382e-08
8035.0  2.10808e-08
8040.0  2.14468e-08
8045.0  2.13199e-08
8050.0  2.12823e-08
8055.0  2.16233e-08
8060.0  2.18792e-08
8065.0  2.18372e-08
8070.0  2.17922e-08
8075.0  2.2141e-08
8080.0  2.26648e-08
8085.0  2.29803e-08
8090.0  2.29865e-08
8095.0  2.28882e-08
8100.0  2.26982e-08
8105.0  2.29688e-08
8110.0  2.31684e-08
8115.0  2.31346e-08
8120.0  2.32289e-08
8125.0  2.37041e-08
8130.0  2.41089e-08
8135.0  2.4245e-08
8140.0  2.429e-08
8145.0  2.41301e-08
8150.0  2.39823e-08
8155.0  2.39242e-08
8160.0  2.38618e-08
8165.0  2.37823e-08
8170.0  2.40032e-08
8175.0  2.40238e-08
8180.0  2.38545e-08
8185.0  2.37553e-08
8190.0  2.35207e-08
8195.0  2.30517e-08
8200.0  2.24197e-08
8205.0  2.21676e-08
8210.0  2.22901e-08
8215.0  2.25125e-08
8220.0  2.25536e-08
8225.0  2.2134e-08
8230.0  2.1866e-08
8235.0  2.25155e-08
8240.0  2.33425e-08
8245.0  2.37522e-08
8250.0  2.37127e-08
8255.0  2.32123e-08
8260.0  2.30078e-08
8265.0  2.33399e-08
8270.0  2.33963e-08
8275.0  2.28741e-08
8280.0  2.23781e-08
8285.0  2.20514e-08
8290.0  2.19081e-08
8295.0  2.1875e-08
8300.0  2.17564e-08
8305.0  2.13345e-08
8310.0  2.10852e-08
8315.0  2.14002e-08
8320.0  2.1766e-08
8325.0  2.18877e-08
8330.0  2.17961e-08
8335.0  2.16768e-08
8340.0  2.15692e-08
8345.0  2.15065e-08
8350.0  2.14602e-08
8355.0  2.16314e-08
8360.0  2.18527e-08
8365.0  2.18261e-08
8370.0  2.18369e-08
8375.0  2.18193e-08
8380.0  2.14879e-08
8385.0  2.10021e-08
8390.0  2.0845e-08
8395.0  2.13345e-08
8400.0  2.19104e-08
8405.0  2.23584e-08
8410.0  2.23703e-08
8415.0  2.20154e-08
8420.0  2.15953e-08
8425.0  2.11024e-08
8430.0  2.03881e-08
8435.0  1.92962e-08
8440.0  1.84899e-08
8445.0  1.81857e-08
8450.0  1.78151e-08
8455.0  1.74299e-08
8460.0  1.71956e-08
8465.0  1.71173e-08
8470.0  1.72353e-08
8475.0  1.76595e-08
8480.0  1.81337e-08
8485.0  1.85088e-08
8490.0  1.8343e-08
8495.0  1.75143e-08
8500.0  1.71036e-08
8505.0  1.76264e-08
8510.0  1.79594e-08
8515.0  1.77673e-08
8520.0  1.76728e-08
8525.0  1.79332e-08
8530.0  1.80982e-08
8535.0  1.77049e-08
8540.0  1.68707e-08
8545.0  1.67353e-08
8550.0  1.76707e-08
8555.0  1.88047e-08
8560.0  1.957e-08
8565.0  1.98614e-08
8570.0  1.99062e-08
8575.0  1.99346e-08
8580.0  2.00365e-08
8585.0  2.02841e-08
8590.0  2.04841e-08
8595.0  2.06214e-08
8600.0  2.08659e-08
8605.0  2.1235e-08
8610.0  2.15334e-08
8615.0  2.1797e-08
8620.0  2.20257e-08
8625.0  2.22451e-08
8630.0  2.24461e-08
8635.0  2.2603e-08
8640.0  2.26367e-08
8645.0  2.24979e-08
8650.0  2.22536e-08
8655.0  2.16149e-08
8660.0  2.05871e-08
8665.0  2.01928e-08
8670.0  2.09159e-08
8675.0  2.17293e-08
8680.0  2.22775e-08
8685.0  2.23564e-08
8690.0  2.2604e-08
8695.0  2.34463e-08
8700.0  2.37356e-08
8705.0  2.45953e-08
8710.0  2.49043e-08
8715.0  2.50914e-08
8720.0  2.53445e-08
8725.0  2.55115e-08
8730.0  2.55286e-08
8735.0  2.5525e-08
8740.0  2.56262e-08
8745.0  2.58491e-08
8750.0  2.60262e-08
8755.0  2.61393e-08
8760.0  2.61084e-08
8765.0  2.60048e-08
8770.0  2.60125e-08
8775.0  2.6271e-08
8780.0  2.65746e-08
8785.0  2.68382e-08
8790.0  2.69293e-08
8795.0  2.6902e-08
8800.0  2.66296e-08
8805.0  2.63133e-08
8810.0  2.66367e-08
8815.0  2.71007e-08
8820.0  2.70601e-08
8825.0  2.70075e-08
8830.0  2.73139e-08
8835.0  2.72843e-08
8840.0  2.719e-08
8845.0  2.73032e-08
8850.0  2.71965e-08
8855.0  2.64633e-08
8860.0  2.5076e-08
8865.0  2.39806e-08
8870.0  2.33892e-08
8875.0  2.31251e-08
8880.0  2.32134e-08
8885.0  2.35144e-08
8890.0  2.38223e-08
8895.0  2.40606e-08
8900.0  2.43504e-08
8905.0  2.46117e-08
8910.0  2.47064e-08
8915.0  2.46776e-08
8920.0  2.46463e-08
8925.0  2.46473e-08
8930.0  2.4548e-08
8935.0  2.44728e-08
8940.0  2.43293e-08
8945.0  2.40974e-08
8950.0  2.40426e-08
8955.0  2.41647e-08
8960.0  2.43762e-08
8965.0  2.44266e-08
8970.0  2.44979e-08
8975.0  2.46242e-08
8980.0  2.47842e-08
8985.0  2.47922e-08
8990.0  2.46534e-08
8995.0  2.50961e-08
9000.0  2.53921e-08
9005.0  2.55601e-08
9010.0  2.56693e-08
9015.0  2.56542e-08
9020.0  2.58115e-08
9025.0  2.61033e-08
9030.0  2.65397e-08
9035.0  2.71007e-08
9040.0  2.74128e-08
9045.0  2.76077e-08
9050.0  2.77085e-08
9055.0  2.77328e-08
9060.0  2.76258e-08
9065.0  2.74865e-08
9070.0  2.73101e-08
9075.0  2.72931e-08
9080.0  2.72969e-08
9085.0  2.71327e-08
9090.0  2.71214e-08
9095.0  2.74132e-08
9100.0  2.76233e-08
9105.0  2.76978e-08
9110.0  2.77862e-08
9115.0  2.77821e-08
9120.0  2.7638e-08
9125.0  2.77764e-08
9130.0  2.77441e-08
9135.0  2.7627e-08
9140.0  2.76111e-08
9145.0  2.76529e-08
9150.0  2.74553e-08
9155.0  2.72468e-08
9160.0  2.74227e-08
9165.0  2.74819e-08
9170.0  2.72935e-08
9175.0  2.72168e-08
9180.0  2.75157e-08
9185.0  2.78076e-08
9190.0  2.78991e-08
9195.0  2.79389e-08
9200.0  2.81233e-08
9205.0  2.81635e-08
9210.0  2.816e-08
9215.0  2.81363e-08
9220.0  2.80889e-08
9225.0  2.80143e-08
9230.0  2.79081e-08
9235.0  2.7766e-08
9240.0  2.75842e-08
9245.0  2.73653e-08
9250.0  2.71287e-08
9255.0  2.69001e-08
9260.0  2.67043e-08
9265.0  2.65579e-08
9270.0  2.64565e-08
9275.0  2.63874e-08
9280.0  2.63377e-08
9285.0  2.62943e-08
9290.0  2.62462e-08
9295.0  2.61825e-08
9300.0  2.60941e-08
9305.0  2.59839e-08
9310.0  2.5887e-08
9315.0  2.58513e-08
9320.0  2.59228e-08
9325.0  2.612e-08
9330.0  2.63891e-08
9335.0  2.66489e-08
9340.0  2.68184e-08
9345.0  2.68498e-08
9350.0  2.67805e-08
9355.0  2.66809e-08
9360.0  2.66224e-08
9365.0  2.6656e-08
9370.0  2.67794e-08
9375.0  2.69695e-08
9380.0  2.72009e-08
9385.0  2.7443e-08
9390.0  2.76523e-08
9395.0  2.778e-08
9400.0  2.77793e-08
9405.0  2.76271e-08
9410.0  2.73614e-08
9415.0  2.7044e-08
9420.0  2.67378e-08
9425.0  2.64956e-08
9430.0  2.63427e-08
9435.0  2.62942e-08
9440.0  2.63622e-08
9445.0  2.65417e-08
9450.0  2.67817e-08
9455.0  2.70144e-08
9460.0  2.71722e-08
9465.0  2.72128e-08
9470.0  2.71577e-08
9475.0  2.70536e-08
9480.0  2.69482e-08
9485.0  2.68798e-08
9490.0  2.68613e-08
9495.0  2.68957e-08
9500.0  2.69846e-08
9505.0  2.7125e-08
9510.0  2.73007e-08
9515.0  2.74911e-08
9520.0  2.76751e-08
9525.0  2.7834e-08
9530.0  2.7955e-08
9535.0  2.80277e-08
9540.0  2.80426e-08
9545.0  2.79964e-08
9550.0  2.79032e-08
9555.0  2.77831e-08
9560.0  2.76571e-08
9565.0  2.75422e-08
9570.0  2.74457e-08
9575.0  2.73706e-08
9580.0  2.73193e-08
9585.0  2.72915e-08
9590.0  2.72795e-08
9595.0  2.72728e-08
9600.0  2.72607e-08
9605.0  2.72335e-08
9610.0  2.71852e-08
9615.0  2.71108e-08
9620.0  2.70061e-08
9625.0  2.68751e-08
9630.0  2.67423e-08
9635.0  2.66399e-08
9640.0  2.66001e-08
9645.0  2.66424e-08
9650.0  2.67547e-08
9655.0  2.69115e-08
9660.0  2.70847e-08
9665.0  2.72497e-08
9670.0  2.73941e-08
9675.0  2.75099e-08
9680.0  2.75904e-08
9685.0  2.76339e-08
9690.0  2.76526e-08
9695.0  2.76637e-08
9700.0  2.76846e-08
9705.0  2.7727e-08
9710.0  2.77877e-08
9715.0  2.7858e-08
9720.0  2.79287e-08
9725.0  2.79919e-08
9730.0  2.80434e-08
9735.0  2.80803e-08
9740.0  2.81e-08
9745.0  2.81029e-08
9750.0  2.80962e-08
9755.0  2.80895e-08
9760.0  2.80915e-08
9765.0  2.811e-08
9770.0  2.81514e-08
9775.0  2.82218e-08
9780.0  2.83266e-08
9785.0  2.84643e-08
9790.0  2.86155e-08
9795.0  2.87538e-08
9800.0  2.88533e-08
9805.0  2.88984e-08
9810.0  2.89005e-08
9815.0  2.8881e-08
9820.0  2.88617e-08
9825.0  2.8857e-08
9830.0  2.88616e-08
9835.0  2.88625e-08
9840.0  2.88469e-08
9845.0  2.88082e-08
9850.0  2.87571e-08
9855.0  2.87108e-08
9860.0  2.86863e-08
9865.0  2.86916e-08
9870.0  2.87104e-08
9875.0  2.87173e-08
9880.0  2.86872e-08
9885.0  2.86083e-08
9890.0  2.8502e-08
9895.0  2.84031e-08
9900.0  2.8346e-08
9905.0  2.83517e-08
9910.0  2.84047e-08
9915.0  2.8476e-08
9920.0  2.85362e-08
9925.0  2.85669e-08
9930.0  2.85783e-08
9935.0  2.85916e-08
9940.0  2.86282e-08
9945.0  2.86999e-08
9950.0  2.87935e-08
9955.0  2.88865e-08
9960.0  2.89569e-08
9965.0  2.89916e-08
9970.0  2.89998e-08
9975.0  2.89995e-08
9980.0  2.9009e-08
9985.0  2.90402e-08
9990.0  2.90892e-08
9995.0  2.91455e-08
10000.0  2.91987e-08
10005.0  2.92412e-08
10010.0  2.92733e-08
10015.0  2.92981e-08
10020.0  2.93191e-08
10025.0  2.93386e-08
10030.0  2.93558e-08
10035.0  2.93688e-08
10040.0  2.93758e-08
10045.0  2.93772e-08
10050.0  2.93796e-08
10055.0  2.93916e-08
10060.0  2.94224e-08
10065.0  2.94755e-08
10070.0  2.95412e-08
10075.0  2.96044e-08
10080.0  2.96497e-08
10085.0  2.96678e-08
10090.0  2.96638e-08
10095.0  2.96489e-08
10100.0  2.96341e-08
10105.0  2.96265e-08
10110.0  2.96224e-08
10115.0  2.96139e-08
10120.0  2.95934e-08
10125.0  2.9557e-08
10130.0  2.9511e-08
10135.0  2.94662e-08
10140.0  2.94325e-08
10145.0  2.94159e-08
10150.0  2.94097e-08
10155.0  2.94031e-08
10160.0  2.93863e-08
10165.0  2.93534e-08
10170.0  2.93087e-08
10175.0  2.926e-08
10180.0  2.92158e-08
10185.0  2.91824e-08
10190.0  2.91626e-08
10195.0  2.91574e-08
10200.0  2.91675e-08
10205.0  2.91917e-08
10210.0  2.92227e-08
10215.0  2.92514e-08
10220.0  2.92691e-08
10225.0  2.92701e-08
10230.0  2.92584e-08
10235.0  2.92415e-08
10240.0  2.92272e-08
10245.0  2.92215e-08
10250.0  2.92273e-08
10255.0  2.92456e-08
10260.0  2.92768e-08
10265.0  2.93194e-08
10270.0  2.93676e-08
10275.0  2.94134e-08
10280.0  2.94492e-08
10285.0  2.94692e-08
10290.0  2.94732e-08
10295.0  2.94626e-08
10300.0  2.94398e-08
10305.0  2.94077e-08
10310.0  2.93723e-08
10315.0  2.93407e-08
10320.0  2.932e-08
10325.0  2.93152e-08
10330.0  2.93265e-08
10335.0  2.93519e-08
10340.0  2.93892e-08
10345.0  2.94348e-08
10350.0  2.94804e-08
10355.0  2.95163e-08
10360.0  2.95328e-08
10365.0  2.9525e-08
10370.0  2.95011e-08
10375.0  2.94739e-08
10380.0  2.94562e-08
10385.0  2.94569e-08
10390.0  2.94729e-08
10395.0  2.94969e-08
10400.0  2.95216e-08
10405.0  2.9541e-08
10410.0  2.95536e-08
10415.0  2.95598e-08
10420.0  2.95599e-08
10425.0  2.95546e-08
10430.0  2.95438e-08
10435.0  2.95278e-08
10440.0  2.95067e-08
10445.0  2.94802e-08
10450.0  2.94473e-08
10455.0  2.94059e-08
10460.0  2.93538e-08
10465.0  2.92917e-08
10470.0  2.92292e-08
10475.0  2.91795e-08
10480.0  2.91552e-08
10485.0  2.91643e-08
10490.0  2.92017e-08
10495.0  2.9257e-08
10500.0  2.93197e-08
10505.0  2.93812e-08
10510.0  2.94376e-08
10515.0  2.94869e-08
10520.0  2.95271e-08
10525.0  2.9557e-08
10530.0  2.95768e-08
10535.0  2.95871e-08
10540.0  2.95888e-08
10545.0  2.95823e-08
10550.0  2.95674e-08
10555.0  2.95437e-08
10560.0  2.9511e-08
10565.0  2.94715e-08
10570.0  2.94338e-08
10575.0  2.94088e-08
10580.0  2.94074e-08
10585.0  2.9436e-08
10590.0  2.94897e-08
10595.0  2.95591e-08
10600.0  2.96348e-08
10605.0  2.97096e-08
10610.0  2.97818e-08
10615.0  2.9852e-08
10620.0  2.24305e-08
