# Extracted from file: pickles_106.fits
#SIMPLETrueFits standard
#BITPIX16Bits per pixel
#NAXIS0Number of axes
#EXTENDTrueFile may contain extensions
#DATE2007-01-11T20:44:27Date FITS file was generated
#IRAF-TLM15:44:43 (11/01/2007)Time of last modification
#COMMENT  FITS (Flexible Image Transport System) format is defined in 'Astronomy
#COMMENT  and Astrophysics', volume 376, page 359; bibcode: 2001A&A...376..359H
#ORIGINSTScI-STSDAS/TABLESTables version 2002-02-22
#FILENAMEpickles_106.fitsname of file
#NEXTEND1number of extensions in file
#COMMENT1spectral type: B2II
#COMMENT2metallicity: solar
#COMMENT3original filename: b2ii.dat
#HISTORY  File created by F.R.Boffi.
#HISTORY  SEDs from Pickles UVILIB Library (1998, PASP 110, 863).
#HISTORY  Wavelength is in Angstrom.
#HISTORY  Fluxes are tabulated in units of erg/s/cm^2/A
#HISTORY  and were calculated by normalizing the original fluxes
#HISTORY  in the Pickles V band to a 0 magnitude in vegamag.
#HISTORY  In the vegamag system, Vega has magnitude zero in all passbands.
#HISTORY  Please refer to the SYNPHOT manual for further information.
#
#
#
#
#
#
#
#
#
#
#
#
#
#  
#Columns WAVELENGTH FLUX
#Units  angstroms flam
1150.0  4.52547e-08
1155.0  4.87849e-08
1160.0  4.12368e-08
1165.0  3.90895e-08
1170.0  3.28277e-08
1175.0  2.61446e-08
1180.0  2.93277e-08
1185.0  3.25435e-08
1190.0  2.86332e-08
1195.0  2.38728e-08
1200.0  2.04953e-08
1205.0  1.40511e-08
1210.0  8.19743e-09
1215.0  5.57033e-09
1220.0  8.46468e-09
1225.0  1.65619e-08
1230.0  2.40919e-08
1235.0  2.93596e-08
1240.0  3.6941e-08
1245.0  4.19968e-08
1250.0  4.01651e-08
1255.0  3.91815e-08
1260.0  3.96384e-08
1265.0  4.19883e-08
1270.0  4.47721e-08
1275.0  4.48011e-08
1280.0  4.5435e-08
1285.0  4.58053e-08
1290.0  4.38496e-08
1295.0  3.93878e-08
1300.0  3.63772e-08
1305.0  3.88915e-08
1310.0  4.4568e-08
1315.0  4.68355e-08
1320.0  4.66808e-08
1325.0  4.46165e-08
1330.0  4.3015e-08
1335.0  4.15269e-08
1340.0  4.27624e-08
1345.0  4.41748e-08
1350.0  4.53144e-08
1355.0  4.52884e-08
1360.0  4.5096e-08
1365.0  4.3917e-08
1370.0  4.34719e-08
1375.0  4.22194e-08
1380.0  3.94394e-08
1385.0  3.45678e-08
1390.0  2.88626e-08
1395.0  2.62833e-08
1400.0  2.93507e-08
1405.0  3.67318e-08
1410.0  3.97691e-08
1415.0  3.82199e-08
1420.0  3.66062e-08
1425.0  3.63215e-08
1430.0  3.68998e-08
1435.0  3.82992e-08
1440.0  3.9317e-08
1445.0  3.94653e-08
1450.0  3.9239e-08
1455.0  3.88542e-08
1460.0  3.93333e-08
1465.0  3.94094e-08
1470.0  3.88032e-08
1475.0  3.92645e-08
1480.0  3.95779e-08
1485.0  4.00881e-08
1490.0  4.09908e-08
1495.0  3.95535e-08
1500.0  3.6983e-08
1505.0  3.58664e-08
1510.0  3.6648e-08
1515.0  3.58191e-08
1520.0  3.5922e-08
1525.0  3.39303e-08
1530.0  3.0198e-08
1535.0  2.68705e-08
1540.0  2.37876e-08
1545.0  2.15318e-08
1550.0  2.50902e-08
1555.0  3.1044e-08
1560.0  3.12439e-08
1565.0  2.95224e-08
1570.0  3.00772e-08
1575.0  3.10358e-08
1580.0  3.13782e-08
1585.0  3.28763e-08
1590.0  3.39677e-08
1595.0  3.2598e-08
1600.0  3.04064e-08
1605.0  2.86565e-08
1610.0  2.7438e-08
1615.0  2.73307e-08
1620.0  2.78439e-08
1625.0  2.83165e-08
1630.0  2.84251e-08
1635.0  2.94645e-08
1640.0  3.07896e-08
1645.0  3.20887e-08
1650.0  3.21172e-08
1655.0  3.0182e-08
1660.0  2.8772e-08
1665.0  2.94308e-08
1670.0  2.97394e-08
1675.0  3.01527e-08
1680.0  3.20031e-08
1685.0  3.2466e-08
1690.0  3.15459e-08
1695.0  3.06166e-08
1700.0  3.03374e-08
1705.0  2.96053e-08
1710.0  2.848e-08
1715.0  2.74147e-08
1720.0  2.61469e-08
1725.0  2.65975e-08
1730.0  2.8809e-08
1735.0  3.04491e-08
1740.0  3.06075e-08
1745.0  3.01504e-08
1750.0  2.9771e-08
1755.0  3.01182e-08
1760.0  3.12584e-08
1765.0  3.1138e-08
1770.0  3.03476e-08
1775.0  2.94224e-08
1780.0  2.92669e-08
1785.0  2.85676e-08
1790.0  2.63202e-08
1795.0  2.72439e-08
1800.0  2.98865e-08
1805.0  2.94456e-08
1810.0  2.81533e-08
1815.0  2.81126e-08
1820.0  2.86939e-08
1825.0  2.86889e-08
1830.0  2.83275e-08
1835.0  2.79789e-08
1840.0  2.65617e-08
1845.0  2.49866e-08
1850.0  2.39939e-08
1855.0  2.35937e-08
1860.0  2.40613e-08
1865.0  2.45973e-08
1870.0  2.50378e-08
1875.0  2.51029e-08
1880.0  2.42371e-08
1885.0  2.23135e-08
1890.0  2.11769e-08
1895.0  2.11687e-08
1900.0  2.16271e-08
1905.0  2.15224e-08
1910.0  2.11687e-08
1915.0  2.03929e-08
1920.0  1.96666e-08
1925.0  1.91868e-08
1930.0  1.97908e-08
1935.0  2.10591e-08
1940.0  2.11895e-08
1945.0  2.10679e-08
1950.0  2.05741e-08
1955.0  1.96452e-08
1960.0  1.88002e-08
1965.0  1.82059e-08
1970.0  1.91472e-08
1975.0  2.10326e-08
1980.0  2.09224e-08
1985.0  2.02059e-08
1990.0  1.80554e-08
1995.0  1.62567e-08
2000.0  1.64691e-08
2005.0  1.72232e-08
2010.0  1.74556e-08
2015.0  1.79157e-08
2020.0  1.83549e-08
2025.0  1.82949e-08
2030.0  1.75915e-08
2035.0  1.71424e-08
2040.0  1.73718e-08
2045.0  1.70518e-08
2050.0  1.67744e-08
2055.0  1.57095e-08
2060.0  1.45094e-08
2065.0  1.42235e-08
2070.0  1.45967e-08
2075.0  1.56263e-08
2080.0  1.59578e-08
2085.0  1.53613e-08
2090.0  1.48768e-08
2095.0  1.40481e-08
2100.0  1.34988e-08
2105.0  1.3532e-08
2110.0  1.38825e-08
2115.0  1.44345e-08
2120.0  1.47126e-08
2125.0  1.44817e-08
2130.0  1.42148e-08
2135.0  1.37127e-08
2140.0  1.30914e-08
2145.0  1.29357e-08
2150.0  1.23096e-08
2155.0  1.31485e-08
2160.0  1.31838e-08
2165.0  1.253e-08
2170.0  1.24361e-08
2175.0  1.20144e-08
2180.0  1.20836e-08
2185.0  1.26629e-08
2190.0  1.32067e-08
2195.0  1.3499e-08
2200.0  1.3488e-08
2205.0  1.28852e-08
2210.0  1.20506e-08
2215.0  1.1354e-08
2220.0  1.12644e-08
2225.0  1.16045e-08
2230.0  1.12724e-08
2235.0  1.12771e-08
2240.0  1.11865e-08
2245.0  1.10177e-08
2250.0  1.19981e-08
2255.0  1.31227e-08
2260.0  1.34357e-08
2265.0  1.28097e-08
2270.0  1.24442e-08
2275.0  1.2914e-08
2280.0  1.2823e-08
2285.0  1.29908e-08
2290.0  1.32671e-08
2295.0  1.32231e-08
2300.0  1.27824e-08
2305.0  1.30162e-08
2310.0  1.39833e-08
2315.0  1.48038e-08
2320.0  1.47966e-08
2325.0  1.42764e-08
2330.0  1.42733e-08
2335.0  1.47269e-08
2340.0  1.47061e-08
2345.0  1.4861e-08
2350.0  1.51488e-08
2355.0  1.54998e-08
2360.0  1.54214e-08
2365.0  1.52559e-08
2370.0  1.56563e-08
2375.0  1.60263e-08
2380.0  1.56354e-08
2385.0  1.55997e-08
2390.0  1.57176e-08
2395.0  1.56986e-08
2400.0  1.55895e-08
2405.0  1.55924e-08
2410.0  1.55064e-08
2415.0  1.56432e-08
2420.0  1.63632e-08
2425.0  1.64258e-08
2430.0  1.68633e-08
2435.0  1.70396e-08
2440.0  1.72509e-08
2445.0  1.77177e-08
2450.0  1.79648e-08
2455.0  1.83747e-08
2460.0  1.88153e-08
2465.0  1.8955e-08
2470.0  1.84501e-08
2475.0  1.75752e-08
2480.0  1.73877e-08
2485.0  1.81634e-08
2490.0  1.77784e-08
2495.0  1.76765e-08
2500.0  1.81549e-08
2505.0  1.84532e-08
2510.0  1.8253e-08
2515.0  1.79857e-08
2520.0  1.77102e-08
2525.0  1.78292e-08
2530.0  1.8495e-08
2535.0  1.89938e-08
2540.0  1.84114e-08
2545.0  1.79809e-08
2550.0  1.80115e-08
2555.0  1.81015e-08
2560.0  1.8107e-08
2565.0  1.84858e-08
2570.0  1.90067e-08
2575.0  1.90151e-08
2580.0  1.73923e-08
2585.0  1.62662e-08
2590.0  1.70274e-08
2595.0  1.83205e-08
2600.0  1.86346e-08
2605.0  1.8387e-08
2610.0  1.8445e-08
2615.0  1.88058e-08
2620.0  1.87332e-08
2625.0  1.92347e-08
2630.0  1.96035e-08
2635.0  1.96617e-08
2640.0  1.97012e-08
2645.0  1.94497e-08
2650.0  1.96296e-08
2655.0  2.00253e-08
2660.0  1.96891e-08
2665.0  1.92542e-08
2670.0  1.9079e-08
2675.0  1.91166e-08
2680.0  1.94998e-08
2685.0  1.98835e-08
2690.0  1.98785e-08
2695.0  1.89396e-08
2700.0  1.8277e-08
2705.0  1.85082e-08
2710.0  1.89973e-08
2715.0  1.87099e-08
2720.0  1.84036e-08
2725.0  1.8204e-08
2730.0  1.84841e-08
2735.0  1.90228e-08
2740.0  1.90386e-08
2745.0  1.86643e-08
2750.0  1.89139e-08
2755.0  1.87622e-08
2760.0  1.84355e-08
2765.0  1.8501e-08
2770.0  1.85491e-08
2775.0  1.86517e-08
2780.0  1.88254e-08
2785.0  1.85389e-08
2790.0  1.79885e-08
2795.0  1.74745e-08
2800.0  1.7086e-08
2805.0  1.74529e-08
2810.0  1.85173e-08
2815.0  1.924e-08
2820.0  1.99884e-08
2825.0  1.93105e-08
2830.0  1.83802e-08
2835.0  1.82255e-08
2840.0  1.85148e-08
2845.0  1.86112e-08
2850.0  1.83458e-08
2855.0  1.79388e-08
2860.0  1.80075e-08
2865.0  1.83862e-08
2870.0  1.84348e-08
2875.0  1.85492e-08
2880.0  1.84699e-08
2885.0  1.84957e-08
2890.0  1.85602e-08
2895.0  1.89297e-08
2900.0  1.88084e-08
2905.0  1.86883e-08
2910.0  1.8782e-08
2915.0  1.89943e-08
2920.0  1.90126e-08
2925.0  1.86517e-08
2930.0  1.82471e-08
2935.0  1.81506e-08
2940.0  1.81509e-08
2945.0  1.82793e-08
2950.0  1.83423e-08
2955.0  1.85924e-08
2960.0  1.89068e-08
2965.0  1.86005e-08
2970.0  1.84717e-08
2975.0  1.87391e-08
2980.0  1.85962e-08
2985.0  1.81222e-08
2990.0  1.79092e-08
2995.0  1.78167e-08
3000.0  1.76767e-08
3005.0  1.7301e-08
3010.0  1.75157e-08
3015.0  1.74235e-08
3020.0  1.70849e-08
3025.0  1.66018e-08
3030.0  1.63247e-08
3035.0  1.69688e-08
3040.0  1.7304e-08
3045.0  1.71679e-08
3050.0  1.69616e-08
3055.0  1.71456e-08
3060.0  1.6933e-08
3065.0  1.69399e-08
3070.0  1.73425e-08
3075.0  1.77663e-08
3080.0  1.79432e-08
3085.0  1.79093e-08
3090.0  1.79766e-08
3095.0  1.76983e-08
3100.0  1.73502e-08
3105.0  1.724e-08
3110.0  1.72945e-08
3115.0  1.74679e-08
3120.0  1.73852e-08
3125.0  1.74744e-08
3130.0  1.75452e-08
3135.0  1.73542e-08
3140.0  1.7298e-08
3145.0  1.73123e-08
3150.0  1.7423e-08
3155.0  1.72727e-08
3160.0  1.71421e-08
3165.0  1.73254e-08
3170.0  1.74889e-08
3175.0  1.72928e-08
3180.0  1.68753e-08
3185.0  1.70821e-08
3190.0  1.75498e-08
3195.0  1.6605e-08
3200.0  1.61051e-08
3205.0  1.59952e-08
3210.0  1.59336e-08
3215.0  1.58737e-08
3220.0  1.58151e-08
3225.0  1.57573e-08
3230.0  1.56999e-08
3235.0  1.56425e-08
3240.0  1.55844e-08
3245.0  1.55254e-08
3250.0  1.5465e-08
3255.0  1.54028e-08
3260.0  1.5339e-08
3265.0  1.52738e-08
3270.0  1.52076e-08
3275.0  1.51405e-08
3280.0  1.50728e-08
3285.0  1.50049e-08
3290.0  1.49369e-08
3295.0  1.48692e-08
3300.0  1.4802e-08
3305.0  1.47354e-08
3310.0  1.46695e-08
3315.0  1.46039e-08
3320.0  1.45385e-08
3325.0  1.4473e-08
3330.0  1.44074e-08
3335.0  1.43413e-08
3340.0  1.42745e-08
3345.0  1.4207e-08
3350.0  1.41385e-08
3355.0  1.40689e-08
3360.0  1.39986e-08
3365.0  1.39282e-08
3370.0  1.38581e-08
3375.0  1.3789e-08
3380.0  1.37213e-08
3385.0  1.36556e-08
3390.0  1.35924e-08
3395.0  1.35323e-08
3400.0  1.34758e-08
3405.0  1.34231e-08
3410.0  1.33735e-08
3415.0  1.33263e-08
3420.0  1.32806e-08
3425.0  1.32354e-08
3430.0  1.31898e-08
3435.0  1.3143e-08
3440.0  1.3094e-08
3445.0  1.3042e-08
3450.0  1.2986e-08
3455.0  1.29256e-08
3460.0  1.28612e-08
3465.0  1.27934e-08
3470.0  1.2723e-08
3475.0  1.26508e-08
3480.0  1.25775e-08
3485.0  1.25039e-08
3490.0  1.24307e-08
3495.0  1.23587e-08
3500.0  1.22887e-08
3505.0  1.21532e-08
3510.0  1.16869e-08
3515.0  1.1594e-08
3520.0  1.15642e-08
3525.0  1.15014e-08
3530.0  1.15492e-08
3535.0  1.17261e-08
3540.0  1.16088e-08
3545.0  1.13898e-08
3550.0  1.12572e-08
3555.0  1.12276e-08
3560.0  1.13365e-08
3565.0  1.13605e-08
3570.0  1.13367e-08
3575.0  1.1262e-08
3580.0  1.12004e-08
3585.0  1.10768e-08
3590.0  1.10287e-08
3595.0  1.09176e-08
3600.0  1.07376e-08
3605.0  1.08521e-08
3610.0  1.08946e-08
3615.0  1.06957e-08
3620.0  1.08137e-08
3625.0  1.07571e-08
3630.0  1.02527e-08
3635.0  1.00879e-08
3640.0  1.04211e-08
3645.0  1.04608e-08
3650.0  1.04949e-08
3655.0  1.05072e-08
3660.0  1.05396e-08
3665.0  1.05146e-08
3670.0  1.04733e-08
3675.0  1.05889e-08
3680.0  1.05533e-08
3685.0  1.04072e-08
3690.0  1.03759e-08
3695.0  1.02344e-08
3700.0  1.01484e-08
3705.0  9.95894e-09
3710.0  1.03332e-08
3715.0  1.06939e-08
3720.0  1.05078e-08
3725.0  1.06048e-08
3730.0  1.07519e-08
3735.0  1.06136e-08
3740.0  1.12427e-08
3745.0  1.11095e-08
3750.0  1.04845e-08
3755.0  1.09996e-08
3760.0  1.14327e-08
3765.0  1.10256e-08
3770.0  1.05482e-08
3775.0  1.11012e-08
3780.0  1.15854e-08
3785.0  1.15325e-08
3790.0  1.12813e-08
3795.0  1.06279e-08
3800.0  1.05947e-08
3805.0  1.11932e-08
3810.0  1.15788e-08
3815.0  1.137e-08
3820.0  1.10326e-08
3825.0  1.10468e-08
3830.0  1.04539e-08
3835.0  9.71754e-09
3840.0  1.03003e-08
3845.0  1.08906e-08
3850.0  1.10401e-08
3855.0  1.10281e-08
3860.0  1.09846e-08
3865.0  1.08095e-08
3870.0  1.0704e-08
3875.0  1.07539e-08
3880.0  1.06719e-08
3885.0  1.0074e-08
3890.0  9.6234e-09
3895.0  1.03392e-08
3900.0  1.07705e-08
3905.0  1.08777e-08
3910.0  1.06882e-08
3915.0  1.0449e-08
3920.0  1.01938e-08
3925.0  1.00483e-08
3930.0  9.82321e-09
3935.0  9.84809e-09
3940.0  1.0324e-08
3945.0  1.04757e-08
3950.0  1.03937e-08
3955.0  1.02467e-08
3960.0  9.96282e-09
3965.0  9.10881e-09
3970.0  8.62336e-09
3975.0  9.55226e-09
3980.0  1.00503e-08
3985.0  1.00719e-08
3990.0  9.98189e-09
3995.0  9.70754e-09
4000.0  9.72781e-09
4005.0  9.59206e-09
4010.0  9.52952e-09
4015.0  9.65987e-09
4020.0  9.435e-09
4025.0  8.99394e-09
4030.0  9.26424e-09
4035.0  9.39925e-09
4040.0  9.23731e-09
4045.0  9.20671e-09
4050.0  9.28184e-09
4055.0  9.22054e-09
4060.0  9.16957e-09
4065.0  9.01889e-09
4070.0  8.7629e-09
4075.0  8.67229e-09
4080.0  8.7445e-09
4085.0  8.73325e-09
4090.0  8.66304e-09
4095.0  8.34811e-09
4100.0  7.82383e-09
4105.0  8.16387e-09
4110.0  8.66891e-09
4115.0  8.58659e-09
4120.0  8.47416e-09
4125.0  8.61725e-09
4130.0  8.64772e-09
4135.0  8.56621e-09
4140.0  8.38264e-09
4145.0  8.4304e-09
4150.0  8.61754e-09
4155.0  8.57842e-09
4160.0  8.5314e-09
4165.0  8.49407e-09
4170.0  8.40127e-09
4175.0  8.28027e-09
4180.0  8.27977e-09
4185.0  8.26964e-09
4190.0  8.22432e-09
4195.0  8.21593e-09
4200.0  8.17726e-09
4205.0  8.20974e-09
4210.0  8.24803e-09
4215.0  8.23679e-09
4220.0  8.09177e-09
4225.0  7.98647e-09
4230.0  8.03674e-09
4235.0  8.04914e-09
4240.0  7.94891e-09
4245.0  7.90739e-09
4250.0  7.89389e-09
4255.0  7.87737e-09
4260.0  7.86476e-09
4265.0  7.77194e-09
4270.0  7.72621e-09
4275.0  7.70837e-09
4280.0  7.71241e-09
4285.0  7.70001e-09
4290.0  7.75809e-09
4295.0  7.683e-09
4300.0  7.65967e-09
4305.0  7.77695e-09
4310.0  7.74182e-09
4315.0  7.57388e-09
4320.0  7.54899e-09
4325.0  7.59243e-09
4330.0  7.44341e-09
4335.0  7.05702e-09
4340.0  6.61898e-09
4345.0  6.75182e-09
4350.0  7.06118e-09
4355.0  7.36759e-09
4360.0  7.43532e-09
4365.0  7.32752e-09
4370.0  7.33549e-09
4375.0  7.3868e-09
4380.0  7.25909e-09
4385.0  7.03334e-09
4390.0  7.03434e-09
4395.0  7.25986e-09
4400.0  7.28777e-09
4405.0  7.1991e-09
4410.0  7.01738e-09
4415.0  6.837e-09
4420.0  6.78045e-09
4425.0  6.69549e-09
4430.0  6.58164e-09
4435.0  6.64011e-09
4440.0  6.79435e-09
4445.0  6.83009e-09
4450.0  6.85945e-09
4455.0  6.96693e-09
4460.0  7.02265e-09
4465.0  6.80687e-09
4470.0  6.48449e-09
4475.0  6.57075e-09
4480.0  6.73193e-09
4485.0  6.9346e-09
4490.0  7.0441e-09
4495.0  7.04828e-09
4500.0  6.97956e-09
4505.0  6.89379e-09
4510.0  6.81249e-09
4515.0  6.79908e-09
4520.0  6.82152e-09
4525.0  6.77416e-09
4530.0  6.80145e-09
4535.0  6.84183e-09
4540.0  6.72112e-09
4545.0  6.52441e-09
4550.0  6.32298e-09
4555.0  6.36129e-09
4560.0  6.51157e-09
4565.0  6.402e-09
4570.0  6.41205e-09
4575.0  6.44221e-09
4580.0  6.51472e-09
4585.0  6.44524e-09
4590.0  6.34519e-09
4595.0  6.31937e-09
4600.0  6.237e-09
4605.0  6.21595e-09
4610.0  6.27271e-09
4615.0  6.31413e-09
4620.0  6.27795e-09
4625.0  6.23971e-09
4630.0  6.11836e-09
4635.0  6.12508e-09
4640.0  5.977e-09
4645.0  5.97332e-09
4650.0  5.99962e-09
4655.0  6.18608e-09
4660.0  6.21533e-09
4665.0  6.24664e-09
4670.0  6.24384e-09
4675.0  6.17741e-09
4680.0  6.23132e-09
4685.0  6.19817e-09
4690.0  6.11659e-09
4695.0  6.07935e-09
4700.0  6.09177e-09
4705.0  6.03313e-09
4710.0  5.90756e-09
4715.0  5.87354e-09
4720.0  5.97871e-09
4725.0  5.9431e-09
4730.0  5.85726e-09
4735.0  5.7907e-09
4740.0  5.82323e-09
4745.0  5.87548e-09
4750.0  5.87988e-09
4755.0  5.82312e-09
4760.0  5.7512e-09
4765.0  5.7337e-09
4770.0  5.76055e-09
4775.0  5.71045e-09
4780.0  5.67338e-09
4785.0  5.67462e-09
4790.0  5.69616e-09
4795.0  5.67903e-09
4800.0  5.59733e-09
4805.0  5.54109e-09
4810.0  5.56026e-09
4815.0  5.58032e-09
4820.0  5.59121e-09
4825.0  5.57185e-09
4830.0  5.63822e-09
4835.0  5.74481e-09
4840.0  5.82172e-09
4845.0  5.70012e-09
4850.0  5.44649e-09
4855.0  5.0244e-09
4860.0  4.59431e-09
4865.0  4.93446e-09
4870.0  5.37033e-09
4875.0  5.45952e-09
4880.0  5.47575e-09
4885.0  5.47068e-09
4890.0  5.44649e-09
4895.0  5.43373e-09
4900.0  5.38891e-09
4905.0  5.42305e-09
4910.0  5.3746e-09
4915.0  5.27105e-09
4920.0  5.01888e-09
4925.0  5.02456e-09
4930.0  5.17623e-09
4935.0  5.31671e-09
4940.0  5.36479e-09
4945.0  5.36356e-09
4950.0  5.34688e-09
4955.0  5.3208e-09
4960.0  5.24558e-09
4965.0  5.18543e-09
4970.0  5.12568e-09
4975.0  5.12695e-09
4980.0  5.13141e-09
4985.0  5.13274e-09
4990.0  5.16583e-09
4995.0  5.12597e-09
5000.0  5.01256e-09
5005.0  4.97215e-09
5010.0  4.92011e-09
5015.0  4.85229e-09
5020.0  4.92148e-09
5025.0  4.88393e-09
5030.0  4.84524e-09
5035.0  4.82196e-09
5040.0  4.72047e-09
5045.0  4.70897e-09
5050.0  4.79637e-09
5055.0  4.78525e-09
5060.0  4.78712e-09
5065.0  4.80653e-09
5070.0  4.76664e-09
5075.0  4.72832e-09
5080.0  4.74538e-09
5085.0  4.75738e-09
5090.0  4.79185e-09
5095.0  4.77315e-09
5100.0  4.73348e-09
5105.0  4.70803e-09
5110.0  4.64747e-09
5115.0  4.67263e-09
5120.0  4.64818e-09
5125.0  4.58766e-09
5130.0  4.56359e-09
5135.0  4.55754e-09
5140.0  4.56068e-09
5145.0  4.55198e-09
5150.0  4.51675e-09
5155.0  4.48224e-09
5160.0  4.52123e-09
5165.0  4.50664e-09
5170.0  4.44538e-09
5175.0  4.37776e-09
5180.0  4.38504e-09
5185.0  4.41943e-09
5190.0  4.45453e-09
5195.0  4.4813e-09
5200.0  4.45962e-09
5205.0  4.41531e-09
5210.0  4.38743e-09
5215.0  4.34453e-09
5220.0  4.31158e-09
5225.0  4.34191e-09
5230.0  4.31255e-09
5235.0  4.2674e-09
5240.0  4.22482e-09
5245.0  4.22625e-09
5250.0  4.2267e-09
5255.0  4.19953e-09
5260.0  4.18572e-09
5265.0  4.18877e-09
5270.0  4.19304e-09
5275.0  4.17833e-09
5280.0  4.1398e-09
5285.0  4.07087e-09
5290.0  4.04817e-09
5295.0  4.04781e-09
5300.0  4.0434e-09
5305.0  4.04184e-09
5310.0  4.07782e-09
5315.0  4.07271e-09
5320.0  4.01759e-09
5325.0  4.00812e-09
5330.0  4.02225e-09
5335.0  3.98993e-09
5340.0  3.92193e-09
5345.0  3.92002e-09
5350.0  3.91069e-09
5355.0  3.87198e-09
5360.0  3.85151e-09
5365.0  3.87131e-09
5370.0  3.92646e-09
5375.0  3.94688e-09
5380.0  3.92671e-09
5385.0  3.85363e-09
5390.0  3.84331e-09
5395.0  3.7964e-09
5400.0  3.74419e-09
5405.0  3.71094e-09
5410.0  3.72103e-09
5415.0  3.75573e-09
5420.0  3.74398e-09
5425.0  3.74397e-09
5430.0  3.72953e-09
5435.0  3.69854e-09
5440.0  3.67996e-09
5445.0  3.67061e-09
5450.0  3.62046e-09
5455.0  3.61567e-09
5460.0  3.61135e-09
5465.0  3.60088e-09
5470.0  3.58202e-09
5475.0  3.52275e-09
5480.0  3.50938e-09
5485.0  3.53198e-09
5490.0  3.5258e-09
5495.0  3.5621e-09
5500.0  3.60067e-09
5505.0  3.57338e-09
5510.0  3.51688e-09
5515.0  3.50854e-09
5520.0  3.48437e-09
5525.0  3.4513e-09
5530.0  3.43262e-09
5535.0  3.40489e-09
5540.0  3.36989e-09
5545.0  3.37388e-09
5550.0  3.37508e-09
5555.0  3.39704e-09
5560.0  3.39037e-09
5565.0  3.33799e-09
5570.0  3.31746e-09
5575.0  3.31421e-09
5580.0  3.31524e-09
5585.0  3.31711e-09
5590.0  3.32963e-09
5595.0  3.3081e-09
5600.0  3.31397e-09
5605.0  3.30977e-09
5610.0  3.25305e-09
5615.0  3.23077e-09
5620.0  3.24036e-09
5625.0  3.19655e-09
5630.0  3.16316e-09
5635.0  3.15919e-09
5640.0  3.1575e-09
5645.0  3.17988e-09
5650.0  3.19788e-09
5655.0  3.18653e-09
5660.0  3.15289e-09
5665.0  3.10517e-09
5670.0  3.08148e-09
5675.0  3.03593e-09
5680.0  3.0349e-09
5685.0  3.05117e-09
5690.0  3.04183e-09
5695.0  3.00172e-09
5700.0  3.01184e-09
5705.0  3.02791e-09
5710.0  3.03296e-09
5715.0  3.01731e-09
5720.0  2.99859e-09
5725.0  2.97502e-09
5730.0  2.93821e-09
5735.0  2.92683e-09
5740.0  2.90018e-09
5745.0  2.90463e-09
5750.0  2.91101e-09
5755.0  2.94347e-09
5760.0  2.97385e-09
5765.0  2.94866e-09
5770.0  2.8939e-09
5775.0  2.83732e-09
5780.0  2.79233e-09
5785.0  2.82299e-09
5790.0  2.83723e-09
5795.0  2.8243e-09
5800.0  2.86861e-09
5805.0  2.88366e-09
5810.0  2.84272e-09
5815.0  2.81626e-09
5820.0  2.83279e-09
5825.0  2.85024e-09
5830.0  2.8319e-09
5835.0  2.80533e-09
5840.0  2.80843e-09
5845.0  2.84972e-09
5850.0  2.83543e-09
5855.0  2.80454e-09
5860.0  2.79746e-09
5865.0  2.78558e-09
5870.0  2.71536e-09
5875.0  2.59515e-09
5880.0  2.62035e-09
5885.0  2.65959e-09
5890.0  2.56249e-09
5895.0  2.58051e-09
5900.0  2.68233e-09
5905.0  2.7458e-09
5910.0  2.74466e-09
5915.0  2.72936e-09
5920.0  2.7039e-09
5925.0  2.70493e-09
5930.0  2.69438e-09
5935.0  2.66299e-09
5940.0  2.6343e-09
5945.0  2.61015e-09
5950.0  2.59952e-09
5955.0  2.6096e-09
5960.0  2.62098e-09
5965.0  2.61954e-09
5970.0  2.61164e-09
5975.0  2.60542e-09
5980.0  2.59415e-09
5985.0  2.57854e-09
5990.0  2.57192e-09
5995.0  2.57313e-09
6000.0  2.58149e-09
6005.0  2.57987e-09
6010.0  2.56702e-09
6015.0  2.55952e-09
6020.0  2.55151e-09
6025.0  2.56761e-09
6030.0  2.5801e-09
6035.0  2.5334e-09
6040.0  2.5181e-09
6045.0  2.52777e-09
6050.0  2.51327e-09
6055.0  2.49183e-09
6060.0  2.48891e-09
6065.0  2.48811e-09
6070.0  2.47966e-09
6075.0  2.47174e-09
6080.0  2.45523e-09
6085.0  2.45611e-09
6090.0  2.45229e-09
6095.0  2.44135e-09
6100.0  2.42458e-09
6105.0  2.42692e-09
6110.0  2.42976e-09
6115.0  2.41758e-09
6120.0  2.4071e-09
6125.0  2.40224e-09
6130.0  2.39761e-09
6135.0  2.39432e-09
6140.0  2.38043e-09
6145.0  2.37064e-09
6150.0  2.36242e-09
6155.0  2.35193e-09
6160.0  2.34843e-09
6165.0  2.34193e-09
6170.0  2.33344e-09
6175.0  2.32835e-09
6180.0  2.34438e-09
6185.0  2.33504e-09
6190.0  2.31668e-09
6195.0  2.31128e-09
6200.0  2.2991e-09
6205.0  2.29804e-09
6210.0  2.28389e-09
6215.0  2.27526e-09
6220.0  2.27807e-09
6225.0  2.26978e-09
6230.0  2.26289e-09
6235.0  2.2676e-09
6240.0  2.26419e-09
6245.0  2.25995e-09
6250.0  2.25324e-09
6255.0  2.24533e-09
6260.0  2.24665e-09
6265.0  2.23371e-09
6270.0  2.21575e-09
6275.0  2.18677e-09
6280.0  2.14088e-09
6285.0  2.15521e-09
6290.0  2.17372e-09
6295.0  2.15625e-09
6300.0  2.14979e-09
6305.0  2.15464e-09
6310.0  2.15563e-09
6315.0  2.15609e-09
6320.0  2.15787e-09
6325.0  2.15232e-09
6330.0  2.14863e-09
6335.0  2.147e-09
6340.0  2.14153e-09
6345.0  2.13081e-09
6350.0  2.12679e-09
6355.0  2.12316e-09
6360.0  2.11736e-09
6365.0  2.10956e-09
6370.0  2.10936e-09
6375.0  2.10113e-09
6380.0  2.08995e-09
6385.0  2.08234e-09
6390.0  2.07423e-09
6395.0  2.06545e-09
6400.0  2.05677e-09
6405.0  2.04785e-09
6410.0  2.05077e-09
6415.0  2.05046e-09
6420.0  2.04695e-09
6425.0  2.0475e-09
6430.0  2.03913e-09
6435.0  2.03499e-09
6440.0  2.03103e-09
6445.0  2.01727e-09
6450.0  2.0151e-09
6455.0  2.01181e-09
6460.0  2.00968e-09
6465.0  1.99826e-09
6470.0  1.98055e-09
6475.0  1.96786e-09
6480.0  1.95677e-09
6485.0  1.94461e-09
6490.0  1.94324e-09
6495.0  1.94068e-09
6500.0  1.9488e-09
6505.0  1.95334e-09
6510.0  1.95687e-09
6515.0  1.94586e-09
6520.0  1.94518e-09
6525.0  1.93948e-09
6530.0  1.93303e-09
6535.0  1.92423e-09
6540.0  1.91849e-09
6545.0  1.90147e-09
6550.0  1.86643e-09
6555.0  1.79819e-09
6560.0  1.66601e-09
6565.0  1.51979e-09
6570.0  1.66124e-09
6575.0  1.80082e-09
6580.0  1.83034e-09
6585.0  1.85214e-09
6590.0  1.8751e-09
6595.0  1.88236e-09
6600.0  1.875e-09
6605.0  1.87641e-09
6610.0  1.8752e-09
6615.0  1.86588e-09
6620.0  1.86067e-09
6625.0  1.85179e-09
6630.0  1.82975e-09
6635.0  1.81819e-09
6640.0  1.80978e-09
6645.0  1.80258e-09
6650.0  1.80452e-09
6655.0  1.79731e-09
6660.0  1.7922e-09
6665.0  1.78232e-09
6670.0  1.77335e-09
6675.0  1.72586e-09
6680.0  1.64978e-09
6685.0  1.70231e-09
6690.0  1.75644e-09
6695.0  1.76162e-09
6700.0  1.75362e-09
6705.0  1.74818e-09
6710.0  1.74747e-09
6715.0  1.7395e-09
6720.0  1.73198e-09
6725.0  1.72053e-09
6730.0  1.72806e-09
6735.0  1.72576e-09
6740.0  1.71886e-09
6745.0  1.71107e-09
6750.0  1.70665e-09
6755.0  1.69984e-09
6760.0  1.69519e-09
6765.0  1.69718e-09
6770.0  1.68833e-09
6775.0  1.68433e-09
6780.0  1.67697e-09
6785.0  1.66092e-09
6790.0  1.66594e-09
6795.0  1.66921e-09
6800.0  1.66348e-09
6805.0  1.66387e-09
6810.0  1.66261e-09
6815.0  1.66227e-09
6820.0  1.65706e-09
6825.0  1.65496e-09
6830.0  1.64826e-09
6835.0  1.64406e-09
6840.0  1.64041e-09
6845.0  1.63656e-09
6850.0  1.63232e-09
6855.0  1.62847e-09
6860.0  1.62482e-09
6865.0  1.6211e-09
6870.0  1.61754e-09
6875.0  1.61403e-09
6880.0  1.61063e-09
6885.0  1.60717e-09
6890.0  1.60372e-09
6895.0  1.60013e-09
6900.0  1.59651e-09
6905.0  1.59287e-09
6910.0  1.58923e-09
6915.0  1.58558e-09
6920.0  1.58208e-09
6925.0  1.57876e-09
6930.0  1.57577e-09
6935.0  1.57279e-09
6940.0  1.56979e-09
6945.0  1.56683e-09
6950.0  1.56386e-09
6955.0  1.56079e-09
6960.0  1.55752e-09
6965.0  1.55431e-09
6970.0  1.55096e-09
6975.0  1.54683e-09
6980.0  1.53876e-09
6985.0  1.5303e-09
6990.0  1.51835e-09
6995.0  1.51531e-09
7000.0  1.51177e-09
7005.0  1.50846e-09
7010.0  1.50772e-09
7015.0  1.50496e-09
7020.0  1.50629e-09
7025.0  1.49874e-09
7030.0  1.49703e-09
7035.0  1.49994e-09
7040.0  1.49756e-09
7045.0  1.49318e-09
7050.0  1.48799e-09
7055.0  1.47667e-09
7060.0  1.46261e-09
7065.0  1.42044e-09
7070.0  1.41923e-09
7075.0  1.4621e-09
7080.0  1.46535e-09
7085.0  1.462e-09
7090.0  1.45918e-09
7095.0  1.45482e-09
7100.0  1.44855e-09
7105.0  1.4485e-09
7110.0  1.44947e-09
7115.0  1.44871e-09
7120.0  1.44427e-09
7125.0  1.44679e-09
7130.0  1.44499e-09
7135.0  1.44444e-09
7140.0  1.44588e-09
7145.0  1.43636e-09
7150.0  1.43435e-09
7155.0  1.43269e-09
7160.0  1.42593e-09
7165.0  1.40925e-09
7170.0  1.37999e-09
7175.0  1.35591e-09
7180.0  1.34396e-09
7185.0  1.32291e-09
7190.0  1.31045e-09
7195.0  1.32373e-09
7200.0  1.3299e-09
7205.0  1.33143e-09
7210.0  1.36577e-09
7215.0  1.39738e-09
7220.0  1.40271e-09
7225.0  1.39989e-09
7230.0  1.37701e-09
7235.0  1.33236e-09
7240.0  1.3296e-09
7245.0  1.33386e-09
7250.0  1.34184e-09
7255.0  1.33298e-09
7260.0  1.34548e-09
7265.0  1.33173e-09
7270.0  1.32599e-09
7275.0  1.30415e-09
7280.0  1.28148e-09
7285.0  1.29338e-09
7290.0  1.3032e-09
7295.0  1.30765e-09
7300.0  1.31348e-09
7305.0  1.30277e-09
7310.0  1.30677e-09
7315.0  1.30149e-09
7320.0  1.29489e-09
7325.0  1.30523e-09
7330.0  1.30731e-09
7335.0  1.30702e-09
7340.0  1.30891e-09
7345.0  1.30166e-09
7350.0  1.29238e-09
7355.0  1.28881e-09
7360.0  1.28251e-09
7365.0  1.2767e-09
7370.0  1.27218e-09
7375.0  1.27328e-09
7380.0  1.27157e-09
7385.0  1.26548e-09
7390.0  1.26434e-09
7395.0  1.25924e-09
7400.0  1.25582e-09
7405.0  1.25626e-09
7410.0  1.25285e-09
7415.0  1.24854e-09
7420.0  1.24038e-09
7425.0  1.24143e-09
7430.0  1.23883e-09
7435.0  1.23439e-09
7440.0  1.23211e-09
7445.0  1.22892e-09
7450.0  1.22787e-09
7455.0  1.22463e-09
7460.0  1.22233e-09
7465.0  1.22266e-09
7470.0  1.21901e-09
7475.0  1.21477e-09
7480.0  1.20811e-09
7485.0  1.20551e-09
7490.0  1.19739e-09
7495.0  1.19448e-09
7500.0  1.19128e-09
7505.0  1.18715e-09
7510.0  1.1857e-09
7515.0  1.18258e-09
7520.0  1.18292e-09
7525.0  1.17978e-09
7530.0  1.17944e-09
7535.0  1.17569e-09
7540.0  1.17062e-09
7545.0  1.1711e-09
7550.0  1.16566e-09
7555.0  1.16312e-09
7560.0  1.16068e-09
7565.0  1.1582e-09
7570.0  1.1557e-09
7575.0  1.15326e-09
7580.0  1.1508e-09
7585.0  1.14844e-09
7590.0  1.14611e-09
7595.0  1.1438e-09
7600.0  1.14144e-09
7605.0  1.139e-09
7610.0  1.13663e-09
7615.0  1.13415e-09
7620.0  1.13166e-09
7625.0  1.12915e-09
7630.0  1.12662e-09
7635.0  1.12407e-09
7640.0  1.1215e-09
7645.0  1.11889e-09
7650.0  1.11625e-09
7655.0  1.11358e-09
7660.0  1.11087e-09
7665.0  1.10812e-09
7670.0  1.10537e-09
7675.0  1.10255e-09
7680.0  1.09967e-09
7685.0  1.09667e-09
7690.0  1.09367e-09
7695.0  1.09074e-09
7700.0  1.08784e-09
7705.0  1.08496e-09
7710.0  1.08223e-09
7715.0  1.07978e-09
7720.0  1.0772e-09
7725.0  1.07416e-09
7730.0  1.07036e-09
7735.0  1.06893e-09
7740.0  1.06619e-09
7745.0  1.06596e-09
7750.0  1.06258e-09
7755.0  1.05664e-09
7760.0  1.05434e-09
7765.0  1.05045e-09
7770.0  1.04332e-09
7775.0  1.03415e-09
7780.0  1.03625e-09
7785.0  1.04206e-09
7790.0  1.03866e-09
7795.0  1.03702e-09
7800.0  1.03192e-09
7805.0  1.02988e-09
7810.0  1.02817e-09
7815.0  1.02135e-09
7820.0  1.02009e-09
7825.0  1.0187e-09
7830.0  1.01757e-09
7835.0  1.01514e-09
7840.0  1.01393e-09
7845.0  1.01257e-09
7850.0  1.01047e-09
7855.0  1.00771e-09
7860.0  1.00339e-09
7865.0  1.00009e-09
7870.0  9.98434e-10
7875.0  9.94557e-10
7880.0  9.89249e-10
7885.0  9.88492e-10
7890.0  9.86661e-10
7895.0  9.78374e-10
7900.0  9.75675e-10
7905.0  9.77691e-10
7910.0  9.76038e-10
7915.0  9.7247e-10
7920.0  9.69919e-10
7925.0  9.66516e-10
7930.0  9.66274e-10
7935.0  9.71396e-10
7940.0  9.68871e-10
7945.0  9.62952e-10
7950.0  9.58635e-10
7955.0  9.55884e-10
7960.0  9.51896e-10
7965.0  9.46116e-10
7970.0  9.46633e-10
7975.0  9.45986e-10
7980.0  9.48838e-10
7985.0  9.46193e-10
7990.0  9.43135e-10
7995.0  9.42788e-10
8000.0  9.3445e-10
8005.0  9.31405e-10
8010.0  9.31672e-10
8015.0  9.28389e-10
8020.0  9.24145e-10
8025.0  9.22869e-10
8030.0  9.24303e-10
8035.0  9.24461e-10
8040.0  9.1906e-10
8045.0  9.17079e-10
8050.0  9.17822e-10
8055.0  9.16715e-10
8060.0  9.12704e-10
8065.0  9.143e-10
8070.0  9.11209e-10
8075.0  9.10548e-10
8080.0  9.09906e-10
8085.0  9.07179e-10
8090.0  9.05543e-10
8095.0  9.05827e-10
8100.0  9.09329e-10
8105.0  9.13845e-10
8110.0  9.08018e-10
8115.0  9.05855e-10
8120.0  9.08991e-10
8125.0  9.02913e-10
8130.0  8.92324e-10
8135.0  8.85789e-10
8140.0  8.83284e-10
8145.0  8.73366e-10
8150.0  8.61539e-10
8155.0  8.53541e-10
8160.0  8.44115e-10
8165.0  8.29649e-10
8170.0  8.44302e-10
8175.0  8.56727e-10
8180.0  8.47408e-10
8185.0  8.58381e-10
8190.0  8.62943e-10
8195.0  8.61144e-10
8200.0  8.59716e-10
8205.0  8.78594e-10
8210.0  8.86528e-10
8215.0  8.78972e-10
8220.0  8.64846e-10
8225.0  8.27549e-10
8230.0  7.86896e-10
8235.0  8.14572e-10
8240.0  8.50131e-10
8245.0  8.56709e-10
8250.0  8.62357e-10
8255.0  8.52968e-10
8260.0  8.44024e-10
8265.0  8.47866e-10
8270.0  8.46441e-10
8275.0  8.27776e-10
8280.0  8.24516e-10
8285.0  8.25835e-10
8290.0  8.21903e-10
8295.0  8.22321e-10
8300.0  8.24111e-10
8305.0  8.19988e-10
8310.0  8.23883e-10
8315.0  8.22926e-10
8320.0  8.13603e-10
8325.0  8.17007e-10
8330.0  8.22618e-10
8335.0  8.20324e-10
8340.0  8.15129e-10
8345.0  8.15123e-10
8350.0  8.17465e-10
8355.0  8.14222e-10
8360.0  8.08931e-10
8365.0  8.06588e-10
8370.0  8.0858e-10
8375.0  8.05988e-10
8380.0  8.05922e-10
8385.0  8.05377e-10
8390.0  8.02166e-10
8395.0  8.02257e-10
8400.0  8.00919e-10
8405.0  7.96524e-10
8410.0  7.92257e-10
8415.0  7.92376e-10
8420.0  7.91271e-10
8425.0  7.93237e-10
8430.0  7.89709e-10
8435.0  7.83741e-10
8440.0  7.79578e-10
8445.0  7.72792e-10
8450.0  7.76444e-10
8455.0  7.78928e-10
8460.0  7.77211e-10
8465.0  7.72511e-10
8470.0  7.72528e-10
8475.0  7.72826e-10
8480.0  7.7434e-10
8485.0  7.74348e-10
8490.0  7.72855e-10
8495.0  7.63733e-10
8500.0  7.58231e-10
8505.0  7.56755e-10
8510.0  7.57563e-10
8515.0  7.6141e-10
8520.0  7.62596e-10
8525.0  7.6783e-10
8530.0  7.6117e-10
8535.0  7.5534e-10
8540.0  7.48845e-10
8545.0  7.38431e-10
8550.0  7.35737e-10
8555.0  7.49879e-10
8560.0  7.55653e-10
8565.0  7.59054e-10
8570.0  7.59858e-10
8575.0  7.56313e-10
8580.0  7.46568e-10
8585.0  7.40064e-10
8590.0  7.34822e-10
8595.0  7.21713e-10
8600.0  7.12513e-10
8605.0  7.26324e-10
8610.0  7.42422e-10
8615.0  7.52041e-10
8620.0  7.55719e-10
8625.0  7.56294e-10
8630.0  7.62185e-10
8635.0  7.62627e-10
8640.0  7.60312e-10
8645.0  7.53832e-10
8650.0  7.44187e-10
8655.0  7.33409e-10
8660.0  7.16425e-10
8665.0  6.97849e-10
8670.0  6.99979e-10
8675.0  7.19071e-10
8680.0  7.36397e-10
8685.0  7.46096e-10
8690.0  7.53764e-10
8695.0  7.59738e-10
8700.0  7.71021e-10
8705.0  7.71983e-10
8710.0  7.657e-10
8715.0  7.67905e-10
8720.0  7.61111e-10
8725.0  7.55426e-10
8730.0  7.45332e-10
8735.0  7.30598e-10
8740.0  7.16958e-10
8745.0  6.95547e-10
8750.0  6.75703e-10
8755.0  6.72936e-10
8760.0  6.90135e-10
8765.0  7.10295e-10
8770.0  7.17714e-10
8775.0  7.17552e-10
8780.0  7.23438e-10
8785.0  7.29915e-10
8790.0  7.34465e-10
8795.0  7.34813e-10
8800.0  7.34874e-10
8805.0  7.39896e-10
8810.0  7.36442e-10
8815.0  7.35276e-10
8820.0  7.34432e-10
8825.0  7.23953e-10
8830.0  7.21411e-10
8835.0  7.16748e-10
8840.0  7.10263e-10
8845.0  6.96914e-10
8850.0  6.84666e-10
8855.0  6.65954e-10
8860.0  6.37934e-10
8865.0  6.24359e-10
8870.0  6.41611e-10
8875.0  6.64891e-10
8880.0  6.82845e-10
8885.0  6.92845e-10
8890.0  7.03273e-10
8895.0  7.07432e-10
8900.0  7.09285e-10
8905.0  7.13572e-10
8910.0  7.11459e-10
8915.0  7.036e-10
8920.0  7.05235e-10
8925.0  7.04206e-10
8930.0  6.99536e-10
8935.0  6.98026e-10
8940.0  6.9964e-10
8945.0  6.92195e-10
8950.0  6.86011e-10
8955.0  6.81669e-10
8960.0  6.80798e-10
8965.0  6.66926e-10
8970.0  6.65446e-10
8975.0  6.6373e-10
8980.0  6.61167e-10
8985.0  6.41949e-10
8990.0  6.12109e-10
8995.0  6.13008e-10
9000.0  6.11211e-10
9005.0  5.9891e-10
9010.0  5.83054e-10
9015.0  5.58972e-10
9020.0  5.69828e-10
9025.0  6.01752e-10
9030.0  6.34019e-10
9035.0  6.65318e-10
9040.0  6.80507e-10
9045.0  6.81392e-10
9050.0  6.84047e-10
9055.0  6.74207e-10
9060.0  6.61765e-10
9065.0  6.41708e-10
9070.0  6.29408e-10
9075.0  6.24992e-10
9080.0  6.27569e-10
9085.0  6.18189e-10
9090.0  6.19998e-10
9095.0  6.28917e-10
9100.0  6.24977e-10
9105.0  6.2352e-10
9110.0  6.30588e-10
9115.0  6.41745e-10
9120.0  6.34465e-10
9125.0  6.36999e-10
9130.0  6.21377e-10
9135.0  6.05334e-10
9140.0  6.11498e-10
9145.0  6.262e-10
9150.0  6.143e-10
9155.0  5.84891e-10
9160.0  5.99119e-10
9165.0  6.18934e-10
9170.0  6.12433e-10
9175.0  5.89473e-10
9180.0  5.96062e-10
9185.0  6.17688e-10
9190.0  6.20365e-10
9195.0  6.15409e-10
9200.0  6.17237e-10
9205.0  6.11673e-10
9210.0  5.96972e-10
9215.0  5.81698e-10
9220.0  5.70007e-10
9225.0  5.49981e-10
9230.0  5.25168e-10
9235.0  5.33747e-10
9240.0  5.58536e-10
9245.0  5.7816e-10
9250.0  5.95395e-10
9255.0  6.1304e-10
9260.0  6.15792e-10
9265.0  6.23433e-10
9270.0  6.35059e-10
9275.0  6.32929e-10
9280.0  6.21111e-10
9285.0  6.18234e-10
9290.0  6.20223e-10
9295.0  6.1083e-10
9300.0  5.89095e-10
9305.0  5.82621e-10
9310.0  5.67487e-10
9315.0  5.37682e-10
9320.0  5.06933e-10
9325.0  5.15391e-10
9330.0  5.14781e-10
9335.0  4.93875e-10
9340.0  4.72187e-10
9345.0  4.4733e-10
9350.0  5.03435e-10
9355.0  4.98796e-10
9360.0  4.91727e-10
9365.0  5.21366e-10
9370.0  5.06593e-10
9375.0  5.11957e-10
9380.0  5.13584e-10
9385.0  5.44628e-10
9390.0  6.08624e-10
9395.0  6.54798e-10
9400.0  6.42347e-10
9405.0  6.31514e-10
9410.0  6.1476e-10
9415.0  6.13187e-10
9420.0  6.04019e-10
9425.0  5.69817e-10
9430.0  5.19692e-10
9435.0  5.37011e-10
9440.0  5.09348e-10
9445.0  4.93293e-10
9450.0  5.35626e-10
9455.0  5.26621e-10
9460.0  4.98354e-10
9465.0  5.14816e-10
9470.0  5.4018e-10
9475.0  5.56918e-10
9480.0  5.43624e-10
9485.0  5.414e-10
9490.0  5.83729e-10
9495.0  5.39528e-10
9500.0  5.01723e-10
9505.0  5.38555e-10
9510.0  5.8931e-10
9515.0  5.60869e-10
9520.0  4.93967e-10
9525.0  4.8089e-10
9530.0  4.69426e-10
9535.0  4.82478e-10
9540.0  4.89385e-10
9545.0  4.65869e-10
9550.0  4.59029e-10
9555.0  4.71757e-10
9560.0  4.90011e-10
9565.0  5.09217e-10
9570.0  5.16304e-10
9575.0  5.49273e-10
9580.0  5.45782e-10
9585.0  5.21635e-10
9590.0  5.07664e-10
9595.0  5.06493e-10
9600.0  5.21956e-10
9605.0  5.23094e-10
9610.0  5.20534e-10
9615.0  5.30466e-10
9620.0  5.1601e-10
9625.0  4.90237e-10
9630.0  5.06241e-10
9635.0  5.09179e-10
9640.0  5.0081e-10
9645.0  5.02459e-10
9650.0  5.00727e-10
9655.0  5.09947e-10
9660.0  5.04588e-10
9665.0  4.9007e-10
9670.0  5.00068e-10
9675.0  5.19553e-10
9680.0  5.22095e-10
9685.0  5.17512e-10
9690.0  5.19665e-10
9695.0  5.24323e-10
9700.0  5.19034e-10
9705.0  5.1588e-10
9710.0  5.12546e-10
9715.0  5.05342e-10
9720.0  5.12999e-10
9725.0  4.99737e-10
9730.0  4.98001e-10
9735.0  4.82718e-10
9740.0  4.82306e-10
9745.0  4.81516e-10
9750.0  4.7445e-10
9755.0  4.68478e-10
9760.0  4.82517e-10
9765.0  4.78852e-10
9770.0  4.96451e-10
9775.0  4.92373e-10
9780.0  4.86888e-10
9785.0  4.79494e-10
9790.0  4.86971e-10
9795.0  4.83995e-10
9800.0  4.78151e-10
9805.0  4.78276e-10
9810.0  4.89326e-10
9815.0  4.82612e-10
9820.0  4.75193e-10
9825.0  4.70491e-10
9830.0  4.79163e-10
9835.0  4.83603e-10
9840.0  4.83889e-10
9845.0  4.75713e-10
9850.0  4.69606e-10
9855.0  4.70907e-10
9860.0  4.73937e-10
9865.0  4.7058e-10
9870.0  4.72419e-10
9875.0  4.65693e-10
9880.0  4.76391e-10
9885.0  4.67865e-10
9890.0  4.67424e-10
9895.0  4.67492e-10
9900.0  4.72977e-10
9905.0  4.76646e-10
9910.0  4.7453e-10
9915.0  4.60888e-10
9920.0  4.6887e-10
9925.0  4.68796e-10
9930.0  4.66576e-10
9935.0  4.62994e-10
9940.0  4.70023e-10
9945.0  4.73124e-10
9950.0  4.57898e-10
9955.0  4.43767e-10
9960.0  4.58156e-10
9965.0  4.56821e-10
9970.0  4.48269e-10
9975.0  4.49777e-10
9980.0  4.53694e-10
9985.0  4.48568e-10
9990.0  4.54075e-10
9995.0  4.52056e-10
10000.0  4.52882e-10
10005.0  4.47085e-10
10010.0  4.44307e-10
10015.0  4.41147e-10
10020.0  4.38597e-10
10025.0  4.28942e-10
10030.0  4.18554e-10
10035.0  4.10891e-10
10040.0  4.07456e-10
10045.0  4.02681e-10
10050.0  3.94982e-10
10055.0  3.98071e-10
10060.0  4.02009e-10
10065.0  4.14119e-10
10070.0  4.1666e-10
10075.0  4.17544e-10
10080.0  4.27836e-10
10085.0  4.25793e-10
10090.0  4.2813e-10
10095.0  4.31309e-10
10100.0  4.32557e-10
10105.0  4.27821e-10
10110.0  4.344e-10
10115.0  4.2918e-10
10120.0  4.21971e-10
10125.0  4.22725e-10
10130.0  4.27563e-10
10135.0  4.27797e-10
10140.0  4.27781e-10
10145.0  4.24922e-10
10150.0  4.22637e-10
10155.0  4.21863e-10
10160.0  4.21438e-10
10165.0  4.21131e-10
10170.0  4.20897e-10
10175.0  4.20701e-10
10180.0  4.20501e-10
10185.0  4.20259e-10
10190.0  4.1994e-10
10195.0  4.19497e-10
10200.0  4.18898e-10
10205.0  4.18122e-10
10210.0  4.17189e-10
10215.0  4.16131e-10
10220.0  4.1499e-10
10225.0  4.13803e-10
10230.0  4.12606e-10
10235.0  4.11435e-10
10240.0  4.10333e-10
10245.0  4.09332e-10
10250.0  4.08472e-10
10255.0  4.07772e-10
10260.0  4.07223e-10
10265.0  4.06797e-10
10270.0  4.06468e-10
10275.0  4.06204e-10
10280.0  4.05983e-10
10285.0  4.05774e-10
10290.0  4.05551e-10
10295.0  4.05283e-10
10300.0  4.04948e-10
10305.0  4.04522e-10
10310.0  4.04012e-10
10315.0  4.03421e-10
10320.0  4.02764e-10
10325.0  4.02052e-10
10330.0  4.0129e-10
10335.0  4.0049e-10
10340.0  3.99665e-10
10345.0  3.98825e-10
10350.0  3.97978e-10
10355.0  3.97132e-10
10360.0  3.963e-10
10365.0  3.95486e-10
10370.0  3.94699e-10
10375.0  3.93949e-10
10380.0  3.9324e-10
10385.0  3.92584e-10
10390.0  3.91988e-10
10395.0  3.91458e-10
10400.0  3.91004e-10
10405.0  3.90626e-10
10410.0  3.90309e-10
10415.0  3.90032e-10
10420.0  3.89775e-10
10425.0  3.89519e-10
10430.0  3.89242e-10
10435.0  3.88921e-10
10440.0  3.88535e-10
10445.0  3.88063e-10
10450.0  3.87488e-10
10455.0  3.86795e-10
10460.0  3.85987e-10
10465.0  3.85081e-10
10470.0  3.84084e-10
10475.0  3.83015e-10
10480.0  3.81887e-10
10485.0  3.80712e-10
10490.0  3.79502e-10
10495.0  3.78271e-10
10500.0  3.7703e-10
10505.0  3.75794e-10
10510.0  3.74562e-10
10515.0  3.73339e-10
10520.0  3.72118e-10
10525.0  3.70904e-10
10530.0  3.69695e-10
10535.0  3.68494e-10
10540.0  3.67298e-10
10545.0  3.66106e-10
10550.0  3.6492e-10
10555.0  3.63739e-10
10560.0  3.62564e-10
10565.0  3.61396e-10
10570.0  3.60233e-10
10575.0  3.59076e-10
10580.0  3.57924e-10
10585.0  3.56777e-10
10590.0  3.55636e-10
10595.0  3.54501e-10
10600.0  3.53371e-10
10605.0  3.52245e-10
10610.0  3.51126e-10
10615.0  3.50014e-10
10620.0  2.61796e-10
