# Extracted from file: pickles_110.fits
#SIMPLETrueFits standard
#BITPIX16Bits per pixel
#NAXIS0Number of axes
#EXTENDTrueFile may contain extensions
#DATE2007-01-11T20:44:28Date FITS file was generated
#IRAF-TLM15:44:44 (11/01/2007)Time of last modification
#COMMENT  FITS (Flexible Image Transport System) format is defined in 'Astronomy
#COMMENT  and Astrophysics', volume 376, page 359; bibcode: 2001A&A...376..359H
#ORIGINSTScI-STSDAS/TABLESTables version 2002-02-22
#FILENAMEpickles_110.fitsname of file
#NEXTEND1number of extensions in file
#COMMENT1spectral type: G5II
#COMMENT2metallicity: solar
#COMMENT3original filename: g5ii.dat
#HISTORY  File created by F.R.Boffi.
#HISTORY  SEDs from Pickles UVILIB Library (1998, PASP 110, 863).
#HISTORY  Wavelength is in Angstrom.
#HISTORY  Fluxes are tabulated in units of erg/s/cm^2/A
#HISTORY  and were calculated by normalizing the original fluxes
#HISTORY  in the Pickles V band to a 0 magnitude in vegamag.
#HISTORY  In the vegamag system, Vega has magnitude zero in all passbands.
#HISTORY  Please refer to the SYNPHOT manual for further information.
#
#
#
#
#
#
#
#
#
#
#
#
#
#  
#Columns WAVELENGTH FLUX
#Units  angstroms flam
1150.0  0.0
1155.0  0.0
1160.0  0.0
1165.0  0.0
1170.0  0.0
1175.0  0.0
1180.0  0.0
1185.0  0.0
1190.0  0.0
1195.0  0.0
1200.0  0.0
1205.0  0.0
1210.0  0.0
1215.0  0.0
1220.0  0.0
1225.0  0.0
1230.0  0.0
1235.0  0.0
1240.0  0.0
1245.0  0.0
1250.0  0.0
1255.0  0.0
1260.0  0.0
1265.0  0.0
1270.0  0.0
1275.0  0.0
1280.0  0.0
1285.0  0.0
1290.0  0.0
1295.0  0.0
1300.0  0.0
1305.0  0.0
1310.0  0.0
1315.0  0.0
1320.0  0.0
1325.0  0.0
1330.0  0.0
1335.0  0.0
1340.0  0.0
1345.0  0.0
1350.0  0.0
1355.0  0.0
1360.0  0.0
1365.0  0.0
1370.0  0.0
1375.0  0.0
1380.0  0.0
1385.0  0.0
1390.0  0.0
1395.0  0.0
1400.0  0.0
1405.0  0.0
1410.0  0.0
1415.0  0.0
1420.0  0.0
1425.0  0.0
1430.0  0.0
1435.0  0.0
1440.0  0.0
1445.0  0.0
1450.0  0.0
1455.0  0.0
1460.0  0.0
1465.0  0.0
1470.0  0.0
1475.0  0.0
1480.0  0.0
1485.0  0.0
1490.0  0.0
1495.0  0.0
1500.0  0.0
1505.0  0.0
1510.0  0.0
1515.0  0.0
1520.0  0.0
1525.0  0.0
1530.0  0.0
1535.0  0.0
1540.0  0.0
1545.0  0.0
1550.0  0.0
1555.0  0.0
1560.0  0.0
1565.0  0.0
1570.0  0.0
1575.0  0.0
1580.0  0.0
1585.0  0.0
1590.0  0.0
1595.0  0.0
1600.0  0.0
1605.0  0.0
1610.0  0.0
1615.0  0.0
1620.0  0.0
1625.0  0.0
1630.0  0.0
1635.0  0.0
1640.0  0.0
1645.0  0.0
1650.0  0.0
1655.0  0.0
1660.0  0.0
1665.0  0.0
1670.0  0.0
1675.0  0.0
1680.0  0.0
1685.0  0.0
1690.0  0.0
1695.0  0.0
1700.0  0.0
1705.0  0.0
1710.0  0.0
1715.0  0.0
1720.0  0.0
1725.0  0.0
1730.0  0.0
1735.0  0.0
1740.0  0.0
1745.0  0.0
1750.0  0.0
1755.0  0.0
1760.0  0.0
1765.0  0.0
1770.0  0.0
1775.0  0.0
1780.0  0.0
1785.0  0.0
1790.0  0.0
1795.0  0.0
1800.0  0.0
1805.0  0.0
1810.0  0.0
1815.0  0.0
1820.0  0.0
1825.0  0.0
1830.0  0.0
1835.0  0.0
1840.0  0.0
1845.0  0.0
1850.0  4.62717e-16
1855.0  3.69424e-15
1860.0  6.92329e-15
1865.0  7.84622e-15
1870.0  1.10777e-14
1875.0  1.43068e-14
1880.0  1.4767e-14
1885.0  1.43043e-14
1890.0  1.10728e-14
1895.0  6.91839e-15
1900.0  9.20511e-16
1905.0  0.0
1910.0  0.0
1915.0  0.0
1920.0  0.0
1925.0  0.0
1930.0  0.0
1935.0  0.0
1940.0  0.0
1945.0  0.0
1950.0  4.62653e-15
1955.0  3.78664e-14
1960.0  8.12469e-14
1965.0  1.25085e-13
1970.0  1.64767e-13
1975.0  1.93831e-13
1980.0  2.07664e-13
1985.0  1.99804e-13
1990.0  1.65636e-13
1995.0  9.87013e-14
2000.0  1.28888e-14
2005.0  0.0
2010.0  0.0
2015.0  0.0
2020.0  0.0
2025.0  0.0
2030.0  0.0
2035.0  0.0
2040.0  0.0
2045.0  0.0
2050.0  6.70763e-14
2055.0  5.51821e-13
2060.0  1.21225e-12
2065.0  1.96911e-12
2070.0  2.79194e-12
2075.0  3.64843e-12
2080.0  4.50861e-12
2085.0  5.342e-12
2090.0  6.11399e-12
2095.0  6.79597e-12
2100.0  7.35519e-12
2105.0  7.77597e-12
2110.0  8.05878e-12
2115.0  8.22022e-12
2120.0  8.28062e-12
2125.0  8.25289e-12
2130.0  8.15224e-12
2135.0  7.99855e-12
2140.0  7.80565e-12
2145.0  7.59289e-12
2150.0  7.37371e-12
2155.0  7.16467e-12
2160.0  6.97732e-12
2165.0  6.81998e-12
2170.0  6.70326e-12
2175.0  6.6373e-12
2180.0  6.62857e-12
2185.0  6.69137e-12
2190.0  6.83032e-12
2195.0  7.05972e-12
2200.0  7.38604e-12
2205.0  7.81665e-12
2210.0  8.34323e-12
2215.0  8.95519e-12
2220.0  9.64374e-12
2225.0  1.0396e-11
2230.0  1.12026e-11
2235.0  1.20508e-11
2240.0  1.29318e-11
2245.0  1.38349e-11
2250.0  1.47486e-11
2255.0  1.566e-11
2260.0  1.65626e-11
2265.0  1.74436e-11
2270.0  1.82917e-11
2275.0  1.90984e-11
2280.0  1.98505e-11
2285.0  2.0539e-11
2290.0  2.11509e-11
2295.0  2.16774e-11
2300.0  2.21083e-11
2305.0  2.24373e-11
2310.0  2.26679e-11
2315.0  2.28124e-11
2320.0  2.28765e-11
2325.0  2.28704e-11
2330.0  2.28049e-11
2335.0  2.26876e-11
2340.0  2.2527e-11
2345.0  2.23355e-11
2350.0  2.212e-11
2355.0  2.18989e-11
2360.0  2.17042e-11
2365.0  2.15732e-11
2370.0  2.15488e-11
2375.0  2.16717e-11
2380.0  2.19796e-11
2385.0  2.25122e-11
2390.0  2.33079e-11
2395.0  2.44097e-11
2400.0  2.58547e-11
2405.0  2.76472e-11
2410.0  2.97198e-11
2415.0  3.19704e-11
2420.0  3.42986e-11
2425.0  3.66036e-11
2430.0  3.87802e-11
2435.0  4.07275e-11
2440.0  4.23424e-11
2445.0  4.35217e-11
2450.0  4.41679e-11
2455.0  4.42392e-11
2460.0  4.38227e-11
2465.0  4.30653e-11
2470.0  4.21137e-11
2475.0  4.11197e-11
2480.0  4.02269e-11
2485.0  3.95851e-11
2490.0  3.93454e-11
2495.0  3.96553e-11
2500.0  4.06534e-11
2505.0  4.24111e-11
2510.0  4.48041e-11
2515.0  4.76354e-11
2520.0  5.06972e-11
2525.0  5.37905e-11
2530.0  5.67067e-11
2535.0  5.92404e-11
2540.0  6.11926e-11
2545.0  6.23555e-11
2550.0  6.25373e-11
2555.0  6.16646e-11
2560.0  5.99634e-11
2565.0  5.77823e-11
2570.0  5.54828e-11
2575.0  5.34235e-11
2580.0  5.19624e-11
2585.0  5.14585e-11
2590.0  5.22747e-11
2595.0  5.47652e-11
2600.0  5.92752e-11
2605.0  6.5974e-11
2610.0  7.45932e-11
2615.0  8.46916e-11
2620.0  9.5807e-11
2625.0  1.07486e-10
2630.0  1.19268e-10
2635.0  1.30695e-10
2640.0  1.4131e-10
2645.0  1.50652e-10
2650.0  1.58279e-10
2655.0  1.63897e-10
2660.0  1.67601e-10
2665.0  1.69629e-10
2670.0  1.70241e-10
2675.0  1.69696e-10
2680.0  1.68248e-10
2685.0  1.66157e-10
2690.0  1.63675e-10
2695.0  1.61064e-10
2700.0  1.58576e-10
2705.0  1.56395e-10
2710.0  1.54552e-10
2715.0  1.53016e-10
2720.0  1.51744e-10
2725.0  1.50698e-10
2730.0  1.49837e-10
2735.0  1.49124e-10
2740.0  1.4852e-10
2745.0  1.47981e-10
2750.0  1.47474e-10
2755.0  1.46972e-10
2760.0  1.46496e-10
2765.0  1.46076e-10
2770.0  1.45747e-10
2775.0  1.45538e-10
2780.0  1.45486e-10
2785.0  1.45624e-10
2790.0  1.45986e-10
2795.0  1.46607e-10
2800.0  1.47521e-10
2805.0  1.48821e-10
2810.0  1.50732e-10
2815.0  1.53529e-10
2820.0  1.57497e-10
2825.0  1.62914e-10
2830.0  1.70062e-10
2835.0  1.79226e-10
2840.0  1.90683e-10
2845.0  2.04718e-10
2850.0  2.21591e-10
2855.0  2.41377e-10
2860.0  2.63656e-10
2865.0  2.87815e-10
2870.0  3.13227e-10
2875.0  3.39262e-10
2880.0  3.65294e-10
2885.0  3.90689e-10
2890.0  4.14823e-10
2895.0  4.37064e-10
2900.0  4.56797e-10
2905.0  4.73548e-10
2910.0  4.87207e-10
2915.0  4.97808e-10
2920.0  5.0539e-10
2925.0  5.09999e-10
2930.0  5.11682e-10
2935.0  5.10477e-10
2940.0  5.06435e-10
2945.0  4.99598e-10
2950.0  4.90025e-10
2955.0  4.77958e-10
2960.0  4.64099e-10
2965.0  4.49318e-10
2970.0  4.34516e-10
2975.0  4.20584e-10
2980.0  4.08415e-10
2985.0  3.98907e-10
2990.0  3.92951e-10
2995.0  3.91441e-10
3000.0  3.95235e-10
3005.0  4.04761e-10
3010.0  4.19382e-10
3015.0  4.38041e-10
3020.0  4.59637e-10
3025.0  4.83069e-10
3030.0  5.07239e-10
3035.0  5.31048e-10
3040.0  5.53393e-10
3045.0  5.7318e-10
3050.0  5.89342e-10
3055.0  6.01187e-10
3060.0  6.08985e-10
3065.0  6.13365e-10
3070.0  6.15006e-10
3075.0  6.14574e-10
3080.0  6.12744e-10
3085.0  6.10188e-10
3090.0  6.07577e-10
3095.0  6.05587e-10
3100.0  6.04869e-10
3105.0  6.05882e-10
3110.0  6.08603e-10
3115.0  6.12804e-10
3120.0  6.18247e-10
3125.0  6.24695e-10
3130.0  6.31906e-10
3135.0  6.39639e-10
3140.0  6.47654e-10
3145.0  6.55716e-10
3150.0  6.63583e-10
3155.0  6.71058e-10
3160.0  6.78033e-10
3165.0  6.84441e-10
3170.0  6.90211e-10
3175.0  6.95279e-10
3180.0  6.99577e-10
3185.0  7.0304e-10
3190.0  7.05596e-10
3195.0  7.07182e-10
3200.0  7.07747e-10
3205.0  7.19072e-10
3210.0  7.88786e-10
3215.0  8.0088e-10
3220.0  7.83984e-10
3225.0  7.31495e-10
3230.0  6.89453e-10
3235.0  7.43679e-10
3240.0  8.28869e-10
3245.0  8.5573e-10
3250.0  8.85594e-10
3255.0  9.90872e-10
3260.0  1.11572e-09
3265.0  1.17739e-09
3270.0  1.15683e-09
3275.0  1.07914e-09
3280.0  1.01676e-09
3285.0  1.0324e-09
3290.0  1.11612e-09
3295.0  1.21419e-09
3300.0  1.23511e-09
3305.0  1.13209e-09
3310.0  1.00854e-09
3315.0  9.74894e-10
3320.0  1.00969e-09
3325.0  1.04648e-09
3330.0  1.03866e-09
3335.0  9.816e-10
3340.0  9.53012e-10
3345.0  1.00444e-09
3350.0  1.04186e-09
3355.0  9.75104e-10
3360.0  8.69917e-10
3365.0  8.21889e-10
3370.0  8.44536e-10
3375.0  9.07987e-10
3380.0  9.57526e-10
3385.0  9.67797e-10
3390.0  1.0079e-09
3395.0  1.12354e-09
3400.0  1.20926e-09
3405.0  1.16985e-09
3410.0  1.08821e-09
3415.0  1.07519e-09
3420.0  1.13177e-09
3425.0  1.20271e-09
3430.0  1.20419e-09
3435.0  1.10268e-09
3440.0  1.01658e-09
3445.0  1.04793e-09
3450.0  1.10837e-09
3455.0  1.09945e-09
3460.0  1.08553e-09
3465.0  1.13697e-09
3470.0  1.17588e-09
3475.0  1.12265e-09
3480.0  1.04414e-09
3485.0  1.0305e-09
3490.0  1.08195e-09
3495.0  1.1598e-09
3500.0  1.21833e-09
3505.0  1.19627e-09
3510.0  9.86759e-10
3515.0  9.66037e-10
3520.0  9.3407e-10
3525.0  8.94421e-10
3530.0  9.40803e-10
3535.0  1.01896e-09
3540.0  1.07004e-09
3545.0  1.00855e-09
3550.0  9.60432e-10
3555.0  9.31002e-10
3560.0  8.81459e-10
3565.0  7.84173e-10
3570.0  7.50626e-10
3575.0  7.28055e-10
3580.0  6.64642e-10
3585.0  6.61093e-10
3590.0  7.91068e-10
3595.0  1.02471e-09
3600.0  1.12245e-09
3605.0  1.03684e-09
3610.0  9.51416e-10
3615.0  9.71227e-10
3620.0  1.03826e-09
3625.0  1.15009e-09
3630.0  1.1739e-09
3635.0  1.18057e-09
3640.0  1.1977e-09
3645.0  1.14759e-09
3650.0  1.16247e-09
3655.0  1.33497e-09
3660.0  1.43172e-09
3665.0  1.4105e-09
3670.0  1.38075e-09
3675.0  1.37183e-09
3680.0  1.33924e-09
3685.0  1.31464e-09
3690.0  1.33648e-09
3695.0  1.41524e-09
3700.0  1.44825e-09
3705.0  1.34259e-09
3710.0  1.33573e-09
3715.0  1.3628e-09
3720.0  1.29274e-09
3725.0  1.29757e-09
3730.0  1.22171e-09
3735.0  1.12286e-09
3740.0  1.11358e-09
3745.0  1.06779e-09
3750.0  1.11518e-09
3755.0  1.2164e-09
3760.0  1.21644e-09
3765.0  1.24869e-09
3770.0  1.33931e-09
3775.0  1.44739e-09
3780.0  1.48952e-09
3785.0  1.38016e-09
3790.0  1.20011e-09
3795.0  1.11371e-09
3800.0  1.1656e-09
3805.0  1.24913e-09
3810.0  1.24021e-09
3815.0  1.06312e-09
3820.0  8.89535e-10
3825.0  7.96688e-10
3830.0  7.64932e-10
3835.0  7.7549e-10
3840.0  8.15765e-10
3845.0  8.70456e-10
3850.0  8.81256e-10
3855.0  8.50825e-10
3860.0  8.16974e-10
3865.0  8.19342e-10
3870.0  8.36784e-10
3875.0  8.87557e-10
3880.0  9.74307e-10
3885.0  1.1422e-09
3890.0  1.33987e-09
3895.0  1.48057e-09
3900.0  1.51527e-09
3905.0  1.4919e-09
3910.0  1.4987e-09
3915.0  1.46526e-09
3920.0  1.29833e-09
3925.0  1.00811e-09
3930.0  6.89674e-10
3935.0  6.19875e-10
3940.0  8.17443e-10
3945.0  1.13541e-09
3950.0  1.43171e-09
3955.0  1.51348e-09
3960.0  1.28732e-09
3965.0  8.65983e-10
3970.0  7.38926e-10
3975.0  1.12229e-09
3980.0  1.62505e-09
3985.0  1.90953e-09
3990.0  2.02201e-09
3995.0  2.08271e-09
4000.0  2.13534e-09
4005.0  2.15815e-09
4010.0  2.24196e-09
4015.0  2.33574e-09
4020.0  2.36612e-09
4025.0  2.34001e-09
4030.0  2.28321e-09
4035.0  2.31985e-09
4040.0  2.34054e-09
4045.0  2.25513e-09
4050.0  2.23077e-09
4055.0  2.14603e-09
4060.0  2.11325e-09
4065.0  2.1722e-09
4070.0  2.21084e-09
4075.0  2.17552e-09
4080.0  2.25192e-09
4085.0  2.41479e-09
4090.0  2.49024e-09
4095.0  2.36564e-09
4100.0  2.22479e-09
4105.0  2.27882e-09
4110.0  2.38586e-09
4115.0  2.40842e-09
4120.0  2.34425e-09
4125.0  2.25055e-09
4130.0  2.18172e-09
4135.0  2.22172e-09
4140.0  2.24621e-09
4145.0  2.20009e-09
4150.0  2.14882e-09
4155.0  2.15919e-09
4160.0  2.22946e-09
4165.0  2.25785e-09
4170.0  2.17942e-09
4175.0  2.06285e-09
4180.0  2.07433e-09
4185.0  2.20088e-09
4190.0  2.24366e-09
4195.0  2.1424e-09
4200.0  2.10438e-09
4205.0  2.23604e-09
4210.0  2.37145e-09
4215.0  2.45678e-09
4220.0  2.48101e-09
4225.0  2.33845e-09
4230.0  2.36195e-09
4235.0  2.39034e-09
4240.0  2.46907e-09
4245.0  2.52158e-09
4250.0  2.48477e-09
4255.0  2.46668e-09
4260.0  2.46388e-09
4265.0  2.49037e-09
4270.0  2.42175e-09
4275.0  2.44388e-09
4280.0  2.46431e-09
4285.0  2.38535e-09
4290.0  2.26466e-09
4295.0  2.11461e-09
4300.0  1.89824e-09
4305.0  1.77086e-09
4310.0  1.92888e-09
4315.0  2.43893e-09
4320.0  2.76509e-09
4325.0  2.74965e-09
4330.0  2.72984e-09
4335.0  2.63482e-09
4340.0  2.54301e-09
4345.0  2.69117e-09
4350.0  2.79853e-09
4355.0  2.88059e-09
4360.0  2.9745e-09
4365.0  3.00286e-09
4370.0  2.92106e-09
4375.0  2.83196e-09
4380.0  2.67298e-09
4385.0  2.51014e-09
4390.0  2.53524e-09
4395.0  2.65673e-09
4400.0  2.73473e-09
4405.0  2.74566e-09
4410.0  2.83799e-09
4415.0  2.88133e-09
4420.0  2.91872e-09
4425.0  2.92537e-09
4430.0  2.91221e-09
4435.0  2.89882e-09
4440.0  2.94272e-09
4445.0  3.0174e-09
4450.0  3.0296e-09
4455.0  2.87262e-09
4460.0  2.75882e-09
4465.0  2.86009e-09
4470.0  3.04492e-09
4475.0  3.22395e-09
4480.0  3.28155e-09
4485.0  3.30018e-09
4490.0  3.23556e-09
4495.0  3.22569e-09
4500.0  3.36936e-09
4505.0  3.52859e-09
4510.0  3.54046e-09
4515.0  3.43681e-09
4520.0  3.30504e-09
4525.0  3.10367e-09
4530.0  3.019e-09
4535.0  3.11833e-09
4540.0  3.18306e-09
4545.0  3.15811e-09
4550.0  3.12407e-09
4555.0  3.20255e-09
4560.0  3.29837e-09
4565.0  3.34283e-09
4570.0  3.36065e-09
4575.0  3.32213e-09
4580.0  3.26404e-09
4585.0  3.27523e-09
4590.0  3.28313e-09
4595.0  3.24844e-09
4600.0  3.28839e-09
4605.0  3.40922e-09
4610.0  3.50954e-09
4615.0  3.55168e-09
4620.0  3.58759e-09
4625.0  3.59494e-09
4630.0  3.55846e-09
4635.0  3.46265e-09
4640.0  3.37476e-09
4645.0  3.27629e-09
4650.0  3.31802e-09
4655.0  3.40675e-09
4660.0  3.41946e-09
4665.0  3.24332e-09
4670.0  3.20392e-09
4675.0  3.31711e-09
4680.0  3.40063e-09
4685.0  3.44731e-09
4690.0  3.43418e-09
4695.0  3.39697e-09
4700.0  3.32938e-09
4705.0  3.29023e-09
4710.0  3.31615e-09
4715.0  3.46339e-09
4720.0  3.56548e-09
4725.0  3.46542e-09
4730.0  3.34412e-09
4735.0  3.39406e-09
4740.0  3.50011e-09
4745.0  3.58623e-09
4750.0  3.61283e-09
4755.0  3.55583e-09
4760.0  3.47911e-09
4765.0  3.43903e-09
4770.0  3.55137e-09
4775.0  3.70148e-09
4780.0  3.743e-09
4785.0  3.64209e-09
4790.0  3.5892e-09
4795.0  3.6433e-09
4800.0  3.67398e-09
4805.0  3.62996e-09
4810.0  3.60657e-09
4815.0  3.6772e-09
4820.0  3.71257e-09
4825.0  3.66558e-09
4830.0  3.59474e-09
4835.0  3.55613e-09
4840.0  3.57239e-09
4845.0  3.62216e-09
4850.0  3.56137e-09
4855.0  3.31722e-09
4860.0  3.10053e-09
4865.0  3.15293e-09
4870.0  3.30578e-09
4875.0  3.43321e-09
4880.0  3.49316e-09
4885.0  3.42029e-09
4890.0  3.41136e-09
4895.0  3.6265e-09
4900.0  3.76553e-09
4905.0  3.75633e-09
4910.0  3.62621e-09
4915.0  3.51595e-09
4920.0  3.43474e-09
4925.0  3.53806e-09
4930.0  3.69203e-09
4935.0  3.62964e-09
4940.0  3.5874e-09
4945.0  3.72574e-09
4950.0  3.82008e-09
4955.0  3.77802e-09
4960.0  3.72818e-09
4965.0  3.7129e-09
4970.0  3.69809e-09
4975.0  3.67822e-09
4980.0  3.55417e-09
4985.0  3.46418e-09
4990.0  3.51528e-09
4995.0  3.55376e-09
5000.0  3.46458e-09
5005.0  3.35666e-09
5010.0  3.32718e-09
5015.0  3.27945e-09
5020.0  3.32971e-09
5025.0  3.44331e-09
5030.0  3.54996e-09
5035.0  3.4863e-09
5040.0  3.3241e-09
5045.0  3.41089e-09
5050.0  3.55877e-09
5055.0  3.6821e-09
5060.0  3.76e-09
5065.0  3.65718e-09
5070.0  3.52095e-09
5075.0  3.44378e-09
5080.0  3.39557e-09
5085.0  3.49077e-09
5090.0  3.62381e-09
5095.0  3.60369e-09
5100.0  3.47269e-09
5105.0  3.44575e-09
5110.0  3.47241e-09
5115.0  3.58283e-09
5120.0  3.56382e-09
5125.0  3.42032e-09
5130.0  3.37129e-09
5135.0  3.39949e-09
5140.0  3.36451e-09
5145.0  3.32902e-09
5150.0  3.34103e-09
5155.0  3.44466e-09
5160.0  3.44793e-09
5165.0  3.11095e-09
5170.0  2.86236e-09
5175.0  3.03151e-09
5180.0  3.25152e-09
5185.0  3.27108e-09
5190.0  3.308e-09
5195.0  3.34862e-09
5200.0  3.3969e-09
5205.0  3.33907e-09
5210.0  3.34539e-09
5215.0  3.46811e-09
5220.0  3.49546e-09
5225.0  3.36762e-09
5230.0  3.37203e-09
5235.0  3.51412e-09
5240.0  3.64358e-09
5245.0  3.58915e-09
5250.0  3.48294e-09
5255.0  3.52055e-09
5260.0  3.47785e-09
5265.0  3.21421e-09
5270.0  3.11536e-09
5275.0  3.31177e-09
5280.0  3.56241e-09
5285.0  3.71473e-09
5290.0  3.79305e-09
5295.0  3.65506e-09
5300.0  3.57833e-09
5305.0  3.72537e-09
5310.0  3.82403e-09
5315.0  3.79714e-09
5320.0  3.67578e-09
5325.0  3.4945e-09
5330.0  3.4503e-09
5335.0  3.59474e-09
5340.0  3.65226e-09
5345.0  3.67035e-09
5350.0  3.73223e-09
5355.0  3.87357e-09
5360.0  3.89759e-09
5365.0  3.76118e-09
5370.0  3.63618e-09
5375.0  3.70996e-09
5380.0  3.78774e-09
5385.0  3.77048e-09
5390.0  3.66861e-09
5395.0  3.54415e-09
5400.0  3.48584e-09
5405.0  3.41857e-09
5410.0  3.47539e-09
5415.0  3.63884e-09
5420.0  3.70536e-09
5425.0  3.6853e-09
5430.0  3.63112e-09
5435.0  3.65232e-09
5440.0  3.7668e-09
5445.0  3.74018e-09
5450.0  3.70326e-09
5455.0  3.6918e-09
5460.0  3.72597e-09
5465.0  3.71958e-09
5470.0  3.67398e-09
5475.0  3.56338e-09
5480.0  3.52437e-09
5485.0  3.61829e-09
5490.0  3.69868e-09
5495.0  3.7203e-09
5500.0  3.71007e-09
5505.0  3.66637e-09
5510.0  3.65613e-09
5515.0  3.68907e-09
5520.0  3.76301e-09
5525.0  3.74585e-09
5530.0  3.69228e-09
5535.0  3.71561e-09
5540.0  3.77327e-09
5545.0  3.8028e-09
5550.0  3.81719e-09
5555.0  3.79756e-09
5560.0  3.7533e-09
5565.0  3.69479e-09
5570.0  3.67921e-09
5575.0  3.72116e-09
5580.0  3.73244e-09
5585.0  3.629e-09
5590.0  3.49265e-09
5595.0  3.49569e-09
5600.0  3.58512e-09
5605.0  3.72009e-09
5610.0  3.83589e-09
5615.0  3.74859e-09
5620.0  3.63676e-09
5625.0  3.64324e-09
5630.0  3.70844e-09
5635.0  3.709e-09
5640.0  3.63945e-09
5645.0  3.6383e-09
5650.0  3.67115e-09
5655.0  3.59984e-09
5660.0  3.50648e-09
5665.0  3.55163e-09
5670.0  3.65747e-09
5675.0  3.75118e-09
5680.0  3.74738e-09
5685.0  3.67273e-09
5690.0  3.64991e-09
5695.0  3.67222e-09
5700.0  3.62306e-09
5705.0  3.5019e-09
5710.0  3.4477e-09
5715.0  3.58098e-09
5720.0  3.76766e-09
5725.0  3.81734e-09
5730.0  3.79022e-09
5735.0  3.78408e-09
5740.0  3.77787e-09
5745.0  3.74682e-09
5750.0  3.6936e-09
5755.0  3.6667e-09
5760.0  3.72002e-09
5765.0  3.7799e-09
5770.0  3.81466e-09
5775.0  3.75995e-09
5780.0  3.64621e-09
5785.0  3.55936e-09
5790.0  3.63301e-09
5795.0  3.71489e-09
5800.0  3.75923e-09
5805.0  3.74684e-09
5810.0  3.74948e-09
5815.0  3.79202e-09
5820.0  3.8468e-09
5825.0  3.8559e-09
5830.0  3.85033e-09
5835.0  3.84979e-09
5840.0  3.86401e-09
5845.0  3.82513e-09
5850.0  3.74817e-09
5855.0  3.68244e-09
5860.0  3.6967e-09
5865.0  3.75868e-09
5870.0  3.82251e-09
5875.0  3.8248e-09
5880.0  3.74025e-09
5885.0  3.56003e-09
5890.0  3.35365e-09
5895.0  3.38734e-09
5900.0  3.58612e-09
5905.0  3.72613e-09
5910.0  3.75901e-09
5915.0  3.74624e-09
5920.0  3.76381e-09
5925.0  3.7693e-09
5930.0  3.75815e-09
5935.0  3.75138e-09
5940.0  3.74333e-09
5945.0  3.72232e-09
5950.0  3.7008e-09
5955.0  3.70624e-09
5960.0  3.7449e-09
5965.0  3.75991e-09
5970.0  3.75502e-09
5975.0  3.7202e-09
5980.0  3.68731e-09
5985.0  3.67656e-09
5990.0  3.68075e-09
5995.0  3.67519e-09
6000.0  3.63838e-09
6005.0  3.59814e-09
6010.0  3.56235e-09
6015.0  3.54321e-09
6020.0  3.54527e-09
6025.0  3.59785e-09
6030.0  3.64091e-09
6035.0  3.66707e-09
6040.0  3.66846e-09
6045.0  3.66365e-09
6050.0  3.66124e-09
6055.0  3.63975e-09
6060.0  3.62765e-09
6065.0  3.63821e-09
6070.0  3.65824e-09
6075.0  3.623e-09
6080.0  3.57762e-09
6085.0  3.5613e-09
6090.0  3.55759e-09
6095.0  3.5557e-09
6100.0  3.5455e-09
6105.0  3.54705e-09
6110.0  3.57549e-09
6115.0  3.56738e-09
6120.0  3.548e-09
6125.0  3.54029e-09
6130.0  3.51756e-09
6135.0  3.44026e-09
6140.0  3.39552e-09
6145.0  3.44812e-09
6150.0  3.48715e-09
6155.0  3.4501e-09
6160.0  3.37205e-09
6165.0  3.35859e-09
6170.0  3.41201e-09
6175.0  3.46748e-09
6180.0  3.51526e-09
6185.0  3.50644e-09
6190.0  3.4878e-09
6195.0  3.51543e-09
6200.0  3.56195e-09
6205.0  3.57919e-09
6210.0  3.54145e-09
6215.0  3.48342e-09
6220.0  3.45713e-09
6225.0  3.44951e-09
6230.0  3.42695e-09
6235.0  3.43197e-09
6240.0  3.41418e-09
6245.0  3.37845e-09
6250.0  3.37059e-09
6255.0  3.36965e-09
6260.0  3.39486e-09
6265.0  3.46026e-09
6270.0  3.47875e-09
6275.0  3.413e-09
6280.0  3.35075e-09
6285.0  3.41644e-09
6290.0  3.45541e-09
6295.0  3.40854e-09
6300.0  3.36237e-09
6305.0  3.39657e-09
6310.0  3.41464e-09
6315.0  3.361e-09
6320.0  3.34941e-09
6325.0  3.41542e-09
6330.0  3.44901e-09
6335.0  3.41104e-09
6340.0  3.38785e-09
6345.0  3.42583e-09
6350.0  3.45393e-09
6355.0  3.41966e-09
6360.0  3.37857e-09
6365.0  3.3989e-09
6370.0  3.45303e-09
6375.0  3.47899e-09
6380.0  3.47558e-09
6385.0  3.46348e-09
6390.0  3.44229e-09
6395.0  3.42045e-09
6400.0  3.41169e-09
6405.0  3.4094e-09
6410.0  3.39608e-09
6415.0  3.39073e-09
6420.0  3.38838e-09
6425.0  3.40892e-09
6430.0  3.41567e-09
6435.0  3.42325e-09
6440.0  3.44039e-09
6445.0  3.44232e-09
6450.0  3.40292e-09
6455.0  3.37816e-09
6460.0  3.37312e-09
6465.0  3.38706e-09
6470.0  3.4001e-09
6475.0  3.39385e-09
6480.0  3.37956e-09
6485.0  3.37373e-09
6490.0  3.32537e-09
6495.0  3.22362e-09
6500.0  3.24724e-09
6505.0  3.37825e-09
6510.0  3.44272e-09
6515.0  3.41174e-09
6520.0  3.37952e-09
6525.0  3.38782e-09
6530.0  3.39704e-09
6535.0  3.41559e-09
6540.0  3.42792e-09
6545.0  3.42459e-09
6550.0  3.33429e-09
6555.0  3.115e-09
6560.0  2.86699e-09
6565.0  2.91195e-09
6570.0  3.20016e-09
6575.0  3.33877e-09
6580.0  3.37017e-09
6585.0  3.35423e-09
6590.0  3.34027e-09
6595.0  3.35021e-09
6600.0  3.38019e-09
6605.0  3.36563e-09
6610.0  3.36442e-09
6615.0  3.41244e-09
6620.0  3.43012e-09
6625.0  3.39857e-09
6630.0  3.34968e-09
6635.0  3.32672e-09
6640.0  3.34155e-09
6645.0  3.35873e-09
6650.0  3.38071e-09
6655.0  3.37404e-09
6660.0  3.34798e-09
6665.0  3.33949e-09
6670.0  3.35172e-09
6675.0  3.33304e-09
6680.0  3.32604e-09
6685.0  3.36176e-09
6690.0  3.37548e-09
6695.0  3.35032e-09
6700.0  3.32361e-09
6705.0  3.31104e-09
6710.0  3.30788e-09
6715.0  3.28189e-09
6720.0  3.27413e-09
6725.0  3.29652e-09
6730.0  3.30874e-09
6735.0  3.29839e-09
6740.0  3.27708e-09
6745.0  3.26404e-09
6750.0  3.25999e-09
6755.0  3.28162e-09
6760.0  3.29909e-09
6765.0  3.27462e-09
6770.0  3.24853e-09
6775.0  3.26978e-09
6780.0  3.2806e-09
6785.0  3.26759e-09
6790.0  3.26291e-09
6795.0  3.25196e-09
6800.0  3.25513e-09
6805.0  3.24341e-09
6810.0  3.23825e-09
6815.0  3.24866e-09
6820.0  3.25632e-09
6825.0  3.25343e-09
6830.0  3.23427e-09
6835.0  3.22795e-09
6840.0  3.2276e-09
6845.0  3.22639e-09
6850.0  3.2239e-09
6855.0  3.22192e-09
6860.0  3.22007e-09
6865.0  3.21851e-09
6870.0  3.21683e-09
6875.0  3.21525e-09
6880.0  3.21385e-09
6885.0  3.21253e-09
6890.0  3.21122e-09
6895.0  3.20955e-09
6900.0  3.20776e-09
6905.0  3.20583e-09
6910.0  3.20381e-09
6915.0  3.20257e-09
6920.0  3.20175e-09
6925.0  3.19991e-09
6930.0  3.19791e-09
6935.0  3.19585e-09
6940.0  3.19448e-09
6945.0  3.19354e-09
6950.0  3.19124e-09
6955.0  3.18851e-09
6960.0  3.18925e-09
6965.0  3.19305e-09
6970.0  3.17916e-09
6975.0  3.11384e-09
6980.0  3.07418e-09
6985.0  3.09981e-09
6990.0  3.11136e-09
6995.0  3.10419e-09
7000.0  3.07935e-09
7005.0  3.06873e-09
7010.0  3.0652e-09
7015.0  3.02636e-09
7020.0  3.02253e-09
7025.0  3.03914e-09
7030.0  3.08546e-09
7035.0  3.09682e-09
7040.0  3.09909e-09
7045.0  3.1142e-09
7050.0  3.11132e-09
7055.0  3.10296e-09
7060.0  3.09031e-09
7065.0  3.07071e-09
7070.0  3.0729e-09
7075.0  3.09621e-09
7080.0  3.09684e-09
7085.0  3.06605e-09
7090.0  3.05241e-09
7095.0  3.06113e-09
7100.0  3.07467e-09
7105.0  3.06995e-09
7110.0  3.04652e-09
7115.0  3.03452e-09
7120.0  3.02708e-09
7125.0  3.02679e-09
7130.0  3.03253e-09
7135.0  3.06753e-09
7140.0  3.08687e-09
7145.0  3.05337e-09
7150.0  3.02694e-09
7155.0  3.04389e-09
7160.0  3.03481e-09
7165.0  2.9607e-09
7170.0  2.89771e-09
7175.0  2.84725e-09
7180.0  2.79017e-09
7185.0  2.70595e-09
7190.0  2.67704e-09
7195.0  2.72115e-09
7200.0  2.76409e-09
7205.0  2.81732e-09
7210.0  2.90039e-09
7215.0  2.95475e-09
7220.0  2.96777e-09
7225.0  2.96973e-09
7230.0  2.95479e-09
7235.0  2.89303e-09
7240.0  2.8734e-09
7245.0  2.86763e-09
7250.0  2.87437e-09
7255.0  2.88565e-09
7260.0  2.89694e-09
7265.0  2.8958e-09
7270.0  2.90596e-09
7275.0  2.85963e-09
7280.0  2.83685e-09
7285.0  2.80198e-09
7290.0  2.75479e-09
7295.0  2.82806e-09
7300.0  2.88559e-09
7305.0  2.85222e-09
7310.0  2.83755e-09
7315.0  2.86093e-09
7320.0  2.8883e-09
7325.0  2.89424e-09
7330.0  2.90474e-09
7335.0  2.94893e-09
7340.0  2.98148e-09
7345.0  2.95844e-09
7350.0  2.91479e-09
7355.0  2.88154e-09
7360.0  2.88478e-09
7365.0  2.89476e-09
7370.0  2.91432e-09
7375.0  2.92505e-09
7380.0  2.90929e-09
7385.0  2.85043e-09
7390.0  2.81857e-09
7395.0  2.84638e-09
7400.0  2.86992e-09
7405.0  2.85599e-09
7410.0  2.81785e-09
7415.0  2.80084e-09
7420.0  2.81416e-09
7425.0  2.8497e-09
7430.0  2.8929e-09
7435.0  2.89847e-09
7440.0  2.87684e-09
7445.0  2.85066e-09
7450.0  2.85599e-09
7455.0  2.86787e-09
7460.0  2.867e-09
7465.0  2.87924e-09
7470.0  2.89282e-09
7475.0  2.87306e-09
7480.0  2.85842e-09
7485.0  2.85753e-09
7490.0  2.85119e-09
7495.0  2.8442e-09
7500.0  2.85229e-09
7505.0  2.83193e-09
7510.0  2.81162e-09
7515.0  2.82677e-09
7520.0  2.84385e-09
7525.0  2.8278e-09
7530.0  2.82862e-09
7535.0  2.85133e-09
7540.0  2.8716e-09
7545.0  2.86255e-09
7550.0  2.84982e-09
7555.0  2.8445e-09
7560.0  2.8439e-09
7565.0  2.84289e-09
7570.0  2.84048e-09
7575.0  2.83799e-09
7580.0  2.83616e-09
7585.0  2.83444e-09
7590.0  2.83233e-09
7595.0  2.83044e-09
7600.0  2.829e-09
7605.0  2.82776e-09
7610.0  2.8263e-09
7615.0  2.8248e-09
7620.0  2.82329e-09
7625.0  2.82179e-09
7630.0  2.8203e-09
7635.0  2.81881e-09
7640.0  2.81733e-09
7645.0  2.81584e-09
7650.0  2.81437e-09
7655.0  2.81287e-09
7660.0  2.8114e-09
7665.0  2.8099e-09
7670.0  2.80822e-09
7675.0  2.80624e-09
7680.0  2.80426e-09
7685.0  2.80297e-09
7690.0  2.80204e-09
7695.0  2.80031e-09
7700.0  2.7979e-09
7705.0  2.79538e-09
7710.0  2.79387e-09
7715.0  2.79313e-09
7720.0  2.79078e-09
7725.0  2.78742e-09
7730.0  2.79395e-09
7735.0  2.8075e-09
7740.0  2.80004e-09
7745.0  2.7501e-09
7750.0  2.72229e-09
7755.0  2.75662e-09
7760.0  2.79518e-09
7765.0  2.80137e-09
7770.0  2.77265e-09
7775.0  2.746e-09
7780.0  2.74221e-09
7785.0  2.75216e-09
7790.0  2.75787e-09
7795.0  2.75083e-09
7800.0  2.73313e-09
7805.0  2.7345e-09
7810.0  2.73994e-09
7815.0  2.76297e-09
7820.0  2.77811e-09
7825.0  2.77164e-09
7830.0  2.75103e-09
7835.0  2.73583e-09
7840.0  2.7408e-09
7845.0  2.74708e-09
7850.0  2.74143e-09
7855.0  2.73828e-09
7860.0  2.74643e-09
7865.0  2.74761e-09
7870.0  2.73979e-09
7875.0  2.71765e-09
7880.0  2.70816e-09
7885.0  2.71895e-09
7890.0  2.72142e-09
7895.0  2.69547e-09
7900.0  2.68076e-09
7905.0  2.68045e-09
7910.0  2.66935e-09
7915.0  2.64546e-09
7920.0  2.63031e-09
7925.0  2.62878e-09
7930.0  2.62943e-09
7935.0  2.62601e-09
7940.0  2.62026e-09
7945.0  2.60458e-09
7950.0  2.61964e-09
7955.0  2.63812e-09
7960.0  2.64019e-09
7965.0  2.64817e-09
7970.0  2.65276e-09
7975.0  2.65894e-09
7980.0  2.66086e-09
7985.0  2.66182e-09
7990.0  2.65358e-09
7995.0  2.61785e-09
8000.0  2.58824e-09
8005.0  2.60184e-09
8010.0  2.61939e-09
8015.0  2.63493e-09
8020.0  2.62531e-09
8025.0  2.58358e-09
8030.0  2.56815e-09
8035.0  2.59888e-09
8040.0  2.6097e-09
8045.0  2.56881e-09
8050.0  2.54686e-09
8055.0  2.57648e-09
8060.0  2.60827e-09
8065.0  2.60243e-09
8070.0  2.57588e-09
8075.0  2.56393e-09
8080.0  2.55914e-09
8085.0  2.54972e-09
8090.0  2.54271e-09
8095.0  2.52967e-09
8100.0  2.53392e-09
8105.0  2.5541e-09
8110.0  2.55702e-09
8115.0  2.5474e-09
8120.0  2.54298e-09
8125.0  2.54326e-09
8130.0  2.52558e-09
8135.0  2.49072e-09
8140.0  2.46782e-09
8145.0  2.43547e-09
8150.0  2.40912e-09
8155.0  2.40299e-09
8160.0  2.3828e-09
8165.0  2.34107e-09
8170.0  2.35489e-09
8175.0  2.36053e-09
8180.0  2.34942e-09
8185.0  2.36478e-09
8190.0  2.35955e-09
8195.0  2.33038e-09
8200.0  2.34283e-09
8205.0  2.44241e-09
8210.0  2.49806e-09
8215.0  2.49085e-09
8220.0  2.41354e-09
8225.0  2.27734e-09
8230.0  2.18925e-09
8235.0  2.29156e-09
8240.0  2.4127e-09
8245.0  2.45983e-09
8250.0  2.46455e-09
8255.0  2.43147e-09
8260.0  2.43219e-09
8265.0  2.46827e-09
8270.0  2.46117e-09
8275.0  2.39707e-09
8280.0  2.36461e-09
8285.0  2.36658e-09
8290.0  2.36898e-09
8295.0  2.37208e-09
8300.0  2.37565e-09
8305.0  2.36531e-09
8310.0  2.37448e-09
8315.0  2.38347e-09
8320.0  2.37314e-09
8325.0  2.37716e-09
8330.0  2.36082e-09
8335.0  2.33811e-09
8340.0  2.3366e-09
8345.0  2.37083e-09
8350.0  2.40627e-09
8355.0  2.41506e-09
8360.0  2.40581e-09
8365.0  2.39998e-09
8370.0  2.40585e-09
8375.0  2.40906e-09
8380.0  2.40339e-09
8385.0  2.37626e-09
8390.0  2.36551e-09
8395.0  2.39234e-09
8400.0  2.41754e-09
8405.0  2.42415e-09
8410.0  2.41404e-09
8415.0  2.40561e-09
8420.0  2.40186e-09
8425.0  2.38995e-09
8430.0  2.37867e-09
8435.0  2.35111e-09
8440.0  2.34476e-09
8445.0  2.35632e-09
8450.0  2.38169e-09
8455.0  2.41344e-09
8460.0  2.41066e-09
8465.0  2.38094e-09
8470.0  2.35402e-09
8475.0  2.37279e-09
8480.0  2.40103e-09
8485.0  2.41217e-09
8490.0  2.35146e-09
8495.0  2.18456e-09
8500.0  2.07486e-09
8505.0  2.18128e-09
8510.0  2.28018e-09
8515.0  2.28191e-09
8520.0  2.26305e-09
8525.0  2.25837e-09
8530.0  2.23693e-09
8535.0  2.13791e-09
8540.0  1.93007e-09
8545.0  1.80073e-09
8550.0  1.87588e-09
8555.0  2.04021e-09
8560.0  2.20507e-09
8565.0  2.2655e-09
8570.0  2.25711e-09
8575.0  2.24763e-09
8580.0  2.24173e-09
8585.0  2.22708e-09
8590.0  2.21517e-09
8595.0  2.19661e-09
8600.0  2.19904e-09
8605.0  2.23223e-09
8610.0  2.25404e-09
8615.0  2.26559e-09
8620.0  2.27327e-09
8625.0  2.28679e-09
8630.0  2.30849e-09
8635.0  2.32731e-09
8640.0  2.32939e-09
8645.0  2.31012e-09
8650.0  2.28256e-09
8655.0  2.22931e-09
8660.0  2.05995e-09
8665.0  1.92129e-09
8670.0  1.93413e-09
8675.0  2.06412e-09
8680.0  2.21709e-09
8685.0  2.26132e-09
8690.0  2.24161e-09
8695.0  2.23785e-09
8700.0  2.24402e-09
8705.0  2.24603e-09
8710.0  2.22618e-09
8715.0  2.21013e-09
8720.0  2.20184e-09
8725.0  2.18704e-09
8730.0  2.17668e-09
8735.0  2.17554e-09
8740.0  2.1734e-09
8745.0  2.1647e-09
8750.0  2.14544e-09
8755.0  2.11954e-09
8760.0  2.10459e-09
8765.0  2.10272e-09
8770.0  2.11257e-09
8775.0  2.1309e-09
8780.0  2.16067e-09
8785.0  2.1958e-09
8790.0  2.21589e-09
8795.0  2.21792e-09
8800.0  2.26169e-09
8805.0  2.25002e-09
8810.0  2.25693e-09
8815.0  2.27296e-09
8820.0  2.27259e-09
8825.0  2.26599e-09
8830.0  2.26899e-09
8835.0  2.26568e-09
8840.0  2.25922e-09
8845.0  2.26081e-09
8850.0  2.25549e-09
8855.0  2.24312e-09
8860.0  2.21827e-09
8865.0  2.20579e-09
8870.0  2.21216e-09
8875.0  2.2227e-09
8880.0  2.22462e-09
8885.0  2.22594e-09
8890.0  2.22269e-09
8895.0  2.21779e-09
8900.0  2.21923e-09
8905.0  2.22023e-09
8910.0  2.21652e-09
8915.0  2.21381e-09
8920.0  2.20898e-09
8925.0  2.20095e-09
8930.0  2.19945e-09
8935.0  2.21075e-09
8940.0  2.21162e-09
8945.0  2.19526e-09
8950.0  2.18872e-09
8955.0  2.18538e-09
8960.0  2.17755e-09
8965.0  2.1505e-09
8970.0  2.14715e-09
8975.0  2.14342e-09
8980.0  2.14251e-09
8985.0  2.1016e-09
8990.0  2.05686e-09
8995.0  2.10796e-09
9000.0  2.09887e-09
9005.0  2.08835e-09
9010.0  2.07908e-09
9015.0  2.07198e-09
9020.0  2.09576e-09
9025.0  2.1164e-09
9030.0  2.16074e-09
9035.0  2.20333e-09
9040.0  2.20784e-09
9045.0  2.20133e-09
9050.0  2.18922e-09
9055.0  2.16634e-09
9060.0  2.11927e-09
9065.0  2.09197e-09
9070.0  2.06242e-09
9075.0  2.04001e-09
9080.0  2.02124e-09
9085.0  2.01457e-09
9090.0  2.00438e-09
9095.0  2.01002e-09
9100.0  2.0116e-09
9105.0  2.02015e-09
9110.0  2.03695e-09
9115.0  2.03658e-09
9120.0  2.03637e-09
9125.0  2.04328e-09
9130.0  1.9944e-09
9135.0  1.97329e-09
9140.0  2.00335e-09
9145.0  2.00672e-09
9150.0  1.96714e-09
9155.0  1.94283e-09
9160.0  1.97589e-09
9165.0  1.98842e-09
9170.0  1.96082e-09
9175.0  1.93851e-09
9180.0  1.97434e-09
9185.0  1.99909e-09
9190.0  2.01167e-09
9195.0  2.0035e-09
9200.0  2.02251e-09
9205.0  2.01819e-09
9210.0  1.99112e-09
9215.0  1.97635e-09
9220.0  1.9908e-09
9225.0  1.99079e-09
9230.0  1.97005e-09
9235.0  1.97149e-09
9240.0  1.98135e-09
9245.0  1.98587e-09
9250.0  1.99788e-09
9255.0  2.01067e-09
9260.0  2.02189e-09
9265.0  2.05068e-09
9270.0  2.06337e-09
9275.0  2.04922e-09
9280.0  2.00306e-09
9285.0  2.01479e-09
9290.0  2.01193e-09
9295.0  1.97935e-09
9300.0  1.96062e-09
9305.0  1.94238e-09
9310.0  1.91213e-09
9315.0  1.848e-09
9320.0  1.79972e-09
9325.0  1.78655e-09
9330.0  1.79208e-09
9335.0  1.72944e-09
9340.0  1.69372e-09
9345.0  1.70478e-09
9350.0  1.79196e-09
9355.0  1.74382e-09
9360.0  1.78579e-09
9365.0  1.80599e-09
9370.0  1.75945e-09
9375.0  1.80127e-09
9380.0  1.80989e-09
9385.0  1.91361e-09
9390.0  2.02108e-09
9395.0  2.09156e-09
9400.0  2.04808e-09
9405.0  1.99358e-09
9410.0  1.9428e-09
9415.0  1.94407e-09
9420.0  1.92727e-09
9425.0  1.85397e-09
9430.0  1.80926e-09
9435.0  1.83333e-09
9440.0  1.74752e-09
9445.0  1.78365e-09
9450.0  1.8468e-09
9455.0  1.79689e-09
9460.0  1.77665e-09
9465.0  1.83471e-09
9470.0  1.87707e-09
9475.0  1.84776e-09
9480.0  1.81161e-09
9485.0  1.87786e-09
9490.0  1.89637e-09
9495.0  1.7924e-09
9500.0  1.77809e-09
9505.0  1.89145e-09
9510.0  1.94852e-09
9515.0  1.87096e-09
9520.0  1.78479e-09
9525.0  1.79306e-09
9530.0  1.85095e-09
9535.0  1.89501e-09
9540.0  1.86212e-09
9545.0  1.80579e-09
9550.0  1.81831e-09
9555.0  1.80681e-09
9560.0  1.81292e-09
9565.0  1.80538e-09
9570.0  1.85228e-09
9575.0  1.91007e-09
9580.0  1.85095e-09
9585.0  1.83999e-09
9590.0  1.79561e-09
9595.0  1.81093e-09
9600.0  1.84291e-09
9605.0  1.86636e-09
9610.0  1.87359e-09
9615.0  1.86097e-09
9620.0  1.82266e-09
9625.0  1.82178e-09
9630.0  1.85168e-09
9635.0  1.82365e-09
9640.0  1.8138e-09
9645.0  1.81647e-09
9650.0  1.82726e-09
9655.0  1.83071e-09
9660.0  1.80872e-09
9665.0  1.79886e-09
9670.0  1.83825e-09
9675.0  1.87701e-09
9680.0  1.88183e-09
9685.0  1.89864e-09
9690.0  1.89677e-09
9695.0  1.89724e-09
9700.0  1.88571e-09
9705.0  1.88648e-09
9710.0  1.90536e-09
9715.0  1.88788e-09
9720.0  1.87121e-09
9725.0  1.84802e-09
9730.0  1.84744e-09
9735.0  1.80322e-09
9740.0  1.78827e-09
9745.0  1.81508e-09
9750.0  1.82513e-09
9755.0  1.82235e-09
9760.0  1.81058e-09
9765.0  1.82499e-09
9770.0  1.85101e-09
9775.0  1.8454e-09
9780.0  1.84104e-09
9785.0  1.82411e-09
9790.0  1.81525e-09
9795.0  1.83224e-09
9800.0  1.84433e-09
9805.0  1.84566e-09
9810.0  1.84969e-09
9815.0  1.87254e-09
9820.0  1.84734e-09
9825.0  1.83013e-09
9830.0  1.83161e-09
9835.0  1.84633e-09
9840.0  1.86241e-09
9845.0  1.83856e-09
9850.0  1.84349e-09
9855.0  1.84361e-09
9860.0  1.83322e-09
9865.0  1.84182e-09
9870.0  1.85247e-09
9875.0  1.84229e-09
9880.0  1.81952e-09
9885.0  1.84272e-09
9890.0  1.83012e-09
9895.0  1.81485e-09
9900.0  1.82373e-09
9905.0  1.8221e-09
9910.0  1.84588e-09
9915.0  1.82385e-09
9920.0  1.82599e-09
9925.0  1.82227e-09
9930.0  1.81354e-09
9935.0  1.83132e-09
9940.0  1.82803e-09
9945.0  1.79851e-09
9950.0  1.80326e-09
9955.0  1.82215e-09
9960.0  1.81622e-09
9965.0  1.79985e-09
9970.0  1.80588e-09
9975.0  1.80412e-09
9980.0  1.83222e-09
9985.0  1.8025e-09
9990.0  1.80704e-09
9995.0  1.81771e-09
10000.0  1.79883e-09
10005.0  1.79516e-09
10010.0  1.80045e-09
10015.0  1.79112e-09
10020.0  1.7841e-09
10025.0  1.8079e-09
10030.0  1.81137e-09
10035.0  1.7698e-09
10040.0  1.76887e-09
10045.0  1.76567e-09
10050.0  1.7424e-09
10055.0  1.74973e-09
10060.0  1.75971e-09
10065.0  1.77051e-09
10070.0  1.77161e-09
10075.0  1.78575e-09
10080.0  1.78756e-09
10085.0  1.77306e-09
10090.0  1.78963e-09
10095.0  1.81737e-09
10100.0  1.79353e-09
10105.0  1.76293e-09
10110.0  1.78739e-09
10115.0  1.79862e-09
10120.0  1.77366e-09
10125.0  1.7571e-09
10130.0  1.76695e-09
10135.0  1.77438e-09
10140.0  1.74072e-09
10145.0  1.74699e-09
10150.0  1.7539e-09
10155.0  1.75354e-09
10160.0  1.75214e-09
10165.0  1.75074e-09
10170.0  1.74933e-09
10175.0  1.74789e-09
10180.0  1.74643e-09
10185.0  1.74494e-09
10190.0  1.7434e-09
10195.0  1.74182e-09
10200.0  1.74019e-09
10205.0  1.73849e-09
10210.0  1.73673e-09
10215.0  1.73493e-09
10220.0  1.73309e-09
10225.0  1.73122e-09
10230.0  1.72934e-09
10235.0  1.72744e-09
10240.0  1.72554e-09
10245.0  1.72364e-09
10250.0  1.72175e-09
10255.0  1.7199e-09
10260.0  1.71805e-09
10265.0  1.71622e-09
10270.0  1.71439e-09
10275.0  1.71257e-09
10280.0  1.71075e-09
10285.0  1.70891e-09
10290.0  1.70707e-09
10295.0  1.7052e-09
10300.0  1.70332e-09
10305.0  1.70141e-09
10310.0  1.69948e-09
10315.0  1.69755e-09
10320.0  1.69562e-09
10325.0  1.69372e-09
10330.0  1.69185e-09
10335.0  1.69002e-09
10340.0  1.68824e-09
10345.0  1.68653e-09
10350.0  1.6849e-09
10355.0  1.68335e-09
10360.0  1.68187e-09
10365.0  1.68044e-09
10370.0  1.67904e-09
10375.0  1.67765e-09
10380.0  1.67625e-09
10385.0  1.67482e-09
10390.0  1.67333e-09
10395.0  1.67178e-09
10400.0  1.67013e-09
10405.0  1.66838e-09
10410.0  1.66654e-09
10415.0  1.66464e-09
10420.0  1.6627e-09
10425.0  1.66075e-09
10430.0  1.65882e-09
10435.0  1.65693e-09
10440.0  1.65509e-09
10445.0  1.65335e-09
10450.0  1.65172e-09
10455.0  1.65022e-09
10460.0  1.64885e-09
10465.0  1.64758e-09
10470.0  1.64642e-09
10475.0  1.64533e-09
10480.0  1.64431e-09
10485.0  1.64335e-09
10490.0  1.64243e-09
10495.0  1.64153e-09
10500.0  1.64065e-09
10505.0  1.63975e-09
10510.0  1.63887e-09
10515.0  1.63798e-09
10520.0  1.63708e-09
10525.0  1.63618e-09
10530.0  1.63527e-09
10535.0  1.63437e-09
10540.0  1.63346e-09
10545.0  1.63254e-09
10550.0  1.63163e-09
10555.0  1.63071e-09
10560.0  1.62979e-09
10565.0  1.62886e-09
10570.0  1.62793e-09
10575.0  1.627e-09
10580.0  1.62606e-09
10585.0  1.62512e-09
10590.0  1.62418e-09
10595.0  1.62324e-09
10600.0  1.62229e-09
10605.0  1.62133e-09
10610.0  1.62038e-09
10615.0  1.61942e-09
10620.0  1.21387e-09
