# Extracted from file: pickles_2.fits
#SIMPLETrueFits standard
#BITPIX16Bits per pixel
#NAXIS0Number of axes
#EXTENDTrueFile may contain extensions
#DATE2007-01-11T20:44:21Date FITS file was generated
#IRAF-TLM15:44:37 (11/01/2007)Time of last modification
#COMMENT  FITS (Flexible Image Transport System) format is defined in 'Astronomy
#COMMENT  and Astrophysics', volume 376, page 359; bibcode: 2001A&A...376..359H
#ORIGINSTScI-STSDAS/TABLESTables version 2002-02-22
#FILENAMEpickles_2.fitsname of file
#NEXTEND1number of extensions in file
#COMMENT1spectral type: O9V
#COMMENT2metallicity: solar
#COMMENT3original filename: o9v.dat
#HISTORY  File created by F.R.Boffi.
#HISTORY  SEDs from Pickles UVILIB Library (1998, PASP 110, 863).
#HISTORY  Wavelength is in Angstrom.
#HISTORY  Fluxes are tabulated in units of erg/s/cm^2/A
#HISTORY  and were calculated by normalizing the original fluxes
#HISTORY  in the Pickles V band to a 0 magnitude in vegamag.
#HISTORY  In the vegamag system, Vega has magnitude zero in all passbands.
#HISTORY  Please refer to the SYNPHOT manual for further information.
#
#
#
#
#
#
#
#
#
#
#
#
#
#  
#Columns WAVELENGTH FLUX
#Units  angstroms flam
1150.0  4.31499e-07
1155.0  4.50192e-07
1160.0  3.61798e-07
1165.0  3.35481e-07
1170.0  2.89346e-07
1175.0  2.45085e-07
1180.0  2.61702e-07
1185.0  2.79152e-07
1190.0  2.59447e-07
1195.0  2.33435e-07
1200.0  2.23203e-07
1205.0  2.00529e-07
1210.0  1.51467e-07
1215.0  1.11111e-07
1220.0  1.59355e-07
1225.0  2.26135e-07
1230.0  2.51249e-07
1235.0  2.48503e-07
1240.0  2.48405e-07
1245.0  2.58139e-07
1250.0  2.55129e-07
1255.0  2.56715e-07
1260.0  2.67082e-07
1265.0  2.79256e-07
1270.0  2.8374e-07
1275.0  2.83855e-07
1280.0  2.80601e-07
1285.0  2.76651e-07
1290.0  2.7902e-07
1295.0  2.67722e-07
1300.0  2.51679e-07
1305.0  2.54979e-07
1310.0  2.66384e-07
1315.0  2.66845e-07
1320.0  2.61219e-07
1325.0  2.55759e-07
1330.0  2.50085e-07
1335.0  2.36463e-07
1340.0  2.31674e-07
1345.0  2.31178e-07
1350.0  2.35437e-07
1355.0  2.35977e-07
1360.0  2.29152e-07
1365.0  2.26235e-07
1370.0  2.27661e-07
1375.0  2.23823e-07
1380.0  2.19098e-07
1385.0  2.09725e-07
1390.0  1.92228e-07
1395.0  1.75466e-07
1400.0  1.73428e-07
1405.0  1.78211e-07
1410.0  1.8757e-07
1415.0  1.91836e-07
1420.0  1.85604e-07
1425.0  1.7594e-07
1430.0  1.75928e-07
1435.0  1.85516e-07
1440.0  1.84725e-07
1445.0  1.81564e-07
1450.0  1.7795e-07
1455.0  1.71987e-07
1460.0  1.72008e-07
1465.0  1.78158e-07
1470.0  1.82207e-07
1475.0  1.83084e-07
1480.0  1.8247e-07
1485.0  1.83487e-07
1490.0  1.84296e-07
1495.0  1.77571e-07
1500.0  1.66201e-07
1505.0  1.66647e-07
1510.0  1.7265e-07
1515.0  1.71868e-07
1520.0  1.7069e-07
1525.0  1.57102e-07
1530.0  1.42015e-07
1535.0  1.36326e-07
1540.0  1.25732e-07
1545.0  9.55709e-08
1550.0  9.06721e-08
1555.0  1.1915e-07
1560.0  1.29351e-07
1565.0  1.28304e-07
1570.0  1.31871e-07
1575.0  1.35276e-07
1580.0  1.34128e-07
1585.0  1.35165e-07
1590.0  1.34303e-07
1595.0  1.28951e-07
1600.0  1.25668e-07
1605.0  1.19246e-07
1610.0  1.11932e-07
1615.0  1.09612e-07
1620.0  1.0838e-07
1625.0  1.09575e-07
1630.0  1.09824e-07
1635.0  1.10486e-07
1640.0  1.11374e-07
1645.0  1.16828e-07
1650.0  1.21442e-07
1655.0  1.17102e-07
1660.0  1.12918e-07
1665.0  1.14308e-07
1670.0  1.12129e-07
1675.0  1.14411e-07
1680.0  1.22591e-07
1685.0  1.22184e-07
1690.0  1.17277e-07
1695.0  1.14723e-07
1700.0  1.12924e-07
1705.0  1.13669e-07
1710.0  1.14151e-07
1715.0  1.10618e-07
1720.0  1.03127e-07
1725.0  1.02731e-07
1730.0  1.08304e-07
1735.0  1.12871e-07
1740.0  1.13166e-07
1745.0  1.12984e-07
1750.0  1.11298e-07
1755.0  1.11985e-07
1760.0  1.12629e-07
1765.0  1.10272e-07
1770.0  1.09777e-07
1775.0  1.10621e-07
1780.0  1.09611e-07
1785.0  1.04865e-07
1790.0  9.74281e-08
1795.0  9.88026e-08
1800.0  1.02007e-07
1805.0  1.01187e-07
1810.0  1.00909e-07
1815.0  1.02592e-07
1820.0  1.04774e-07
1825.0  1.04837e-07
1830.0  1.04312e-07
1835.0  1.04086e-07
1840.0  1.01026e-07
1845.0  9.91452e-08
1850.0  9.77023e-08
1855.0  9.62338e-08
1860.0  9.63298e-08
1865.0  9.74362e-08
1870.0  9.51934e-08
1875.0  9.16981e-08
1880.0  9.12268e-08
1885.0  8.98963e-08
1890.0  8.90924e-08
1895.0  8.97041e-08
1900.0  9.01295e-08
1905.0  8.90839e-08
1910.0  8.66669e-08
1915.0  8.35277e-08
1920.0  8.10287e-08
1925.0  8.04758e-08
1930.0  8.36235e-08
1935.0  8.538e-08
1940.0  8.541e-08
1945.0  8.52761e-08
1950.0  8.45688e-08
1955.0  8.33262e-08
1960.0  8.09809e-08
1965.0  7.90395e-08
1970.0  7.78374e-08
1975.0  7.99846e-08
1980.0  8.08669e-08
1985.0  7.87484e-08
1990.0  7.61631e-08
1995.0  7.55703e-08
2000.0  7.61515e-08
2005.0  7.64927e-08
2010.0  7.55044e-08
2015.0  7.6364e-08
2020.0  7.57247e-08
2025.0  7.58556e-08
2030.0  7.56826e-08
2035.0  7.57988e-08
2040.0  7.57859e-08
2045.0  7.51773e-08
2050.0  7.44188e-08
2055.0  7.04941e-08
2060.0  6.67002e-08
2065.0  6.78868e-08
2070.0  7.05237e-08
2075.0  6.99379e-08
2080.0  6.90493e-08
2085.0  6.93815e-08
2090.0  6.9194e-08
2095.0  6.72708e-08
2100.0  6.60333e-08
2105.0  6.45726e-08
2110.0  6.49473e-08
2115.0  6.7175e-08
2120.0  6.64498e-08
2125.0  6.5062e-08
2130.0  6.45858e-08
2135.0  6.43331e-08
2140.0  6.50652e-08
2145.0  6.42418e-08
2150.0  6.27306e-08
2155.0  6.16671e-08
2160.0  6.13224e-08
2165.0  6.09763e-08
2170.0  5.95971e-08
2175.0  5.98453e-08
2180.0  6.00443e-08
2185.0  6.03267e-08
2190.0  6.00911e-08
2195.0  6.02655e-08
2200.0  5.89352e-08
2205.0  5.75913e-08
2210.0  5.63925e-08
2215.0  5.58026e-08
2220.0  5.48955e-08
2225.0  5.4757e-08
2230.0  5.49745e-08
2235.0  5.42322e-08
2240.0  5.35167e-08
2245.0  5.33778e-08
2250.0  5.34017e-08
2255.0  5.31334e-08
2260.0  5.28705e-08
2265.0  5.25995e-08
2270.0  5.21007e-08
2275.0  5.19291e-08
2280.0  5.1801e-08
2285.0  5.22026e-08
2290.0  5.28707e-08
2295.0  5.1676e-08
2300.0  4.94713e-08
2305.0  4.8025e-08
2310.0  4.92575e-08
2315.0  4.99976e-08
2320.0  5.01451e-08
2325.0  4.98759e-08
2330.0  5.02467e-08
2335.0  5.14833e-08
2340.0  5.08506e-08
2345.0  4.9779e-08
2350.0  4.90662e-08
2355.0  4.91636e-08
2360.0  5.0175e-08
2365.0  5.09826e-08
2370.0  5.06118e-08
2375.0  4.96284e-08
2380.0  4.87599e-08
2385.0  4.743e-08
2390.0  4.56284e-08
2395.0  4.49049e-08
2400.0  4.56318e-08
2405.0  4.72327e-08
2410.0  4.73071e-08
2415.0  4.74897e-08
2420.0  4.7637e-08
2425.0  4.70085e-08
2430.0  4.74588e-08
2435.0  4.78405e-08
2440.0  4.71766e-08
2445.0  4.62408e-08
2450.0  4.64922e-08
2455.0  4.68501e-08
2460.0  4.66902e-08
2465.0  4.75848e-08
2470.0  4.69749e-08
2475.0  4.52342e-08
2480.0  4.51206e-08
2485.0  4.5022e-08
2490.0  4.45786e-08
2495.0  4.47161e-08
2500.0  4.49729e-08
2505.0  4.46139e-08
2510.0  4.39838e-08
2515.0  4.22822e-08
2520.0  4.2029e-08
2525.0  4.21212e-08
2530.0  4.35931e-08
2535.0  4.45593e-08
2540.0  4.33483e-08
2545.0  4.24781e-08
2550.0  4.3109e-08
2555.0  4.29699e-08
2560.0  4.25811e-08
2565.0  4.22383e-08
2570.0  4.22184e-08
2575.0  4.15834e-08
2580.0  3.74101e-08
2585.0  3.65884e-08
2590.0  3.91599e-08
2595.0  4.05573e-08
2600.0  4.08281e-08
2605.0  4.01956e-08
2610.0  4.08626e-08
2615.0  4.17152e-08
2620.0  4.1359e-08
2625.0  4.18591e-08
2630.0  4.1267e-08
2635.0  4.12004e-08
2640.0  4.09564e-08
2645.0  3.99652e-08
2650.0  3.98926e-08
2655.0  4.02531e-08
2660.0  4.03691e-08
2665.0  3.89085e-08
2670.0  3.83531e-08
2675.0  3.86711e-08
2680.0  3.81674e-08
2685.0  3.78204e-08
2690.0  3.81647e-08
2695.0  3.6996e-08
2700.0  3.62673e-08
2705.0  3.71446e-08
2710.0  3.79092e-08
2715.0  3.66763e-08
2720.0  3.63921e-08
2725.0  3.57758e-08
2730.0  3.56232e-08
2735.0  3.51749e-08
2740.0  3.45635e-08
2745.0  3.47275e-08
2750.0  3.52741e-08
2755.0  3.52823e-08
2760.0  3.53513e-08
2765.0  3.58837e-08
2770.0  3.50376e-08
2775.0  3.43305e-08
2780.0  3.35525e-08
2785.0  3.25112e-08
2790.0  3.2627e-08
2795.0  3.29566e-08
2800.0  3.18223e-08
2805.0  3.11502e-08
2810.0  3.19302e-08
2815.0  3.30961e-08
2820.0  3.34428e-08
2825.0  3.27372e-08
2830.0  3.15056e-08
2835.0  3.13298e-08
2840.0  3.19421e-08
2845.0  3.16237e-08
2850.0  3.15679e-08
2855.0  3.11175e-08
2860.0  3.09764e-08
2865.0  3.13381e-08
2870.0  3.10596e-08
2875.0  3.1005e-08
2880.0  3.09622e-08
2885.0  3.10109e-08
2890.0  3.11018e-08
2895.0  3.13656e-08
2900.0  3.12026e-08
2905.0  3.02797e-08
2910.0  3.00266e-08
2915.0  3.00827e-08
2920.0  2.99538e-08
2925.0  2.99432e-08
2930.0  2.98675e-08
2935.0  2.98983e-08
2940.0  2.93675e-08
2945.0  2.91451e-08
2950.0  2.9113e-08
2955.0  2.93451e-08
2960.0  2.93875e-08
2965.0  2.92181e-08
2970.0  2.94371e-08
2975.0  2.91736e-08
2980.0  2.89266e-08
2985.0  2.82057e-08
2990.0  2.7673e-08
2995.0  2.73847e-08
3000.0  2.75966e-08
3005.0  2.76524e-08
3010.0  2.77037e-08
3015.0  2.72118e-08
3020.0  2.70369e-08
3025.0  2.63258e-08
3030.0  2.58562e-08
3035.0  2.60563e-08
3040.0  2.56431e-08
3045.0  2.5259e-08
3050.0  2.5228e-08
3055.0  2.60434e-08
3060.0  2.62129e-08
3065.0  2.58474e-08
3070.0  2.54469e-08
3075.0  2.54436e-08
3080.0  2.54727e-08
3085.0  2.5808e-08
3090.0  2.55695e-08
3095.0  2.5218e-08
3100.0  2.5166e-08
3105.0  2.55272e-08
3110.0  2.5372e-08
3115.0  2.4847e-08
3120.0  2.4605e-08
3125.0  2.48002e-08
3130.0  2.50656e-08
3135.0  2.54559e-08
3140.0  2.54637e-08
3145.0  2.56615e-08
3150.0  2.56473e-08
3155.0  2.4905e-08
3160.0  2.39021e-08
3165.0  2.40636e-08
3170.0  2.40412e-08
3175.0  2.40542e-08
3180.0  2.33336e-08
3185.0  2.31075e-08
3190.0  2.31563e-08
3195.0  2.33208e-08
3200.0  2.29599e-08
3205.0  2.29772e-08
3210.0  2.30492e-08
3215.0  2.30256e-08
3220.0  2.29175e-08
3225.0  2.2804e-08
3230.0  2.28391e-08
3235.0  2.30598e-08
3240.0  2.31343e-08
3245.0  2.27726e-08
3250.0  2.21631e-08
3255.0  2.16379e-08
3260.0  2.1406e-08
3265.0  2.14584e-08
3270.0  2.13667e-08
3275.0  2.08219e-08
3280.0  2.02278e-08
3285.0  2.00527e-08
3290.0  2.02106e-08
3295.0  2.03989e-08
3300.0  2.03317e-08
3305.0  1.99252e-08
3310.0  1.95773e-08
3315.0  1.96572e-08
3320.0  1.99822e-08
3325.0  2.02264e-08
3330.0  2.02554e-08
3335.0  2.00872e-08
3340.0  1.99236e-08
3345.0  1.99058e-08
3350.0  1.98502e-08
3355.0  1.95935e-08
3360.0  1.93437e-08
3365.0  1.9316e-08
3370.0  1.93695e-08
3375.0  1.93047e-08
3380.0  1.91341e-08
3385.0  1.89411e-08
3390.0  1.87718e-08
3395.0  1.86282e-08
3400.0  1.84451e-08
3405.0  1.81927e-08
3410.0  1.7993e-08
3415.0  1.79521e-08
3420.0  1.79801e-08
3425.0  1.79397e-08
3430.0  1.77735e-08
3435.0  1.75279e-08
3440.0  1.74248e-08
3445.0  1.76019e-08
3450.0  1.78109e-08
3455.0  1.77947e-08
3460.0  1.76567e-08
3465.0  1.75636e-08
3470.0  1.74835e-08
3475.0  1.73479e-08
3480.0  1.72026e-08
3485.0  1.7131e-08
3490.0  1.71905e-08
3495.0  1.73747e-08
3500.0  1.75404e-08
3505.0  1.75596e-08
3510.0  1.75102e-08
3515.0  1.7435e-08
3520.0  1.74437e-08
3525.0  1.74081e-08
3530.0  1.72501e-08
3535.0  1.71587e-08
3540.0  1.70708e-08
3545.0  1.70002e-08
3550.0  1.68803e-08
3555.0  1.67103e-08
3560.0  1.65849e-08
3565.0  1.64043e-08
3570.0  1.61965e-08
3575.0  1.60352e-08
3580.0  1.5886e-08
3585.0  1.57529e-08
3590.0  1.56534e-08
3595.0  1.56376e-08
3600.0  1.55645e-08
3605.0  1.54756e-08
3610.0  1.5757e-08
3615.0  1.58272e-08
3620.0  1.57792e-08
3625.0  1.55952e-08
3630.0  1.53904e-08
3635.0  1.52938e-08
3640.0  1.53621e-08
3645.0  1.55833e-08
3650.0  1.56746e-08
3655.0  1.56297e-08
3660.0  1.55413e-08
3665.0  1.53259e-08
3670.0  1.52986e-08
3675.0  1.528e-08
3680.0  1.51611e-08
3685.0  1.50987e-08
3690.0  1.49803e-08
3695.0  1.48457e-08
3700.0  1.4628e-08
3705.0  1.42795e-08
3710.0  1.4243e-08
3715.0  1.42972e-08
3720.0  1.42246e-08
3725.0  1.4232e-08
3730.0  1.41625e-08
3735.0  1.40684e-08
3740.0  1.43836e-08
3745.0  1.41004e-08
3750.0  1.3402e-08
3755.0  1.33533e-08
3760.0  1.36416e-08
3765.0  1.35292e-08
3770.0  1.30595e-08
3775.0  1.36509e-08
3780.0  1.45324e-08
3785.0  1.48339e-08
3790.0  1.43221e-08
3795.0  1.32879e-08
3800.0  1.32509e-08
3805.0  1.42793e-08
3810.0  1.48959e-08
3815.0  1.4725e-08
3820.0  1.44422e-08
3825.0  1.43714e-08
3830.0  1.34746e-08
3835.0  1.26215e-08
3840.0  1.3364e-08
3845.0  1.41702e-08
3850.0  1.43655e-08
3855.0  1.43535e-08
3860.0  1.42259e-08
3865.0  1.41078e-08
3870.0  1.39787e-08
3875.0  1.37213e-08
3880.0  1.30622e-08
3885.0  1.19221e-08
3890.0  1.15887e-08
3895.0  1.27045e-08
3900.0  1.34772e-08
3905.0  1.36265e-08
3910.0  1.34698e-08
3915.0  1.32791e-08
3920.0  1.30536e-08
3925.0  1.29297e-08
3930.0  1.27566e-08
3935.0  1.27667e-08
3940.0  1.30571e-08
3945.0  1.31485e-08
3950.0  1.29724e-08
3955.0  1.26647e-08
3960.0  1.20125e-08
3965.0  1.07898e-08
3970.0  1.01195e-08
3975.0  1.11394e-08
3980.0  1.19809e-08
3985.0  1.2249e-08
3990.0  1.22984e-08
3995.0  1.22119e-08
4000.0  1.20799e-08
4005.0  1.19467e-08
4010.0  1.187e-08
4015.0  1.17612e-08
4020.0  1.14258e-08
4025.0  1.10006e-08
4030.0  1.12176e-08
4035.0  1.15565e-08
4040.0  1.16336e-08
4045.0  1.16243e-08
4050.0  1.16262e-08
4055.0  1.15319e-08
4060.0  1.14042e-08
4065.0  1.12186e-08
4070.0  1.09504e-08
4075.0  1.0957e-08
4080.0  1.09511e-08
4085.0  1.07619e-08
4090.0  1.04578e-08
4095.0  9.72904e-09
4100.0  8.83847e-09
4105.0  9.19423e-09
4110.0  1.00836e-08
4115.0  1.0342e-08
4120.0  1.03886e-08
4125.0  1.05393e-08
4130.0  1.0589e-08
4135.0  1.05059e-08
4140.0  1.03153e-08
4145.0  1.01738e-08
4150.0  1.02078e-08
4155.0  1.02305e-08
4160.0  1.024e-08
4165.0  1.01842e-08
4170.0  1.00934e-08
4175.0  1.00477e-08
4180.0  9.98117e-09
4185.0  9.82684e-09
4190.0  9.711e-09
4195.0  9.55441e-09
4200.0  9.39876e-09
4205.0  9.56366e-09
4210.0  9.6926e-09
4215.0  9.67359e-09
4220.0  9.64459e-09
4225.0  9.61284e-09
4230.0  9.57367e-09
4235.0  9.52982e-09
4240.0  9.50992e-09
4245.0  9.43417e-09
4250.0  9.33803e-09
4255.0  9.28586e-09
4260.0  9.23854e-09
4265.0  9.22897e-09
4270.0  9.19001e-09
4275.0  9.13335e-09
4280.0  9.13423e-09
4285.0  9.1416e-09
4290.0  9.13506e-09
4295.0  9.1299e-09
4300.0  9.09904e-09
4305.0  9.02915e-09
4310.0  8.99307e-09
4315.0  8.92311e-09
4320.0  8.86036e-09
4325.0  8.77851e-09
4330.0  8.49291e-09
4335.0  7.80443e-09
4340.0  7.13113e-09
4345.0  7.52208e-09
4350.0  8.19341e-09
4355.0  8.54415e-09
4360.0  8.6459e-09
4365.0  8.5817e-09
4370.0  8.53749e-09
4375.0  8.48866e-09
4380.0  8.38372e-09
4385.0  8.19877e-09
4390.0  8.14697e-09
4395.0  8.25667e-09
4400.0  8.27137e-09
4405.0  8.20554e-09
4410.0  8.09422e-09
4415.0  7.98098e-09
4420.0  7.83706e-09
4425.0  7.6658e-09
4430.0  7.59053e-09
4435.0  7.65008e-09
4440.0  7.75209e-09
4445.0  7.8445e-09
4450.0  7.88027e-09
4455.0  7.86879e-09
4460.0  7.82184e-09
4465.0  7.62319e-09
4470.0  7.26715e-09
4475.0  7.36559e-09
4480.0  7.59404e-09
4485.0  7.68309e-09
4490.0  7.70115e-09
4495.0  7.67885e-09
4500.0  7.63481e-09
4505.0  7.56199e-09
4510.0  7.47347e-09
4515.0  7.43838e-09
4520.0  7.49174e-09
4525.0  7.45543e-09
4530.0  7.35841e-09
4535.0  7.26475e-09
4540.0  7.09823e-09
4545.0  7.14461e-09
4550.0  7.27711e-09
4555.0  7.33445e-09
4560.0  7.33802e-09
4565.0  7.29581e-09
4570.0  7.25616e-09
4575.0  7.22558e-09
4580.0  7.21267e-09
4585.0  7.17502e-09
4590.0  7.12089e-09
4595.0  7.0787e-09
4600.0  7.0601e-09
4605.0  7.04103e-09
4610.0  7.07368e-09
4615.0  7.07128e-09
4620.0  7.03622e-09
4625.0  6.96096e-09
4630.0  6.8599e-09
4635.0  6.82088e-09
4640.0  6.79282e-09
4645.0  6.66339e-09
4650.0  6.58317e-09
4655.0  6.72288e-09
4660.0  6.82319e-09
4665.0  6.79271e-09
4670.0  6.73605e-09
4675.0  6.68939e-09
4680.0  6.50791e-09
4685.0  6.31384e-09
4690.0  6.41693e-09
4695.0  6.58375e-09
4700.0  6.59574e-09
4705.0  6.58706e-09
4710.0  6.51093e-09
4715.0  6.4638e-09
4720.0  6.44683e-09
4725.0  6.40478e-09
4730.0  6.42221e-09
4735.0  6.42433e-09
4740.0  6.41698e-09
4745.0  6.38975e-09
4750.0  6.34731e-09
4755.0  6.28459e-09
4760.0  6.24769e-09
4765.0  6.24259e-09
4770.0  6.23961e-09
4775.0  6.18168e-09
4780.0  6.13887e-09
4785.0  6.14994e-09
4790.0  6.14523e-09
4795.0  6.14361e-09
4800.0  6.10791e-09
4805.0  6.07652e-09
4810.0  6.07188e-09
4815.0  6.0261e-09
4820.0  5.98465e-09
4825.0  5.96002e-09
4830.0  5.96654e-09
4835.0  5.98622e-09
4840.0  5.9569e-09
4845.0  5.85598e-09
4850.0  5.64018e-09
4855.0  5.18577e-09
4860.0  4.70914e-09
4865.0  4.87727e-09
4870.0  5.29561e-09
4875.0  5.44471e-09
4880.0  5.48527e-09
4885.0  5.54163e-09
4890.0  5.6145e-09
4895.0  5.63075e-09
4900.0  5.63105e-09
4905.0  5.61555e-09
4910.0  5.62121e-09
4915.0  5.56083e-09
4920.0  5.40584e-09
4925.0  5.42489e-09
4930.0  5.54294e-09
4935.0  5.54953e-09
4940.0  5.53987e-09
4945.0  5.56219e-09
4950.0  5.52512e-09
4955.0  5.46515e-09
4960.0  5.44541e-09
4965.0  5.41334e-09
4970.0  5.36959e-09
4975.0  5.32852e-09
4980.0  5.33101e-09
4985.0  5.34053e-09
4990.0  5.32539e-09
4995.0  5.30033e-09
5000.0  5.27521e-09
5005.0  5.24873e-09
5010.0  5.16267e-09
5015.0  5.03909e-09
5020.0  5.08766e-09
5025.0  5.12307e-09
5030.0  5.11823e-09
5035.0  5.10485e-09
5040.0  5.10599e-09
5045.0  5.07392e-09
5050.0  5.03824e-09
5055.0  5.00601e-09
5060.0  4.95315e-09
5065.0  4.94035e-09
5070.0  4.92939e-09
5075.0  4.90888e-09
5080.0  4.92805e-09
5085.0  4.95553e-09
5090.0  4.92999e-09
5095.0  4.88346e-09
5100.0  4.86972e-09
5105.0  4.82102e-09
5110.0  4.792e-09
5115.0  4.78942e-09
5120.0  4.76323e-09
5125.0  4.74477e-09
5130.0  4.73045e-09
5135.0  4.7225e-09
5140.0  4.71521e-09
5145.0  4.71657e-09
5150.0  4.68957e-09
5155.0  4.64229e-09
5160.0  4.62004e-09
5165.0  4.58917e-09
5170.0  4.56334e-09
5175.0  4.56822e-09
5180.0  4.56195e-09
5185.0  4.54495e-09
5190.0  4.52908e-09
5195.0  4.51924e-09
5200.0  4.49547e-09
5205.0  4.47252e-09
5210.0  4.4592e-09
5215.0  4.44607e-09
5220.0  4.40682e-09
5225.0  4.39195e-09
5230.0  4.38675e-09
5235.0  4.34328e-09
5240.0  4.29556e-09
5245.0  4.27884e-09
5250.0  4.28576e-09
5255.0  4.27659e-09
5260.0  4.25899e-09
5265.0  4.24016e-09
5270.0  4.22869e-09
5275.0  4.2091e-09
5280.0  4.16496e-09
5285.0  4.14047e-09
5290.0  4.12611e-09
5295.0  4.11749e-09
5300.0  4.12267e-09
5305.0  4.10913e-09
5310.0  4.08834e-09
5315.0  4.05332e-09
5320.0  4.02927e-09
5325.0  4.04133e-09
5330.0  4.03182e-09
5335.0  3.99267e-09
5340.0  3.96658e-09
5345.0  3.96096e-09
5350.0  3.96475e-09
5355.0  3.94899e-09
5360.0  3.90527e-09
5365.0  3.87983e-09
5370.0  3.87972e-09
5375.0  3.87343e-09
5380.0  3.86103e-09
5385.0  3.82683e-09
5390.0  3.81536e-09
5395.0  3.81264e-09
5400.0  3.77952e-09
5405.0  3.68444e-09
5410.0  3.55618e-09
5415.0  3.5959e-09
5420.0  3.69678e-09
5425.0  3.7303e-09
5430.0  3.73629e-09
5435.0  3.71926e-09
5440.0  3.69086e-09
5445.0  3.65582e-09
5450.0  3.62732e-09
5455.0  3.60909e-09
5460.0  3.59213e-09
5465.0  3.58994e-09
5470.0  3.5987e-09
5475.0  3.57643e-09
5480.0  3.53532e-09
5485.0  3.51388e-09
5490.0  3.51354e-09
5495.0  3.52646e-09
5500.0  3.52815e-09
5505.0  3.50146e-09
5510.0  3.48062e-09
5515.0  3.4773e-09
5520.0  3.45249e-09
5525.0  3.41907e-09
5530.0  3.38541e-09
5535.0  3.35866e-09
5540.0  3.34379e-09
5545.0  3.34938e-09
5550.0  3.35851e-09
5555.0  3.34701e-09
5560.0  3.35181e-09
5565.0  3.34362e-09
5570.0  3.32446e-09
5575.0  3.30763e-09
5580.0  3.29118e-09
5585.0  3.2788e-09
5590.0  3.23609e-09
5595.0  3.21154e-09
5600.0  3.23743e-09
5605.0  3.24559e-09
5610.0  3.23799e-09
5615.0  3.20828e-09
5620.0  3.18024e-09
5625.0  3.1617e-09
5630.0  3.14785e-09
5635.0  3.15106e-09
5640.0  3.15046e-09
5645.0  3.13173e-09
5650.0  3.10899e-09
5655.0  3.09138e-09
5660.0  3.07385e-09
5665.0  3.05664e-09
5670.0  3.04701e-09
5675.0  3.04538e-09
5680.0  3.03524e-09
5685.0  3.03353e-09
5690.0  3.02545e-09
5695.0  3.01897e-09
5700.0  2.98008e-09
5705.0  2.94707e-09
5710.0  2.96212e-09
5715.0  2.96878e-09
5720.0  2.94993e-09
5725.0  2.9326e-09
5730.0  2.92698e-09
5735.0  2.91928e-09
5740.0  2.90282e-09
5745.0  2.87838e-09
5750.0  2.87101e-09
5755.0  2.86638e-09
5760.0  2.86854e-09
5765.0  2.85835e-09
5770.0  2.81566e-09
5775.0  2.7509e-09
5780.0  2.66694e-09
5785.0  2.6952e-09
5790.0  2.72445e-09
5795.0  2.70818e-09
5800.0  2.67852e-09
5805.0  2.68106e-09
5810.0  2.68982e-09
5815.0  2.70488e-09
5820.0  2.74158e-09
5825.0  2.74748e-09
5830.0  2.73474e-09
5835.0  2.70793e-09
5840.0  2.69149e-09
5845.0  2.69093e-09
5850.0  2.69504e-09
5855.0  2.69537e-09
5860.0  2.71507e-09
5865.0  2.68936e-09
5870.0  2.59265e-09
5875.0  2.48067e-09
5880.0  2.55237e-09
5885.0  2.52343e-09
5890.0  2.36548e-09
5895.0  2.36923e-09
5900.0  2.49824e-09
5905.0  2.60722e-09
5910.0  2.60833e-09
5915.0  2.59673e-09
5920.0  2.59095e-09
5925.0  2.58942e-09
5930.0  2.57877e-09
5935.0  2.55601e-09
5940.0  2.53738e-09
5945.0  2.52756e-09
5950.0  2.51091e-09
5955.0  2.49769e-09
5960.0  2.5041e-09
5965.0  2.50502e-09
5970.0  2.49522e-09
5975.0  2.48109e-09
5980.0  2.46938e-09
5985.0  2.46053e-09
5990.0  2.45079e-09
5995.0  2.44545e-09
6000.0  2.4298e-09
6005.0  2.41711e-09
6010.0  2.4079e-09
6015.0  2.40027e-09
6020.0  2.39839e-09
6025.0  2.39851e-09
6030.0  2.38948e-09
6035.0  2.37511e-09
6040.0  2.36231e-09
6045.0  2.36363e-09
6050.0  2.36169e-09
6055.0  2.35673e-09
6060.0  2.35497e-09
6065.0  2.34579e-09
6070.0  2.33528e-09
6075.0  2.33197e-09
6080.0  2.32462e-09
6085.0  2.31792e-09
6090.0  2.3157e-09
6095.0  2.30305e-09
6100.0  2.28898e-09
6105.0  2.28817e-09
6110.0  2.28798e-09
6115.0  2.28879e-09
6120.0  2.26928e-09
6125.0  2.25963e-09
6130.0  2.25396e-09
6135.0  2.25224e-09
6140.0  2.24558e-09
6145.0  2.24031e-09
6150.0  2.2381e-09
6155.0  2.23044e-09
6160.0  2.21216e-09
6165.0  2.19644e-09
6170.0  2.18618e-09
6175.0  2.18138e-09
6180.0  2.17687e-09
6185.0  2.16801e-09
6190.0  2.16379e-09
6195.0  2.16037e-09
6200.0  2.1505e-09
6205.0  2.15002e-09
6210.0  2.16293e-09
6215.0  2.15851e-09
6220.0  2.14792e-09
6225.0  2.14022e-09
6230.0  2.13351e-09
6235.0  2.13198e-09
6240.0  2.13326e-09
6245.0  2.13947e-09
6250.0  2.13641e-09
6255.0  2.12912e-09
6260.0  2.12218e-09
6265.0  2.1002e-09
6270.0  2.06605e-09
6275.0  2.00743e-09
6280.0  1.95973e-09
6285.0  1.97771e-09
6290.0  2.02392e-09
6295.0  2.03353e-09
6300.0  2.02644e-09
6305.0  2.02214e-09
6310.0  2.01598e-09
6315.0  2.01336e-09
6320.0  2.01835e-09
6325.0  2.02042e-09
6330.0  2.01916e-09
6335.0  2.01e-09
6340.0  1.99752e-09
6345.0  1.98637e-09
6350.0  1.98944e-09
6355.0  1.98438e-09
6360.0  1.97338e-09
6365.0  1.96397e-09
6370.0  1.95912e-09
6375.0  1.94509e-09
6380.0  1.93482e-09
6385.0  1.93637e-09
6390.0  1.93705e-09
6395.0  1.9319e-09
6400.0  1.92172e-09
6405.0  1.91316e-09
6410.0  1.91045e-09
6415.0  1.913e-09
6420.0  1.91291e-09
6425.0  1.90815e-09
6430.0  1.90201e-09
6435.0  1.8925e-09
6440.0  1.88303e-09
6445.0  1.8706e-09
6450.0  1.86363e-09
6455.0  1.86349e-09
6460.0  1.86321e-09
6465.0  1.85448e-09
6470.0  1.85116e-09
6475.0  1.8417e-09
6480.0  1.8411e-09
6485.0  1.83204e-09
6490.0  1.8274e-09
6495.0  1.83301e-09
6500.0  1.84669e-09
6505.0  1.84627e-09
6510.0  1.83798e-09
6515.0  1.82543e-09
6520.0  1.82189e-09
6525.0  1.81344e-09
6530.0  1.808e-09
6535.0  1.80406e-09
6540.0  1.79786e-09
6545.0  1.7808e-09
6550.0  1.73766e-09
6555.0  1.63138e-09
6560.0  1.48526e-09
6565.0  1.50249e-09
6570.0  1.64311e-09
6575.0  1.72836e-09
6580.0  1.75755e-09
6585.0  1.76804e-09
6590.0  1.77285e-09
6595.0  1.76847e-09
6600.0  1.76343e-09
6605.0  1.76006e-09
6610.0  1.74597e-09
6615.0  1.73743e-09
6620.0  1.73888e-09
6625.0  1.7383e-09
6630.0  1.72901e-09
6635.0  1.71729e-09
6640.0  1.70748e-09
6645.0  1.70181e-09
6650.0  1.69629e-09
6655.0  1.68426e-09
6660.0  1.67211e-09
6665.0  1.66182e-09
6670.0  1.64117e-09
6675.0  1.58974e-09
6680.0  1.57842e-09
6685.0  1.61642e-09
6690.0  1.63729e-09
6695.0  1.64302e-09
6700.0  1.63665e-09
6705.0  1.63791e-09
6710.0  1.63415e-09
6715.0  1.63328e-09
6720.0  1.63599e-09
6725.0  1.63319e-09
6730.0  1.62049e-09
6735.0  1.60566e-09
6740.0  1.60023e-09
6745.0  1.6027e-09
6750.0  1.59551e-09
6755.0  1.59154e-09
6760.0  1.5906e-09
6765.0  1.58474e-09
6770.0  1.5724e-09
6775.0  1.5666e-09
6780.0  1.56658e-09
6785.0  1.56061e-09
6790.0  1.55662e-09
6795.0  1.55234e-09
6800.0  1.5489e-09
6805.0  1.55518e-09
6810.0  1.54894e-09
6815.0  1.54406e-09
6820.0  1.53611e-09
6825.0  1.52976e-09
6830.0  1.52897e-09
6835.0  1.52225e-09
6840.0  1.521e-09
6845.0  1.5177e-09
6850.0  1.51385e-09
6855.0  1.51001e-09
6860.0  1.50615e-09
6865.0  1.50231e-09
6870.0  1.49846e-09
6875.0  1.49461e-09
6880.0  1.49076e-09
6885.0  1.48691e-09
6890.0  1.48306e-09
6895.0  1.47921e-09
6900.0  1.47536e-09
6905.0  1.47151e-09
6910.0  1.46766e-09
6915.0  1.46381e-09
6920.0  1.45997e-09
6925.0  1.45612e-09
6930.0  1.45227e-09
6935.0  1.44842e-09
6940.0  1.44457e-09
6945.0  1.44072e-09
6950.0  1.43687e-09
6955.0  1.43302e-09
6960.0  1.42917e-09
6965.0  1.42532e-09
6970.0  1.4245e-09
6975.0  1.43851e-09
6980.0  1.43361e-09
6985.0  1.41405e-09
6990.0  1.40285e-09
6995.0  1.40529e-09
7000.0  1.4011e-09
7005.0  1.39811e-09
7010.0  1.3948e-09
7015.0  1.38853e-09
7020.0  1.38241e-09
7025.0  1.37421e-09
7030.0  1.37921e-09
7035.0  1.38413e-09
7040.0  1.38006e-09
7045.0  1.37171e-09
7050.0  1.36871e-09
7055.0  1.3602e-09
7060.0  1.32686e-09
7065.0  1.29277e-09
7070.0  1.33369e-09
7075.0  1.35588e-09
7080.0  1.35535e-09
7085.0  1.35573e-09
7090.0  1.35439e-09
7095.0  1.34893e-09
7100.0  1.33857e-09
7105.0  1.33157e-09
7110.0  1.33243e-09
7115.0  1.33718e-09
7120.0  1.34433e-09
7125.0  1.34866e-09
7130.0  1.34808e-09
7135.0  1.34964e-09
7140.0  1.33922e-09
7145.0  1.32714e-09
7150.0  1.32836e-09
7155.0  1.32448e-09
7160.0  1.31117e-09
7165.0  1.2888e-09
7170.0  1.25168e-09
7175.0  1.22552e-09
7180.0  1.21459e-09
7185.0  1.19858e-09
7190.0  1.21301e-09
7195.0  1.22785e-09
7200.0  1.22735e-09
7205.0  1.24808e-09
7210.0  1.28899e-09
7215.0  1.30719e-09
7220.0  1.30722e-09
7225.0  1.28909e-09
7230.0  1.25647e-09
7235.0  1.23234e-09
7240.0  1.22687e-09
7245.0  1.2266e-09
7250.0  1.22745e-09
7255.0  1.22936e-09
7260.0  1.23102e-09
7265.0  1.22402e-09
7270.0  1.21949e-09
7275.0  1.19657e-09
7280.0  1.1971e-09
7285.0  1.2027e-09
7290.0  1.19548e-09
7295.0  1.20753e-09
7300.0  1.20514e-09
7305.0  1.19252e-09
7310.0  1.1967e-09
7315.0  1.19733e-09
7320.0  1.20188e-09
7325.0  1.20435e-09
7330.0  1.19678e-09
7335.0  1.19388e-09
7340.0  1.18948e-09
7345.0  1.18416e-09
7350.0  1.18213e-09
7355.0  1.18007e-09
7360.0  1.1714e-09
7365.0  1.16826e-09
7370.0  1.1658e-09
7375.0  1.16076e-09
7380.0  1.15745e-09
7385.0  1.15589e-09
7390.0  1.14997e-09
7395.0  1.14411e-09
7400.0  1.13761e-09
7405.0  1.12551e-09
7410.0  1.1237e-09
7415.0  1.13479e-09
7420.0  1.13931e-09
7425.0  1.1132e-09
7430.0  1.10645e-09
7435.0  1.10363e-09
7440.0  1.10373e-09
7445.0  1.1e-09
7450.0  1.09507e-09
7455.0  1.09342e-09
7460.0  1.09012e-09
7465.0  1.09256e-09
7470.0  1.08871e-09
7475.0  1.08289e-09
7480.0  1.0784e-09
7485.0  1.07596e-09
7490.0  1.07143e-09
7495.0  1.06457e-09
7500.0  1.06834e-09
7505.0  1.06499e-09
7510.0  1.06346e-09
7515.0  1.05817e-09
7520.0  1.05618e-09
7525.0  1.05672e-09
7530.0  1.05735e-09
7535.0  1.05417e-09
7540.0  1.04912e-09
7545.0  1.04022e-09
7550.0  1.03857e-09
7555.0  1.03637e-09
7560.0  1.03383e-09
7565.0  1.03129e-09
7570.0  1.02875e-09
7575.0  1.02621e-09
7580.0  1.02367e-09
7585.0  1.02113e-09
7590.0  1.0186e-09
7595.0  1.01606e-09
7600.0  1.01352e-09
7605.0  1.01098e-09
7610.0  1.00844e-09
7615.0  1.00591e-09
7620.0  1.00337e-09
7625.0  1.00083e-09
7630.0  9.98289e-10
7635.0  9.95753e-10
7640.0  9.93213e-10
7645.0  9.90675e-10
7650.0  9.88136e-10
7655.0  9.85598e-10
7660.0  9.8306e-10
7665.0  9.80522e-10
7670.0  9.77982e-10
7675.0  9.75445e-10
7680.0  9.72906e-10
7685.0  9.70367e-10
7690.0  9.67828e-10
7695.0  9.65292e-10
7700.0  9.62751e-10
7705.0  9.60214e-10
7710.0  9.57677e-10
7715.0  9.55137e-10
7720.0  9.52598e-10
7725.0  9.50061e-10
7730.0  9.4733e-10
7735.0  9.43885e-10
7740.0  9.42733e-10
7745.0  9.40899e-10
7750.0  9.38568e-10
7755.0  9.39247e-10
7760.0  9.32929e-10
7765.0  9.30336e-10
7770.0  9.29035e-10
7775.0  9.3051e-10
7780.0  9.25484e-10
7785.0  9.2319e-10
7790.0  9.19153e-10
7795.0  9.15891e-10
7800.0  9.12231e-10
7805.0  9.08491e-10
7810.0  9.09064e-10
7815.0  9.05027e-10
7820.0  9.0075e-10
7825.0  9.00916e-10
7830.0  8.98625e-10
7835.0  8.97138e-10
7840.0  8.97185e-10
7845.0  8.95721e-10
7850.0  8.93914e-10
7855.0  8.92834e-10
7860.0  8.95532e-10
7865.0  8.85538e-10
7870.0  8.82243e-10
7875.0  8.78771e-10
7880.0  8.82385e-10
7885.0  8.77571e-10
7890.0  8.73148e-10
7895.0  8.70853e-10
7900.0  8.71729e-10
7905.0  8.71478e-10
7910.0  8.66518e-10
7915.0  8.61743e-10
7920.0  8.61721e-10
7925.0  8.64685e-10
7930.0  8.6223e-10
7935.0  8.55294e-10
7940.0  8.57331e-10
7945.0  8.56675e-10
7950.0  8.57188e-10
7955.0  8.49637e-10
7960.0  8.443e-10
7965.0  8.46561e-10
7970.0  8.45371e-10
7975.0  8.4251e-10
7980.0  8.38779e-10
7985.0  8.40159e-10
7990.0  8.38408e-10
7995.0  8.35226e-10
8000.0  8.30842e-10
8005.0  8.2994e-10
8010.0  8.29193e-10
8015.0  8.28654e-10
8020.0  8.24798e-10
8025.0  8.23809e-10
8030.0  8.2488e-10
8035.0  8.2808e-10
8040.0  8.2667e-10
8045.0  8.26567e-10
8050.0  8.24628e-10
8055.0  8.22533e-10
8060.0  8.19121e-10
8065.0  8.17056e-10
8070.0  8.13764e-10
8075.0  8.10175e-10
8080.0  8.08749e-10
8085.0  8.08565e-10
8090.0  7.98483e-10
8095.0  7.93996e-10
8100.0  7.907e-10
8105.0  7.89383e-10
8110.0  7.88159e-10
8115.0  7.87697e-10
8120.0  7.90867e-10
8125.0  7.92147e-10
8130.0  7.93295e-10
8135.0  7.92365e-10
8140.0  7.88936e-10
8145.0  7.81875e-10
8150.0  7.71309e-10
8155.0  7.60432e-10
8160.0  7.49167e-10
8165.0  7.48007e-10
8170.0  7.57902e-10
8175.0  7.6091e-10
8180.0  7.64649e-10
8185.0  7.71033e-10
8190.0  7.68452e-10
8195.0  7.65392e-10
8200.0  7.65373e-10
8205.0  7.63885e-10
8210.0  7.59708e-10
8215.0  7.52363e-10
8220.0  7.42573e-10
8225.0  7.26034e-10
8230.0  7.19801e-10
8235.0  7.35132e-10
8240.0  7.44406e-10
8245.0  7.4578e-10
8250.0  7.46755e-10
8255.0  7.40067e-10
8260.0  7.36085e-10
8265.0  7.32864e-10
8270.0  7.27652e-10
8275.0  7.21956e-10
8280.0  7.19278e-10
8285.0  7.18e-10
8290.0  7.17058e-10
8295.0  7.1869e-10
8300.0  7.20333e-10
8305.0  7.18931e-10
8310.0  7.17079e-10
8315.0  7.12984e-10
8320.0  7.09166e-10
8325.0  7.10461e-10
8330.0  7.04775e-10
8335.0  6.97659e-10
8340.0  6.96325e-10
8345.0  6.9646e-10
8350.0  6.94018e-10
8355.0  6.90756e-10
8360.0  6.8979e-10
8365.0  6.8947e-10
8370.0  6.86847e-10
8375.0  6.85181e-10
8380.0  6.82978e-10
8385.0  6.84133e-10
8390.0  6.85847e-10
8395.0  6.89762e-10
8400.0  6.88013e-10
8405.0  6.88839e-10
8410.0  6.92865e-10
8415.0  6.93249e-10
8420.0  6.87298e-10
8425.0  6.80788e-10
8430.0  6.77627e-10
8435.0  6.70663e-10
8440.0  6.65759e-10
8445.0  6.64184e-10
8450.0  6.6417e-10
8455.0  6.66442e-10
8460.0  6.66095e-10
8465.0  6.61928e-10
8470.0  6.5735e-10
8475.0  6.54948e-10
8480.0  6.54877e-10
8485.0  6.549e-10
8490.0  6.5858e-10
8495.0  6.61053e-10
8500.0  6.62556e-10
8505.0  6.61497e-10
8510.0  6.59772e-10
8515.0  6.56993e-10
8520.0  6.54463e-10
8525.0  6.53797e-10
8530.0  6.52408e-10
8535.0  6.48866e-10
8540.0  6.48134e-10
8545.0  6.48657e-10
8550.0  6.45143e-10
8555.0  6.42815e-10
8560.0  6.41507e-10
8565.0  6.41231e-10
8570.0  6.37686e-10
8575.0  6.33361e-10
8580.0  6.26777e-10
8585.0  6.21177e-10
8590.0  6.14775e-10
8595.0  6.08473e-10
8600.0  6.05896e-10
8605.0  6.08579e-10
8610.0  6.15759e-10
8615.0  6.23769e-10
8620.0  6.24354e-10
8625.0  6.25576e-10
8630.0  6.24374e-10
8635.0  6.21276e-10
8640.0  6.15972e-10
8645.0  6.11123e-10
8650.0  6.04654e-10
8655.0  6.00164e-10
8660.0  5.94794e-10
8665.0  5.9198e-10
8670.0  5.9348e-10
8675.0  5.98203e-10
8680.0  6.02568e-10
8685.0  6.06135e-10
8690.0  6.07434e-10
8695.0  6.09349e-10
8700.0  6.11708e-10
8705.0  6.12021e-10
8710.0  6.08971e-10
8715.0  6.07907e-10
8720.0  6.06204e-10
8725.0  6.03688e-10
8730.0  6.00735e-10
8735.0  5.97625e-10
8740.0  5.96009e-10
8745.0  5.89313e-10
8750.0  5.82995e-10
8755.0  5.81271e-10
8760.0  5.83001e-10
8765.0  5.82465e-10
8770.0  5.8083e-10
8775.0  5.76321e-10
8780.0  5.74789e-10
8785.0  5.79994e-10
8790.0  5.83187e-10
8795.0  5.88079e-10
8800.0  5.90039e-10
8805.0  5.94407e-10
8810.0  5.95341e-10
8815.0  5.90566e-10
8820.0  5.85793e-10
8825.0  5.77476e-10
8830.0  5.70043e-10
8835.0  5.63411e-10
8840.0  5.58184e-10
8845.0  5.51542e-10
8850.0  5.47227e-10
8855.0  5.47603e-10
8860.0  5.47876e-10
8865.0  5.44905e-10
8870.0  5.50221e-10
8875.0  5.54965e-10
8880.0  5.54672e-10
8885.0  5.58577e-10
8890.0  5.56936e-10
8895.0  5.5606e-10
8900.0  5.57244e-10
8905.0  5.58931e-10
8910.0  5.61888e-10
8915.0  5.62866e-10
8920.0  5.60346e-10
8925.0  5.59913e-10
8930.0  5.53364e-10
8935.0  5.47624e-10
8940.0  5.47686e-10
8945.0  5.49991e-10
8950.0  5.50145e-10
8955.0  5.51044e-10
8960.0  5.50569e-10
8965.0  5.41267e-10
8970.0  5.32621e-10
8975.0  5.2385e-10
8980.0  5.13789e-10
8985.0  5.04317e-10
8990.0  4.98596e-10
8995.0  5.03473e-10
9000.0  5.01731e-10
9005.0  5.01865e-10
9010.0  5.01797e-10
9015.0  4.98344e-10
9020.0  5.03064e-10
9025.0  5.07083e-10
9030.0  5.23154e-10
9035.0  5.30442e-10
9040.0  5.34153e-10
9045.0  5.38393e-10
9050.0  5.41646e-10
9055.0  5.43338e-10
9060.0  5.37262e-10
9065.0  5.2659e-10
9070.0  5.16594e-10
9075.0  5.11667e-10
9080.0  5.08405e-10
9085.0  5.05511e-10
9090.0  5.05855e-10
9095.0  5.08316e-10
9100.0  5.13528e-10
9105.0  5.1803e-10
9110.0  5.18219e-10
9115.0  5.17938e-10
9120.0  5.20088e-10
9125.0  5.1957e-10
9130.0  5.11858e-10
9135.0  5.10522e-10
9140.0  5.15531e-10
9145.0  5.15462e-10
9150.0  5.07739e-10
9155.0  5.00007e-10
9160.0  5.01101e-10
9165.0  5.02231e-10
9170.0  4.98029e-10
9175.0  4.88506e-10
9180.0  4.88852e-10
9185.0  4.93395e-10
9190.0  5.00546e-10
9195.0  4.98486e-10
9200.0  4.96096e-10
9205.0  4.94042e-10
9210.0  4.85863e-10
9215.0  4.75996e-10
9220.0  4.64928e-10
9225.0  4.5899e-10
9230.0  4.54593e-10
9235.0  4.60896e-10
9240.0  4.65491e-10
9245.0  4.65079e-10
9250.0  4.67583e-10
9255.0  4.79012e-10
9260.0  4.83682e-10
9265.0  4.87493e-10
9270.0  4.93656e-10
9275.0  5.03787e-10
9280.0  5.05528e-10
9285.0  5.00519e-10
9290.0  4.94108e-10
9295.0  4.82413e-10
9300.0  4.6926e-10
9305.0  4.64984e-10
9310.0  4.56411e-10
9315.0  4.43298e-10
9320.0  4.43285e-10
9325.0  4.38554e-10
9330.0  4.38146e-10
9335.0  4.18968e-10
9340.0  4.04919e-10
9345.0  4.07696e-10
9350.0  4.24803e-10
9355.0  4.23832e-10
9360.0  4.42212e-10
9365.0  4.45783e-10
9370.0  4.48999e-10
9375.0  4.60772e-10
9380.0  4.64882e-10
9385.0  4.79216e-10
9390.0  4.97932e-10
9395.0  5.03604e-10
9400.0  4.91782e-10
9405.0  4.76802e-10
9410.0  4.57934e-10
9415.0  4.47051e-10
9420.0  4.32233e-10
9425.0  4.17798e-10
9430.0  4.16218e-10
9435.0  4.21367e-10
9440.0  4.16556e-10
9445.0  4.30626e-10
9450.0  4.519e-10
9455.0  4.44555e-10
9460.0  4.41157e-10
9465.0  4.50599e-10
9470.0  4.43465e-10
9475.0  4.40612e-10
9480.0  4.36167e-10
9485.0  4.46047e-10
9490.0  4.48172e-10
9495.0  4.34636e-10
9500.0  4.32033e-10
9505.0  4.45376e-10
9510.0  4.46009e-10
9515.0  4.24654e-10
9520.0  4.13774e-10
9525.0  4.06471e-10
9530.0  3.98991e-10
9535.0  4.05061e-10
9540.0  3.9416e-10
9545.0  3.95725e-10
9550.0  4.02625e-10
9555.0  4.02315e-10
9560.0  4.15879e-10
9565.0  4.26808e-10
9570.0  4.37913e-10
9575.0  4.34904e-10
9580.0  4.32635e-10
9585.0  4.34359e-10
9590.0  4.3434e-10
9595.0  4.33473e-10
9600.0  4.27847e-10
9605.0  4.3234e-10
9610.0  4.32791e-10
9615.0  4.22093e-10
9620.0  4.14451e-10
9625.0  4.10747e-10
9630.0  4.20767e-10
9635.0  4.32344e-10
9640.0  4.18124e-10
9645.0  4.18479e-10
9650.0  4.21284e-10
9655.0  4.34202e-10
9660.0  4.2223e-10
9665.0  4.1178e-10
9670.0  4.09304e-10
9675.0  4.1483e-10
9680.0  4.12083e-10
9685.0  4.02769e-10
9690.0  4.0448e-10
9695.0  4.04929e-10
9700.0  4.09411e-10
9705.0  4.12119e-10
9710.0  4.07798e-10
9715.0  3.9932e-10
9720.0  4.1109e-10
9725.0  4.08372e-10
9730.0  4.09855e-10
9735.0  4.00503e-10
9740.0  4.00924e-10
9745.0  4.04403e-10
9750.0  4.06986e-10
9755.0  4.01865e-10
9760.0  4.01865e-10
9765.0  4.04391e-10
9770.0  3.99022e-10
9775.0  3.89345e-10
9780.0  3.80922e-10
9785.0  3.77549e-10
9790.0  3.92705e-10
9795.0  4.00641e-10
9800.0  3.94845e-10
9805.0  3.98841e-10
9810.0  3.921e-10
9815.0  3.89308e-10
9820.0  3.89368e-10
9825.0  3.8421e-10
9830.0  3.9018e-10
9835.0  3.92184e-10
9840.0  3.88359e-10
9845.0  3.86907e-10
9850.0  3.84938e-10
9855.0  3.8911e-10
9860.0  3.90701e-10
9865.0  3.84632e-10
9870.0  3.79446e-10
9875.0  3.83707e-10
9880.0  3.77026e-10
9885.0  3.83195e-10
9890.0  3.75043e-10
9895.0  3.77377e-10
9900.0  3.80244e-10
9905.0  3.74522e-10
9910.0  3.71586e-10
9915.0  3.71777e-10
9920.0  3.72647e-10
9925.0  3.7726e-10
9930.0  3.70448e-10
9935.0  3.67343e-10
9940.0  3.59434e-10
9945.0  3.65871e-10
9950.0  3.61339e-10
9955.0  3.6048e-10
9960.0  3.69743e-10
9965.0  3.65502e-10
9970.0  3.69149e-10
9975.0  3.59799e-10
9980.0  3.74634e-10
9985.0  3.79722e-10
9990.0  3.8206e-10
9995.0  3.67003e-10
10000.0  3.77176e-10
10005.0  3.71866e-10
10010.0  3.76048e-10
10015.0  3.75069e-10
10020.0  3.73131e-10
10025.0  3.44698e-10
10030.0  3.52559e-10
10035.0  3.34996e-10
10040.0  3.19903e-10
10045.0  3.07119e-10
10050.0  3.26239e-10
10055.0  3.43106e-10
10060.0  3.36015e-10
10065.0  3.35778e-10
10070.0  3.40313e-10
10075.0  3.514e-10
10080.0  3.53462e-10
10085.0  3.52508e-10
10090.0  3.45251e-10
10095.0  3.31726e-10
10100.0  3.45849e-10
10105.0  3.49471e-10
10110.0  3.35207e-10
10115.0  3.35191e-10
10120.0  3.54527e-10
10125.0  3.47737e-10
10130.0  3.36718e-10
10135.0  3.36612e-10
10140.0  3.45756e-10
10145.0  3.47819e-10
10150.0  3.48091e-10
10155.0  3.48613e-10
10160.0  3.50131e-10
10165.0  3.53032e-10
10170.0  3.56772e-10
10175.0  3.60447e-10
10180.0  3.63135e-10
10185.0  3.64139e-10
10190.0  3.6333e-10
10195.0  3.60803e-10
10200.0  3.56696e-10
10205.0  3.514e-10
10210.0  3.45929e-10
10215.0  3.41546e-10
10220.0  3.3947e-10
10225.0  3.40166e-10
10230.0  3.42158e-10
10235.0  3.4323e-10
10240.0  3.41203e-10
10245.0  3.35029e-10
10250.0  3.26609e-10
10255.0  3.1898e-10
10260.0  3.15159e-10
10265.0  3.16867e-10
10270.0  3.2247e-10
10275.0  3.29026e-10
10280.0  3.33576e-10
10285.0  3.34175e-10
10290.0  3.31541e-10
10295.0  3.27413e-10
10300.0  3.23584e-10
10305.0  3.21413e-10
10310.0  3.21124e-10
10315.0  3.22504e-10
10320.0  3.25275e-10
10325.0  3.28935e-10
10330.0  3.32418e-10
10335.0  3.34428e-10
10340.0  3.33726e-10
10345.0  3.29828e-10
10350.0  3.24189e-10
10355.0  3.19016e-10
10360.0  3.16494e-10
10365.0  3.17795e-10
10370.0  3.21471e-10
10375.0  3.25067e-10
10380.0  3.26127e-10
10385.0  3.2322e-10
10390.0  3.17569e-10
10395.0  3.11425e-10
10400.0  3.07048e-10
10405.0  3.05858e-10
10410.0  3.07069e-10
10415.0  3.09043e-10
10420.0  3.10126e-10
10425.0  3.09302e-10
10430.0  3.0723e-10
10435.0  3.05209e-10
10440.0  3.04567e-10
10445.0  3.06231e-10
10450.0  3.10108e-10
10455.0  3.15711e-10
10460.0  3.22483e-10
10465.0  3.29567e-10
10470.0  3.35332e-10
10475.0  3.37846e-10
10480.0  3.35265e-10
10485.0  3.26924e-10
10490.0  3.15209e-10
10495.0  3.03692e-10
10500.0  2.95917e-10
10505.0  2.94051e-10
10510.0  2.96651e-10
10515.0  3.00892e-10
10520.0  3.03924e-10
10525.0  3.03992e-10
10530.0  3.022e-10
10535.0  3.00748e-10
10540.0  3.01833e-10
10545.0  3.06533e-10
10550.0  3.13007e-10
10555.0  3.18299e-10
10560.0  3.19468e-10
10565.0  3.14925e-10
10570.0  3.06589e-10
10575.0  2.97733e-10
10580.0  2.91637e-10
10585.0  2.90406e-10
10590.0  2.93083e-10
10595.0  2.97533e-10
10600.0  3.0156e-10
10605.0  3.03587e-10
10610.0  3.03623e-10
10615.0  3.02289e-10
10620.0  2.25448e-10
