# Extracted from file: pickles_103.fits
#SIMPLETrueFits standard
#BITPIX16Bits per pixel
#NAXIS0Number of axes
#EXTENDTrueFile may contain extensions
#DATE2007-01-11T20:44:27Date FITS file was generated
#IRAF-TLM15:44:43 (11/01/2007)Time of last modification
#COMMENT  FITS (Flexible Image Transport System) format is defined in 'Astronomy
#COMMENT  and Astrophysics', volume 376, page 359; bibcode: 2001A&A...376..359H
#ORIGINSTScI-STSDAS/TABLESTables version 2002-02-22
#FILENAMEpickles_103.fitsname of file
#NEXTEND1number of extensions in file
#COMMENT1spectral type: M8III
#COMMENT2metallicity: solar
#COMMENT3original filename: m8iii.dat
#HISTORY  File created by F.R.Boffi.
#HISTORY  SEDs from Pickles UVILIB Library (1998, PASP 110, 863).
#HISTORY  Wavelength is in Angstrom.
#HISTORY  Fluxes are tabulated in units of erg/s/cm^2/A
#HISTORY  and were calculated by normalizing the original fluxes
#HISTORY  in the Pickles V band to a 0 magnitude in vegamag.
#HISTORY  In the vegamag system, Vega has magnitude zero in all passbands.
#HISTORY  Please refer to the SYNPHOT manual for further information.
#
#
#
#
#
#
#
#
#
#
#
#
#
#  
#Columns WAVELENGTH FLUX
#Units  angstroms flam
1150.0  0.0
1155.0  0.0
1160.0  0.0
1165.0  0.0
1170.0  0.0
1175.0  0.0
1180.0  0.0
1185.0  0.0
1190.0  0.0
1195.0  0.0
1200.0  0.0
1205.0  0.0
1210.0  0.0
1215.0  0.0
1220.0  0.0
1225.0  0.0
1230.0  0.0
1235.0  0.0
1240.0  0.0
1245.0  0.0
1250.0  0.0
1255.0  0.0
1260.0  0.0
1265.0  0.0
1270.0  0.0
1275.0  0.0
1280.0  0.0
1285.0  0.0
1290.0  0.0
1295.0  0.0
1300.0  0.0
1305.0  0.0
1310.0  0.0
1315.0  0.0
1320.0  0.0
1325.0  0.0
1330.0  0.0
1335.0  0.0
1340.0  0.0
1345.0  0.0
1350.0  0.0
1355.0  0.0
1360.0  0.0
1365.0  0.0
1370.0  0.0
1375.0  0.0
1380.0  0.0
1385.0  0.0
1390.0  0.0
1395.0  0.0
1400.0  0.0
1405.0  0.0
1410.0  0.0
1415.0  0.0
1420.0  0.0
1425.0  0.0
1430.0  0.0
1435.0  0.0
1440.0  0.0
1445.0  0.0
1450.0  0.0
1455.0  0.0
1460.0  0.0
1465.0  0.0
1470.0  0.0
1475.0  0.0
1480.0  0.0
1485.0  0.0
1490.0  0.0
1495.0  0.0
1500.0  0.0
1505.0  0.0
1510.0  0.0
1515.0  0.0
1520.0  0.0
1525.0  0.0
1530.0  0.0
1535.0  0.0
1540.0  0.0
1545.0  0.0
1550.0  0.0
1555.0  0.0
1560.0  0.0
1565.0  0.0
1570.0  0.0
1575.0  0.0
1580.0  0.0
1585.0  0.0
1590.0  0.0
1595.0  0.0
1600.0  0.0
1605.0  0.0
1610.0  0.0
1615.0  0.0
1620.0  0.0
1625.0  0.0
1630.0  0.0
1635.0  0.0
1640.0  0.0
1645.0  0.0
1650.0  0.0
1655.0  0.0
1660.0  0.0
1665.0  0.0
1670.0  0.0
1675.0  0.0
1680.0  0.0
1685.0  0.0
1690.0  0.0
1695.0  0.0
1700.0  0.0
1705.0  0.0
1710.0  0.0
1715.0  0.0
1720.0  0.0
1725.0  0.0
1730.0  0.0
1735.0  0.0
1740.0  0.0
1745.0  0.0
1750.0  0.0
1755.0  0.0
1760.0  0.0
1765.0  0.0
1770.0  0.0
1775.0  0.0
1780.0  0.0
1785.0  0.0
1790.0  0.0
1795.0  0.0
1800.0  0.0
1805.0  0.0
1810.0  0.0
1815.0  0.0
1820.0  0.0
1825.0  0.0
1830.0  0.0
1835.0  0.0
1840.0  0.0
1845.0  0.0
1850.0  0.0
1855.0  0.0
1860.0  0.0
1865.0  0.0
1870.0  0.0
1875.0  0.0
1880.0  0.0
1885.0  0.0
1890.0  0.0
1895.0  0.0
1900.0  0.0
1905.0  0.0
1910.0  0.0
1915.0  0.0
1920.0  0.0
1925.0  0.0
1930.0  0.0
1935.0  0.0
1940.0  0.0
1945.0  0.0
1950.0  0.0
1955.0  0.0
1960.0  0.0
1965.0  0.0
1970.0  0.0
1975.0  0.0
1980.0  0.0
1985.0  0.0
1990.0  0.0
1995.0  0.0
2000.0  0.0
2005.0  0.0
2010.0  0.0
2015.0  0.0
2020.0  0.0
2025.0  0.0
2030.0  0.0
2035.0  0.0
2040.0  0.0
2045.0  0.0
2050.0  0.0
2055.0  0.0
2060.0  0.0
2065.0  0.0
2070.0  0.0
2075.0  0.0
2080.0  0.0
2085.0  0.0
2090.0  0.0
2095.0  0.0
2100.0  0.0
2105.0  0.0
2110.0  0.0
2115.0  0.0
2120.0  0.0
2125.0  0.0
2130.0  0.0
2135.0  0.0
2140.0  0.0
2145.0  0.0
2150.0  0.0
2155.0  0.0
2160.0  0.0
2165.0  0.0
2170.0  0.0
2175.0  0.0
2180.0  0.0
2185.0  0.0
2190.0  0.0
2195.0  0.0
2200.0  0.0
2205.0  0.0
2210.0  0.0
2215.0  0.0
2220.0  0.0
2225.0  0.0
2230.0  0.0
2235.0  0.0
2240.0  0.0
2245.0  0.0
2250.0  0.0
2255.0  0.0
2260.0  0.0
2265.0  0.0
2270.0  0.0
2275.0  0.0
2280.0  0.0
2285.0  0.0
2290.0  0.0
2295.0  0.0
2300.0  0.0
2305.0  0.0
2310.0  0.0
2315.0  0.0
2320.0  0.0
2325.0  0.0
2330.0  0.0
2335.0  0.0
2340.0  0.0
2345.0  0.0
2350.0  0.0
2355.0  0.0
2360.0  0.0
2365.0  0.0
2370.0  0.0
2375.0  0.0
2380.0  0.0
2385.0  0.0
2390.0  0.0
2395.0  0.0
2400.0  0.0
2405.0  0.0
2410.0  0.0
2415.0  0.0
2420.0  0.0
2425.0  0.0
2430.0  0.0
2435.0  0.0
2440.0  0.0
2445.0  0.0
2450.0  0.0
2455.0  0.0
2460.0  0.0
2465.0  0.0
2470.0  0.0
2475.0  0.0
2480.0  0.0
2485.0  0.0
2490.0  0.0
2495.0  0.0
2500.0  0.0
2505.0  0.0
2510.0  0.0
2515.0  0.0
2520.0  0.0
2525.0  0.0
2530.0  0.0
2535.0  0.0
2540.0  0.0
2545.0  0.0
2550.0  0.0
2555.0  0.0
2560.0  0.0
2565.0  0.0
2570.0  0.0
2575.0  0.0
2580.0  0.0
2585.0  0.0
2590.0  0.0
2595.0  0.0
2600.0  0.0
2605.0  0.0
2610.0  0.0
2615.0  0.0
2620.0  0.0
2625.0  0.0
2630.0  0.0
2635.0  0.0
2640.0  0.0
2645.0  0.0
2650.0  0.0
2655.0  0.0
2660.0  0.0
2665.0  0.0
2670.0  0.0
2675.0  0.0
2680.0  0.0
2685.0  0.0
2690.0  0.0
2695.0  0.0
2700.0  0.0
2705.0  0.0
2710.0  0.0
2715.0  0.0
2720.0  0.0
2725.0  0.0
2730.0  0.0
2735.0  0.0
2740.0  0.0
2745.0  0.0
2750.0  0.0
2755.0  3.89169e-16
2760.0  3.10912e-15
2765.0  5.82766e-15
2770.0  6.21542e-15
2775.0  6.60459e-15
2780.0  8.93536e-15
2785.0  8.93398e-15
2790.0  6.21403e-15
2795.0  3.10632e-15
2800.0  3.8777e-16
2805.0  0.0
2810.0  0.0
2815.0  0.0
2820.0  0.0
2825.0  0.0
2830.0  0.0
2835.0  0.0
2840.0  0.0
2845.0  0.0
2850.0  2.72402e-15
2855.0  2.17635e-14
2860.0  4.39066e-14
2865.0  6.79914e-14
2870.0  8.93548e-14
2875.0  1.04891e-13
2880.0  1.13044e-13
2885.0  1.07211e-13
2890.0  8.81698e-14
2895.0  5.32001e-14
2900.0  6.9803e-15
2905.0  0.0
2910.0  0.0
2915.0  0.0
2920.0  0.0
2925.0  0.0
2930.0  0.0
2935.0  0.0
2940.0  0.0
2945.0  0.0
2950.0  3.65775e-14
2955.0  3.01976e-13
2960.0  6.71048e-13
2965.0  1.11198e-12
2970.0  1.61973e-12
2975.0  2.18225e-12
2980.0  2.79604e-12
2985.0  3.45139e-12
2990.0  4.14288e-12
2995.0  4.86077e-12
3000.0  5.60196e-12
3005.0  6.35753e-12
3010.0  7.12825e-12
3015.0  7.91489e-12
3020.0  8.7198e-12
3025.0  9.54375e-12
3030.0  1.0389e-11
3035.0  1.12561e-11
3040.0  1.21453e-11
3045.0  1.30598e-11
3050.0  1.40034e-11
3055.0  1.49687e-11
3060.0  1.59457e-11
3065.0  1.69199e-11
3070.0  1.78775e-11
3075.0  1.87997e-11
3080.0  1.9676e-11
3085.0  2.04859e-11
3090.0  2.12174e-11
3095.0  2.18552e-11
3100.0  2.23827e-11
3105.0  2.27956e-11
3110.0  2.31122e-11
3115.0  2.33549e-11
3120.0  2.35507e-11
3125.0  2.37255e-11
3130.0  2.39081e-11
3135.0  2.41206e-11
3140.0  2.43933e-11
3145.0  2.47484e-11
3150.0  2.52135e-11
3155.0  6.4182e-11
3160.0  2.92408e-10
3165.0  3.18273e-10
3170.0  3.29371e-10
3175.0  3.69013e-10
3180.0  3.83857e-10
3185.0  3.38392e-10
3190.0  2.96379e-10
3195.0  3.52547e-10
3200.0  5.92048e-10
3205.0  5.24764e-10
3210.0  3.69556e-10
3215.0  2.87639e-10
3220.0  3.0216e-10
3225.0  3.81269e-10
3230.0  4.5979e-10
3235.0  4.95336e-10
3240.0  5.31573e-10
3245.0  6.0259e-10
3250.0  6.35222e-10
3255.0  5.69454e-10
3260.0  4.88423e-10
3265.0  5.03697e-10
3270.0  6.49499e-10
3275.0  8.64975e-10
3280.0  9.31313e-10
3285.0  7.19675e-10
3290.0  4.8204e-10
3295.0  4.57862e-10
3300.0  4.80055e-10
3305.0  3.55194e-10
3310.0  2.28275e-10
3315.0  2.64812e-10
3320.0  3.40602e-10
3325.0  3.07157e-10
3330.0  2.46813e-10
3335.0  2.66587e-10
3340.0  3.0327e-10
3345.0  2.79836e-10
3350.0  2.56094e-10
3355.0  2.94633e-10
3360.0  3.27435e-10
3365.0  2.88759e-10
3370.0  2.50291e-10
3375.0  2.9133e-10
3380.0  3.71042e-10
3385.0  4.19683e-10
3390.0  4.16127e-10
3395.0  3.69213e-10
3400.0  3.14098e-10
3405.0  2.84782e-10
3410.0  2.8711e-10
3415.0  3.08356e-10
3420.0  3.17094e-10
3425.0  2.97216e-10
3430.0  2.89684e-10
3435.0  3.39795e-10
3440.0  4.45241e-10
3445.0  5.69935e-10
3450.0  6.4091e-10
3455.0  6.14045e-10
3460.0  5.54333e-10
3465.0  5.33437e-10
3470.0  5.32728e-10
3475.0  5.18298e-10
3480.0  5.06856e-10
3485.0  5.0935e-10
3490.0  4.72933e-10
3495.0  3.77139e-10
3500.0  3.45696e-10
3505.0  4.71455e-10
3510.0  6.25336e-10
3515.0  6.69238e-10
3520.0  6.62658e-10
3525.0  6.89472e-10
3530.0  6.97963e-10
3535.0  6.29702e-10
3540.0  5.4986e-10
3545.0  5.55253e-10
3550.0  6.92655e-10
3555.0  9.27476e-10
3560.0  1.07193e-09
3565.0  9.89072e-10
3570.0  8.22171e-10
3575.0  7.46531e-10
3580.0  7.40168e-10
3585.0  7.24167e-10
3590.0  6.7541e-10
3595.0  6.04888e-10
3600.0  5.50755e-10
3605.0  5.50432e-10
3610.0  6.12992e-10
3615.0  7.20667e-10
3620.0  8.14868e-10
3625.0  8.43949e-10
3630.0  8.14897e-10
3635.0  7.59894e-10
3640.0  7.18123e-10
3645.0  7.23272e-10
3650.0  7.87289e-10
3655.0  8.92639e-10
3660.0  9.68233e-10
3665.0  9.62387e-10
3670.0  9.25497e-10
3675.0  9.19386e-10
3680.0  9.33902e-10
3685.0  9.42401e-10
3690.0  9.49304e-10
3695.0  9.67824e-10
3700.0  1.00035e-09
3705.0  1.03942e-09
3710.0  1.06464e-09
3715.0  1.06576e-09
3720.0  1.07004e-09
3725.0  1.09794e-09
3730.0  1.11675e-09
3735.0  1.10321e-09
3740.0  1.11019e-09
3745.0  1.18161e-09
3750.0  1.26345e-09
3755.0  1.3055e-09
3760.0  1.36366e-09
3765.0  1.48634e-09
3770.0  1.59627e-09
3775.0  1.61172e-09
3780.0  1.56714e-09
3785.0  1.52607e-09
3790.0  1.50966e-09
3795.0  1.52374e-09
3800.0  1.57528e-09
3805.0  1.62871e-09
3810.0  1.54447e-09
3815.0  1.2749e-09
3820.0  1.10673e-09
3825.0  1.2855e-09
3830.0  1.61702e-09
3835.0  1.82875e-09
3840.0  1.88815e-09
3845.0  1.8457e-09
3850.0  1.72107e-09
3855.0  1.54258e-09
3860.0  1.39794e-09
3865.0  1.3529e-09
3870.0  1.35778e-09
3875.0  1.36281e-09
3880.0  1.42999e-09
3885.0  1.60957e-09
3890.0  1.80813e-09
3895.0  1.91754e-09
3900.0  1.93804e-09
3905.0  1.91001e-09
3910.0  1.86566e-09
3915.0  1.80715e-09
3920.0  1.6738e-09
3925.0  1.43439e-09
3930.0  1.19661e-09
3935.0  1.09261e-09
3940.0  1.17292e-09
3945.0  1.39438e-09
3950.0  1.55862e-09
3955.0  1.51034e-09
3960.0  1.35853e-09
3965.0  1.27761e-09
3970.0  1.34462e-09
3975.0  1.55759e-09
3980.0  1.8132e-09
3985.0  2.00882e-09
3990.0  2.14068e-09
3995.0  2.24244e-09
4000.0  2.34367e-09
4005.0  2.44676e-09
4010.0  2.49454e-09
4015.0  2.46473e-09
4020.0  2.479e-09
4025.0  2.6262e-09
4030.0  2.76836e-09
4035.0  2.75565e-09
4040.0  2.6363e-09
4045.0  2.51542e-09
4050.0  2.44323e-09
4055.0  2.43502e-09
4060.0  2.47467e-09
4065.0  2.53694e-09
4070.0  2.59933e-09
4075.0  2.62711e-09
4080.0  2.55755e-09
4085.0  2.40129e-09
4090.0  2.38089e-09
4095.0  2.66439e-09
4100.0  3.06404e-09
4105.0  3.29629e-09
4110.0  3.19496e-09
4115.0  2.75738e-09
4120.0  2.2773e-09
4125.0  2.02998e-09
4130.0  1.95509e-09
4135.0  1.91301e-09
4140.0  1.89642e-09
4145.0  1.94463e-09
4150.0  2.07321e-09
4155.0  2.24832e-09
4160.0  2.33872e-09
4165.0  2.23887e-09
4170.0  2.00774e-09
4175.0  1.75728e-09
4180.0  1.5737e-09
4185.0  1.52627e-09
4190.0  1.66387e-09
4195.0  1.96082e-09
4200.0  2.21601e-09
4205.0  2.22272e-09
4210.0  1.93926e-09
4215.0  1.44093e-09
4220.0  9.41147e-10
4225.0  6.48097e-10
4230.0  6.20734e-10
4235.0  8.24429e-10
4240.0  1.12826e-09
4245.0  1.38462e-09
4250.0  1.49664e-09
4255.0  1.44036e-09
4260.0  1.32858e-09
4265.0  1.27077e-09
4270.0  1.23632e-09
4275.0  1.17402e-09
4280.0  1.12184e-09
4285.0  1.14959e-09
4290.0  1.3121e-09
4295.0  1.59818e-09
4300.0  1.84241e-09
4305.0  1.87089e-09
4310.0  1.64723e-09
4315.0  1.25447e-09
4320.0  9.43866e-10
4325.0  9.27249e-10
4330.0  1.14726e-09
4335.0  1.44162e-09
4340.0  1.64562e-09
4345.0  1.64636e-09
4350.0  1.46595e-09
4355.0  1.20896e-09
4360.0  1.05747e-09
4365.0  1.12255e-09
4370.0  1.25979e-09
4375.0  1.30907e-09
4380.0  1.31985e-09
4385.0  1.36552e-09
4390.0  1.37181e-09
4395.0  1.27623e-09
4400.0  1.19589e-09
4405.0  1.23919e-09
4410.0  1.30992e-09
4415.0  1.27505e-09
4420.0  1.11637e-09
4425.0  8.85653e-10
4430.0  6.95948e-10
4435.0  6.39267e-10
4440.0  6.94545e-10
4445.0  7.99467e-10
4450.0  8.96317e-10
4455.0  9.36368e-10
4460.0  8.89255e-10
4465.0  7.6185e-10
4470.0  6.40224e-10
4475.0  6.09265e-10
4480.0  6.70562e-10
4485.0  7.77349e-10
4490.0  8.43192e-10
4495.0  8.10403e-10
4500.0  7.33126e-10
4505.0  6.88472e-10
4510.0  7.00774e-10
4515.0  7.5846e-10
4520.0  8.13335e-10
4525.0  8.3383e-10
4530.0  8.63801e-10
4535.0  9.39207e-10
4540.0  1.00134e-09
4545.0  9.87217e-10
4550.0  9.22683e-10
4555.0  8.94958e-10
4560.0  1.05165e-09
4565.0  1.44079e-09
4570.0  1.79537e-09
4575.0  1.82762e-09
4580.0  1.5162e-09
4585.0  9.95337e-10
4590.0  5.29928e-10
4595.0  3.32482e-10
4600.0  3.56196e-10
4605.0  4.73063e-10
4610.0  6.00737e-10
4615.0  6.84837e-10
4620.0  6.9289e-10
4625.0  6.22185e-10
4630.0  5.28515e-10
4635.0  4.70673e-10
4640.0  4.58146e-10
4645.0  4.84436e-10
4650.0  5.49901e-10
4655.0  6.43192e-10
4660.0  7.14971e-10
4665.0  7.2477e-10
4670.0  6.93957e-10
4675.0  6.6379e-10
4680.0  6.64838e-10
4685.0  7.12353e-10
4690.0  7.93109e-10
4695.0  8.80141e-10
4700.0  9.39791e-10
4705.0  9.59061e-10
4710.0  9.83032e-10
4715.0  1.04787e-09
4720.0  1.11041e-09
4725.0  1.12597e-09
4730.0  1.12611e-09
4735.0  1.15993e-09
4740.0  1.2417e-09
4745.0  1.34279e-09
4750.0  1.36141e-09
4755.0  1.21198e-09
4760.0  9.26178e-10
4765.0  5.98418e-10
4770.0  3.65839e-10
4775.0  3.17811e-10
4780.0  3.80561e-10
4785.0  4.54788e-10
4790.0  5.34427e-10
4795.0  6.26962e-10
4800.0  6.80083e-10
4805.0  6.48513e-10
4810.0  5.68714e-10
4815.0  5.0111e-10
4820.0  4.85014e-10
4825.0  5.35777e-10
4830.0  6.28278e-10
4835.0  7.20538e-10
4840.0  7.67981e-10
4845.0  7.57757e-10
4850.0  7.5907e-10
4855.0  8.28124e-10
4860.0  9.08018e-10
4865.0  9.3671e-10
4870.0  9.52268e-10
4875.0  1.01058e-09
4880.0  1.11081e-09
4885.0  1.22754e-09
4890.0  1.33144e-09
4895.0  1.40744e-09
4900.0  1.48029e-09
4905.0  1.58698e-09
4910.0  1.75534e-09
4915.0  1.98743e-09
4920.0  2.23086e-09
4925.0  2.45393e-09
4930.0  2.72722e-09
4935.0  3.08811e-09
4940.0  3.38167e-09
4945.0  3.39496e-09
4950.0  2.96923e-09
4955.0  2.10761e-09
4960.0  1.17531e-09
4965.0  5.49518e-10
4970.0  2.78996e-10
4975.0  2.7141e-10
4980.0  3.98046e-10
4985.0  5.39352e-10
4990.0  6.26061e-10
4995.0  6.31025e-10
5000.0  5.89062e-10
5005.0  5.53249e-10
5010.0  5.638e-10
5015.0  6.34728e-10
5020.0  7.27246e-10
5025.0  8.08837e-10
5030.0  9.12987e-10
5035.0  1.06897e-09
5040.0  1.22916e-09
5045.0  1.3391e-09
5050.0  1.40565e-09
5055.0  1.46131e-09
5060.0  1.54203e-09
5065.0  1.67078e-09
5070.0  1.83435e-09
5075.0  2.00399e-09
5080.0  2.14673e-09
5085.0  2.24226e-09
5090.0  2.30719e-09
5095.0  2.36898e-09
5100.0  2.44735e-09
5105.0  2.55619e-09
5110.0  2.703e-09
5115.0  2.89461e-09
5120.0  3.13976e-09
5125.0  3.42611e-09
5130.0  3.68568e-09
5135.0  3.86132e-09
5140.0  3.98236e-09
5145.0  4.12518e-09
5150.0  4.38849e-09
5155.0  4.72399e-09
5160.0  4.69156e-09
5165.0  3.92962e-09
5170.0  2.68085e-09
5175.0  1.41927e-09
5180.0  6.02001e-10
5185.0  4.62787e-10
5190.0  6.86812e-10
5195.0  8.78899e-10
5200.0  9.74349e-10
5205.0  1.04294e-09
5210.0  1.16095e-09
5215.0  1.35701e-09
5220.0  1.54229e-09
5225.0  1.62383e-09
5230.0  1.61463e-09
5235.0  1.56897e-09
5240.0  1.54138e-09
5245.0  1.58024e-09
5250.0  1.71731e-09
5255.0  1.94095e-09
5260.0  2.14435e-09
5265.0  2.23807e-09
5270.0  2.27053e-09
5275.0  2.31169e-09
5280.0  2.35216e-09
5285.0  2.39017e-09
5290.0  2.52108e-09
5295.0  2.79863e-09
5300.0  3.07124e-09
5305.0  3.1778e-09
5310.0  3.13981e-09
5315.0  3.04081e-09
5320.0  2.94176e-09
5325.0  2.89956e-09
5330.0  2.98528e-09
5335.0  3.23142e-09
5340.0  3.55153e-09
5345.0  3.81889e-09
5350.0  3.92285e-09
5355.0  3.81192e-09
5360.0  3.57288e-09
5365.0  3.33862e-09
5370.0  3.22391e-09
5375.0  3.28455e-09
5380.0  3.44602e-09
5385.0  3.63482e-09
5390.0  3.90146e-09
5395.0  4.26643e-09
5400.0  4.55065e-09
5405.0  4.59476e-09
5410.0  4.49455e-09
5415.0  4.41893e-09
5420.0  4.46848e-09
5425.0  4.68811e-09
5430.0  5.04423e-09
5435.0  5.40851e-09
5440.0  5.4849e-09
5445.0  5.03281e-09
5450.0  4.13285e-09
5455.0  3.05572e-09
5460.0  2.23574e-09
5465.0  1.96156e-09
5470.0  1.99088e-09
5475.0  2.00643e-09
5480.0  2.01948e-09
5485.0  2.11694e-09
5490.0  2.24266e-09
5495.0  2.30263e-09
5500.0  2.26235e-09
5505.0  2.16138e-09
5510.0  2.16337e-09
5515.0  2.38212e-09
5520.0  2.68259e-09
5525.0  2.90437e-09
5530.0  3.06973e-09
5535.0  3.25178e-09
5540.0  3.46724e-09
5545.0  3.70017e-09
5550.0  3.91015e-09
5555.0  4.04555e-09
5560.0  4.04926e-09
5565.0  3.88625e-09
5570.0  3.58838e-09
5575.0  3.23801e-09
5580.0  2.97735e-09
5585.0  2.88228e-09
5590.0  2.80235e-09
5595.0  2.59725e-09
5600.0  2.37504e-09
5605.0  2.27029e-09
5610.0  2.23477e-09
5615.0  2.1743e-09
5620.0  2.06665e-09
5625.0  1.94952e-09
5630.0  1.93468e-09
5635.0  2.08219e-09
5640.0  2.25141e-09
5645.0  2.31918e-09
5650.0  2.4044e-09
5655.0  2.63902e-09
5660.0  2.94297e-09
5665.0  3.17763e-09
5670.0  3.27347e-09
5675.0  3.23934e-09
5680.0  3.21253e-09
5685.0  3.32322e-09
5690.0  3.55929e-09
5695.0  3.87604e-09
5700.0  4.2794e-09
5705.0  4.71602e-09
5710.0  4.93762e-09
5715.0  4.82539e-09
5720.0  4.77516e-09
5725.0  5.07565e-09
5730.0  5.23761e-09
5735.0  4.79013e-09
5740.0  4.09219e-09
5745.0  3.65878e-09
5750.0  3.56484e-09
5755.0  3.70312e-09
5760.0  3.95086e-09
5765.0  4.21275e-09
5770.0  4.46471e-09
5775.0  4.71008e-09
5780.0  4.95448e-09
5785.0  5.19915e-09
5790.0  5.43394e-09
5795.0  5.64432e-09
5800.0  6.05823e-09
5805.0  7.32793e-09
5810.0  5.95302e-09
5815.0  6.29082e-09
5820.0  4.89965e-09
5825.0  4.63407e-09
5830.0  5.49464e-09
5835.0  6.12084e-09
5840.0  4.67022e-09
5845.0  3.33819e-09
5850.0  3.09802e-09
5855.0  2.74069e-09
5860.0  2.48422e-09
5865.0  2.82346e-09
5870.0  1.89883e-09
5875.0  2.23223e-09
5880.0  3.28918e-09
5885.0  1.24635e-09
5890.0  1.30994e-09
5895.0  1.18235e-09
5900.0  1.93137e-09
5905.0  1.70166e-09
5910.0  1.18544e-09
5915.0  1.86734e-09
5920.0  1.84887e-09
5925.0  1.54244e-09
5930.0  1.9949e-09
5935.0  3.10633e-09
5940.0  3.14115e-09
5945.0  2.59396e-09
5950.0  3.19747e-09
5955.0  2.95496e-09
5960.0  2.75245e-09
5965.0  3.61041e-09
5970.0  3.39693e-09
5975.0  3.36492e-09
5980.0  3.23215e-09
5985.0  3.47061e-09
5990.0  4.1864e-09
5995.0  5.01177e-09
6000.0  5.26411e-09
6005.0  5.15712e-09
6010.0  5.29387e-09
6015.0  6.27035e-09
6020.0  6.32695e-09
6025.0  5.60761e-09
6030.0  6.01827e-09
6035.0  5.82738e-09
6040.0  5.2009e-09
6045.0  5.46169e-09
6050.0  5.66706e-09
6055.0  7.11676e-09
6060.0  7.20874e-09
6065.0  6.31245e-09
6070.0  6.95321e-09
6075.0  6.96332e-09
6080.0  6.02312e-09
6085.0  5.97863e-09
6090.0  6.18554e-09
6095.0  6.28116e-09
6100.0  7.33615e-09
6105.0  9.15159e-09
6110.0  8.23806e-09
6115.0  7.20797e-09
6120.0  8.77189e-09
6125.0  9.13952e-09
6130.0  8.1857e-09
6135.0  7.36402e-09
6140.0  8.55683e-09
6145.0  8.29302e-09
6150.0  7.18138e-09
6155.0  6.82184e-09
6160.0  5.50354e-09
6165.0  3.49372e-09
6170.0  2.48657e-09
6175.0  2.29674e-09
6180.0  2.57267e-09
6185.0  2.45617e-09
6190.0  2.28975e-09
6195.0  2.73901e-09
6200.0  3.39459e-09
6205.0  2.97376e-09
6210.0  3.01993e-09
6215.0  2.7445e-09
6220.0  3.45274e-09
6225.0  2.87737e-09
6230.0  3.28611e-09
6235.0  3.17736e-09
6240.0  3.01724e-09
6245.0  3.67149e-09
6250.0  3.95717e-09
6255.0  3.05088e-09
6260.0  3.82279e-09
6265.0  5.29726e-09
6270.0  5.31077e-09
6275.0  6.26908e-09
6280.0  5.72252e-09
6285.0  7.23619e-09
6290.0  6.28539e-09
6295.0  6.26278e-09
6300.0  6.2428e-09
6305.0  6.58507e-09
6310.0  6.89182e-09
6315.0  7.81774e-09
6320.0  8.61847e-09
6325.0  9.15607e-09
6330.0  8.26351e-09
6335.0  8.36293e-09
6340.0  8.81521e-09
6345.0  9.10497e-09
6350.0  8.4461e-09
6355.0  8.71178e-09
6360.0  7.80907e-09
6365.0  8.07515e-09
6370.0  9.08e-09
6375.0  9.71107e-09
6380.0  1.02499e-08
6385.0  1.09943e-08
6390.0  1.12794e-08
6395.0  1.19176e-08
6400.0  1.20116e-08
6405.0  1.34679e-08
6410.0  1.39406e-08
6415.0  1.37396e-08
6420.0  1.28356e-08
6425.0  1.27065e-08
6430.0  1.32517e-08
6435.0  1.42303e-08
6440.0  1.53553e-08
6445.0  1.59938e-08
6450.0  1.58049e-08
6455.0  1.62697e-08
6460.0  1.74635e-08
6465.0  1.8303e-08
6470.0  1.90935e-08
6475.0  1.91029e-08
6480.0  1.73853e-08
6485.0  1.76684e-08
6490.0  1.78494e-08
6495.0  1.84161e-08
6500.0  1.90584e-08
6505.0  2.10356e-08
6510.0  2.15219e-08
6515.0  2.18691e-08
6520.0  2.28832e-08
6525.0  2.42076e-08
6530.0  2.44518e-08
6535.0  2.45424e-08
6540.0  2.54803e-08
6545.0  2.50493e-08
6550.0  2.39198e-08
6555.0  2.33413e-08
6560.0  2.14388e-08
6565.0  2.05771e-08
6570.0  1.89768e-08
6575.0  1.86956e-08
6580.0  1.83554e-08
6585.0  1.93618e-08
6590.0  1.98282e-08
6595.0  1.82354e-08
6600.0  1.74799e-08
6605.0  1.75876e-08
6610.0  1.82594e-08
6615.0  1.7882e-08
6620.0  1.75653e-08
6625.0  1.58142e-08
6630.0  1.67946e-08
6635.0  1.74494e-08
6640.0  1.53796e-08
6645.0  1.44951e-08
6650.0  1.30723e-08
6655.0  1.14499e-08
6660.0  9.85339e-09
6665.0  9.79908e-09
6670.0  1.01829e-08
6675.0  1.00459e-08
6680.0  1.04671e-08
6685.0  8.25102e-09
6690.0  7.4464e-09
6695.0  8.33807e-09
6700.0  8.26898e-09
6705.0  9.40012e-09
6710.0  9.5152e-09
6715.0  8.26293e-09
6720.0  6.85321e-09
6725.0  6.80253e-09
6730.0  8.02659e-09
6735.0  8.01052e-09
6740.0  8.67484e-09
6745.0  9.64375e-09
6750.0  1.01492e-08
6755.0  1.07825e-08
6760.0  1.13228e-08
6765.0  1.3366e-08
6770.0  1.37918e-08
6775.0  1.42159e-08
6780.0  1.45453e-08
6785.0  1.29342e-08
6790.0  1.18841e-08
6795.0  1.32165e-08
6800.0  1.42278e-08
6805.0  1.5255e-08
6810.0  1.62704e-08
6815.0  1.67272e-08
6820.0  1.76793e-08
6825.0  1.83774e-08
6830.0  1.95948e-08
6835.0  2.05752e-08
6840.0  2.1445e-08
6845.0  2.22366e-08
6850.0  2.28647e-08
6855.0  2.34112e-08
6860.0  2.40412e-08
6865.0  2.47584e-08
6870.0  2.55631e-08
6875.0  2.64717e-08
6880.0  2.74414e-08
6885.0  2.85055e-08
6890.0  2.9618e-08
6895.0  3.07524e-08
6900.0  3.18504e-08
6905.0  3.28735e-08
6910.0  3.38192e-08
6915.0  3.47013e-08
6920.0  3.55417e-08
6925.0  3.63398e-08
6930.0  3.71479e-08
6935.0  3.80224e-08
6940.0  3.89886e-08
6945.0  4.0035e-08
6950.0  4.11797e-08
6955.0  4.23181e-08
6960.0  4.33543e-08
6965.0  4.42755e-08
6970.0  4.50904e-08
6975.0  4.56574e-08
6980.0  4.58096e-08
6985.0  4.65558e-08
6990.0  4.6493e-08
6995.0  4.63353e-08
7000.0  4.68973e-08
7005.0  4.84404e-08
7010.0  4.77209e-08
7015.0  4.85207e-08
7020.0  4.9369e-08
7025.0  4.90412e-08
7030.0  4.83152e-08
7035.0  4.77996e-08
7040.0  4.60942e-08
7045.0  4.41235e-08
7050.0  4.07741e-08
7055.0  3.25122e-08
7060.0  2.25833e-08
7065.0  1.83574e-08
7070.0  1.75233e-08
7075.0  1.76926e-08
7080.0  1.85411e-08
7085.0  1.88172e-08
7090.0  1.61057e-08
7095.0  1.31739e-08
7100.0  1.30861e-08
7105.0  1.41482e-08
7110.0  1.51223e-08
7115.0  1.61705e-08
7120.0  1.70651e-08
7125.0  1.56781e-08
7130.0  1.2176e-08
7135.0  1.11924e-08
7140.0  1.1481e-08
7145.0  1.21389e-08
7150.0  1.39489e-08
7155.0  1.61932e-08
7160.0  1.6562e-08
7165.0  1.70024e-08
7170.0  1.86067e-08
7175.0  2.08288e-08
7180.0  2.23534e-08
7185.0  2.40566e-08
7190.0  2.55097e-08
7195.0  2.58157e-08
7200.0  2.55461e-08
7205.0  2.52543e-08
7210.0  2.64784e-08
7215.0  2.7633e-08
7220.0  2.98069e-08
7225.0  3.16539e-08
7230.0  3.35182e-08
7235.0  3.46339e-08
7240.0  3.59789e-08
7245.0  4.0142e-08
7250.0  4.29796e-08
7255.0  4.45784e-08
7260.0  4.70073e-08
7265.0  4.94924e-08
7270.0  5.08498e-08
7275.0  5.12236e-08
7280.0  5.29321e-08
7285.0  5.57746e-08
7290.0  5.84542e-08
7295.0  6.26386e-08
7300.0  6.65223e-08
7305.0  7.04644e-08
7310.0  7.38268e-08
7315.0  7.70478e-08
7320.0  8.05507e-08
7325.0  8.23411e-08
7330.0  8.33831e-08
7335.0  8.18393e-08
7340.0  8.19942e-08
7345.0  7.94876e-08
7350.0  7.4677e-08
7355.0  7.34199e-08
7360.0  7.41138e-08
7365.0  7.59407e-08
7370.0  7.74058e-08
7375.0  7.51749e-08
7380.0  7.46804e-08
7385.0  7.51074e-08
7390.0  7.42331e-08
7395.0  7.34199e-08
7400.0  7.18313e-08
7405.0  7.16905e-08
7410.0  7.01089e-08
7415.0  7.16074e-08
7420.0  6.94953e-08
7425.0  6.87089e-08
7430.0  7.06063e-08
7435.0  7.0126e-08
7440.0  6.83087e-08
7445.0  6.81377e-08
7450.0  6.93694e-08
7455.0  7.06546e-08
7460.0  7.13829e-08
7465.0  7.53377e-08
7470.0  7.78112e-08
7475.0  7.9112e-08
7480.0  8.3287e-08
7485.0  8.79842e-08
7490.0  9.09363e-08
7495.0  9.15521e-08
7500.0  9.31322e-08
7505.0  9.6041e-08
7510.0  9.82969e-08
7515.0  1.00914e-07
7520.0  1.04203e-07
7525.0  1.09534e-07
7530.0  1.13472e-07
7535.0  1.16657e-07
7540.0  1.21215e-07
7545.0  1.25857e-07
7550.0  1.28806e-07
7555.0  1.29448e-07
7560.0  1.29288e-07
7565.0  1.28297e-07
7570.0  1.26337e-07
7575.0  1.23249e-07
7580.0  1.1891e-07
7585.0  1.13422e-07
7590.0  1.07399e-07
7595.0  1.01522e-07
7600.0  9.65138e-08
7605.0  9.29002e-08
7610.0  9.04998e-08
7615.0  8.88485e-08
7620.0  8.75015e-08
7625.0  8.61646e-08
7630.0  8.47856e-08
7635.0  8.33891e-08
7640.0  8.1993e-08
7645.0  8.06002e-08
7650.0  7.91871e-08
7655.0  7.7714e-08
7660.0  7.61377e-08
7665.0  7.44621e-08
7670.0  7.28336e-08
7675.0  7.14423e-08
7680.0  7.05377e-08
7685.0  7.0351e-08
7690.0  7.08697e-08
7695.0  7.18944e-08
7700.0  7.32027e-08
7705.0  7.46218e-08
7710.0  7.60265e-08
7715.0  7.73593e-08
7720.0  7.85723e-08
7725.0  7.9653e-08
7730.0  8.13321e-08
7735.0  8.42287e-08
7740.0  8.65322e-08
7745.0  8.59872e-08
7750.0  8.33626e-08
7755.0  8.25769e-08
7760.0  8.39178e-08
7765.0  8.6639e-08
7770.0  9.04983e-08
7775.0  9.33306e-08
7780.0  9.46298e-08
7785.0  9.66416e-08
7790.0  9.88479e-08
7795.0  1.02021e-07
7800.0  1.05071e-07
7805.0  1.09268e-07
7810.0  1.15058e-07
7815.0  1.17825e-07
7820.0  1.16963e-07
7825.0  1.12153e-07
7830.0  1.06927e-07
7835.0  1.02767e-07
7840.0  1.01447e-07
7845.0  9.98115e-08
7850.0  9.61936e-08
7855.0  9.36601e-08
7860.0  9.33724e-08
7865.0  8.87419e-08
7870.0  8.28567e-08
7875.0  8.18303e-08
7880.0  8.42024e-08
7885.0  8.50861e-08
7890.0  8.58973e-08
7895.0  8.40226e-08
7900.0  8.02426e-08
7905.0  7.97121e-08
7910.0  7.92841e-08
7915.0  7.80975e-08
7920.0  7.80083e-08
7925.0  7.9076e-08
7930.0  8.19418e-08
7935.0  8.28415e-08
7940.0  8.20031e-08
7945.0  7.94064e-08
7950.0  8.19039e-08
7955.0  8.39694e-08
7960.0  8.4292e-08
7965.0  8.42127e-08
7970.0  8.68011e-08
7975.0  8.68856e-08
7980.0  8.30367e-08
7985.0  8.32291e-08
7990.0  8.4867e-08
7995.0  8.71956e-08
8000.0  9.04019e-08
8005.0  9.46216e-08
8010.0  9.88701e-08
8015.0  1.04539e-07
8020.0  1.10255e-07
8025.0  1.15593e-07
8030.0  1.19945e-07
8035.0  1.26046e-07
8040.0  1.31822e-07
8045.0  1.34908e-07
8050.0  1.40483e-07
8055.0  1.48728e-07
8060.0  1.5564e-07
8065.0  1.62003e-07
8070.0  1.68562e-07
8075.0  1.76076e-07
8080.0  1.86193e-07
8085.0  1.96512e-07
8090.0  2.0544e-07
8095.0  2.14284e-07
8100.0  2.25468e-07
8105.0  2.36702e-07
8110.0  2.47774e-07
8115.0  2.58876e-07
8120.0  2.72965e-07
8125.0  2.8957e-07
8130.0  3.04303e-07
8135.0  3.16652e-07
8140.0  3.31354e-07
8145.0  3.43501e-07
8150.0  3.5458e-07
8155.0  3.64703e-07
8160.0  3.75031e-07
8165.0  3.8753e-07
8170.0  4.02872e-07
8175.0  4.1346e-07
8180.0  4.15379e-07
8185.0  4.12973e-07
8190.0  4.10513e-07
8195.0  3.92105e-07
8200.0  3.45461e-07
8205.0  3.06953e-07
8210.0  2.85271e-07
8215.0  2.80548e-07
8220.0  2.83102e-07
8225.0  2.90306e-07
8230.0  3.00422e-07
8235.0  3.1354e-07
8240.0  3.19352e-07
8245.0  3.24274e-07
8250.0  3.22483e-07
8255.0  3.10031e-07
8260.0  3.07292e-07
8265.0  3.08362e-07
8270.0  3.00775e-07
8275.0  2.86084e-07
8280.0  2.78437e-07
8285.0  2.72572e-07
8290.0  2.65784e-07
8295.0  2.61196e-07
8300.0  2.57791e-07
8305.0  2.51709e-07
8310.0  2.54405e-07
8315.0  2.60794e-07
8320.0  2.672e-07
8325.0  2.72649e-07
8330.0  2.75316e-07
8335.0  2.72007e-07
8340.0  2.68532e-07
8345.0  2.7016e-07
8350.0  2.71834e-07
8355.0  2.77119e-07
8360.0  2.83131e-07
8365.0  2.85671e-07
8370.0  2.87232e-07
8375.0  2.82069e-07
8380.0  2.79038e-07
8385.0  2.7711e-07
8390.0  2.70731e-07
8395.0  2.74421e-07
8400.0  2.7927e-07
8405.0  2.85439e-07
8410.0  2.89053e-07
8415.0  2.88858e-07
8420.0  2.791e-07
8425.0  2.61754e-07
8430.0  2.44313e-07
8435.0  2.11249e-07
8440.0  1.81616e-07
8445.0  1.59666e-07
8450.0  1.40973e-07
8455.0  1.30192e-07
8460.0  1.24962e-07
8465.0  1.23936e-07
8470.0  1.25527e-07
8475.0  1.30232e-07
8480.0  1.37355e-07
8485.0  1.43066e-07
8490.0  1.4873e-07
8495.0  1.52362e-07
8500.0  1.53475e-07
8505.0  1.54416e-07
8510.0  1.5319e-07
8515.0  1.53458e-07
8520.0  1.53546e-07
8525.0  1.56513e-07
8530.0  1.59883e-07
8535.0  1.63082e-07
8540.0  1.65304e-07
8545.0  1.69129e-07
8550.0  1.73719e-07
8555.0  1.78361e-07
8560.0  1.81338e-07
8565.0  1.83974e-07
8570.0  1.85556e-07
8575.0  1.83521e-07
8580.0  1.85535e-07
8585.0  1.89348e-07
8590.0  1.92659e-07
8595.0  1.96354e-07
8600.0  1.98861e-07
8605.0  2.02693e-07
8610.0  2.08576e-07
8615.0  2.14212e-07
8620.0  2.1816e-07
8625.0  2.18409e-07
8630.0  2.20581e-07
8635.0  2.25622e-07
8640.0  2.25512e-07
8645.0  2.25314e-07
8650.0  2.25534e-07
8655.0  2.29526e-07
8660.0  2.30367e-07
8665.0  2.29816e-07
8670.0  2.29119e-07
8675.0  2.31726e-07
8680.0  2.37362e-07
8685.0  2.41044e-07
8690.0  2.45239e-07
8695.0  2.53566e-07
8700.0  2.62063e-07
8705.0  2.67196e-07
8710.0  2.72662e-07
8715.0  2.78937e-07
8720.0  2.863e-07
8725.0  2.93388e-07
8730.0  2.99774e-07
8735.0  3.02092e-07
8740.0  3.0594e-07
8745.0  3.14354e-07
8750.0  3.242e-07
8755.0  3.33029e-07
8760.0  3.36912e-07
8765.0  3.39816e-07
8770.0  3.48817e-07
8775.0  3.59354e-07
8780.0  3.70805e-07
8785.0  3.81691e-07
8790.0  3.94148e-07
8795.0  4.05165e-07
8800.0  4.16648e-07
8805.0  4.21389e-07
8810.0  4.28971e-07
8815.0  4.43482e-07
8820.0  4.53862e-07
8825.0  4.60982e-07
8830.0  4.73032e-07
8835.0  4.85004e-07
8840.0  4.91716e-07
8845.0  4.95771e-07
8850.0  4.93272e-07
8855.0  4.7663e-07
8860.0  4.27728e-07
8865.0  3.6606e-07
8870.0  3.32481e-07
8875.0  3.10935e-07
8880.0  3.10001e-07
8885.0  3.17174e-07
8890.0  3.2978e-07
8895.0  3.43045e-07
8900.0  3.56257e-07
8905.0  3.74424e-07
8910.0  3.88547e-07
8915.0  3.97826e-07
8920.0  4.10075e-07
8925.0  4.25625e-07
8930.0  4.38448e-07
8935.0  4.37631e-07
8940.0  4.21654e-07
8945.0  4.12323e-07
8950.0  4.07929e-07
8955.0  4.10499e-07
8960.0  4.21518e-07
8965.0  4.34237e-07
8970.0  4.48156e-07
8975.0  4.66167e-07
8980.0  4.83861e-07
8985.0  5.00928e-07
8990.0  5.0965e-07
8995.0  5.33147e-07
9000.0  5.49962e-07
9005.0  5.61171e-07
9010.0  5.75166e-07
9015.0  5.73655e-07
9020.0  5.68984e-07
9025.0  5.84092e-07
9030.0  5.96959e-07
9035.0  6.14511e-07
9040.0  6.31774e-07
9045.0  6.47405e-07
9050.0  6.64169e-07
9055.0  6.7671e-07
9060.0  6.87282e-07
9065.0  6.98281e-07
9070.0  7.03535e-07
9075.0  7.13739e-07
9080.0  7.25225e-07
9085.0  7.33695e-07
9090.0  7.4034e-07
9095.0  7.61149e-07
9100.0  7.76688e-07
9105.0  7.83099e-07
9110.0  7.86738e-07
9115.0  8.00167e-07
9120.0  8.05239e-07
9125.0  8.2164e-07
9130.0  8.23589e-07
9135.0  8.25697e-07
9140.0  8.36816e-07
9145.0  8.46495e-07
9150.0  8.52738e-07
9155.0  8.54285e-07
9160.0  8.65856e-07
9165.0  8.77253e-07
9170.0  8.82665e-07
9175.0  8.79099e-07
9180.0  8.92501e-07
9185.0  8.98561e-07
9190.0  8.90338e-07
9195.0  8.63271e-07
9200.0  8.28897e-07
9205.0  7.84923e-07
9210.0  7.20242e-07
9215.0  6.66681e-07
9220.0  6.25925e-07
9225.0  5.91829e-07
9230.0  5.66002e-07
9235.0  5.45765e-07
9240.0  5.39741e-07
9245.0  5.4039e-07
9250.0  5.38423e-07
9255.0  5.43566e-07
9260.0  5.4957e-07
9265.0  5.57963e-07
9270.0  5.60725e-07
9275.0  5.40348e-07
9280.0  5.13772e-07
9285.0  5.08932e-07
9290.0  4.9864e-07
9295.0  4.84718e-07
9300.0  4.6533e-07
9305.0  4.52594e-07
9310.0  4.5276e-07
9315.0  4.45442e-07
9320.0  4.24791e-07
9325.0  4.25624e-07
9330.0  4.37047e-07
9335.0  4.46327e-07
9340.0  4.48421e-07
9345.0  4.34304e-07
9350.0  4.42713e-07
9355.0  4.41593e-07
9360.0  4.36508e-07
9365.0  4.50179e-07
9370.0  4.49386e-07
9375.0  4.67414e-07
9380.0  4.85037e-07
9385.0  5.0822e-07
9390.0  5.36188e-07
9395.0  5.63712e-07
9400.0  5.67989e-07
9405.0  5.67047e-07
9410.0  5.60794e-07
9415.0  5.55573e-07
9420.0  5.49992e-07
9425.0  5.43754e-07
9430.0  5.23345e-07
9435.0  5.32801e-07
9440.0  5.2171e-07
9445.0  5.22345e-07
9450.0  5.58891e-07
9455.0  5.71702e-07
9460.0  5.68917e-07
9465.0  5.83416e-07
9470.0  6.01738e-07
9475.0  6.09901e-07
9480.0  6.1191e-07
9485.0  6.15911e-07
9490.0  6.38493e-07
9495.0  6.28615e-07
9500.0  6.25899e-07
9505.0  6.45459e-07
9510.0  6.75785e-07
9515.0  6.77323e-07
9520.0  6.64283e-07
9525.0  6.76735e-07
9530.0  7.07134e-07
9535.0  7.22194e-07
9540.0  7.21959e-07
9545.0  7.21557e-07
9550.0  7.26707e-07
9555.0  7.2172e-07
9560.0  7.1344e-07
9565.0  7.04356e-07
9570.0  6.93721e-07
9575.0  6.96664e-07
9580.0  6.75757e-07
9585.0  6.56111e-07
9590.0  6.41634e-07
9595.0  6.51147e-07
9600.0  6.79395e-07
9605.0  6.95998e-07
9610.0  7.09823e-07
9615.0  7.18923e-07
9620.0  7.21191e-07
9625.0  7.228e-07
9630.0  7.20192e-07
9635.0  7.03105e-07
9640.0  6.93544e-07
9645.0  7.06248e-07
9650.0  7.07735e-07
9655.0  7.09514e-07
9660.0  7.19773e-07
9665.0  7.19016e-07
9670.0  7.28613e-07
9675.0  7.43914e-07
9680.0  7.57838e-07
9685.0  7.66761e-07
9690.0  7.62647e-07
9695.0  7.64321e-07
9700.0  7.76851e-07
9705.0  7.8006e-07
9710.0  7.86861e-07
9715.0  7.93379e-07
9720.0  7.77908e-07
9725.0  7.57604e-07
9730.0  7.25554e-07
9735.0  6.96588e-07
9740.0  6.89795e-07
9745.0  6.91615e-07
9750.0  6.86154e-07
9755.0  6.92702e-07
9760.0  7.12678e-07
9765.0  7.27007e-07
9770.0  7.41204e-07
9775.0  7.51015e-07
9780.0  7.59978e-07
9785.0  7.62027e-07
9790.0  7.71041e-07
9795.0  7.85776e-07
9800.0  7.98777e-07
9805.0  8.02839e-07
9810.0  8.10033e-07
9815.0  7.96466e-07
9820.0  7.8339e-07
9825.0  7.86914e-07
9830.0  7.91551e-07
9835.0  7.94338e-07
9840.0  8.0144e-07
9845.0  8.16704e-07
9850.0  8.29552e-07
9855.0  8.4758e-07
9860.0  8.63526e-07
9865.0  8.7467e-07
9870.0  8.85106e-07
9875.0  9.03073e-07
9880.0  9.26348e-07
9885.0  9.32415e-07
9890.0  9.34984e-07
9895.0  9.37927e-07
9900.0  9.35057e-07
9905.0  9.23942e-07
9910.0  9.25045e-07
9915.0  9.29475e-07
9920.0  9.39973e-07
9925.0  9.49544e-07
9930.0  9.59541e-07
9935.0  9.8673e-07
9940.0  1.01596e-06
9945.0  1.04911e-06
9950.0  1.06598e-06
9955.0  1.07674e-06
9960.0  1.09118e-06
9965.0  1.10306e-06
9970.0  1.12076e-06
9975.0  1.13192e-06
9980.0  1.1354e-06
9985.0  1.13647e-06
9990.0  1.13068e-06
9995.0  1.12825e-06
10000.0  1.1182e-06
10005.0  1.11134e-06
10010.0  1.11177e-06
10015.0  1.10826e-06
10020.0  1.11027e-06
10025.0  1.09785e-06
10030.0  1.07623e-06
10035.0  1.06538e-06
10040.0  1.06942e-06
10045.0  1.09241e-06
10050.0  1.10319e-06
10055.0  1.10867e-06
10060.0  1.117e-06
10065.0  1.13153e-06
10070.0  1.14483e-06
10075.0  1.1618e-06
10080.0  1.18826e-06
10085.0  1.17971e-06
10090.0  1.19247e-06
10095.0  1.20107e-06
10100.0  1.20163e-06
10105.0  1.20952e-06
10110.0  1.22536e-06
10115.0  1.21871e-06
10120.0  1.2072e-06
10125.0  1.18688e-06
10130.0  1.18758e-06
10135.0  1.18669e-06
10140.0  1.16871e-06
10145.0  1.15446e-06
10150.0  1.15047e-06
10155.0  1.15165e-06
10160.0  1.15923e-06
10165.0  1.17822e-06
10170.0  1.18127e-06
10175.0  1.18811e-06
10180.0  1.17767e-06
10185.0  1.18239e-06
10190.0  1.1899e-06
10195.0  1.19732e-06
10200.0  1.20499e-06
10205.0  1.21292e-06
10210.0  1.22028e-06
10215.0  1.22595e-06
10220.0  1.22878e-06
10225.0  1.22813e-06
10230.0  1.2245e-06
10235.0  1.21889e-06
10240.0  1.2123e-06
10245.0  1.20569e-06
10250.0  1.19976e-06
10255.0  1.19517e-06
10260.0  1.19253e-06
10265.0  1.19217e-06
10270.0  1.19375e-06
10275.0  1.19666e-06
10280.0  1.20027e-06
10285.0  1.20418e-06
10290.0  1.20851e-06
10295.0  1.2136e-06
10300.0  1.21979e-06
10305.0  1.2272e-06
10310.0  1.23543e-06
10315.0  1.24385e-06
10320.0  1.25185e-06
10325.0  1.25905e-06
10330.0  1.26571e-06
10335.0  1.27233e-06
10340.0  1.27943e-06
10345.0  1.2872e-06
10350.0  1.29511e-06
10355.0  1.30235e-06
10360.0  1.30811e-06
10365.0  1.31201e-06
10370.0  1.31481e-06
10375.0  1.3177e-06
10380.0  1.32185e-06
10385.0  1.32796e-06
10390.0  1.33548e-06
10395.0  1.34334e-06
10400.0  1.35048e-06
10405.0  1.35596e-06
10410.0  1.35926e-06
10415.0  1.36001e-06
10420.0  1.3578e-06
10425.0  1.35191e-06
10430.0  1.34071e-06
10435.0  1.32225e-06
10440.0  1.29462e-06
10445.0  1.25674e-06
10450.0  1.20967e-06
10455.0  1.15533e-06
10460.0  1.09577e-06
10465.0  1.03369e-06
10470.0  9.73477e-07
10475.0  9.20149e-07
10480.0  8.78593e-07
10485.0  8.5152e-07
10490.0  8.36017e-07
10495.0  8.27006e-07
10500.0  8.19325e-07
10505.0  8.09073e-07
10510.0  7.95659e-07
10515.0  7.79752e-07
10520.0  7.62168e-07
10525.0  7.43858e-07
10530.0  7.26135e-07
10535.0  7.10448e-07
10540.0  6.98207e-07
10545.0  6.90183e-07
10550.0  6.85543e-07
10555.0  6.82827e-07
10560.0  6.80558e-07
10565.0  6.77757e-07
10570.0  6.74718e-07
10575.0  6.72224e-07
10580.0  6.71102e-07
10585.0  6.72106e-07
10590.0  6.75795e-07
10595.0  6.82657e-07
10600.0  6.93143e-07
10605.0  7.07383e-07
10610.0  7.24692e-07
10615.0  7.44068e-07
10620.0  5.70744e-07
