# Extracted from file: pickles_20.fits
#SIMPLETrueFits standard
#BITPIX16Bits per pixel
#NAXIS0Number of axes
#EXTENDTrueFile may contain extensions
#DATE2007-01-11T20:44:22Date FITS file was generated
#IRAF-TLM15:44:38 (11/01/2007)Time of last modification
#COMMENT  FITS (Flexible Image Transport System) format is defined in 'Astronomy
#COMMENT  and Astrophysics', volume 376, page 359; bibcode: 2001A&A...376..359H
#ORIGINSTScI-STSDAS/TABLESTables version 2002-02-22
#FILENAMEpickles_20.fitsname of file
#NEXTEND1number of extensions in file
#COMMENT1spectral type: F8V
#COMMENT2metallicity: solar
#COMMENT3original filename: f8v.dat
#HISTORY  File created by F.R.Boffi.
#HISTORY  SEDs from Pickles UVILIB Library (1998, PASP 110, 863).
#HISTORY  Wavelength is in Angstrom.
#HISTORY  Fluxes are tabulated in units of erg/s/cm^2/A
#HISTORY  and were calculated by normalizing the original fluxes
#HISTORY  in the Pickles V band to a 0 magnitude in vegamag.
#HISTORY  In the vegamag system, Vega has magnitude zero in all passbands.
#HISTORY  Please refer to the SYNPHOT manual for further information.
#
#
#
#
#
#
#
#
#
#
#
#
#
#  
#Columns WAVELENGTH FLUX
#Units  angstroms flam
1150.0  1.08178e-11
1155.0  9.98319e-12
1160.0  5.94425e-12
1165.0  3.89449e-12
1170.0  2.9131e-12
1175.0  1.79992e-12
1180.0  1.44576e-12
1185.0  8.0502e-13
1190.0  1.45643e-13
1195.0  5.35181e-13
1200.0  2.3993e-12
1205.0  7.07601e-12
1210.0  2.00784e-11
1215.0  2.83692e-11
1220.0  1.73347e-11
1225.0  5.03063e-12
1230.0  1.25704e-12
1235.0  8.40796e-13
1240.0  8.88145e-13
1245.0  9.10733e-13
1250.0  7.51107e-13
1255.0  6.23982e-13
1260.0  6.34866e-13
1265.0  4.78423e-13
1270.0  4.10999e-13
1275.0  7.24775e-13
1280.0  9.58224e-13
1285.0  1.01117e-12
1290.0  8.29303e-13
1295.0  8.11934e-13
1300.0  1.18743e-12
1305.0  1.27106e-12
1310.0  9.61057e-13
1315.0  9.08505e-13
1320.0  8.48032e-13
1325.0  8.56428e-13
1330.0  1.18021e-12
1335.0  1.41156e-12
1340.0  1.0077e-12
1345.0  7.66626e-13
1350.0  7.28064e-13
1355.0  6.6442e-13
1360.0  6.53627e-13
1365.0  7.76357e-13
1370.0  7.81201e-13
1375.0  6.72186e-13
1380.0  7.71384e-13
1385.0  8.64514e-13
1390.0  9.39547e-13
1395.0  1.07676e-12
1400.0  1.04753e-12
1405.0  9.33438e-13
1410.0  8.81315e-13
1415.0  1.00676e-12
1420.0  9.78959e-13
1425.0  1.00724e-12
1430.0  1.13129e-12
1435.0  1.10296e-12
1440.0  9.59836e-13
1445.0  9.99057e-13
1450.0  1.10816e-12
1455.0  1.19032e-12
1460.0  1.14719e-12
1465.0  1.32503e-12
1470.0  1.5113e-12
1475.0  1.56436e-12
1480.0  1.54077e-12
1485.0  1.62484e-12
1490.0  1.60439e-12
1495.0  1.70945e-12
1500.0  1.75655e-12
1505.0  1.55512e-12
1510.0  1.46627e-12
1515.0  1.69866e-12
1520.0  1.94407e-12
1525.0  2.18994e-12
1530.0  2.32192e-12
1535.0  2.02685e-12
1540.0  1.99495e-12
1545.0  2.41421e-12
1550.0  2.81481e-12
1555.0  2.67807e-12
1560.0  2.26264e-12
1565.0  2.04748e-12
1570.0  2.18854e-12
1575.0  2.31428e-12
1580.0  2.16871e-12
1585.0  2.01421e-12
1590.0  1.90338e-12
1595.0  1.903e-12
1600.0  1.98214e-12
1605.0  2.15038e-12
1610.0  2.39172e-12
1615.0  2.50828e-12
1620.0  2.2792e-12
1625.0  2.39177e-12
1630.0  2.77541e-12
1635.0  2.97417e-12
1640.0  2.75643e-12
1645.0  2.87121e-12
1650.0  3.13305e-12
1655.0  3.39978e-12
1660.0  3.48773e-12
1665.0  3.25625e-12
1670.0  3.07107e-12
1675.0  3.35119e-12
1680.0  3.47364e-12
1685.0  3.31057e-12
1690.0  3.6418e-12
1695.0  4.24399e-12
1700.0  4.5992e-12
1705.0  4.72584e-12
1710.0  4.70365e-12
1715.0  4.99333e-12
1720.0  5.32551e-12
1725.0  5.519e-12
1730.0  5.55939e-12
1735.0  5.61768e-12
1740.0  5.96152e-12
1745.0  6.62843e-12
1750.0  7.37328e-12
1755.0  7.9454e-12
1760.0  8.45484e-12
1765.0  8.92715e-12
1770.0  9.69818e-12
1775.0  1.0633e-11
1780.0  1.11035e-11
1785.0  9.88123e-12
1790.0  8.28645e-12
1795.0  1.01311e-11
1800.0  1.14674e-11
1805.0  1.20078e-11
1810.0  1.31394e-11
1815.0  1.44274e-11
1820.0  1.5516e-11
1825.0  1.57936e-11
1830.0  1.54363e-11
1835.0  1.54103e-11
1840.0  1.45822e-11
1845.0  1.35722e-11
1850.0  1.37264e-11
1855.0  1.5257e-11
1860.0  1.64667e-11
1865.0  1.78067e-11
1870.0  1.96546e-11
1875.0  2.32225e-11
1880.0  2.7555e-11
1885.0  2.99058e-11
1890.0  3.26244e-11
1895.0  2.91743e-11
1900.0  2.63011e-11
1905.0  3.12631e-11
1910.0  3.50168e-11
1915.0  3.62944e-11
1920.0  3.48963e-11
1925.0  3.26863e-11
1930.0  2.85693e-11
1935.0  2.92498e-11
1940.0  3.72601e-11
1945.0  4.33165e-11
1950.0  4.19867e-11
1955.0  3.13991e-11
1960.0  2.18973e-11
1965.0  3.11494e-11
1970.0  4.14201e-11
1975.0  3.37005e-11
1980.0  4.30553e-11
1985.0  4.67503e-11
1990.0  3.93664e-11
1995.0  5.6184e-11
2000.0  5.96642e-11
2005.0  5.3257e-11
2010.0  6.37378e-11
2015.0  7.3564e-11
2020.0  6.77112e-11
2025.0  7.35696e-11
2030.0  7.59155e-11
2035.0  5.73006e-11
2040.0  6.69847e-11
2045.0  8.06881e-11
2050.0  9.53367e-11
2055.0  7.86147e-11
2060.0  7.25825e-11
2065.0  1.02622e-10
2070.0  1.16495e-10
2075.0  1.15129e-10
2080.0  1.1444e-10
2085.0  1.15009e-10
2090.0  1.14033e-10
2095.0  1.25873e-10
2100.0  1.55268e-10
2105.0  1.84089e-10
2110.0  1.88613e-10
2115.0  2.03096e-10
2120.0  2.25368e-10
2125.0  2.13612e-10
2130.0  1.87525e-10
2135.0  1.8706e-10
2140.0  1.97081e-10
2145.0  2.11409e-10
2150.0  2.17883e-10
2155.0  2.14559e-10
2160.0  1.95866e-10
2165.0  1.83815e-10
2170.0  1.59402e-10
2175.0  1.47087e-10
2180.0  1.69959e-10
2185.0  2.09473e-10
2190.0  2.55905e-10
2195.0  2.79579e-10
2200.0  2.72812e-10
2205.0  2.3818e-10
2210.0  1.95028e-10
2215.0  1.93796e-10
2220.0  2.11461e-10
2225.0  2.35739e-10
2230.0  2.48315e-10
2235.0  2.66399e-10
2240.0  2.58961e-10
2245.0  2.46862e-10
2250.0  2.46492e-10
2255.0  2.25888e-10
2260.0  1.97907e-10
2265.0  1.74784e-10
2270.0  1.82656e-10
2275.0  2.04033e-10
2280.0  2.25918e-10
2285.0  2.3639e-10
2290.0  2.29579e-10
2295.0  2.12603e-10
2300.0  2.31922e-10
2305.0  2.52143e-10
2310.0  2.44036e-10
2315.0  2.26444e-10
2320.0  2.32776e-10
2325.0  2.40716e-10
2330.0  1.99264e-10
2335.0  1.55559e-10
2340.0  1.38015e-10
2345.0  1.46706e-10
2350.0  1.66887e-10
2355.0  1.82068e-10
2360.0  1.77275e-10
2365.0  1.90855e-10
2370.0  1.99733e-10
2375.0  2.04184e-10
2380.0  1.77333e-10
2385.0  1.41211e-10
2390.0  1.37286e-10
2395.0  1.35779e-10
2400.0  1.18448e-10
2405.0  1.14608e-10
2410.0  1.42806e-10
2415.0  2.00189e-10
2420.0  2.61864e-10
2425.0  2.86324e-10
2430.0  2.68985e-10
2435.0  2.63006e-10
2440.0  2.64326e-10
2445.0  2.39654e-10
2450.0  2.19202e-10
2455.0  2.17156e-10
2460.0  2.09949e-10
2465.0  1.95864e-10
2470.0  2.00651e-10
2475.0  1.96316e-10
2480.0  1.87934e-10
2485.0  1.89621e-10
2490.0  2.00718e-10
2495.0  2.42698e-10
2500.0  2.58877e-10
2505.0  2.43045e-10
2510.0  2.09277e-10
2515.0  1.71793e-10
2520.0  1.57033e-10
2525.0  1.61819e-10
2530.0  1.92024e-10
2535.0  2.05186e-10
2540.0  2.03126e-10
2545.0  2.24699e-10
2550.0  2.6069e-10
2555.0  2.82733e-10
2560.0  3.17955e-10
2565.0  3.87503e-10
2570.0  4.02615e-10
2575.0  3.55875e-10
2580.0  3.55154e-10
2585.0  3.77754e-10
2590.0  3.69165e-10
2595.0  3.16099e-10
2600.0  2.76981e-10
2605.0  2.74735e-10
2610.0  2.81433e-10
2615.0  3.14596e-10
2620.0  3.21622e-10
2625.0  3.35397e-10
2630.0  4.41811e-10
2635.0  6.09154e-10
2640.0  7.2141e-10
2645.0  7.2634e-10
2650.0  7.37512e-10
2655.0  7.67741e-10
2660.0  7.1959e-10
2665.0  7.05612e-10
2670.0  7.18389e-10
2675.0  7.20353e-10
2680.0  7.05394e-10
2685.0  6.95483e-10
2690.0  6.86254e-10
2695.0  7.16931e-10
2700.0  7.7154e-10
2705.0  7.5878e-10
2710.0  6.94284e-10
2715.0  6.30174e-10
2720.0  6.0771e-10
2725.0  6.42691e-10
2730.0  6.48089e-10
2735.0  5.44527e-10
2740.0  4.28241e-10
2745.0  4.17431e-10
2750.0  4.64754e-10
2755.0  5.45977e-10
2760.0  6.25933e-10
2765.0  6.7154e-10
2770.0  6.66414e-10
2775.0  6.11318e-10
2780.0  5.21864e-10
2785.0  4.09593e-10
2790.0  3.02478e-10
2795.0  2.43178e-10
2800.0  2.58463e-10
2805.0  3.53395e-10
2810.0  5.24051e-10
2815.0  7.37258e-10
2820.0  8.42214e-10
2825.0  8.79756e-10
2830.0  9.15752e-10
2835.0  9.07195e-10
2840.0  8.17689e-10
2845.0  6.77182e-10
2850.0  5.96561e-10
2855.0  7.4007e-10
2860.0  9.48663e-10
2865.0  1.01634e-09
2870.0  9.95345e-10
2875.0  9.36986e-10
2880.0  9.51017e-10
2885.0  1.06288e-09
2890.0  1.22103e-09
2895.0  1.40506e-09
2900.0  1.52749e-09
2905.0  1.54324e-09
2910.0  1.54558e-09
2915.0  1.50572e-09
2920.0  1.38003e-09
2925.0  1.30767e-09
2930.0  1.3553e-09
2935.0  1.3902e-09
2940.0  1.39131e-09
2945.0  1.39159e-09
2950.0  1.42856e-09
2955.0  1.49681e-09
2960.0  1.46929e-09
2965.0  1.3912e-09
2970.0  1.39952e-09
2975.0  1.43805e-09
2980.0  1.29496e-09
2985.0  1.25414e-09
2990.0  1.33245e-09
2995.0  1.26577e-09
3000.0  1.18672e-09
3005.0  1.23362e-09
3010.0  1.30246e-09
3015.0  1.29057e-09
3020.0  1.35266e-09
3025.0  1.47825e-09
3030.0  1.51128e-09
3035.0  1.47318e-09
3040.0  1.46787e-09
3045.0  1.5294e-09
3050.0  1.53644e-09
3055.0  1.42934e-09
3060.0  1.37202e-09
3065.0  1.41968e-09
3070.0  1.49067e-09
3075.0  1.51272e-09
3080.0  1.5532e-09
3085.0  1.50813e-09
3090.0  1.38899e-09
3095.0  1.34146e-09
3100.0  1.45355e-09
3105.0  1.63479e-09
3110.0  1.71896e-09
3115.0  1.63165e-09
3120.0  1.60078e-09
3125.0  1.64103e-09
3130.0  1.6836e-09
3135.0  1.73857e-09
3140.0  1.69797e-09
3145.0  1.6671e-09
3150.0  1.69268e-09
3155.0  1.56978e-09
3160.0  1.5407e-09
3165.0  1.6277e-09
3170.0  1.73039e-09
3175.0  1.75239e-09
3180.0  1.73323e-09
3185.0  1.76493e-09
3190.0  1.80029e-09
3195.0  1.81631e-09
3200.0  1.82675e-09
3205.0  1.85033e-09
3210.0  1.84385e-09
3215.0  1.77555e-09
3220.0  1.68255e-09
3225.0  1.61642e-09
3230.0  1.59758e-09
3235.0  1.62941e-09
3240.0  1.70292e-09
3245.0  1.80243e-09
3250.0  1.90606e-09
3255.0  1.99688e-09
3260.0  2.07498e-09
3265.0  2.12813e-09
3270.0  2.10021e-09
3275.0  1.98137e-09
3280.0  1.92175e-09
3285.0  2.04116e-09
3290.0  2.22219e-09
3295.0  2.31194e-09
3300.0  2.30504e-09
3305.0  2.25375e-09
3310.0  2.20676e-09
3315.0  2.18857e-09
3320.0  2.17053e-09
3325.0  2.12709e-09
3330.0  2.09201e-09
3335.0  2.10264e-09
3340.0  2.14487e-09
3345.0  2.18418e-09
3350.0  2.18666e-09
3355.0  2.13675e-09
3360.0  2.06527e-09
3365.0  2.01594e-09
3370.0  2.01883e-09
3375.0  2.07763e-09
3380.0  2.14287e-09
3385.0  2.17077e-09
3390.0  2.18351e-09
3395.0  2.20929e-09
3400.0  2.22646e-09
3405.0  2.21069e-09
3410.0  2.18178e-09
3415.0  2.16694e-09
3420.0  2.16622e-09
3425.0  2.16072e-09
3430.0  2.11289e-09
3435.0  2.01207e-09
3440.0  1.93364e-09
3445.0  1.94648e-09
3450.0  2.01655e-09
3455.0  2.08178e-09
3460.0  2.11194e-09
3465.0  2.10165e-09
3470.0  2.07507e-09
3475.0  2.05315e-09
3480.0  2.02222e-09
3485.0  1.9769e-09
3490.0  1.96706e-09
3495.0  2.03716e-09
3500.0  2.16009e-09
3505.0  2.27261e-09
3510.0  2.29976e-09
3515.0  2.29504e-09
3520.0  2.23508e-09
3525.0  2.20894e-09
3530.0  2.30178e-09
3535.0  2.42197e-09
3540.0  2.5097e-09
3545.0  2.53791e-09
3550.0  2.51059e-09
3555.0  2.44524e-09
3560.0  2.36261e-09
3565.0  2.2099e-09
3570.0  2.08119e-09
3575.0  2.02619e-09
3580.0  1.94597e-09
3585.0  1.93339e-09
3590.0  2.1062e-09
3595.0  2.29592e-09
3600.0  2.32664e-09
3605.0  2.22233e-09
3610.0  2.15304e-09
3615.0  2.16079e-09
3620.0  2.21385e-09
3625.0  2.34575e-09
3630.0  2.33163e-09
3635.0  2.303e-09
3640.0  2.37714e-09
3645.0  2.36617e-09
3650.0  2.42341e-09
3655.0  2.60581e-09
3660.0  2.71345e-09
3665.0  2.67461e-09
3670.0  2.62843e-09
3675.0  2.59932e-09
3680.0  2.53039e-09
3685.0  2.51907e-09
3690.0  2.60485e-09
3695.0  2.71331e-09
3700.0  2.71942e-09
3705.0  2.57386e-09
3710.0  2.60329e-09
3715.0  2.70011e-09
3720.0  2.56001e-09
3725.0  2.52037e-09
3730.0  2.45133e-09
3735.0  2.29381e-09
3740.0  2.37363e-09
3745.0  2.33126e-09
3750.0  2.35437e-09
3755.0  2.59927e-09
3760.0  2.65364e-09
3765.0  2.65055e-09
3770.0  2.704e-09
3775.0  2.96119e-09
3780.0  3.19968e-09
3785.0  3.13313e-09
3790.0  2.84808e-09
3795.0  2.65194e-09
3800.0  2.78196e-09
3805.0  3.08475e-09
3810.0  3.15943e-09
3815.0  2.95146e-09
3820.0  2.69944e-09
3825.0  2.40707e-09
3830.0  2.13064e-09
3835.0  2.02918e-09
3840.0  2.33034e-09
3845.0  2.81954e-09
3850.0  3.06954e-09
3855.0  3.05189e-09
3860.0  3.03109e-09
3865.0  3.11891e-09
3870.0  3.03966e-09
3875.0  2.92698e-09
3880.0  2.77132e-09
3885.0  2.56156e-09
3890.0  2.57606e-09
3895.0  2.84216e-09
3900.0  3.01487e-09
3905.0  3.10215e-09
3910.0  3.2235e-09
3915.0  3.19219e-09
3920.0  2.91817e-09
3925.0  2.37693e-09
3930.0  1.69974e-09
3935.0  1.57953e-09
3940.0  2.13631e-09
3945.0  2.70428e-09
3950.0  3.02236e-09
3955.0  2.99914e-09
3960.0  2.56039e-09
3965.0  1.91669e-09
3970.0  1.8275e-09
3975.0  2.50168e-09
3980.0  3.17913e-09
3985.0  3.51369e-09
3990.0  3.6689e-09
3995.0  3.74173e-09
4000.0  3.78531e-09
4005.0  3.81011e-09
4010.0  3.88846e-09
4015.0  3.95898e-09
4020.0  4.00011e-09
4025.0  3.97803e-09
4030.0  3.87782e-09
4035.0  3.89272e-09
4040.0  3.91165e-09
4045.0  3.81652e-09
4050.0  3.83815e-09
4055.0  3.78234e-09
4060.0  3.708e-09
4065.0  3.69531e-09
4070.0  3.71165e-09
4075.0  3.69521e-09
4080.0  3.75295e-09
4085.0  3.87687e-09
4090.0  3.85321e-09
4095.0  3.54341e-09
4100.0  3.22718e-09
4105.0  3.3696e-09
4110.0  3.71426e-09
4115.0  3.91815e-09
4120.0  3.95131e-09
4125.0  3.93012e-09
4130.0  3.90623e-09
4135.0  3.9757e-09
4140.0  4.04084e-09
4145.0  4.01982e-09
4150.0  3.98229e-09
4155.0  3.95771e-09
4160.0  4.04112e-09
4165.0  4.0571e-09
4170.0  3.90271e-09
4175.0  3.80569e-09
4180.0  3.84565e-09
4185.0  3.89145e-09
4190.0  3.9338e-09
4195.0  3.87591e-09
4200.0  3.81337e-09
4205.0  3.90384e-09
4210.0  4.01167e-09
4215.0  4.00408e-09
4220.0  3.90014e-09
4225.0  3.7206e-09
4230.0  3.76978e-09
4235.0  3.81209e-09
4240.0  3.83768e-09
4245.0  3.83828e-09
4250.0  3.83171e-09
4255.0  3.84668e-09
4260.0  3.8398e-09
4265.0  3.84765e-09
4270.0  3.73781e-09
4275.0  3.7357e-09
4280.0  3.76741e-09
4285.0  3.66263e-09
4290.0  3.52297e-09
4295.0  3.35981e-09
4300.0  3.10298e-09
4305.0  3.01229e-09
4310.0  3.20007e-09
4315.0  3.61296e-09
4320.0  3.78885e-09
4325.0  3.71661e-09
4330.0  3.70864e-09
4335.0  3.48703e-09
4340.0  3.20618e-09
4345.0  3.40733e-09
4350.0  3.68362e-09
4355.0  3.88521e-09
4360.0  4.05759e-09
4365.0  4.12679e-09
4370.0  4.04771e-09
4375.0  3.95196e-09
4380.0  3.82568e-09
4385.0  3.72216e-09
4390.0  3.8296e-09
4395.0  3.93181e-09
4400.0  3.94514e-09
4405.0  3.94419e-09
4410.0  4.0244e-09
4415.0  4.0848e-09
4420.0  4.14292e-09
4425.0  4.15026e-09
4430.0  4.12184e-09
4435.0  4.09341e-09
4440.0  4.11893e-09
4445.0  4.12071e-09
4450.0  4.07794e-09
4455.0  3.95451e-09
4460.0  3.93514e-09
4465.0  4.03382e-09
4470.0  4.1621e-09
4475.0  4.24656e-09
4480.0  4.19196e-09
4485.0  4.19784e-09
4490.0  4.20832e-09
4495.0  4.2602e-09
4500.0  4.37493e-09
4505.0  4.44863e-09
4510.0  4.40709e-09
4515.0  4.32131e-09
4520.0  4.21453e-09
4525.0  4.04962e-09
4530.0  3.97403e-09
4535.0  4.08901e-09
4540.0  4.18073e-09
4545.0  4.10793e-09
4550.0  4.04645e-09
4555.0  4.13613e-09
4560.0  4.23079e-09
4565.0  4.25723e-09
4570.0  4.28392e-09
4575.0  4.2653e-09
4580.0  4.16231e-09
4585.0  4.1255e-09
4590.0  4.1426e-09
4595.0  4.14611e-09
4600.0  4.15592e-09
4605.0  4.21942e-09
4610.0  4.2504e-09
4615.0  4.22851e-09
4620.0  4.24763e-09
4625.0  4.25257e-09
4630.0  4.21817e-09
4635.0  4.17193e-09
4640.0  4.13644e-09
4645.0  4.08736e-09
4650.0  4.09294e-09
4655.0  4.14784e-09
4660.0  4.14567e-09
4665.0  4.01813e-09
4670.0  4.04568e-09
4675.0  4.13282e-09
4680.0  4.14113e-09
4685.0  4.17053e-09
4690.0  4.16342e-09
4695.0  4.12704e-09
4700.0  4.01518e-09
4705.0  3.98094e-09
4710.0  4.04809e-09
4715.0  4.1521e-09
4720.0  4.20717e-09
4725.0  4.15901e-09
4730.0  4.07407e-09
4735.0  4.09788e-09
4740.0  4.15629e-09
4745.0  4.18275e-09
4750.0  4.13273e-09
4755.0  4.08396e-09
4760.0  4.06177e-09
4765.0  4.05089e-09
4770.0  4.12631e-09
4775.0  4.20837e-09
4780.0  4.19822e-09
4785.0  4.12407e-09
4790.0  4.14232e-09
4795.0  4.17797e-09
4800.0  4.14257e-09
4805.0  4.12569e-09
4810.0  4.16843e-09
4815.0  4.21576e-09
4820.0  4.17454e-09
4825.0  4.10417e-09
4830.0  4.075e-09
4835.0  4.06152e-09
4840.0  4.02605e-09
4845.0  3.97428e-09
4850.0  3.83292e-09
4855.0  3.52974e-09
4860.0  3.25205e-09
4865.0  3.29662e-09
4870.0  3.48033e-09
4875.0  3.68829e-09
4880.0  3.82853e-09
4885.0  3.86585e-09
4890.0  3.9035e-09
4895.0  4.00996e-09
4900.0  4.06995e-09
4905.0  4.08133e-09
4910.0  4.03856e-09
4915.0  3.97909e-09
4920.0  3.89889e-09
4925.0  3.94553e-09
4930.0  3.98616e-09
4935.0  3.978e-09
4940.0  3.99917e-09
4945.0  4.05847e-09
4950.0  4.08257e-09
4955.0  4.03908e-09
4960.0  4.0383e-09
4965.0  4.04716e-09
4970.0  4.06407e-09
4975.0  4.02866e-09
4980.0  3.90904e-09
4985.0  3.8858e-09
4990.0  3.91819e-09
4995.0  3.91467e-09
5000.0  3.86297e-09
5005.0  3.8004e-09
5010.0  3.77656e-09
5015.0  3.73059e-09
5020.0  3.75433e-09
5025.0  3.80485e-09
5030.0  3.86858e-09
5035.0  3.84986e-09
5040.0  3.80335e-09
5045.0  3.8492e-09
5050.0  3.883e-09
5055.0  3.94351e-09
5060.0  3.96426e-09
5065.0  3.93419e-09
5070.0  3.89335e-09
5075.0  3.83808e-09
5080.0  3.8163e-09
5085.0  3.87695e-09
5090.0  3.91732e-09
5095.0  3.89705e-09
5100.0  3.86233e-09
5105.0  3.85541e-09
5110.0  3.88648e-09
5115.0  3.93696e-09
5120.0  3.91124e-09
5125.0  3.85323e-09
5130.0  3.8168e-09
5135.0  3.77441e-09
5140.0  3.74636e-09
5145.0  3.75091e-09
5150.0  3.76828e-09
5155.0  3.77712e-09
5160.0  3.71928e-09
5165.0  3.54003e-09
5170.0  3.452e-09
5175.0  3.51221e-09
5180.0  3.52418e-09
5185.0  3.53583e-09
5190.0  3.59041e-09
5195.0  3.65147e-09
5200.0  3.70346e-09
5205.0  3.71534e-09
5210.0  3.73977e-09
5215.0  3.74807e-09
5220.0  3.74863e-09
5225.0  3.68241e-09
5230.0  3.68503e-09
5235.0  3.72752e-09
5240.0  3.77894e-09
5245.0  3.78602e-09
5250.0  3.78064e-09
5255.0  3.7646e-09
5260.0  3.65976e-09
5265.0  3.5199e-09
5270.0  3.48814e-09
5275.0  3.55735e-09
5280.0  3.65304e-09
5285.0  3.74404e-09
5290.0  3.80377e-09
5295.0  3.78e-09
5300.0  3.77386e-09
5305.0  3.79881e-09
5310.0  3.82645e-09
5315.0  3.81457e-09
5320.0  3.74053e-09
5325.0  3.63982e-09
5330.0  3.6206e-09
5335.0  3.65725e-09
5340.0  3.68233e-09
5345.0  3.70454e-09
5350.0  3.75019e-09
5355.0  3.79961e-09
5360.0  3.76886e-09
5365.0  3.70697e-09
5370.0  3.68365e-09
5375.0  3.7136e-09
5380.0  3.72878e-09
5385.0  3.73281e-09
5390.0  3.70359e-09
5395.0  3.65496e-09
5400.0  3.60516e-09
5405.0  3.57221e-09
5410.0  3.59574e-09
5415.0  3.64266e-09
5420.0  3.66729e-09
5425.0  3.67654e-09
5430.0  3.67421e-09
5435.0  3.68572e-09
5440.0  3.71015e-09
5445.0  3.70384e-09
5450.0  3.7012e-09
5455.0  3.68485e-09
5460.0  3.69671e-09
5465.0  3.69142e-09
5470.0  3.67418e-09
5475.0  3.63961e-09
5480.0  3.64446e-09
5485.0  3.67527e-09
5490.0  3.69095e-09
5495.0  3.67987e-09
5500.0  3.67363e-09
5505.0  3.67756e-09
5510.0  3.68602e-09
5515.0  3.70556e-09
5520.0  3.70827e-09
5525.0  3.67307e-09
5530.0  3.65672e-09
5535.0  3.66321e-09
5540.0  3.6964e-09
5545.0  3.71281e-09
5550.0  3.71301e-09
5555.0  3.68038e-09
5560.0  3.65524e-09
5565.0  3.62477e-09
5570.0  3.60663e-09
5575.0  3.60789e-09
5580.0  3.59842e-09
5585.0  3.54929e-09
5590.0  3.52598e-09
5595.0  3.51311e-09
5600.0  3.52473e-09
5605.0  3.58055e-09
5610.0  3.5936e-09
5615.0  3.56624e-09
5620.0  3.56803e-09
5625.0  3.56717e-09
5630.0  3.5828e-09
5635.0  3.57158e-09
5640.0  3.558e-09
5645.0  3.55047e-09
5650.0  3.5165e-09
5655.0  3.46906e-09
5660.0  3.45209e-09
5665.0  3.47565e-09
5670.0  3.52139e-09
5675.0  3.54928e-09
5680.0  3.52739e-09
5685.0  3.49705e-09
5690.0  3.49584e-09
5695.0  3.49729e-09
5700.0  3.48697e-09
5705.0  3.45273e-09
5710.0  3.43208e-09
5715.0  3.47207e-09
5720.0  3.52101e-09
5725.0  3.5533e-09
5730.0  3.56264e-09
5735.0  3.5589e-09
5740.0  3.5427e-09
5745.0  3.52623e-09
5750.0  3.50442e-09
5755.0  3.50502e-09
5760.0  3.51619e-09
5765.0  3.52527e-09
5770.0  3.52321e-09
5775.0  3.49828e-09
5780.0  3.46216e-09
5785.0  3.44218e-09
5790.0  3.44613e-09
5795.0  3.46409e-09
5800.0  3.48492e-09
5805.0  3.48383e-09
5810.0  3.48479e-09
5815.0  3.50333e-09
5820.0  3.51675e-09
5825.0  3.51614e-09
5830.0  3.51628e-09
5835.0  3.52789e-09
5840.0  3.53147e-09
5845.0  3.50952e-09
5850.0  3.47372e-09
5855.0  3.43309e-09
5860.0  3.42361e-09
5865.0  3.44914e-09
5870.0  3.47878e-09
5875.0  3.48028e-09
5880.0  3.44083e-09
5885.0  3.34742e-09
5890.0  3.23988e-09
5895.0  3.23582e-09
5900.0  3.32373e-09
5905.0  3.40041e-09
5910.0  3.42067e-09
5915.0  3.42675e-09
5920.0  3.43453e-09
5925.0  3.41114e-09
5930.0  3.39287e-09
5935.0  3.40608e-09
5940.0  3.40068e-09
5945.0  3.37645e-09
5950.0  3.36357e-09
5955.0  3.37582e-09
5960.0  3.3907e-09
5965.0  3.40734e-09
5970.0  3.4005e-09
5975.0  3.36724e-09
5980.0  3.33181e-09
5985.0  3.31657e-09
5990.0  3.32394e-09
5995.0  3.32326e-09
6000.0  3.30988e-09
6005.0  3.28135e-09
6010.0  3.26995e-09
6015.0  3.26465e-09
6020.0  3.26075e-09
6025.0  3.27277e-09
6030.0  3.28725e-09
6035.0  3.3023e-09
6040.0  3.30514e-09
6045.0  3.31848e-09
6050.0  3.31731e-09
6055.0  3.30563e-09
6060.0  3.3024e-09
6065.0  3.29886e-09
6070.0  3.31541e-09
6075.0  3.29049e-09
6080.0  3.25723e-09
6085.0  3.24705e-09
6090.0  3.24889e-09
6095.0  3.22728e-09
6100.0  3.18018e-09
6105.0  3.19492e-09
6110.0  3.23565e-09
6115.0  3.22047e-09
6120.0  3.18935e-09
6125.0  3.18978e-09
6130.0  3.17278e-09
6135.0  3.12272e-09
6140.0  3.1259e-09
6145.0  3.15696e-09
6150.0  3.15575e-09
6155.0  3.11264e-09
6160.0  3.05661e-09
6165.0  3.0592e-09
6170.0  3.09179e-09
6175.0  3.1468e-09
6180.0  3.1707e-09
6185.0  3.1572e-09
6190.0  3.14564e-09
6195.0  3.17697e-09
6200.0  3.19297e-09
6205.0  3.19691e-09
6210.0  3.17251e-09
6215.0  3.13756e-09
6220.0  3.13478e-09
6225.0  3.12823e-09
6230.0  3.09728e-09
6235.0  3.09107e-09
6240.0  3.07979e-09
6245.0  3.0595e-09
6250.0  3.05987e-09
6255.0  3.04998e-09
6260.0  3.07106e-09
6265.0  3.09131e-09
6270.0  3.09782e-09
6275.0  3.05438e-09
6280.0  3.02153e-09
6285.0  3.07247e-09
6290.0  3.08938e-09
6295.0  3.05972e-09
6300.0  3.03156e-09
6305.0  3.05007e-09
6310.0  3.04903e-09
6315.0  3.01277e-09
6320.0  3.0256e-09
6325.0  3.07794e-09
6330.0  3.08221e-09
6335.0  3.05301e-09
6340.0  3.04382e-09
6345.0  3.05118e-09
6350.0  3.05774e-09
6355.0  3.03549e-09
6360.0  3.02332e-09
6365.0  3.04282e-09
6370.0  3.06331e-09
6375.0  3.07468e-09
6380.0  3.06466e-09
6385.0  3.05473e-09
6390.0  3.03447e-09
6395.0  3.01193e-09
6400.0  3.00786e-09
6405.0  3.00857e-09
6410.0  2.99503e-09
6415.0  2.98886e-09
6420.0  2.99996e-09
6425.0  3.01788e-09
6430.0  3.00736e-09
6435.0  3.01108e-09
6440.0  3.02006e-09
6445.0  3.01069e-09
6450.0  2.97755e-09
6455.0  2.95597e-09
6460.0  2.95292e-09
6465.0  2.96968e-09
6470.0  2.98252e-09
6475.0  2.98673e-09
6480.0  2.98717e-09
6485.0  2.97284e-09
6490.0  2.91607e-09
6495.0  2.88334e-09
6500.0  2.95339e-09
6505.0  3.01623e-09
6510.0  3.01287e-09
6515.0  2.98146e-09
6520.0  2.9963e-09
6525.0  3.0076e-09
6530.0  3.00391e-09
6535.0  2.99883e-09
6540.0  2.9675e-09
6545.0  2.90627e-09
6550.0  2.80398e-09
6555.0  2.59684e-09
6560.0  2.34387e-09
6565.0  2.43676e-09
6570.0  2.70385e-09
6575.0  2.85757e-09
6580.0  2.91251e-09
6585.0  2.919e-09
6590.0  2.90757e-09
6595.0  2.91918e-09
6600.0  2.95607e-09
6605.0  2.96155e-09
6610.0  2.96072e-09
6615.0  2.9715e-09
6620.0  2.96995e-09
6625.0  2.94857e-09
6630.0  2.91255e-09
6635.0  2.90405e-09
6640.0  2.90604e-09
6645.0  2.89889e-09
6650.0  2.90288e-09
6655.0  2.89406e-09
6660.0  2.87317e-09
6665.0  2.86922e-09
6670.0  2.87513e-09
6675.0  2.86234e-09
6680.0  2.86662e-09
6685.0  2.87713e-09
6690.0  2.87737e-09
6695.0  2.86589e-09
6700.0  2.85665e-09
6705.0  2.83764e-09
6710.0  2.81998e-09
6715.0  2.80295e-09
6720.0  2.80577e-09
6725.0  2.82742e-09
6730.0  2.83937e-09
6735.0  2.82901e-09
6740.0  2.81266e-09
6745.0  2.80223e-09
6750.0  2.79619e-09
6755.0  2.81217e-09
6760.0  2.81623e-09
6765.0  2.81059e-09
6770.0  2.80361e-09
6775.0  2.80386e-09
6780.0  2.79867e-09
6785.0  2.78867e-09
6790.0  2.79289e-09
6795.0  2.79408e-09
6800.0  2.79258e-09
6805.0  2.78407e-09
6810.0  2.78409e-09
6815.0  2.78068e-09
6820.0  2.7697e-09
6825.0  2.76255e-09
6830.0  2.74619e-09
6835.0  2.73113e-09
6840.0  2.72645e-09
6845.0  2.72345e-09
6850.0  2.72045e-09
6855.0  2.71745e-09
6860.0  2.71446e-09
6865.0  2.71146e-09
6870.0  2.70846e-09
6875.0  2.70546e-09
6880.0  2.70247e-09
6885.0  2.69946e-09
6890.0  2.69647e-09
6895.0  2.69347e-09
6900.0  2.69047e-09
6905.0  2.68748e-09
6910.0  2.68448e-09
6915.0  2.68148e-09
6920.0  2.67848e-09
6925.0  2.67548e-09
6930.0  2.67249e-09
6935.0  2.66949e-09
6940.0  2.66649e-09
6945.0  2.66349e-09
6950.0  2.66049e-09
6955.0  2.65749e-09
6960.0  2.6545e-09
6965.0  2.65149e-09
6970.0  2.6485e-09
6975.0  2.64582e-09
6980.0  2.6483e-09
6985.0  2.66512e-09
6990.0  2.65482e-09
6995.0  2.64922e-09
7000.0  2.61987e-09
7005.0  2.59097e-09
7010.0  2.61177e-09
7015.0  2.59731e-09
7020.0  2.58678e-09
7025.0  2.57968e-09
7030.0  2.59076e-09
7035.0  2.59462e-09
7040.0  2.60554e-09
7045.0  2.62777e-09
7050.0  2.6207e-09
7055.0  2.60502e-09
7060.0  2.6042e-09
7065.0  2.59831e-09
7070.0  2.60485e-09
7075.0  2.61397e-09
7080.0  2.6e-09
7085.0  2.58751e-09
7090.0  2.5879e-09
7095.0  2.58965e-09
7100.0  2.58799e-09
7105.0  2.58968e-09
7110.0  2.57157e-09
7115.0  2.5712e-09
7120.0  2.57551e-09
7125.0  2.58348e-09
7130.0  2.58719e-09
7135.0  2.58598e-09
7140.0  2.56758e-09
7145.0  2.55026e-09
7150.0  2.56204e-09
7155.0  2.57442e-09
7160.0  2.54994e-09
7165.0  2.51271e-09
7170.0  2.49383e-09
7175.0  2.47567e-09
7180.0  2.45871e-09
7185.0  2.42214e-09
7190.0  2.41345e-09
7195.0  2.43288e-09
7200.0  2.44541e-09
7205.0  2.47046e-09
7210.0  2.51575e-09
7215.0  2.54318e-09
7220.0  2.53936e-09
7225.0  2.51988e-09
7230.0  2.48651e-09
7235.0  2.45877e-09
7240.0  2.46367e-09
7245.0  2.46976e-09
7250.0  2.45455e-09
7255.0  2.45293e-09
7260.0  2.46514e-09
7265.0  2.45539e-09
7270.0  2.45106e-09
7275.0  2.42687e-09
7280.0  2.43242e-09
7285.0  2.41536e-09
7290.0  2.37616e-09
7295.0  2.41021e-09
7300.0  2.42764e-09
7305.0  2.41574e-09
7310.0  2.41615e-09
7315.0  2.41563e-09
7320.0  2.41629e-09
7325.0  2.41633e-09
7330.0  2.40611e-09
7335.0  2.40974e-09
7340.0  2.41441e-09
7345.0  2.40597e-09
7350.0  2.39242e-09
7355.0  2.38742e-09
7360.0  2.39091e-09
7365.0  2.39117e-09
7370.0  2.39085e-09
7375.0  2.37947e-09
7380.0  2.35979e-09
7385.0  2.31359e-09
7390.0  2.29844e-09
7395.0  2.31471e-09
7400.0  2.30636e-09
7405.0  2.28518e-09
7410.0  2.27927e-09
7415.0  2.30043e-09
7420.0  2.31935e-09
7425.0  2.37375e-09
7430.0  2.40627e-09
7435.0  2.41164e-09
7440.0  2.39457e-09
7445.0  2.36971e-09
7450.0  2.38619e-09
7455.0  2.40363e-09
7460.0  2.38886e-09
7465.0  2.38738e-09
7470.0  2.39757e-09
7475.0  2.39102e-09
7480.0  2.38459e-09
7485.0  2.38396e-09
7490.0  2.3675e-09
7495.0  2.34962e-09
7500.0  2.36737e-09
7505.0  2.35871e-09
7510.0  2.33756e-09
7515.0  2.3506e-09
7520.0  2.35653e-09
7525.0  2.34306e-09
7530.0  2.34366e-09
7535.0  2.355e-09
7540.0  2.35812e-09
7545.0  2.34446e-09
7550.0  2.33677e-09
7555.0  2.33302e-09
7560.0  2.32968e-09
7565.0  2.32635e-09
7570.0  2.32301e-09
7575.0  2.31968e-09
7580.0  2.31635e-09
7585.0  2.31301e-09
7590.0  2.30968e-09
7595.0  2.30635e-09
7600.0  2.30302e-09
7605.0  2.29968e-09
7610.0  2.29635e-09
7615.0  2.29302e-09
7620.0  2.28968e-09
7625.0  2.28635e-09
7630.0  2.28301e-09
7635.0  2.27968e-09
7640.0  2.27635e-09
7645.0  2.27301e-09
7650.0  2.26968e-09
7655.0  2.26635e-09
7660.0  2.26301e-09
7665.0  2.25968e-09
7670.0  2.25634e-09
7675.0  2.25301e-09
7680.0  2.24968e-09
7685.0  2.24635e-09
7690.0  2.24302e-09
7695.0  2.23968e-09
7700.0  2.23635e-09
7705.0  2.23302e-09
7710.0  2.22968e-09
7715.0  2.22635e-09
7720.0  2.22302e-09
7725.0  2.21968e-09
7730.0  2.2184e-09
7735.0  2.22565e-09
7740.0  2.20936e-09
7745.0  2.17821e-09
7750.0  2.17871e-09
7755.0  2.20233e-09
7760.0  2.20953e-09
7765.0  2.20894e-09
7770.0  2.17911e-09
7775.0  2.15555e-09
7780.0  2.1733e-09
7785.0  2.18772e-09
7790.0  2.18889e-09
7795.0  2.18199e-09
7800.0  2.16937e-09
7805.0  2.17244e-09
7810.0  2.17248e-09
7815.0  2.18582e-09
7820.0  2.19187e-09
7825.0  2.18242e-09
7830.0  2.15704e-09
7835.0  2.14768e-09
7840.0  2.16316e-09
7845.0  2.16578e-09
7850.0  2.16215e-09
7855.0  2.16354e-09
7860.0  2.1677e-09
7865.0  2.16245e-09
7870.0  2.15856e-09
7875.0  2.14823e-09
7880.0  2.1411e-09
7885.0  2.14564e-09
7890.0  2.14149e-09
7895.0  2.13111e-09
7900.0  2.1333e-09
7905.0  2.13639e-09
7910.0  2.12523e-09
7915.0  2.10941e-09
7920.0  2.10692e-09
7925.0  2.10318e-09
7930.0  2.07968e-09
7935.0  2.07383e-09
7940.0  2.07528e-09
7945.0  2.07242e-09
7950.0  2.09822e-09
7955.0  2.11139e-09
7960.0  2.10345e-09
7965.0  2.10312e-09
7970.0  2.10906e-09
7975.0  2.11409e-09
7980.0  2.11453e-09
7985.0  2.10921e-09
7990.0  2.10191e-09
7995.0  2.07953e-09
8000.0  2.06815e-09
8005.0  2.08267e-09
8010.0  2.08559e-09
8015.0  2.09047e-09
8020.0  2.08663e-09
8025.0  2.06793e-09
8030.0  2.06611e-09
8035.0  2.07865e-09
8040.0  2.0731e-09
8045.0  2.04678e-09
8050.0  2.04979e-09
8055.0  2.07044e-09
8060.0  2.07773e-09
8065.0  2.07629e-09
8070.0  2.0648e-09
8075.0  2.06125e-09
8080.0  2.05449e-09
8085.0  2.04419e-09
8090.0  2.0398e-09
8095.0  2.02985e-09
8100.0  2.02699e-09
8105.0  2.02553e-09
8110.0  2.02407e-09
8115.0  2.02262e-09
8120.0  2.02116e-09
8125.0  2.0197e-09
8130.0  2.01825e-09
8135.0  2.01679e-09
8140.0  2.01533e-09
8145.0  2.01388e-09
8150.0  2.01242e-09
8155.0  2.01096e-09
8160.0  2.00951e-09
8165.0  2.00805e-09
8170.0  2.0066e-09
8175.0  2.00514e-09
8180.0  2.00368e-09
8185.0  2.00223e-09
8190.0  2.00077e-09
8195.0  1.99931e-09
8200.0  1.99785e-09
8205.0  1.9964e-09
8210.0  1.99494e-09
8215.0  1.99349e-09
8220.0  1.99203e-09
8225.0  1.99057e-09
8230.0  1.98912e-09
8235.0  1.98766e-09
8240.0  1.9862e-09
8245.0  1.98475e-09
8250.0  1.98329e-09
8255.0  1.98183e-09
8260.0  1.98038e-09
8265.0  1.97892e-09
8270.0  1.97747e-09
8275.0  1.97601e-09
8280.0  1.97456e-09
8285.0  1.9731e-09
8290.0  1.97164e-09
8295.0  1.97019e-09
8300.0  1.96873e-09
8305.0  1.96727e-09
8310.0  1.96582e-09
8315.0  1.96436e-09
8320.0  1.9629e-09
8325.0  1.96145e-09
8330.0  1.95999e-09
8335.0  1.95853e-09
8340.0  1.95708e-09
8345.0  1.95562e-09
8350.0  1.95417e-09
8355.0  1.95271e-09
8360.0  1.95125e-09
8365.0  1.94979e-09
8370.0  1.94834e-09
8375.0  1.94688e-09
8380.0  1.94543e-09
8385.0  1.94397e-09
8390.0  1.94251e-09
8395.0  1.94106e-09
8400.0  1.9396e-09
8405.0  1.94004e-09
8410.0  1.94999e-09
8415.0  1.95057e-09
8420.0  1.94861e-09
8425.0  1.9454e-09
8430.0  1.94112e-09
8435.0  1.92237e-09
8440.0  1.91155e-09
8445.0  1.91236e-09
8450.0  1.9267e-09
8455.0  1.93847e-09
8460.0  1.93537e-09
8465.0  1.9132e-09
8470.0  1.90635e-09
8475.0  1.91905e-09
8480.0  1.91847e-09
8485.0  1.91245e-09
8490.0  1.87396e-09
8495.0  1.75273e-09
8500.0  1.72628e-09
8505.0  1.84018e-09
8510.0  1.86995e-09
8515.0  1.86351e-09
8520.0  1.87368e-09
8525.0  1.86649e-09
8530.0  1.83189e-09
8535.0  1.69926e-09
8540.0  1.49397e-09
8545.0  1.54616e-09
8550.0  1.74647e-09
8555.0  1.81678e-09
8560.0  1.85197e-09
8565.0  1.86488e-09
8570.0  1.85611e-09
8575.0  1.85322e-09
8580.0  1.84284e-09
8585.0  1.83586e-09
8590.0  1.82865e-09
8595.0  1.8071e-09
8600.0  1.80663e-09
8605.0  1.81577e-09
8610.0  1.81324e-09
8615.0  1.81317e-09
8620.0  1.82168e-09
8625.0  1.82989e-09
8630.0  1.82914e-09
8635.0  1.82067e-09
8640.0  1.81162e-09
8645.0  1.7893e-09
8650.0  1.76105e-09
8655.0  1.67227e-09
8660.0  1.49495e-09
8665.0  1.53167e-09
8670.0  1.68321e-09
8675.0  1.7405e-09
8680.0  1.75556e-09
8685.0  1.75434e-09
8690.0  1.75042e-09
8695.0  1.76871e-09
8700.0  1.77469e-09
8705.0  1.77565e-09
8710.0  1.75792e-09
8715.0  1.75245e-09
8720.0  1.76174e-09
8725.0  1.75921e-09
8730.0  1.74239e-09
8735.0  1.7272e-09
8740.0  1.72016e-09
8745.0  1.71105e-09
8750.0  1.70329e-09
8755.0  1.74787e-09
8760.0  1.75664e-09
8765.0  1.75988e-09
8770.0  1.76968e-09
8775.0  1.7782e-09
8780.0  1.78364e-09
8785.0  1.78072e-09
8790.0  1.79421e-09
8795.0  1.72941e-09
8800.0  1.71103e-09
8805.0  1.69079e-09
8810.0  1.71057e-09
8815.0  1.74332e-09
8820.0  1.74828e-09
8825.0  1.74917e-09
8830.0  1.75155e-09
8835.0  1.74685e-09
8840.0  1.74303e-09
8845.0  1.7472e-09
8850.0  1.74961e-09
8855.0  1.74384e-09
8860.0  1.72696e-09
8865.0  1.72381e-09
8870.0  1.7394e-09
8875.0  1.74897e-09
8880.0  1.75287e-09
8885.0  1.75535e-09
8890.0  1.75427e-09
8895.0  1.75489e-09
8900.0  1.75945e-09
8905.0  1.76208e-09
8910.0  1.76164e-09
8915.0  1.76292e-09
8920.0  1.75424e-09
8925.0  1.73211e-09
8930.0  1.72939e-09
8935.0  1.71402e-09
8940.0  1.7047e-09
8945.0  1.7088e-09
8950.0  1.72285e-09
8955.0  1.74048e-09
8960.0  1.75518e-09
8965.0  1.762e-09
8970.0  1.76005e-09
8975.0  1.75002e-09
8980.0  1.73289e-09
8985.0  1.71081e-09
8990.0  1.68913e-09
8995.0  1.67437e-09
9000.0  1.67292e-09
9005.0  1.6882e-09
9010.0  1.71604e-09
9015.0  1.74933e-09
9020.0  1.78082e-09
9025.0  1.8049e-09
9030.0  1.82017e-09
9035.0  1.82688e-09
9040.0  1.8254e-09
9045.0  1.81605e-09
9050.0  1.79896e-09
9055.0  1.77418e-09
9060.0  1.74191e-09
9065.0  1.70404e-09
9070.0  1.66681e-09
9075.0  1.63814e-09
9080.0  1.6257e-09
9085.0  1.63331e-09
9090.0  1.65467e-09
9095.0  1.67958e-09
9100.0  1.69783e-09
9105.0  1.70262e-09
9110.0  1.69612e-09
9115.0  1.68393e-09
9120.0  1.6718e-09
9125.0  1.66345e-09
9130.0  1.6573e-09
9135.0  1.64979e-09
9140.0  1.63733e-09
9145.0  1.6185e-09
9150.0  1.59752e-09
9155.0  1.58074e-09
9160.0  1.57447e-09
9165.0  1.58223e-09
9170.0  1.60034e-09
9175.0  1.62233e-09
9180.0  1.64165e-09
9185.0  1.65358e-09
9190.0  1.65817e-09
9195.0  1.6573e-09
9200.0  1.65302e-09
9205.0  1.6471e-09
9210.0  1.6406e-09
9215.0  1.63436e-09
9220.0  1.62909e-09
9225.0  1.62494e-09
9230.0  1.62059e-09
9235.0  1.61413e-09
9240.0  1.60375e-09
9245.0  1.58918e-09
9250.0  1.57411e-09
9255.0  1.5638e-09
9260.0  1.56333e-09
9265.0  1.57478e-09
9270.0  1.59239e-09
9275.0  1.60738e-09
9280.0  1.61101e-09
9285.0  1.59779e-09
9290.0  1.57075e-09
9295.0  1.53616e-09
9300.0  1.50062e-09
9305.0  1.47052e-09
9310.0  1.4517e-09
9315.0  1.44981e-09
9320.0  1.46999e-09
9325.0  1.51247e-09
9330.0  1.56474e-09
9335.0  1.60938e-09
9340.0  1.62926e-09
9345.0  1.61483e-09
9350.0  1.57627e-09
9355.0  1.53137e-09
9360.0  1.49809e-09
9365.0  1.48904e-09
9370.0  1.50274e-09
9375.0  1.53228e-09
9380.0  1.57024e-09
9385.0  1.60905e-09
9390.0  1.64079e-09
9395.0  1.65742e-09
9400.0  1.65132e-09
9405.0  1.61921e-09
9410.0  1.56915e-09
9415.0  1.51355e-09
9420.0  1.46491e-09
9425.0  1.43244e-09
9430.0  1.41671e-09
9435.0  1.41505e-09
9440.0  1.42435e-09
9445.0  1.44111e-09
9450.0  1.46078e-09
9455.0  1.47835e-09
9460.0  1.48902e-09
9465.0  1.48994e-09
9470.0  1.48345e-09
9475.0  1.47389e-09
9480.0  1.46565e-09
9485.0  1.46171e-09
9490.0  1.46138e-09
9495.0  1.46256e-09
9500.0  1.46313e-09
9505.0  1.46192e-09
9510.0  1.4603e-09
9515.0  1.46064e-09
9520.0  1.46527e-09
9525.0  1.47528e-09
9530.0  1.48855e-09
9535.0  1.50174e-09
9540.0  1.51149e-09
9545.0  1.51577e-09
9550.0  1.51585e-09
9555.0  1.51435e-09
9560.0  1.51385e-09
9565.0  1.51574e-09
9570.0  1.5183e-09
9575.0  1.51857e-09
9580.0  1.51365e-09
9585.0  1.5023e-09
9590.0  1.48762e-09
9595.0  1.47436e-09
9600.0  1.46721e-09
9605.0  1.46876e-09
9610.0  1.47603e-09
9615.0  1.48394e-09
9620.0  1.48739e-09
9625.0  1.48337e-09
9630.0  1.47434e-09
9635.0  1.46482e-09
9640.0  1.45941e-09
9645.0  1.46103e-09
9650.0  1.46824e-09
9655.0  1.47796e-09
9660.0  1.48704e-09
9665.0  1.49321e-09
9670.0  1.4965e-09
9675.0  1.49787e-09
9680.0  1.49831e-09
9685.0  1.49853e-09
9690.0  1.49852e-09
9695.0  1.49798e-09
9700.0  1.49659e-09
9705.0  1.49404e-09
9710.0  1.49009e-09
9715.0  1.48456e-09
9720.0  1.47728e-09
9725.0  1.46845e-09
9730.0  1.45919e-09
9735.0  1.45101e-09
9740.0  1.44538e-09
9745.0  1.44315e-09
9750.0  1.4436e-09
9755.0  1.44535e-09
9760.0  1.44704e-09
9765.0  1.44757e-09
9770.0  1.44656e-09
9775.0  1.44393e-09
9780.0  1.43966e-09
9785.0  1.43404e-09
9790.0  1.42815e-09
9795.0  1.4234e-09
9800.0  1.42118e-09
9805.0  1.42226e-09
9810.0  1.42585e-09
9815.0  1.43056e-09
9820.0  1.435e-09
9825.0  1.43802e-09
9830.0  1.43932e-09
9835.0  1.43886e-09
9840.0  1.43664e-09
9845.0  1.43267e-09
9850.0  1.42699e-09
9855.0  1.41966e-09
9860.0  1.41074e-09
9865.0  1.40075e-09
9870.0  1.39126e-09
9875.0  1.38426e-09
9880.0  1.38169e-09
9885.0  1.38445e-09
9890.0  1.39083e-09
9895.0  1.3981e-09
9900.0  1.40351e-09
9905.0  1.40527e-09
9910.0  1.40408e-09
9915.0  1.4016e-09
9920.0  1.39952e-09
9925.0  1.39905e-09
9930.0  1.4002e-09
9935.0  1.40246e-09
9940.0  1.40532e-09
9945.0  1.40833e-09
9950.0  1.41128e-09
9955.0  1.41404e-09
9960.0  1.41649e-09
9965.0  1.41833e-09
9970.0  1.41887e-09
9975.0  1.41725e-09
9980.0  1.41269e-09
9985.0  1.40511e-09
9990.0  1.39633e-09
9995.0  1.38889e-09
10000.0  1.38528e-09
10005.0  1.38666e-09
10010.0  1.39081e-09
10015.0  1.3942e-09
10020.0  1.39331e-09
10025.0  1.38605e-09
10030.0  1.37403e-09
10035.0  1.3603e-09
10040.0  1.34798e-09
10045.0  1.33963e-09
10050.0  1.33631e-09
10055.0  1.33849e-09
10060.0  1.3465e-09
10065.0  1.35969e-09
10070.0  1.37487e-09
10075.0  1.38789e-09
10080.0  1.39463e-09
10085.0  1.39265e-09
10090.0  1.38371e-09
10095.0  1.37121e-09
10100.0  1.35863e-09
10105.0  1.34859e-09
10110.0  1.34151e-09
10115.0  1.33697e-09
10120.0  1.33443e-09
10125.0  1.33315e-09
10130.0  1.33189e-09
10135.0  1.3292e-09
10140.0  1.32372e-09
10145.0  1.31503e-09
10150.0  1.30519e-09
10155.0  1.29723e-09
10160.0  1.29413e-09
10165.0  1.29728e-09
10170.0  1.30402e-09
10175.0  1.31012e-09
10180.0  1.31137e-09
10185.0  1.30536e-09
10190.0  1.29434e-09
10195.0  1.28234e-09
10200.0  1.27343e-09
10205.0  1.2702e-09
10210.0  1.27144e-09
10215.0  1.27445e-09
10220.0  1.27647e-09
10225.0  1.27567e-09
10230.0  1.27261e-09
10235.0  1.26872e-09
10240.0  1.26553e-09
10245.0  1.26402e-09
10250.0  1.26387e-09
10255.0  1.26424e-09
10260.0  1.26429e-09
10265.0  1.26356e-09
10270.0  1.26262e-09
10275.0  1.26241e-09
10280.0  1.26387e-09
10285.0  1.26749e-09
10290.0  1.27255e-09
10295.0  1.27787e-09
10300.0  1.28224e-09
10305.0  1.28483e-09
10310.0  1.2857e-09
10315.0  1.28526e-09
10320.0  1.28395e-09
10325.0  1.28217e-09
10330.0  1.28014e-09
10335.0  1.27804e-09
10340.0  1.27603e-09
10345.0  1.27412e-09
10350.0  1.27203e-09
10355.0  1.26929e-09
10360.0  1.26552e-09
10365.0  1.26103e-09
10370.0  1.25784e-09
10375.0  1.25868e-09
10380.0  1.26616e-09
10385.0  1.28112e-09
10390.0  1.2998e-09
10395.0  1.31669e-09
10400.0  1.3263e-09
10405.0  1.32522e-09
10410.0  1.31545e-09
10415.0  1.30108e-09
10420.0  1.28632e-09
10425.0  1.27442e-09
10430.0  1.26618e-09
10435.0  1.26148e-09
10440.0  1.26006e-09
10445.0  1.26135e-09
10450.0  1.26398e-09
10455.0  1.26627e-09
10460.0  1.2666e-09
10465.0  1.26427e-09
10470.0  1.26101e-09
10475.0  1.25946e-09
10480.0  1.26222e-09
10485.0  1.27043e-09
10490.0  1.28146e-09
10495.0  1.29124e-09
10500.0  1.29567e-09
10505.0  1.29214e-09
10510.0  1.28173e-09
10515.0  1.267e-09
10520.0  1.2506e-09
10525.0  1.23498e-09
10530.0  1.222e-09
10535.0  1.21328e-09
10540.0  1.21037e-09
10545.0  1.21393e-09
10550.0  1.22247e-09
10555.0  1.23359e-09
10560.0  1.24489e-09
10565.0  1.25416e-09
10570.0  1.25977e-09
10575.0  1.26034e-09
10580.0  1.25462e-09
10585.0  1.24259e-09
10590.0  1.22745e-09
10595.0  1.21362e-09
10600.0  1.20553e-09
10605.0  1.20608e-09
10610.0  1.2143e-09
10615.0  1.22774e-09
10620.0  9.30714e-10
