# Extracted from file: pickles_107.fits
#SIMPLETrueFits standard
#BITPIX16Bits per pixel
#NAXIS0Number of axes
#EXTENDTrueFile may contain extensions
#DATE2007-01-11T20:44:27Date FITS file was generated
#IRAF-TLM15:44:43 (11/01/2007)Time of last modification
#COMMENT  FITS (Flexible Image Transport System) format is defined in 'Astronomy
#COMMENT  and Astrophysics', volume 376, page 359; bibcode: 2001A&A...376..359H
#ORIGINSTScI-STSDAS/TABLESTables version 2002-02-22
#FILENAMEpickles_107.fitsname of file
#NEXTEND1number of extensions in file
#COMMENT1spectral type: B5II
#COMMENT2metallicity: solar
#COMMENT3original filename: b5ii.dat
#HISTORY  File created by F.R.Boffi.
#HISTORY  SEDs from Pickles UVILIB Library (1998, PASP 110, 863).
#HISTORY  Wavelength is in Angstrom.
#HISTORY  Fluxes are tabulated in units of erg/s/cm^2/A
#HISTORY  and were calculated by normalizing the original fluxes
#HISTORY  in the Pickles V band to a 0 magnitude in vegamag.
#HISTORY  In the vegamag system, Vega has magnitude zero in all passbands.
#HISTORY  Please refer to the SYNPHOT manual for further information.
#
#
#
#
#
#
#
#
#
#
#
#
#
#  
#Columns WAVELENGTH FLUX
#Units  angstroms flam
1150.0  1.61822e-08
1155.0  1.9762e-08
1160.0  1.90612e-08
1165.0  1.8736e-08
1170.0  1.63911e-08
1175.0  1.42418e-08
1180.0  1.60727e-08
1185.0  1.71029e-08
1190.0  1.3309e-08
1195.0  9.76773e-09
1200.0  7.74905e-09
1205.0  4.034e-09
1210.0  2.14764e-09
1215.0  2.08388e-09
1220.0  4.3474e-09
1225.0  8.44717e-09
1230.0  1.26119e-08
1235.0  1.73243e-08
1240.0  2.18526e-08
1245.0  2.25076e-08
1250.0  2.17145e-08
1255.0  2.21581e-08
1260.0  1.88641e-08
1265.0  1.88829e-08
1270.0  2.29338e-08
1275.0  2.33662e-08
1280.0  2.42948e-08
1285.0  2.46238e-08
1290.0  2.24427e-08
1295.0  1.86981e-08
1300.0  1.62438e-08
1305.0  1.66168e-08
1310.0  2.07544e-08
1315.0  2.66838e-08
1320.0  2.78842e-08
1325.0  2.53545e-08
1330.0  2.25152e-08
1335.0  2.13851e-08
1340.0  2.50868e-08
1345.0  2.65618e-08
1350.0  2.714e-08
1355.0  2.71101e-08
1360.0  2.58019e-08
1365.0  2.31734e-08
1370.0  2.2716e-08
1375.0  2.27883e-08
1380.0  2.28176e-08
1385.0  2.35354e-08
1390.0  2.29597e-08
1395.0  2.1902e-08
1400.0  2.29797e-08
1405.0  2.40656e-08
1410.0  2.41615e-08
1415.0  2.31252e-08
1420.0  2.27215e-08
1425.0  2.41576e-08
1430.0  2.48697e-08
1435.0  2.44339e-08
1440.0  2.55819e-08
1445.0  2.64574e-08
1450.0  2.73032e-08
1455.0  2.71943e-08
1460.0  2.74598e-08
1465.0  2.6405e-08
1470.0  2.50149e-08
1475.0  2.45196e-08
1480.0  2.48001e-08
1485.0  2.51329e-08
1490.0  2.61042e-08
1495.0  2.48086e-08
1500.0  2.42167e-08
1505.0  2.41283e-08
1510.0  2.33762e-08
1515.0  2.33634e-08
1520.0  2.41941e-08
1525.0  2.29705e-08
1530.0  2.11517e-08
1535.0  2.04768e-08
1540.0  2.09986e-08
1545.0  2.05039e-08
1550.0  2.10486e-08
1555.0  2.21299e-08
1560.0  2.14987e-08
1565.0  2.14857e-08
1570.0  2.12736e-08
1575.0  2.14777e-08
1580.0  2.23059e-08
1585.0  2.31149e-08
1590.0  2.35081e-08
1595.0  2.30006e-08
1600.0  2.18801e-08
1605.0  2.07348e-08
1610.0  2.0484e-08
1615.0  2.12515e-08
1620.0  2.15948e-08
1625.0  2.13091e-08
1630.0  2.09235e-08
1635.0  2.10591e-08
1640.0  2.13845e-08
1645.0  2.13607e-08
1650.0  2.10508e-08
1655.0  1.97434e-08
1660.0  1.98272e-08
1665.0  2.11503e-08
1670.0  2.07071e-08
1675.0  2.03496e-08
1680.0  2.16436e-08
1685.0  2.17508e-08
1690.0  2.08253e-08
1695.0  2.03767e-08
1700.0  2.01702e-08
1705.0  1.92946e-08
1710.0  1.80991e-08
1715.0  1.7611e-08
1720.0  1.69324e-08
1725.0  1.78777e-08
1730.0  1.94472e-08
1735.0  1.981e-08
1740.0  1.9446e-08
1745.0  1.91191e-08
1750.0  1.92753e-08
1755.0  2.02809e-08
1760.0  1.97481e-08
1765.0  1.95275e-08
1770.0  1.94551e-08
1775.0  1.95498e-08
1780.0  2.01895e-08
1785.0  1.96334e-08
1790.0  1.85612e-08
1795.0  2.01309e-08
1800.0  2.15381e-08
1805.0  2.12732e-08
1810.0  2.05042e-08
1815.0  1.97932e-08
1820.0  1.95091e-08
1825.0  1.98412e-08
1830.0  1.94952e-08
1835.0  1.90372e-08
1840.0  1.80662e-08
1845.0  1.65638e-08
1850.0  1.57139e-08
1855.0  1.55739e-08
1860.0  1.59804e-08
1865.0  1.68979e-08
1870.0  1.81065e-08
1875.0  1.81619e-08
1880.0  1.67515e-08
1885.0  1.51397e-08
1890.0  1.41055e-08
1895.0  1.43008e-08
1900.0  1.51229e-08
1905.0  1.56091e-08
1910.0  1.54768e-08
1915.0  1.47026e-08
1920.0  1.42441e-08
1925.0  1.36657e-08
1930.0  1.39531e-08
1935.0  1.50373e-08
1940.0  1.54106e-08
1945.0  1.53506e-08
1950.0  1.475e-08
1955.0  1.41179e-08
1960.0  1.32761e-08
1965.0  1.28095e-08
1970.0  1.32632e-08
1975.0  1.45694e-08
1980.0  1.47359e-08
1985.0  1.43294e-08
1990.0  1.28889e-08
1995.0  1.19024e-08
2000.0  1.19302e-08
2005.0  1.23788e-08
2010.0  1.22377e-08
2015.0  1.32255e-08
2020.0  1.33666e-08
2025.0  1.33536e-08
2030.0  1.3811e-08
2035.0  1.38205e-08
2040.0  1.3161e-08
2045.0  1.21587e-08
2050.0  1.24184e-08
2055.0  1.27513e-08
2060.0  1.23248e-08
2065.0  1.12021e-08
2070.0  1.15005e-08
2075.0  1.19093e-08
2080.0  1.20912e-08
2085.0  1.26329e-08
2090.0  1.25605e-08
2095.0  1.18297e-08
2100.0  1.14631e-08
2105.0  1.1254e-08
2110.0  1.11534e-08
2115.0  1.16212e-08
2120.0  1.17549e-08
2125.0  1.17284e-08
2130.0  1.23107e-08
2135.0  1.16332e-08
2140.0  1.1087e-08
2145.0  1.06901e-08
2150.0  1.00528e-08
2155.0  1.06911e-08
2160.0  1.1416e-08
2165.0  1.07901e-08
2170.0  1.03294e-08
2175.0  9.9668e-09
2180.0  9.66545e-09
2185.0  9.87441e-09
2190.0  1.009e-08
2195.0  1.01901e-08
2200.0  1.02886e-08
2205.0  1.03625e-08
2210.0  9.87787e-09
2215.0  9.81035e-09
2220.0  9.88152e-09
2225.0  9.4165e-09
2230.0  8.97065e-09
2235.0  9.32751e-09
2240.0  9.56597e-09
2245.0  9.30041e-09
2250.0  9.12765e-09
2255.0  9.11767e-09
2260.0  8.8874e-09
2265.0  8.91516e-09
2270.0  9.53325e-09
2275.0  9.89311e-09
2280.0  1.00771e-08
2285.0  1.0073e-08
2290.0  1.06504e-08
2295.0  1.09734e-08
2300.0  1.02816e-08
2305.0  9.72229e-09
2310.0  1.03273e-08
2315.0  1.09275e-08
2320.0  1.0506e-08
2325.0  1.03389e-08
2330.0  1.02592e-08
2335.0  9.98662e-09
2340.0  9.77069e-09
2345.0  9.92581e-09
2350.0  9.86325e-09
2355.0  1.00278e-08
2360.0  1.04138e-08
2365.0  1.05261e-08
2370.0  1.05314e-08
2375.0  1.04893e-08
2380.0  1.03812e-08
2385.0  1.03398e-08
2390.0  1.00079e-08
2395.0  9.95344e-09
2400.0  1.05394e-08
2405.0  1.07549e-08
2410.0  1.01188e-08
2415.0  1.01009e-08
2420.0  1.02339e-08
2425.0  1.05348e-08
2430.0  1.09353e-08
2435.0  1.05411e-08
2440.0  1.05802e-08
2445.0  1.08419e-08
2450.0  1.11321e-08
2455.0  1.16321e-08
2460.0  1.20246e-08
2465.0  1.15682e-08
2470.0  1.09599e-08
2475.0  1.08492e-08
2480.0  1.10723e-08
2485.0  1.13441e-08
2490.0  1.12349e-08
2495.0  1.09679e-08
2500.0  1.14114e-08
2505.0  1.1691e-08
2510.0  1.16384e-08
2515.0  1.12727e-08
2520.0  1.09494e-08
2525.0  1.09722e-08
2530.0  1.11335e-08
2535.0  1.11672e-08
2540.0  1.10411e-08
2545.0  1.08001e-08
2550.0  1.08892e-08
2555.0  1.09714e-08
2560.0  1.17406e-08
2565.0  1.16798e-08
2570.0  1.14693e-08
2575.0  1.16396e-08
2580.0  1.05607e-08
2585.0  1.01345e-08
2590.0  1.11351e-08
2595.0  1.18071e-08
2600.0  1.19166e-08
2605.0  1.17484e-08
2610.0  1.16623e-08
2615.0  1.16313e-08
2620.0  1.1845e-08
2625.0  1.21479e-08
2630.0  1.18123e-08
2635.0  1.19929e-08
2640.0  1.26997e-08
2645.0  1.3041e-08
2650.0  1.31072e-08
2655.0  1.29235e-08
2660.0  1.28452e-08
2665.0  1.26786e-08
2670.0  1.22518e-08
2675.0  1.24871e-08
2680.0  1.28444e-08
2685.0  1.27401e-08
2690.0  1.26449e-08
2695.0  1.23261e-08
2700.0  1.19263e-08
2705.0  1.23182e-08
2710.0  1.22572e-08
2715.0  1.17988e-08
2720.0  1.17583e-08
2725.0  1.1867e-08
2730.0  1.19501e-08
2735.0  1.24204e-08
2740.0  1.23429e-08
2745.0  1.17622e-08
2750.0  1.15519e-08
2755.0  1.139e-08
2760.0  1.17692e-08
2765.0  1.21147e-08
2770.0  1.18269e-08
2775.0  1.16904e-08
2780.0  1.22765e-08
2785.0  1.22242e-08
2790.0  1.19356e-08
2795.0  1.17894e-08
2800.0  1.09926e-08
2805.0  1.0901e-08
2810.0  1.14312e-08
2815.0  1.22785e-08
2820.0  1.23555e-08
2825.0  1.22175e-08
2830.0  1.18874e-08
2835.0  1.16791e-08
2840.0  1.15389e-08
2845.0  1.14846e-08
2850.0  1.18517e-08
2855.0  1.15657e-08
2860.0  1.14185e-08
2865.0  1.18616e-08
2870.0  1.21788e-08
2875.0  1.19035e-08
2880.0  1.15101e-08
2885.0  1.17152e-08
2890.0  1.16943e-08
2895.0  1.20498e-08
2900.0  1.22062e-08
2905.0  1.22756e-08
2910.0  1.23555e-08
2915.0  1.23355e-08
2920.0  1.21161e-08
2925.0  1.17869e-08
2930.0  1.16482e-08
2935.0  1.1799e-08
2940.0  1.15625e-08
2945.0  1.15467e-08
2950.0  1.16253e-08
2955.0  1.18589e-08
2960.0  1.20093e-08
2965.0  1.16938e-08
2970.0  1.17532e-08
2975.0  1.16551e-08
2980.0  1.16047e-08
2985.0  1.15946e-08
2990.0  1.13468e-08
2995.0  1.12997e-08
3000.0  1.15131e-08
3005.0  1.15494e-08
3010.0  1.15501e-08
3015.0  1.15732e-08
3020.0  1.15379e-08
3025.0  1.13139e-08
3030.0  1.11505e-08
3035.0  1.133e-08
3040.0  1.14458e-08
3045.0  1.13535e-08
3050.0  1.12679e-08
3055.0  1.13292e-08
3060.0  1.13474e-08
3065.0  1.12585e-08
3070.0  1.13299e-08
3075.0  1.15876e-08
3080.0  1.18074e-08
3085.0  1.16552e-08
3090.0  1.16761e-08
3095.0  1.16685e-08
3100.0  1.1666e-08
3105.0  1.16267e-08
3110.0  1.16038e-08
3115.0  1.15431e-08
3120.0  1.14248e-08
3125.0  1.14443e-08
3130.0  1.13415e-08
3135.0  1.12335e-08
3140.0  1.10344e-08
3145.0  1.11307e-08
3150.0  1.12592e-08
3155.0  1.12074e-08
3160.0  1.11415e-08
3165.0  1.12541e-08
3170.0  1.12244e-08
3175.0  1.08319e-08
3180.0  1.05427e-08
3185.0  1.06673e-08
3190.0  1.10728e-08
3195.0  1.09272e-08
3200.0  1.07766e-08
3205.0  1.07295e-08
3210.0  1.06976e-08
3215.0  1.06658e-08
3220.0  1.06336e-08
3225.0  1.06003e-08
3230.0  1.05657e-08
3235.0  1.0529e-08
3240.0  1.049e-08
3245.0  1.04479e-08
3250.0  1.04025e-08
3255.0  1.03535e-08
3260.0  1.03014e-08
3265.0  1.02468e-08
3270.0  1.01908e-08
3275.0  1.01339e-08
3280.0  1.00771e-08
3285.0  1.0021e-08
3290.0  9.96652e-09
3295.0  9.91436e-09
3300.0  9.86537e-09
3305.0  9.81998e-09
3310.0  9.77802e-09
3315.0  9.73898e-09
3320.0  9.70239e-09
3325.0  9.66773e-09
3330.0  9.63451e-09
3335.0  9.60223e-09
3340.0  9.57041e-09
3345.0  9.53852e-09
3350.0  9.50607e-09
3355.0  9.47274e-09
3360.0  9.4385e-09
3365.0  9.40346e-09
3370.0  9.36778e-09
3375.0  9.33157e-09
3380.0  9.29501e-09
3385.0  9.25817e-09
3390.0  9.22122e-09
3395.0  9.18428e-09
3400.0  9.14748e-09
3405.0  9.11096e-09
3410.0  9.07467e-09
3415.0  9.03858e-09
3420.0  9.00267e-09
3425.0  8.9669e-09
3430.0  8.93122e-09
3435.0  8.89562e-09
3440.0  8.86003e-09
3445.0  8.82439e-09
3450.0  8.78872e-09
3455.0  8.75297e-09
3460.0  8.71717e-09
3465.0  8.6813e-09
3470.0  8.64538e-09
3475.0  8.60943e-09
3480.0  8.57348e-09
3485.0  8.53755e-09
3490.0  8.50167e-09
3495.0  8.46581e-09
3500.0  8.43002e-09
3505.0  8.39431e-09
3510.0  8.35866e-09
3515.0  8.32299e-09
3520.0  8.28735e-09
3525.0  8.25164e-09
3530.0  8.21584e-09
3535.0  8.17996e-09
3540.0  8.1439e-09
3545.0  8.10769e-09
3550.0  8.07127e-09
3555.0  8.03463e-09
3560.0  7.99788e-09
3565.0  7.96111e-09
3570.0  7.92444e-09
3575.0  7.88797e-09
3580.0  7.85182e-09
3585.0  7.81611e-09
3590.0  7.78094e-09
3595.0  7.74642e-09
3600.0  7.71268e-09
3605.0  7.67984e-09
3610.0  7.64813e-09
3615.0  7.61775e-09
3620.0  7.58895e-09
3625.0  7.56194e-09
3630.0  7.53695e-09
3635.0  7.51422e-09
3640.0  7.49397e-09
3645.0  7.47644e-09
3650.0  7.46189e-09
3655.0  7.45078e-09
3660.0  7.44421e-09
3665.0  7.44348e-09
3670.0  7.44995e-09
3675.0  7.46494e-09
3680.0  7.4898e-09
3685.0  7.52587e-09
3690.0  7.57447e-09
3695.0  7.63698e-09
3700.0  7.71459e-09
3705.0  7.80762e-09
3710.0  7.9139e-09
3715.0  8.03031e-09
3720.0  8.15362e-09
3725.0  8.28065e-09
3730.0  8.40812e-09
3735.0  8.53287e-09
3740.0  8.65168e-09
3745.0  8.76131e-09
3750.0  8.85868e-09
3755.0  8.94165e-09
3760.0  9.01074e-09
3765.0  9.06748e-09
3770.0  9.11349e-09
3775.0  9.15039e-09
3780.0  9.17983e-09
3785.0  9.20341e-09
3790.0  9.22273e-09
3795.0  9.23944e-09
3800.0  9.25514e-09
3805.0  9.27093e-09
3810.0  9.28682e-09
3815.0  9.30241e-09
3820.0  9.31718e-09
3825.0  9.33068e-09
3830.0  9.34241e-09
3835.0  9.3519e-09
3840.0  9.3587e-09
3845.0  9.36227e-09
3850.0  9.36219e-09
3855.0  9.35818e-09
3860.0  9.3503e-09
3865.0  9.33885e-09
3870.0  9.32413e-09
3875.0  9.30642e-09
3880.0  9.28599e-09
3885.0  9.26318e-09
3890.0  9.23825e-09
3895.0  9.21148e-09
3900.0  9.18319e-09
3905.0  9.15381e-09
3910.0  9.124e-09
3915.0  9.0946e-09
3920.0  9.06639e-09
3925.0  9.04026e-09
3930.0  9.01699e-09
3935.0  8.9974e-09
3940.0  8.98233e-09
3945.0  8.97258e-09
3950.0  8.96896e-09
3955.0  8.97185e-09
3960.0  8.98068e-09
3965.0  8.9945e-09
3970.0  9.01229e-09
3975.0  9.03309e-09
3980.0  9.05588e-09
3985.0  9.07965e-09
3990.0  9.10346e-09
3995.0  9.12627e-09
4000.0  9.1471e-09
4005.0  9.16485e-09
4010.0  9.17825e-09
4015.0  9.18594e-09
4020.0  9.1866e-09
4025.0  9.17882e-09
4030.0  9.16128e-09
4035.0  9.13257e-09
4040.0  9.09136e-09
4045.0  9.0363e-09
4050.0  8.96613e-09
4055.0  8.88079e-09
4060.0  8.7833e-09
4065.0  8.67777e-09
4070.0  8.56851e-09
4075.0  8.4598e-09
4080.0  8.35595e-09
4085.0  8.26121e-09
4090.0  8.17988e-09
4095.0  8.11624e-09
4100.0  8.07441e-09
4105.0  8.05671e-09
4110.0  8.06093e-09
4115.0  8.08312e-09
4120.0  8.1191e-09
4125.0  8.16473e-09
4130.0  8.21586e-09
4135.0  8.26833e-09
4140.0  8.31798e-09
4145.0  8.36068e-09
4150.0  8.39237e-09
4155.0  8.41029e-09
4160.0  8.41485e-09
4165.0  8.4077e-09
4170.0  8.39062e-09
4175.0  8.36539e-09
4180.0  8.3338e-09
4185.0  8.29759e-09
4190.0  8.25859e-09
4195.0  8.21853e-09
4200.0  8.17918e-09
4205.0  8.14186e-09
4210.0  8.10688e-09
4215.0  8.07406e-09
4220.0  8.0433e-09
4225.0  8.01438e-09
4230.0  7.98717e-09
4235.0  7.96149e-09
4240.0  7.9372e-09
4245.0  7.91409e-09
4250.0  7.89203e-09
4255.0  7.87058e-09
4260.0  7.8489e-09
4265.0  7.82583e-09
4270.0  7.80029e-09
4275.0  7.77113e-09
4280.0  7.73723e-09
4285.0  7.69749e-09
4290.0  7.65077e-09
4295.0  7.59595e-09
4300.0  7.53198e-09
4305.0  7.4587e-09
4310.0  7.37809e-09
4315.0  7.29298e-09
4320.0  7.20634e-09
4325.0  7.12108e-09
4330.0  7.04013e-09
4335.0  6.96644e-09
4340.0  6.90292e-09
4345.0  6.8525e-09
4350.0  6.81801e-09
4355.0  6.80098e-09
4360.0  6.79973e-09
4365.0  6.81131e-09
4370.0  6.83265e-09
4375.0  6.86069e-09
4380.0  6.89233e-09
4385.0  6.92452e-09
4390.0  6.95421e-09
4395.0  6.97825e-09
4400.0  6.99375e-09
4405.0  6.99864e-09
4410.0  6.99325e-09
4415.0  6.97891e-09
4420.0  6.957e-09
4425.0  6.92891e-09
4430.0  6.89602e-09
4435.0  6.85972e-09
4440.0  6.8214e-09
4445.0  6.78246e-09
4450.0  6.74424e-09
4455.0  6.7078e-09
4460.0  6.67336e-09
4465.0  6.64084e-09
4470.0  6.61011e-09
4475.0  6.58107e-09
4480.0  6.55362e-09
4485.0  6.52762e-09
4490.0  6.50293e-09
4495.0  6.47949e-09
4500.0  6.45716e-09
4505.0  6.43584e-09
4510.0  6.41544e-09
4515.0  6.39591e-09
4520.0  6.37718e-09
4525.0  6.35916e-09
4530.0  6.34182e-09
4535.0  6.32507e-09
4540.0  6.30884e-09
4545.0  6.29309e-09
4550.0  6.27773e-09
4555.0  6.26269e-09
4560.0  6.24793e-09
4565.0  6.23342e-09
4570.0  6.21908e-09
4575.0  6.20488e-09
4580.0  6.19077e-09
4585.0  6.17669e-09
4590.0  6.16259e-09
4595.0  6.14844e-09
4600.0  6.13417e-09
4605.0  6.11976e-09
4610.0  6.10525e-09
4615.0  6.09068e-09
4620.0  6.07608e-09
4625.0  6.06151e-09
4630.0  6.047e-09
4635.0  6.03264e-09
4640.0  6.01844e-09
4645.0  6.00445e-09
4650.0  5.99074e-09
4655.0  5.97727e-09
4660.0  5.96398e-09
4665.0  5.95073e-09
4670.0  5.93736e-09
4675.0  5.92375e-09
4680.0  5.90974e-09
4685.0  5.89522e-09
4690.0  5.88002e-09
4695.0  5.86402e-09
4700.0  5.84707e-09
4705.0  5.82917e-09
4710.0  5.81047e-09
4715.0  5.79128e-09
4720.0  5.77189e-09
4725.0  5.7526e-09
4730.0  5.73372e-09
4735.0  5.71552e-09
4740.0  5.69833e-09
4745.0  5.6824e-09
4750.0  5.66805e-09
4755.0  5.65523e-09
4760.0  5.64324e-09
4765.0  5.63102e-09
4770.0  5.61754e-09
4775.0  5.60175e-09
4780.0  5.58261e-09
4785.0  5.55907e-09
4790.0  5.53007e-09
4795.0  5.49456e-09
4800.0  5.4516e-09
4805.0  5.40083e-09
4810.0  5.34371e-09
4815.0  5.28234e-09
4820.0  5.2189e-09
4825.0  5.15554e-09
4830.0  5.09444e-09
4835.0  5.0378e-09
4840.0  4.98774e-09
4845.0  4.94648e-09
4850.0  4.91608e-09
4855.0  4.8978e-09
4860.0  4.89074e-09
4865.0  4.89313e-09
4870.0  4.90317e-09
4875.0  4.91902e-09
4880.0  4.93886e-09
4885.0  4.96085e-09
4890.0  4.98317e-09
4895.0  5.004e-09
4900.0  5.02155e-09
4905.0  5.0345e-09
4910.0  5.04276e-09
4915.0  5.04667e-09
4920.0  5.04664e-09
4925.0  5.04307e-09
4930.0  5.03634e-09
4935.0  5.0269e-09
4940.0  5.01511e-09
4945.0  5.00138e-09
4950.0  4.98612e-09
4955.0  4.96969e-09
4960.0  4.95234e-09
4965.0  4.9343e-09
4970.0  4.91578e-09
4975.0  4.89701e-09
4980.0  4.87821e-09
4985.0  4.8596e-09
4990.0  4.84138e-09
4995.0  4.82379e-09
5000.0  4.80703e-09
5005.0  4.79123e-09
5010.0  4.77627e-09
5015.0  4.76197e-09
5020.0  4.74812e-09
5025.0  4.73454e-09
5030.0  4.72099e-09
5035.0  4.7073e-09
5040.0  4.69326e-09
5045.0  4.67865e-09
5050.0  4.6633e-09
5055.0  4.64708e-09
5060.0  4.63007e-09
5065.0  4.61241e-09
5070.0  4.59427e-09
5075.0  4.5758e-09
5080.0  4.55716e-09
5085.0  4.53852e-09
5090.0  4.52003e-09
5095.0  4.50185e-09
5100.0  4.48413e-09
5105.0  4.467e-09
5110.0  4.45048e-09
5115.0  4.43459e-09
5120.0  4.41931e-09
5125.0  4.40467e-09
5130.0  4.39064e-09
5135.0  4.37722e-09
5140.0  4.36442e-09
5145.0  4.35222e-09
5150.0  4.34064e-09
5155.0  4.32962e-09
5160.0  4.31907e-09
5165.0  4.30881e-09
5170.0  4.29871e-09
5175.0  4.28861e-09
5180.0  4.27836e-09
5185.0  4.26781e-09
5190.0  4.25681e-09
5195.0  4.24519e-09
5200.0  4.23284e-09
5205.0  4.21966e-09
5210.0  4.20575e-09
5215.0  4.19129e-09
5220.0  4.17645e-09
5225.0  4.16143e-09
5230.0  4.14637e-09
5235.0  4.13149e-09
5240.0  4.11694e-09
5245.0  4.10291e-09
5250.0  4.08956e-09
5255.0  4.07701e-09
5260.0  4.0652e-09
5265.0  4.05399e-09
5270.0  4.04328e-09
5275.0  4.03291e-09
5280.0  4.02276e-09
5285.0  4.0127e-09
5290.0  4.00262e-09
5295.0  3.99236e-09
5300.0  3.98179e-09
5305.0  3.97087e-09
5310.0  3.95964e-09
5315.0  3.94825e-09
5320.0  3.93681e-09
5325.0  3.92545e-09
5330.0  3.9143e-09
5335.0  3.90349e-09
5340.0  3.89313e-09
5345.0  3.88337e-09
5350.0  3.87432e-09
5355.0  3.86605e-09
5360.0  3.85845e-09
5365.0  3.85137e-09
5370.0  3.84465e-09
5375.0  3.8381e-09
5380.0  3.83157e-09
5385.0  3.8249e-09
5390.0  3.81792e-09
5395.0  3.81047e-09
5400.0  3.80238e-09
5405.0  3.79355e-09
5410.0  3.78403e-09
5415.0  3.77389e-09
5420.0  3.76328e-09
5425.0  3.75226e-09
5430.0  3.74095e-09
5435.0  3.72946e-09
5440.0  3.71788e-09
5445.0  3.70632e-09
5450.0  3.69489e-09
5455.0  3.68364e-09
5460.0  3.67259e-09
5465.0  3.66169e-09
5470.0  3.65093e-09
5475.0  3.64026e-09
5480.0  3.62966e-09
5485.0  3.61908e-09
5490.0  3.60851e-09
5495.0  3.59791e-09
5500.0  3.58724e-09
5505.0  3.57648e-09
5510.0  3.56565e-09
5515.0  3.55479e-09
5520.0  3.54389e-09
5525.0  3.53302e-09
5530.0  3.52217e-09
5535.0  3.51138e-09
5540.0  3.50068e-09
5545.0  3.4901e-09
5550.0  3.47964e-09
5555.0  3.46934e-09
5560.0  3.45912e-09
5565.0  3.44892e-09
5570.0  3.43868e-09
5575.0  3.4283e-09
5580.0  3.41772e-09
5585.0  3.40686e-09
5590.0  3.39566e-09
5595.0  3.38405e-09
5600.0  3.37194e-09
5605.0  3.35932e-09
5610.0  3.34627e-09
5615.0  3.33294e-09
5620.0  3.31944e-09
5625.0  3.30594e-09
5630.0  3.29255e-09
5635.0  3.27943e-09
5640.0  3.2667e-09
5645.0  3.25449e-09
5650.0  3.24297e-09
5655.0  3.23219e-09
5660.0  3.22212e-09
5665.0  3.21268e-09
5670.0  3.2038e-09
5675.0  3.19535e-09
5680.0  3.18727e-09
5685.0  3.17946e-09
5690.0  3.17184e-09
5695.0  3.16429e-09
5700.0  3.15676e-09
5705.0  3.14917e-09
5710.0  3.1415e-09
5715.0  3.13375e-09
5720.0  3.12593e-09
5725.0  3.11805e-09
5730.0  3.11011e-09
5735.0  3.10211e-09
5740.0  3.09407e-09
5745.0  3.08598e-09
5750.0  3.07785e-09
5755.0  3.06969e-09
5760.0  3.0615e-09
5765.0  3.05329e-09
5770.0  3.04505e-09
5775.0  3.03679e-09
5780.0  3.02852e-09
5785.0  3.02024e-09
5790.0  3.01195e-09
5795.0  3.00365e-09
5800.0  2.99534e-09
5805.0  2.98705e-09
5810.0  2.97875e-09
5815.0  2.97046e-09
5820.0  2.96219e-09
5825.0  2.95392e-09
5830.0  2.94567e-09
5835.0  2.93743e-09
5840.0  2.92921e-09
5845.0  2.92102e-09
5850.0  2.91285e-09
5855.0  2.9047e-09
5860.0  2.89659e-09
5865.0  2.88852e-09
5870.0  2.8805e-09
5875.0  2.87255e-09
5880.0  2.86466e-09
5885.0  2.85684e-09
5890.0  2.84911e-09
5895.0  2.84147e-09
5900.0  2.83239e-09
5905.0  2.81673e-09
5910.0  2.81411e-09
5915.0  2.80802e-09
5920.0  2.8022e-09
5925.0  2.79313e-09
5930.0  2.79203e-09
5935.0  2.79068e-09
5940.0  2.78263e-09
5945.0  2.77195e-09
5950.0  2.75706e-09
5955.0  2.75174e-09
5960.0  2.73165e-09
5965.0  2.74345e-09
5970.0  2.7314e-09
5975.0  2.7151e-09
5980.0  2.69541e-09
5985.0  2.70195e-09
5990.0  2.6952e-09
5995.0  2.68975e-09
6000.0  2.67739e-09
6005.0  2.66765e-09
6010.0  2.67627e-09
6015.0  2.68157e-09
6020.0  2.6748e-09
6025.0  2.71916e-09
6030.0  2.67428e-09
6035.0  2.68766e-09
6040.0  2.63472e-09
6045.0  2.6177e-09
6050.0  2.61193e-09
6055.0  2.61109e-09
6060.0  2.59794e-09
6065.0  2.59339e-09
6070.0  2.578e-09
6075.0  2.57191e-09
6080.0  2.5675e-09
6085.0  2.56133e-09
6090.0  2.5441e-09
6095.0  2.54424e-09
6100.0  2.53464e-09
6105.0  2.53588e-09
6110.0  2.5474e-09
6115.0  2.60193e-09
6120.0  2.52702e-09
6125.0  2.5319e-09
6130.0  2.51159e-09
6135.0  2.4898e-09
6140.0  2.48458e-09
6145.0  2.48096e-09
6150.0  2.46417e-09
6155.0  2.45755e-09
6160.0  2.4416e-09
6165.0  2.4327e-09
6170.0  2.44121e-09
6175.0  2.44673e-09
6180.0  2.48149e-09
6185.0  2.46833e-09
6190.0  2.44503e-09
6195.0  2.43644e-09
6200.0  2.41022e-09
6205.0  2.41852e-09
6210.0  2.40623e-09
6215.0  2.39757e-09
6220.0  2.38369e-09
6225.0  2.38805e-09
6230.0  2.37457e-09
6235.0  2.37192e-09
6240.0  2.37255e-09
6245.0  2.36308e-09
6250.0  2.36774e-09
6255.0  2.36567e-09
6260.0  2.36847e-09
6265.0  2.33728e-09
6270.0  2.33234e-09
6275.0  2.31096e-09
6280.0  2.26164e-09
6285.0  2.27461e-09
6290.0  2.29616e-09
6295.0  2.29757e-09
6300.0  2.2924e-09
6305.0  2.28845e-09
6310.0  2.28537e-09
6315.0  2.27203e-09
6320.0  2.27204e-09
6325.0  2.27145e-09
6330.0  2.2698e-09
6335.0  2.26679e-09
6340.0  2.2646e-09
6345.0  2.23818e-09
6350.0  2.21146e-09
6355.0  2.22597e-09
6360.0  2.24212e-09
6365.0  2.22773e-09
6370.0  2.19631e-09
6375.0  2.18707e-09
6380.0  2.19701e-09
6385.0  2.19878e-09
6390.0  2.19636e-09
6395.0  2.19118e-09
6400.0  2.189e-09
6405.0  2.17903e-09
6410.0  2.17795e-09
6415.0  2.17027e-09
6420.0  2.1634e-09
6425.0  2.14766e-09
6430.0  2.14975e-09
6435.0  2.15072e-09
6440.0  2.14189e-09
6445.0  2.12343e-09
6450.0  2.11291e-09
6455.0  2.11217e-09
6460.0  2.10945e-09
6465.0  2.10248e-09
6470.0  2.09337e-09
6475.0  2.09028e-09
6480.0  2.07409e-09
6485.0  2.05385e-09
6490.0  2.05018e-09
6495.0  2.04093e-09
6500.0  2.07073e-09
6505.0  2.08469e-09
6510.0  2.09373e-09
6515.0  2.09335e-09
6520.0  2.08459e-09
6525.0  2.07062e-09
6530.0  2.06088e-09
6535.0  2.04412e-09
6540.0  2.01663e-09
6545.0  1.96616e-09
6550.0  1.9191e-09
6555.0  1.81535e-09
6560.0  1.63311e-09
6565.0  1.5085e-09
6570.0  1.64722e-09
6575.0  1.82158e-09
6580.0  1.91317e-09
6585.0  1.95984e-09
6590.0  1.99957e-09
6595.0  2.01246e-09
6600.0  2.01197e-09
6605.0  2.01173e-09
6610.0  2.00991e-09
6615.0  2.0102e-09
6620.0  2.00258e-09
6625.0  1.98646e-09
6630.0  1.96784e-09
6635.0  1.95027e-09
6640.0  1.93769e-09
6645.0  1.92923e-09
6650.0  1.92418e-09
6655.0  1.90925e-09
6660.0  1.89923e-09
6665.0  1.89223e-09
6670.0  1.88314e-09
6675.0  1.86588e-09
6680.0  1.85382e-09
6685.0  1.86782e-09
6690.0  1.8682e-09
6695.0  1.88275e-09
6700.0  1.86963e-09
6705.0  1.8631e-09
6710.0  1.86516e-09
6715.0  1.85839e-09
6720.0  1.84148e-09
6725.0  1.83587e-09
6730.0  1.84009e-09
6735.0  1.84342e-09
6740.0  1.83429e-09
6745.0  1.82816e-09
6750.0  1.82239e-09
6755.0  1.81881e-09
6760.0  1.81429e-09
6765.0  1.81479e-09
6770.0  1.80495e-09
6775.0  1.80565e-09
6780.0  1.80407e-09
6785.0  1.79121e-09
6790.0  1.79277e-09
6795.0  1.78946e-09
6800.0  1.7856e-09
6805.0  1.78494e-09
6810.0  1.77102e-09
6815.0  1.76583e-09
6820.0  1.76327e-09
6825.0  1.76324e-09
6830.0  1.75515e-09
6835.0  1.74866e-09
6840.0  1.74512e-09
6845.0  1.74176e-09
6850.0  1.7381e-09
6855.0  1.73465e-09
6860.0  1.7312e-09
6865.0  1.72777e-09
6870.0  1.72433e-09
6875.0  1.72056e-09
6880.0  1.71669e-09
6885.0  1.71289e-09
6890.0  1.70917e-09
6895.0  1.70525e-09
6900.0  1.70124e-09
6905.0  1.69722e-09
6910.0  1.6932e-09
6915.0  1.68905e-09
6920.0  1.68489e-09
6925.0  1.68074e-09
6930.0  1.6766e-09
6935.0  1.67263e-09
6940.0  1.66902e-09
6945.0  1.66513e-09
6950.0  1.66124e-09
6955.0  1.65759e-09
6960.0  1.65398e-09
6965.0  1.65006e-09
6970.0  1.64658e-09
6975.0  1.64723e-09
6980.0  1.6436e-09
6985.0  1.64114e-09
6990.0  1.63741e-09
6995.0  1.62955e-09
7000.0  1.61782e-09
7005.0  1.62343e-09
7010.0  1.61994e-09
7015.0  1.60949e-09
7020.0  1.60704e-09
7025.0  1.60963e-09
7030.0  1.59842e-09
7035.0  1.58808e-09
7040.0  1.58088e-09
7045.0  1.58773e-09
7050.0  1.58802e-09
7055.0  1.58265e-09
7060.0  1.57822e-09
7065.0  1.56158e-09
7070.0  1.5624e-09
7075.0  1.57763e-09
7080.0  1.56828e-09
7085.0  1.56215e-09
7090.0  1.56438e-09
7095.0  1.5543e-09
7100.0  1.54617e-09
7105.0  1.55156e-09
7110.0  1.54896e-09
7115.0  1.54397e-09
7120.0  1.54947e-09
7125.0  1.53454e-09
7130.0  1.53314e-09
7135.0  1.5289e-09
7140.0  1.53304e-09
7145.0  1.53306e-09
7150.0  1.51932e-09
7155.0  1.51018e-09
7160.0  1.51612e-09
7165.0  1.51292e-09
7170.0  1.49192e-09
7175.0  1.4769e-09
7180.0  1.46341e-09
7185.0  1.44565e-09
7190.0  1.44684e-09
7195.0  1.45161e-09
7200.0  1.44901e-09
7205.0  1.44918e-09
7210.0  1.46593e-09
7215.0  1.48495e-09
7220.0  1.47916e-09
7225.0  1.47153e-09
7230.0  1.45643e-09
7235.0  1.43838e-09
7240.0  1.429e-09
7245.0  1.42545e-09
7250.0  1.43717e-09
7255.0  1.42946e-09
7260.0  1.44196e-09
7265.0  1.43114e-09
7270.0  1.41127e-09
7275.0  1.40955e-09
7280.0  1.40952e-09
7285.0  1.41405e-09
7290.0  1.40772e-09
7295.0  1.40653e-09
7300.0  1.41309e-09
7305.0  1.40114e-09
7310.0  1.39215e-09
7315.0  1.38236e-09
7320.0  1.37594e-09
7325.0  1.38546e-09
7330.0  1.39288e-09
7335.0  1.38339e-09
7340.0  1.3789e-09
7345.0  1.37997e-09
7350.0  1.37828e-09
7355.0  1.3716e-09
7360.0  1.36573e-09
7365.0  1.36525e-09
7370.0  1.36479e-09
7375.0  1.36043e-09
7380.0  1.35124e-09
7385.0  1.34572e-09
7390.0  1.34618e-09
7395.0  1.3468e-09
7400.0  1.34748e-09
7405.0  1.33684e-09
7410.0  1.33272e-09
7415.0  1.3311e-09
7420.0  1.32732e-09
7425.0  1.31921e-09
7430.0  1.31402e-09
7435.0  1.3151e-09
7440.0  1.31767e-09
7445.0  1.31312e-09
7450.0  1.30362e-09
7455.0  1.3056e-09
7460.0  1.30293e-09
7465.0  1.30004e-09
7470.0  1.29401e-09
7475.0  1.29154e-09
7480.0  1.28878e-09
7485.0  1.28557e-09
7490.0  1.28431e-09
7495.0  1.27344e-09
7500.0  1.27253e-09
7505.0  1.2669e-09
7510.0  1.26604e-09
7515.0  1.26171e-09
7520.0  1.25697e-09
7525.0  1.25494e-09
7530.0  1.25611e-09
7535.0  1.26343e-09
7540.0  1.25424e-09
7545.0  1.24723e-09
7550.0  1.24364e-09
7555.0  1.24075e-09
7560.0  1.23761e-09
7565.0  1.23458e-09
7570.0  1.23152e-09
7575.0  1.22853e-09
7580.0  1.22553e-09
7585.0  1.22248e-09
7590.0  1.21947e-09
7595.0  1.21668e-09
7600.0  1.21424e-09
7605.0  1.21156e-09
7610.0  1.20873e-09
7615.0  1.20589e-09
7620.0  1.20305e-09
7625.0  1.20023e-09
7630.0  1.19741e-09
7635.0  1.19461e-09
7640.0  1.19182e-09
7645.0  1.18905e-09
7650.0  1.18629e-09
7655.0  1.18353e-09
7660.0  1.18079e-09
7665.0  1.17804e-09
7670.0  1.17528e-09
7675.0  1.17261e-09
7680.0  1.16982e-09
7685.0  1.16708e-09
7690.0  1.16434e-09
7695.0  1.16139e-09
7700.0  1.15841e-09
7705.0  1.1555e-09
7710.0  1.15259e-09
7715.0  1.15018e-09
7720.0  1.14803e-09
7725.0  1.14574e-09
7730.0  1.14323e-09
7735.0  1.13761e-09
7740.0  1.13833e-09
7745.0  1.13278e-09
7750.0  1.13042e-09
7755.0  1.13128e-09
7760.0  1.12848e-09
7765.0  1.12366e-09
7770.0  1.1206e-09
7775.0  1.10372e-09
7780.0  1.09677e-09
7785.0  1.10097e-09
7790.0  1.11146e-09
7795.0  1.10792e-09
7800.0  1.10225e-09
7805.0  1.10593e-09
7810.0  1.11286e-09
7815.0  1.10794e-09
7820.0  1.09752e-09
7825.0  1.09536e-09
7830.0  1.09782e-09
7835.0  1.08576e-09
7840.0  1.07899e-09
7845.0  1.06398e-09
7850.0  1.06765e-09
7855.0  1.07384e-09
7860.0  1.07949e-09
7865.0  1.07641e-09
7870.0  1.06608e-09
7875.0  1.06325e-09
7880.0  1.05802e-09
7885.0  1.05541e-09
7890.0  1.05565e-09
7895.0  1.04933e-09
7900.0  1.04071e-09
7905.0  1.04225e-09
7910.0  1.04415e-09
7915.0  1.04389e-09
7920.0  1.0467e-09
7925.0  1.04635e-09
7930.0  1.03859e-09
7935.0  1.02964e-09
7940.0  1.03054e-09
7945.0  1.02552e-09
7950.0  1.01926e-09
7955.0  1.01896e-09
7960.0  1.01358e-09
7965.0  1.00991e-09
7970.0  1.01285e-09
7975.0  1.00975e-09
7980.0  1.00885e-09
7985.0  1.00366e-09
7990.0  1.00354e-09
7995.0  1.00398e-09
8000.0  9.95354e-10
8005.0  9.95725e-10
8010.0  9.97152e-10
8015.0  9.93285e-10
8020.0  9.94534e-10
8025.0  9.87153e-10
8030.0  9.7772e-10
8035.0  9.77929e-10
8040.0  9.85214e-10
8045.0  9.82178e-10
8050.0  9.78103e-10
8055.0  9.82743e-10
8060.0  9.83179e-10
8065.0  9.76157e-10
8070.0  9.67289e-10
8075.0  9.61789e-10
8080.0  9.59333e-10
8085.0  9.65744e-10
8090.0  9.61406e-10
8095.0  9.67026e-10
8100.0  9.63714e-10
8105.0  9.61354e-10
8110.0  9.59145e-10
8115.0  9.48499e-10
8120.0  9.43628e-10
8125.0  9.51926e-10
8130.0  9.5257e-10
8135.0  9.4281e-10
8140.0  9.36125e-10
8145.0  9.36742e-10
8150.0  9.29986e-10
8155.0  9.34829e-10
8160.0  9.26415e-10
8165.0  9.00863e-10
8170.0  8.97139e-10
8175.0  9.21928e-10
8180.0  9.14756e-10
8185.0  9.1956e-10
8190.0  9.23535e-10
8195.0  9.22555e-10
8200.0  9.23291e-10
8205.0  9.16507e-10
8210.0  9.24009e-10
8215.0  9.17685e-10
8220.0  9.10663e-10
8225.0  8.9966e-10
8230.0  8.69381e-10
8235.0  8.61825e-10
8240.0  8.88101e-10
8245.0  9.02963e-10
8250.0  8.95518e-10
8255.0  8.98776e-10
8260.0  8.88112e-10
8265.0  8.87562e-10
8270.0  8.95117e-10
8275.0  8.82078e-10
8280.0  8.74301e-10
8285.0  8.79355e-10
8290.0  8.82066e-10
8295.0  8.73999e-10
8300.0  8.71962e-10
8305.0  8.6451e-10
8310.0  8.60722e-10
8315.0  8.61981e-10
8320.0  8.62826e-10
8325.0  8.69007e-10
8330.0  8.6576e-10
8335.0  8.58991e-10
8340.0  8.68026e-10
8345.0  8.67421e-10
8350.0  8.50157e-10
8355.0  8.50512e-10
8360.0  8.55836e-10
8365.0  8.46744e-10
8370.0  8.44933e-10
8375.0  8.39116e-10
8380.0  8.43548e-10
8385.0  8.51585e-10
8390.0  8.52575e-10
8395.0  8.42113e-10
8400.0  8.32571e-10
8405.0  8.33861e-10
8410.0  8.35418e-10
8415.0  8.36608e-10
8420.0  8.29253e-10
8425.0  8.34445e-10
8430.0  8.34378e-10
8435.0  8.31144e-10
8440.0  8.26263e-10
8445.0  8.21792e-10
8450.0  8.19752e-10
8455.0  8.2407e-10
8460.0  8.26589e-10
8465.0  8.13525e-10
8470.0  8.08114e-10
8475.0  8.19724e-10
8480.0  8.27488e-10
8485.0  8.23862e-10
8490.0  8.17372e-10
8495.0  8.14188e-10
8500.0  8.02789e-10
8505.0  7.96239e-10
8510.0  8.01762e-10
8515.0  8.05666e-10
8520.0  8.09164e-10
8525.0  8.18669e-10
8530.0  8.18082e-10
8535.0  8.04442e-10
8540.0  7.90782e-10
8545.0  7.77972e-10
8550.0  7.80744e-10
8555.0  7.98119e-10
8560.0  8.10523e-10
8565.0  8.1511e-10
8570.0  8.07252e-10
8575.0  8.09236e-10
8580.0  8.03895e-10
8585.0  7.95943e-10
8590.0  7.84814e-10
8595.0  7.68946e-10
8600.0  7.57371e-10
8605.0  7.56065e-10
8610.0  7.82671e-10
8615.0  8.0822e-10
8620.0  8.23302e-10
8625.0  8.26e-10
8630.0  8.2155e-10
8635.0  8.22095e-10
8640.0  8.1867e-10
8645.0  8.09446e-10
8650.0  7.83476e-10
8655.0  7.66942e-10
8660.0  7.55202e-10
8665.0  7.24771e-10
8670.0  7.16069e-10
8675.0  7.44563e-10
8680.0  7.77091e-10
8685.0  7.89576e-10
8690.0  8.07225e-10
8695.0  8.18607e-10
8700.0  8.14237e-10
8705.0  8.39412e-10
8710.0  8.47132e-10
8715.0  8.27552e-10
8720.0  8.27578e-10
8725.0  8.28061e-10
8730.0  8.09297e-10
8735.0  7.79497e-10
8740.0  7.47549e-10
8745.0  7.16344e-10
8750.0  6.9208e-10
8755.0  6.89871e-10
8760.0  7.08049e-10
8765.0  7.33266e-10
8770.0  7.64211e-10
8775.0  7.80012e-10
8780.0  7.71637e-10
8785.0  7.92584e-10
8790.0  7.95113e-10
8795.0  8.0423e-10
8800.0  8.05011e-10
8805.0  8.11172e-10
8810.0  8.15117e-10
8815.0  8.1689e-10
8820.0  8.19906e-10
8825.0  8.04738e-10
8830.0  7.8207e-10
8835.0  7.77182e-10
8840.0  7.67019e-10
8845.0  7.51682e-10
8850.0  7.18423e-10
8855.0  6.95765e-10
8860.0  6.72156e-10
8865.0  6.47944e-10
8870.0  6.60114e-10
8875.0  6.87925e-10
8880.0  7.24055e-10
8885.0  7.43069e-10
8890.0  7.61221e-10
8895.0  7.72604e-10
8900.0  7.80234e-10
8905.0  7.73325e-10
8910.0  7.79747e-10
8915.0  7.79496e-10
8920.0  7.71783e-10
8925.0  7.66752e-10
8930.0  7.46678e-10
8935.0  7.44029e-10
8940.0  7.64562e-10
8945.0  7.69799e-10
8950.0  7.70985e-10
8955.0  7.62423e-10
8960.0  7.57001e-10
8965.0  7.58443e-10
8970.0  7.36918e-10
8975.0  7.27295e-10
8980.0  7.23255e-10
8985.0  7.24999e-10
8990.0  6.90645e-10
8995.0  6.74468e-10
9000.0  6.72427e-10
9005.0  6.53544e-10
9010.0  6.35351e-10
9015.0  5.98496e-10
9020.0  5.6245e-10
9025.0  5.93883e-10
9030.0  6.51438e-10
9035.0  6.85353e-10
9040.0  7.13647e-10
9045.0  7.26818e-10
9050.0  7.40144e-10
9055.0  7.48118e-10
9060.0  7.38814e-10
9065.0  7.30456e-10
9070.0  7.20995e-10
9075.0  7.06545e-10
9080.0  7.07693e-10
9085.0  7.04046e-10
9090.0  7.01194e-10
9095.0  6.93885e-10
9100.0  7.06531e-10
9105.0  7.10778e-10
9110.0  6.95271e-10
9115.0  6.94449e-10
9120.0  6.82927e-10
9125.0  7.0267e-10
9130.0  6.9923e-10
9135.0  6.76512e-10
9140.0  6.78304e-10
9145.0  6.87751e-10
9150.0  6.85394e-10
9155.0  6.70591e-10
9160.0  6.80985e-10
9165.0  6.67109e-10
9170.0  6.80459e-10
9175.0  6.88153e-10
9180.0  6.78111e-10
9185.0  6.76251e-10
9190.0  6.76486e-10
9195.0  6.72527e-10
9200.0  6.66422e-10
9205.0  6.43837e-10
9210.0  6.30891e-10
9215.0  6.12346e-10
9220.0  5.90635e-10
9225.0  5.51266e-10
9230.0  5.24575e-10
9235.0  5.3222e-10
9240.0  5.65259e-10
9245.0  6.09556e-10
9250.0  6.18764e-10
9255.0  6.29418e-10
9260.0  6.39124e-10
9265.0  6.34377e-10
9270.0  6.56127e-10
9275.0  6.66901e-10
9280.0  6.65098e-10
9285.0  6.74796e-10
9290.0  6.57599e-10
9295.0  6.47315e-10
9300.0  6.38785e-10
9305.0  6.26048e-10
9310.0  6.23537e-10
9315.0  6.04285e-10
9320.0  5.8273e-10
9325.0  5.61511e-10
9330.0  6.11102e-10
9335.0  6.11843e-10
9340.0  5.62327e-10
9345.0  5.36313e-10
9350.0  5.53398e-10
9355.0  5.75126e-10
9360.0  5.66454e-10
9365.0  5.85844e-10
9370.0  5.68603e-10
9375.0  5.82732e-10
9380.0  6.07484e-10
9385.0  6.08865e-10
9390.0  6.17183e-10
9395.0  6.54121e-10
9400.0  6.73533e-10
9405.0  6.43041e-10
9410.0  6.13644e-10
9415.0  6.17442e-10
9420.0  6.4232e-10
9425.0  6.23363e-10
9430.0  5.99569e-10
9435.0  5.93142e-10
9440.0  5.42326e-10
9445.0  5.64522e-10
9450.0  6.11174e-10
9455.0  5.76929e-10
9460.0  5.50834e-10
9465.0  5.88117e-10
9470.0  6.21763e-10
9475.0  6.08816e-10
9480.0  5.80655e-10
9485.0  5.46903e-10
9490.0  5.99204e-10
9495.0  6.06507e-10
9500.0  5.78283e-10
9505.0  5.82027e-10
9510.0  6.06524e-10
9515.0  6.14771e-10
9520.0  6.26569e-10
9525.0  5.79133e-10
9530.0  5.40064e-10
9535.0  5.52706e-10
9540.0  5.34501e-10
9545.0  4.86033e-10
9550.0  4.63594e-10
9555.0  4.4031e-10
9560.0  4.83293e-10
9565.0  5.41522e-10
9570.0  6.03076e-10
9575.0  5.92003e-10
9580.0  5.92281e-10
9585.0  5.80578e-10
9590.0  5.86805e-10
9595.0  5.75648e-10
9600.0  5.42576e-10
9605.0  5.66022e-10
9610.0  5.81125e-10
9615.0  5.99809e-10
9620.0  5.73182e-10
9625.0  5.51281e-10
9630.0  5.57142e-10
9635.0  5.64684e-10
9640.0  5.89216e-10
9645.0  5.96698e-10
9650.0  5.1638e-10
9655.0  5.54164e-10
9660.0  5.43624e-10
9665.0  5.54839e-10
9670.0  5.25325e-10
9675.0  5.33272e-10
9680.0  5.77001e-10
9685.0  5.68221e-10
9690.0  5.62901e-10
9695.0  5.45019e-10
9700.0  5.7277e-10
9705.0  5.78557e-10
9710.0  6.09722e-10
9715.0  5.92347e-10
9720.0  5.47013e-10
9725.0  5.39725e-10
9730.0  5.55759e-10
9735.0  5.25523e-10
9740.0  5.06604e-10
9745.0  5.1327e-10
9750.0  5.38334e-10
9755.0  5.18846e-10
9760.0  5.34003e-10
9765.0  5.38725e-10
9770.0  5.56356e-10
9775.0  5.52242e-10
9780.0  5.20116e-10
9785.0  5.12129e-10
9790.0  4.95703e-10
9795.0  5.34674e-10
9800.0  5.6105e-10
9805.0  5.39793e-10
9810.0  5.39323e-10
9815.0  5.41821e-10
9820.0  5.63468e-10
9825.0  5.06995e-10
9830.0  4.77675e-10
9835.0  5.23381e-10
9840.0  5.50456e-10
9845.0  5.3436e-10
9850.0  5.12702e-10
9855.0  5.09517e-10
9860.0  5.31829e-10
9865.0  5.46525e-10
9870.0  4.93003e-10
9875.0  5.12477e-10
9880.0  4.86893e-10
9885.0  5.11166e-10
9890.0  4.96337e-10
9895.0  5.23805e-10
9900.0  5.5544e-10
9905.0  5.41888e-10
9910.0  5.68751e-10
9915.0  5.10278e-10
9920.0  5.07709e-10
9925.0  5.13203e-10
9930.0  4.83008e-10
9935.0  5.04919e-10
9940.0  4.95002e-10
9945.0  5.17974e-10
9950.0  5.2436e-10
9955.0  4.72174e-10
9960.0  5.67584e-10
9965.0  5.13983e-10
9970.0  5.14378e-10
9975.0  4.90608e-10
9980.0  5.00041e-10
9985.0  5.98459e-10
9990.0  5.15095e-10
9995.0  4.56877e-10
10000.0  4.99945e-10
10005.0  5.26478e-10
10010.0  4.89192e-10
10015.0  4.71412e-10
10020.0  4.6902e-10
10025.0  4.68291e-10
10030.0  5.16334e-10
10035.0  5.00045e-10
10040.0  4.79638e-10
10045.0  4.56341e-10
10050.0  4.46552e-10
10055.0  4.23186e-10
10060.0  4.45392e-10
10065.0  4.42571e-10
10070.0  4.57786e-10
10075.0  4.61867e-10
10080.0  4.67661e-10
10085.0  4.64937e-10
10090.0  4.91345e-10
10095.0  4.73777e-10
10100.0  4.79192e-10
10105.0  4.81201e-10
10110.0  4.81304e-10
10115.0  4.81003e-10
10120.0  4.80368e-10
10125.0  4.7947e-10
10130.0  4.78382e-10
10135.0  4.77173e-10
10140.0  4.75914e-10
10145.0  4.74678e-10
10150.0  4.73534e-10
10155.0  4.72529e-10
10160.0  4.71659e-10
10165.0  4.70898e-10
10170.0  4.70219e-10
10175.0  4.69593e-10
10180.0  4.68998e-10
10185.0  4.684e-10
10190.0  4.67773e-10
10195.0  4.67092e-10
10200.0  4.6633e-10
10205.0  4.65468e-10
10210.0  4.64514e-10
10215.0  4.63483e-10
10220.0  4.62395e-10
10225.0  4.61264e-10
10230.0  4.6011e-10
10235.0  4.58947e-10
10240.0  4.57797e-10
10245.0  4.56669e-10
10250.0  4.55588e-10
10255.0  4.54562e-10
10260.0  4.53598e-10
10265.0  4.52701e-10
10270.0  4.51873e-10
10275.0  4.51112e-10
10280.0  4.50422e-10
10285.0  4.49805e-10
10290.0  4.49264e-10
10295.0  4.48799e-10
10300.0  4.48416e-10
10305.0  4.48106e-10
10310.0  4.47849e-10
10315.0  4.47627e-10
10320.0  4.47408e-10
10325.0  4.47171e-10
10330.0  4.46887e-10
10335.0  4.46532e-10
10340.0  4.46083e-10
10345.0  4.45514e-10
10350.0  4.44798e-10
10355.0  4.43925e-10
10360.0  4.42916e-10
10365.0  4.41807e-10
10370.0  4.40629e-10
10375.0  4.39418e-10
10380.0  4.38207e-10
10385.0  4.37032e-10
10390.0  4.35931e-10
10395.0  4.34935e-10
10400.0  4.34076e-10
10405.0  4.33379e-10
10410.0  4.32828e-10
10415.0  4.32398e-10
10420.0  4.32059e-10
10425.0  4.31788e-10
10430.0  4.31555e-10
10435.0  4.31333e-10
10440.0  4.31093e-10
10445.0  4.3081e-10
10450.0  4.30457e-10
10455.0  4.30016e-10
10460.0  4.29487e-10
10465.0  4.2888e-10
10470.0  4.28206e-10
10475.0  4.27473e-10
10480.0  4.26692e-10
10485.0  4.25874e-10
10490.0  4.25028e-10
10495.0  4.24165e-10
10500.0  4.23293e-10
10505.0  4.22423e-10
10510.0  4.21557e-10
10515.0  4.20694e-10
10520.0  4.19832e-10
10525.0  4.18972e-10
10530.0  4.18116e-10
10535.0  4.17263e-10
10540.0  4.16411e-10
10545.0  4.15562e-10
10550.0  4.14716e-10
10555.0  4.13874e-10
10560.0  4.13036e-10
10565.0  4.12201e-10
10570.0  4.11366e-10
10575.0  4.10534e-10
10580.0  4.09705e-10
10585.0  4.08878e-10
10590.0  4.08055e-10
10595.0  4.07235e-10
10600.0  4.06417e-10
10605.0  4.05603e-10
10610.0  4.0479e-10
10615.0  4.03981e-10
10620.0  3.02458e-10
