#
# This file specifies which characters appear where in the SM fonts
# Japanese fonts
#
# \privateA, katakana
#
2199	6100	6101	6102	6103	6104	6105	6106
6107	6108	6109	6110	6111	6112	6113	6114
6115	6116	6117	6118	6119	6120	6121	6122
6123	6124	6125	6126	6127	6128	6129	6130
6131	6132	6133	6134	6135	6136	6137	6138
6139	6140	6141	6142	6143	6144	6145	6146
6147	6148	6149	6150	6155	6156	6157	6158
6159	6160	6161	6162	1	6163	6164	6165
6166	6167	6168	6169	6170	6171	6172	6173
6174	6175	6176	6177	6178	6179	6200	6201
6202	2199	2199	2199	2199	2199	2199	2199
2199	2199	2199	2199	2199	2199	2199	2199
#
# \privateB, hiragana:
2199	6000	6001	6002	6003	6004	6005	6006
6007	6008	6009	6010	6011	6012	6013	6014
6015	6016	6017	6018	6019	6020	6021	6022
6023	6024	6025	6026	6027	6028	6029	6030
6031	6032	6033	6034	6035	6036	6037	6038
6039	6040	6041	6042	6043	6044	6045	6046
6047	6048	6049	6050	6055	6056	6057	6058
6059	6060	6061	6062	1	6063	6064	6065
6066	6067	6068	6069	6070	6071	6072	6073
6074	6075	6076	6077	6078 	6079	2199	2199
2199	2199	2199	2199	2199	2199	2199	2199
2199	2199	2199	2199	2199	2199	2199	2199
#
# start chinese
#
# \privateC Chinese characters
#
