#id   F_275   F_336   F_438   F_606   F_814   e_275   e_336   e_438   e_606   e_814
23011	1.198947E-16	2.010018E-16	4.857357E-16	3.600808E-16	2.167704E-16	9.897361E-19	9.235195E-19	1.340285E-18	1.324146E-18	9.562188E-19
23299	5.166542E-17	9.972407E-17	2.008168E-16	1.833158E-16	1.388034E-16	1.592841E-18	3.341169E-18	4.571148E-18	9.262726E-19	7.649402E-19
26048	5.910170E-17	1.237086E-16	2.475141E-16	2.189778E-16	1.487305E-16	8.645689E-19	4.549209E-19	1.590649E-18	1.006111E-18	7.923995E-19
22402	1.087427E-16	1.841620E-16	4.321157E-16	3.185664E-16	1.944464E-16	1.787941E-18	1.183517E-18	1.985391E-18	1.229944E-18	9.112263E-19
23156	7.892235E-17	1.408640E-16	2.828785E-16	2.255278E-16	1.397012E-16	1.867495E-18	6.472113E-19	2.076666E-18	1.036206E-18	7.698879E-19
43469	5.209547E-17	1.264736E-16	2.627847E-16	2.647281E-16	1.824736E-16	4.320551E-18	2.992674E-18	2.409224E-18	1.119216E-18	8.718453E-19
41015	1.083428E-16	1.576159E-16	3.644182E-16	2.929544E-16	1.566030E-16	2.035954E-17	2.071698E-17	3.083815E-17	1.184810E-18	8.199947E-19
35900	2.253201E-16	3.162278E-16	8.356030E-16	5.076916E-16	2.661951E-16	1.860028E-18	2.321489E-18	2.352080E-17	1.540742E-18	1.052166E-18
46602	1.175980E-16	1.779918E-16	4.066305E-16	2.797693E-16	1.630797E-16	4.149193E-18	1.956407E-18	8.889877E-18	1.131485E-18	8.240221E-19
48926	1.492794E-16	2.037980E-16	5.199960E-16	3.078931E-16	1.590743E-16	1.368602E-18	2.796214E-18	7.606758E-18	1.188736E-18	8.037830E-19
43613	1.633804E-16	2.810606E-16	6.848572E-16	5.039646E-16	3.124640E-16	2.093181E-18	3.856296E-18	3.146633E-18	1.529431E-18	1.149042E-18
61781	1.045201E-16	1.647404E-16	3.808904E-16	2.669316E-16	1.540281E-16	4.802264E-19	2.260322E-18	5.917374E-18	1.104049E-18	7.923995E-19
23739	8.574326E-17	1.432188E-16	3.218103E-16	2.348551E-16	1.415142E-16	1.020520E-18	3.951819E-19	8.879675E-19	1.057529E-18	7.798795E-19
22119	1.296582E-16	1.882782E-16	4.613176E-16	3.483373E-16	2.175705E-16	9.210091E-18	3.436464E-18	9.669670E-18	1.280961E-18	9.597481E-19
24925	1.609904E-16	2.163715E-16	5.546257E-16	3.351197E-16	1.758733E-16	1.916115E-18	3.753486E-18	4.578460E-18	1.263106E-18	8.564302E-19
44759	6.552394E-17	1.356438E-16	2.679168E-16	2.226384E-16	1.502450E-16	2.833690E-18	6.818861E-18	5.132178E-18	1.022930E-18	7.867034E-19
26255	3.059145E-17	5.420009E-17	9.835581E-17	8.165824E-17	5.420009E-17	3.251352E-18	4.474242E-19	9.017314E-19	4.500155E-19	3.978933E-19
29520	3.047895E-17	5.505541E-17	1.077457E-16	9.111712E-17	6.025596E-17	4.458611E-19	4.658953E-18	1.673898E-18	4.186452E-19	2.215827E-19
24761	6.263254E-17	1.010183E-16	2.263602E-16	1.636817E-16	1.096478E-16	5.668599E-18	1.031981E-17	2.866320E-17	8.870503E-19	6.845817E-19
22497	4.269726E-17	7.257717E-17	1.415142E-16	1.114808E-16	6.854882E-17	7.406872E-19	5.991277E-19	7.798795E-19	7.266325E-19	8.158712E-19
19479	3.283976E-17	5.786287E-17	1.077457E-16	9.028176E-17	5.970353E-17	3.273256E-18	4.776606E-19	1.184293E-18	4.148070E-19	1.647392E-19
25637	7.440464E-17	1.021410E-16	1.973331E-16	1.366470E-16	8.016781E-17	5.030115E-18	8.431783E-19	1.448661E-18	8.031123E-19	2.948057E-19
29361	4.281540E-17	7.385842E-17	1.335365E-16	1.050993E-16	6.528298E-17	8.201660E-19	4.802643E-18	2.457569E-19	1.644314E-19	2.999481E-19
25058	4.021610E-17	7.571815E-17	1.438799E-16	1.168423E-16	7.627812E-17	5.152366E-19	2.334384E-18	2.886063E-18	7.401939E-19	2.805020E-19
19744	4.021610E-17	8.645697E-17	1.691999E-16	1.513561E-16	1.043278E-16	7.703742E-19	1.343164E-18	7.774027E-19	8.479809E-19	0.000000E+00
23921	6.297961E-17	1.154516E-16	2.249055E-16	1.834848E-16	1.171656E-16	6.922439E-19	7.407774E-18	2.676835E-18	9.271262E-19	7.100686E-19
23759	2.703958E-17	5.490350E-17	1.046165E-16	9.835581E-17	6.332862E-17	4.200771E-19	8.529607E-19	1.054557E-18	6.770766E-19	5.169957E-19
20684	3.865449E-17	8.135795E-17	1.523351E-16	1.257766E-16	8.637737E-17	1.535176E-18	1.851933E-18	5.510110E-18	7.737687E-19	1.341927E-18
20718	2.322737E-17	4.516479E-17	8.863393E-17	7.105588E-17	4.746790E-17	5.287194E-19	8.243503E-19	3.205976E-18	6.514442E-19	3.050524E-19
25352	3.314362E-17	6.403243E-17	1.255452E-16	1.089432E-16	7.331621E-17	6.947229E-19	2.942023E-19	2.310499E-19	1.889883E-18	2.023006E-19
28953	3.708515E-17	6.674212E-17	1.230269E-16	1.007395E-16	6.570524E-17	4.751237E-19	6.727756E-19	1.015592E-18	1.853983E-19	1.812997E-19
23164	2.249055E-17	6.143276E-17	1.203372E-16	1.271745E-16	9.289664E-17	5.927705E-19	1.232270E-18	1.651089E-18	1.053751E-19	9.406940E-20
43717	6.228737E-17	1.011114E-16	2.083531E-16	1.550244E-16	9.790390E-17	1.193168E-18	5.572210E-19	2.100246E-18	8.543336E-19	6.470964E-19
41397	6.969474E-17	1.191242E-16	2.443431E-16	1.893215E-16	1.211156E-16	1.335063E-18	1.634445E-18	5.121671E-18	9.392688E-19	7.118300E-19
46269	3.725632E-17	9.238469E-17	1.734603E-16	1.573258E-16	1.134488E-16	6.125664E-19	8.515972E-18	9.559331E-19	8.526057E-19	6.875437E-19
46036	5.321083E-17	9.935735E-17	1.865520E-16	1.465548E-16	9.682779E-17	1.924688E-18	5.687462E-18	2.220351E-18	8.210812E-19	0.000000E+00
39917	3.235937E-17	5.845208E-17	1.068563E-16	8.879735E-17	5.796956E-17	3.261897E-19	5.358919E-19	1.853680E-18	1.634202E-19	2.131748E-19
43095	1.993425E-17	5.505541E-17	1.114808E-16	1.137627E-16	7.884969E-17	3.458078E-19	1.352230E-18	1.428258E-18	1.354009E-18	2.175690E-19
63307	3.191538E-17	5.510614E-17	1.052931E-16	8.774048E-17	5.770321E-17	3.496954E-18	6.558758E-19	7.729771E-19	4.031309E-19	4.763426E-19
62265	1.713957E-17	5.780960E-17	1.260085E-16	1.408640E-16	1.045201E-16	3.283233E-19	6.880526E-19	1.040206E-18	8.020990E-19	6.525673E-19
60958	2.959375E-17	5.445027E-17	1.002767E-16	8.203515E-17	5.321083E-17	3.252813E-19	6.480696E-19	1.193498E-18	3.016726E-19	3.419593E-19
22101	5.147543E-17	9.306792E-17	0.000000E+00	1.462851E-16	9.436262E-17	5.188839E-19	2.568012E-19	0.000000E+00	8.329673E-19	2.603737E-19
23335	2.759307E-17	8.371437E-17	1.709228E-16	1.725043E-16	1.307374E-16	8.506920E-19	9.201511E-19	1.573532E-19	9.032564E-19	7.444370E-19
19800	2.870781E-17	6.540335E-17	1.262409E-16	1.186861E-16	8.363730E-17	8.850592E-19	2.405115E-19	1.502525E-18	5.453133E-19	2.307794E-19
44385	4.866313E-17	1.028016E-16	2.051162E-16	1.881049E-16	1.313409E-16	2.147379E-18	1.969254E-18	2.067618E-18	9.332326E-19	7.358446E-19
