#id   F_275   F_336   F_438   F_606   F_814   e_275   e_336   e_438   e_606   e_814
30030	5.992389E-17	1.062674E-16	1.831471E-16	1.606941E-16	1.129276E-16	5.493855E-19	2.800829E-18	1.511887E-18	6.351619E-19	5.085014E-19
45643	7.712586E-17	8.582227E-17	2.089296E-16	1.096478E-16	5.370318E-17	1.268099E-18	1.721495E-18	1.697436E-17	6.042651E-19	4.943969E-20
53740	3.844147E-17	5.749102E-17	9.908319E-17	8.394600E-17	5.520774E-17	6.668602E-19	7.888063E-19	1.179293E-18	4.626233E-19	1.523341E-19
54180	1.026124E-16	1.054873E-16	2.468312E-16	1.253141E-16	5.850595E-17	2.520291E-18	1.063335E-18	3.386651E-18	5.527863E-19	1.076727E-19
10045	4.010514E-17	4.803967E-17	9.727472E-17	5.807644E-17	3.162278E-17	3.763875E-18	1.737642E-18	5.399162E-18	3.122354E-18	7.482718E-19
9298	2.407687E-17	2.962102E-17	4.956784E-17	3.419794E-17	2.019296E-17	1.996821E-18	3.794956E-19	6.800963E-19	1.884636E-19	9.277823E-20
33899	4.777492E-17	5.039646E-17	1.080438E-16	6.200119E-17	3.124640E-17	4.123340E-18	1.373443E-18	3.716049E-18	1.075560E-18	3.434465E-19
28212	2.292979E-17	2.970298E-17	4.970499E-17	3.244890E-17	1.951641E-17	1.471254E-18	4.075401E-19	7.721986E-19	3.270922E-19	1.075542E-19
32585	4.409608E-17	5.390139E-17	1.074484E-16	6.698846E-17	3.908409E-17	4.101607E-18	2.140711E-18	4.741422E-18	1.283222E-18	7.839815E-19
23380	4.405549E-17	5.602734E-17	1.065614E-16	6.792036E-17	3.784426E-17	3.279920E-18	2.472342E-18	3.854431E-18	2.215124E-18	3.124060E-19
30181	4.040173E-17	4.537326E-17	9.179098E-17	5.510614E-17	2.929544E-17	2.207306E-18	5.400347E-19	4.217412E-19	3.036879E-19	8.083456E-20
28103	3.173949E-17	3.872576E-17	6.937452E-17	4.566674E-17	2.630268E-17	1.260544E-18	8.466341E-19	5.726898E-19	5.435276E-19	9.672437E-20
29926	3.227008E-17	4.157191E-17	7.392648E-17	4.830588E-17	2.868138E-17	2.974639E-18	9.836926E-19	4.743378E-18	5.749388E-19	1.317790E-19
26802	3.915615E-17	5.485295E-17	9.375620E-17	6.969474E-17	4.385307E-17	8.207514E-19	1.544017E-18	7.739616E-19	7.660536E-19	1.612634E-19
33609	3.019952E-17	3.722203E-17	7.008095E-17	4.533149E-17	2.572764E-17	7.145941E-19	3.072695E-19	1.342461E-18	4.156016E-19	1.182078E-19
27726	2.265687E-17	2.926847E-17	5.007258E-17	3.445085E-17	2.041738E-17	8.195213E-19	4.812305E-19	8.232906E-19	2.213984E-19	1.125194E-19
33518	2.805434E-17	3.505904E-17	6.415049E-17	4.222795E-17	2.412126E-17	3.849199E-19	5.128609E-19	7.051137E-19	1.552873E-19	2.870924E-19
19741	3.879717E-17	5.190390E-17	8.661637E-17	7.284504E-17	4.673045E-17	5.408428E-18	2.860405E-19	8.731125E-19	4.681386E-19	1.289428E-19
46619	4.369181E-17	5.058247E-17	1.050993E-16	6.338697E-17	3.400948E-17	1.229850E-18	1.242369E-18	4.637764E-18	8.697018E-19	3.118008E-19
49455	3.329661E-17	4.495728E-17	7.585776E-17	5.360435E-17	3.200369E-17	1.410612E-18	2.220674E-18	1.453121E-18	2.462896E-19	2.349452E-19
53773	2.997782E-17	3.798394E-17	7.105588E-17	4.545692E-17	2.530463E-17	6.823784E-19	2.108271E-18	5.865694E-19	1.254287E-19	1.626202E-19
40693	2.201912E-17	3.101701E-17	4.879777E-17	3.580964E-17	2.171701E-17	4.813886E-19	2.833186E-18	6.695305E-19	3.283048E-19	1.395643E-19
54681	3.218103E-17	4.172535E-17	7.433614E-17	5.072242E-17	3.067609E-17	8.481772E-19	1.917106E-19	1.758974E-18	8.339752E-19	1.971399E-19
45390	3.604126E-17	4.305266E-17	8.495716E-17	5.301515E-17	2.962102E-17	1.622124E-18	9.799982E-19	2.315319E-18	2.435825E-19	1.632403E-19
44716	2.210039E-17	3.008846E-17	5.053590E-17	3.580964E-17	2.191795E-17	4.831653E-19	5.491763E-19	7.392641E-19	2.301307E-19	1.408557E-19
50267	5.899293E-17	7.079458E-17	1.577611E-16	9.384259E-17	4.817259E-17	6.484241E-19	5.844124E-19	2.903392E-19	7.746748E-19	2.213329E-19
55146	2.708944E-17	3.467369E-17	6.003438E-17	4.265795E-17	2.546830E-17	1.266836E-18	5.701028E-19	9.326722E-19	3.910905E-19	1.170162E-19
41851	5.722687E-17	6.240221E-17	1.367729E-16	7.351907E-17	3.548134E-17	1.044508E-18	6.858974E-19	1.752293E-18	8.080889E-19	1.955363E-19
44763	3.808904E-17	4.799544E-17	9.187556E-17	5.749102E-17	3.188600E-17	1.881416E-18	1.608046E-18	2.914490E-18	9.973207E-19	6.108038E-19
47151	5.248075E-17	5.515692E-17	1.238226E-16	6.835968E-17	3.404082E-17	1.664802E-18	2.530963E-18	6.823819E-19	4.393134E-19	9.392843E-20
66550	5.592423E-17	6.120685E-17	1.339060E-16	7.592766E-17	3.805397E-17	1.071277E-18	6.727584E-19	9.830297E-19	2.095063E-19	7.003348E-20
61052	3.473762E-17	4.617427E-17	8.410078E-17	5.796956E-17	3.426100E-17	1.928086E-18	6.754599E-19	1.077474E-18	3.725413E-19	1.259900E-19
66593	4.690293E-17	5.123892E-17	1.104587E-16	6.438727E-17	3.280953E-17	6.463971E-18	4.697613E-19	5.075117E-19	2.958326E-19	3.905005E-19
22708	3.229981E-17	3.620762E-17	7.033962E-17	4.377236E-17	2.361566E-17	1.368382E-18	6.608636E-19	1.092771E-18	4.013074E-19	2.810746E-19
20541	2.723955E-17	3.620762E-17	5.997911E-17	3.992087E-17	2.249055E-17	7.423535E-19	3.548839E-18	5.498918E-19	1.834197E-19	8.270579E-20
28597	6.165950E-17	7.118689E-17	1.590743E-16	8.709636E-17	4.293387E-17	7.899630E-19	2.067480E-18	2.903433E-18	3.202845E-19	1.578832E-19
18782	2.553877E-17	3.215141E-17	5.410034E-17	3.735941E-17	2.143878E-17	6.043095E-19	2.947659E-19	8.895148E-19	1.030854E-19	1.973675E-20
44165	4.738054E-17	5.214348E-17	1.123052E-16	6.480373E-17	3.326596E-17	1.923620E-18	6.680465E-19	1.642856E-18	4.757367E-19	1.223308E-19
68435	2.535129E-17	2.970298E-17	5.176068E-17	3.460987E-17	1.978791E-17	3.392921E-18	8.360883E-19	8.041351E-19	1.272729E-19	7.276724E-20
67384	2.518837E-17	3.926449E-17	5.839827E-17	3.826485E-17	2.145853E-17	6.412771E-19	1.310677E-17	1.956584E-18	1.055837E-19	6.512231E-20
