#id   F_275   F_336   F_438   F_606   F_814   e_275   e_336   e_438   e_606   e_814
38909	5.123892E-16	5.176068E-16	1.119954E-15	5.445027E-16	2.418800E-16	7.030244E-18	4.745448E-18	4.118470E-18	2.401913E-18	1.510168E-18
42013	2.286652E-16	3.302174E-16	7.433614E-16	5.119175E-16	2.870781E-16	3.096820E-17	3.016304E-17	1.087426E-17	2.305113E-18	1.634662E-18
72613	4.017908E-16	4.549881E-16	1.110708E-15	6.036706E-16	2.918771E-16	6.606222E-18	3.340155E-18	1.022529E-18	2.496827E-18	1.661988E-18
79168	2.346389E-16	3.419794E-16	9.514807E-16	3.684682E-16	1.949845E-16	3.694193E-17	4.767284E-17	5.691845E-16	1.963108E-18	2.852329E-18
79632	1.060718E-15	9.179098E-16	1.609904E-15	8.287051E-16	3.840608E-16	2.414489E-17	3.375483E-18	2.646995E-17	2.971396E-18	1.870217E-18
74220	2.937650E-16	3.404082E-16	8.120822E-16	4.470952E-16	2.267775E-16	2.961217E-18	7.135290E-18	1.494534E-18	2.177168E-18	3.130884E-19
85649	1.673401E-16	2.412126E-16	4.385307E-16	3.271900E-16	2.098940E-16	1.373698E-17	1.329314E-18	5.219413E-18	1.833100E-18	5.791580E-19
63598	2.062529E-16	2.815788E-16	5.675446E-16	3.865449E-16	2.267775E-16	3.950952E-18	3.351364E-18	1.035886E-17	2.024002E-18	3.339456E-19
80335	2.329164E-16	2.849706E-16	6.234477E-16	3.876145E-16	2.056838E-16	6.556199E-18	1.570462E-18	5.739522E-19	1.994087E-18	0.000000E+00
102938	1.255452E-16	2.303563E-16	3.992087E-16	3.590873E-16	2.468312E-16	7.947150E-18	5.243548E-18	3.675155E-19	1.913129E-18	1.495892E-18
73710	5.355500E-16	5.311290E-16	1.122018E-15	5.654575E-16	2.630268E-16	5.886527E-18	4.869420E-18	3.095972E-18	2.442496E-18	9.280335E-18
83553	2.475141E-16	3.561230E-16	6.931065E-16	5.128614E-16	3.182731E-16	4.069613E-18	6.177814E-18	6.380808E-19	2.309363E-18	1.695681E-18
14666	9.044821E-17	1.144986E-16	2.093148E-16	1.379113E-16	7.819878E-17	1.650866E-18	2.503201E-18	9.617143E-19	2.538083E-19	4.309506E-19
15322	1.779918E-16	2.034230E-16	4.570882E-16	2.839226E-16	1.372777E-16	1.306672E-18	3.896743E-18	5.440285E-18	4.180957E-19	1.633886E-18
45658	1.260085E-16	1.537446E-16	3.093143E-16	1.942674E-16	1.034666E-16	2.071825E-18	8.472810E-19	1.987808E-18	1.248460E-18	1.904170E-19
43727	1.018591E-16	1.386756E-16	2.509574E-16	1.781558E-16	1.044239E-16	4.494782E-18	7.642360E-19	0.000000E+00	9.818101E-19	7.665962E-19
38034	1.169499E-16	1.429552E-16	2.828785E-16	1.808007E-16	9.673864E-17	7.805905E-18	2.091219E-18	2.076666E-18	1.657590E-18	1.239386E-18
33491	1.119954E-16	1.253141E-16	2.242849E-16	1.545966E-16	8.953648E-17	3.123467E-17	6.906014E-19	4.127677E-19	1.699257E-18	3.292577E-19
50344	2.303563E-16	2.606154E-16	6.075751E-16	3.317416E-16	1.639834E-16	7.512735E-18	1.436242E-18	5.593398E-19	1.858601E-18	6.030258E-19
40347	1.919553E-16	2.255278E-16	4.965923E-16	2.959375E-16	1.501067E-16	1.057858E-18	8.293463E-19	1.826148E-18	4.085705E-19	1.101962E-18
38762	1.415142E-16	2.135994E-16	4.096378E-16	2.530463E-16	1.544543E-16	1.555461E-18	3.705398E-18	9.324494E-18	1.626202E-18	1.204469E-18
79989	1.323122E-16	1.665712E-16	3.464176E-16	2.045502E-16	1.150271E-16	2.295276E-18	2.134060E-18	2.072302E-16	2.992262E-18	6.339098E-19
84908	2.026749E-16	2.414349E-16	5.380220E-16	3.293063E-16	1.758733E-16	1.001117E-17	3.969659E-18	1.484558E-18	1.844956E-18	4.852852E-19
80008	1.289437E-16	1.593676E-16	3.200369E-16	2.021157E-16	1.109686E-16	3.167019E-18	4.913289E-18	1.914490E-16	2.589445E-18	1.925018E-18
77228	7.151547E-17	1.053901E-16	1.671860E-16	1.099512E-16	6.711197E-17	2.713639E-18	1.446007E-18	6.639847E-18	1.608420E-18	1.224932E-18
73643	1.224616E-16	1.477747E-16	3.090295E-16	1.856949E-16	9.972407E-17	4.503352E-19	1.893245E-18	1.848643E-16	2.884889E-18	5.495757E-19
70639	1.397012E-16	2.104747E-16	3.505904E-16	2.795117E-16	1.816352E-16	8.601969E-18	2.313445E-18	3.853533E-18	4.116003E-19	0.000000E+00
70092	9.541134E-17	1.184677E-16	2.257356E-16	1.433508E-16	8.158306E-17	1.482276E-18	7.089562E-18	1.863457E-18	1.314248E-18	5.242935E-19
72626	1.251988E-16	1.609904E-16	3.116018E-16	1.948050E-16	1.105605E-16	1.831469E-18	3.664589E-18	1.431680E-18	2.141209E-18	5.079794E-19
80411	2.716439E-16	2.870781E-16	6.450598E-16	3.348112E-16	1.558834E-16	8.617128E-18	5.239765E-18	4.735509E-18	1.875798E-18	8.590679E-19
75689	7.118689E-17	9.745407E-17	1.596614E-16	1.129276E-16	6.867521E-17	1.620411E-18	3.438457E-18	9.551093E-17	1.754402E-18	9.422592E-19
80087	1.531793E-16	1.942674E-16	4.537326E-16	2.857591E-16	1.430869E-16	4.174560E-18	5.294327E-18	1.236547E-17	1.731810E-18	3.948181E-19
83277	1.717117E-16	2.149810E-16	4.520641E-16	2.691535E-16	1.452112E-16	1.568466E-17	2.548498E-17	7.187468E-17	3.963471E-19	2.519039E-18
80519	9.488553E-17	1.238226E-16	2.151791E-16	1.332907E-16	7.798301E-17	4.603776E-18	1.811338E-18	1.287221E-16	6.124154E-19	4.297615E-19
75782	1.320687E-16	2.070141E-16	3.250873E-16	2.532795E-16	1.650441E-16	9.695420E-19	2.275407E-18	2.992786E-19	8.936421E-18	2.863089E-18
82090	1.177064E-16	1.436151E-16	3.047895E-16	1.775007E-16	9.187556E-17	1.186507E-18	1.054306E-18	3.350111E-18	1.140708E-18	1.009855E-18
75829	2.989510E-16	3.360470E-16	6.297961E-16	3.594181E-16	1.678031E-16	4.915335E-18	8.856999E-18	1.092534E-17	1.947817E-18	1.691493E-18
75925	1.317043E-16	1.580520E-16	3.338874E-16	1.993425E-16	1.021410E-16	2.165475E-18	2.168555E-18	1.840041E-18	5.500435E-19	2.818364E-19
69446	3.290031E-16	3.338874E-16	6.120685E-16	3.235937E-16	1.487305E-16	4.845974E-17	3.061098E-18	6.169788E-18	1.842587E-18	2.737195E-19
78763	1.479108E-16	1.838231E-16	3.701690E-16	2.381223E-16	1.306171E-16	3.765700E-18	3.853112E-18	8.426074E-18	1.573870E-18	8.394106E-19
75222	1.181408E-16	1.561709E-16	2.800271E-16	1.704512E-16	9.781377E-17	4.482828E-18	4.116106E-18	3.842115E-18	1.562706E-18	1.164184E-18
