# WAVELENGTH   FLUX           
  1150.0       0.0            
  1155.0       0.0            
  1160.0       0.0            
  1165.0       0.0            
  1170.0       0.0            
  1175.0       0.0            
  1180.0       0.0            
  1185.0       0.0            
  1190.0       0.0            
  1195.0       0.0            
  1200.0       0.0            
  1205.0       0.0            
  1210.0       0.0            
  1215.0       0.0            
  1220.0       0.0            
  1225.0       0.0            
  1230.0       0.0            
  1235.0       0.0            
  1240.0       0.0            
  1245.0       0.0            
  1250.0       0.0            
  1255.0       0.0            
  1260.0       0.0            
  1265.0       0.0            
  1270.0       0.0            
  1275.0       0.0            
  1280.0       0.0            
  1285.0       0.0            
  1290.0       0.0            
  1295.0       0.0            
  1300.0       0.0            
  1305.0       0.0            
  1310.0       0.0            
  1315.0       0.0            
  1320.0       0.0            
  1325.0       0.0            
  1330.0       0.0            
  1335.0       0.0            
  1340.0       0.0            
  1345.0       0.0            
  1350.0       0.0            
  1355.0       0.0            
  1360.0       0.0            
  1365.0       0.0            
  1370.0       0.0            
  1375.0       0.0            
  1380.0       0.0            
  1385.0       0.0            
  1390.0       0.0            
  1395.0       0.0            
  1400.0       0.0            
  1405.0       0.0            
  1410.0       0.0            
  1415.0       0.0            
  1420.0       0.0            
  1425.0       0.0            
  1430.0       0.0            
  1435.0       0.0            
  1440.0       0.0            
  1445.0       0.0            
  1450.0       0.0            
  1455.0       0.0            
  1460.0       0.0            
  1465.0       0.0            
  1470.0       0.0            
  1475.0       0.0            
  1480.0       0.0            
  1485.0       0.0            
  1490.0       0.0            
  1495.0       0.0            
  1500.0       0.0            
  1505.0       0.0            
  1510.0       0.0            
  1515.0       0.0            
  1520.0       0.0            
  1525.0       0.0            
  1530.0       0.0            
  1535.0       0.0            
  1540.0       0.0            
  1545.0       0.0            
  1550.0       0.0            
  1555.0       0.0            
  1560.0       0.0            
  1565.0       0.0            
  1570.0       0.0            
  1575.0       0.0            
  1580.0       0.0            
  1585.0       0.0            
  1590.0       0.0            
  1595.0       0.0            
  1600.0       0.0            
  1605.0       0.0            
  1610.0       0.0            
  1615.0       0.0            
  1620.0       0.0            
  1625.0       0.0            
  1630.0       0.0            
  1635.0       0.0            
  1640.0       0.0            
  1645.0       0.0            
  1650.0       0.0            
  1655.0       0.0            
  1660.0       0.0            
  1665.0       0.0            
  1670.0       0.0            
  1675.0       0.0            
  1680.0       0.0            
  1685.0       0.0            
  1690.0       0.0            
  1695.0       0.0            
  1700.0       0.0            
  1705.0       0.0            
  1710.0       0.0            
  1715.0       4.570686E-16   
  1720.0       3.1915026E-15  
  1725.0       3.6459208E-15  
  1730.0       3.6459195E-15  
  1735.0       3.645921E-15   
  1740.0       3.188871E-15   
  1745.0       4.544341E-16   
  1750.0       0.0            
  1755.0       0.0            
  1760.0       0.0            
  1765.0       0.0            
  1770.0       0.0            
  1775.0       0.0            
  1780.0       0.0            
  1785.0       0.0            
  1790.0       0.0            
  1795.0       0.0            
  1800.0       9.140124E-16   
  1805.0       7.296895E-15   
  1810.0       1.4588704E-14  
  1815.0       2.1880538E-14  
  1820.0       2.87154E-14    
  1825.0       3.281579E-14   
  1830.0       3.5547703E-14  
  1835.0       3.281081E-14   
  1840.0       2.8250922E-14  
  1845.0       1.7308244E-14  
  1850.0       2.2725422E-15  
  1855.0       0.0            
  1860.0       0.0            
  1865.0       0.0            
  1870.0       0.0            
  1875.0       0.0            
  1880.0       0.0            
  1885.0       0.0            
  1890.0       0.0            
  1895.0       0.0            
  1900.0       1.0966539E-14  
  1905.0       8.9387245E-14  
  1910.0       1.8965457E-13  
  1915.0       2.908265E-13   
  1920.0       3.8333057E-13  
  1925.0       4.5075863E-13  
  1930.0       4.794432E-13   
  1935.0       4.6208946E-13  
  1940.0       3.8138045E-13  
  1945.0       2.291118E-13   
  1950.0       3.0001707E-14  
  1955.0       0.0            
  1960.0       0.0            
  1965.0       0.0            
  1970.0       0.0            
  1975.0       0.0            
  1980.0       0.0            
  1985.0       0.0            
  1990.0       0.0            
  1995.0       0.0            
  2000.0       1.5579576E-13  
  2005.0       1.2824118E-12  
  2010.0       2.8234355E-12  
  2015.0       4.6023094E-12  
  2020.0       6.5556983E-12  
  2025.0       8.618422E-12   
  2030.0       1.0724401E-11  
  2035.0       1.280618E-11   
  2040.0       1.4802244E-11  
  2045.0       1.6643308E-11  
  2050.0       1.8270621E-11  
  2055.0       1.9645887E-11  
  2060.0       2.0798798E-11  
  2065.0       2.1790424E-11  
  2070.0       2.2680424E-11  
  2075.0       2.3530821E-11  
  2080.0       2.4404971E-11  
  2085.0       2.535799E-11   
  2090.0       2.6455503E-11  
  2095.0       2.775771E-11   
  2100.0       2.9323356E-11  
  2105.0       3.1183826E-11  
  2110.0       3.329723E-11   
  2115.0       3.5597428E-11  
  2120.0       3.801976E-11   
  2125.0       4.0491197E-11  
  2130.0       4.2946726E-11  
  2135.0       4.5314714E-11  
  2140.0       4.752399E-11   
  2145.0       4.951176E-11   
  2150.0       5.120506E-11   
  2155.0       5.2563898E-11  
  2160.0       5.360334E-11   
  2165.0       5.435561E-11   
  2170.0       5.486033E-11   
  2175.0       5.5160123E-11  
  2180.0       5.5292205E-11  
  2185.0       5.5293582E-11  
  2190.0       5.5204192E-11  
  2195.0       5.506567E-11   
  2200.0       5.4910156E-11  
  2205.0       5.4772572E-11  
  2210.0       5.4663257E-11  
  2215.0       5.458257E-11   
  2220.0       5.452927E-11   
  2225.0       5.451015E-11   
  2230.0       5.4521596E-11  
  2235.0       5.456581E-11   
  2240.0       5.4645653E-11  
  2245.0       5.4759537E-11  
  2250.0       5.491269E-11   
  2255.0       5.510548E-11   
  2260.0       5.5335188E-11  
  2265.0       5.5601766E-11  
  2270.0       5.5908157E-11  
  2275.0       5.6254532E-11  
  2280.0       5.664054E-11   
  2285.0       5.706391E-11   
  2290.0       5.75269E-11    
  2295.0       5.8030157E-11  
  2300.0       5.857244E-11   
  2305.0       5.914353E-11   
  2310.0       5.970679E-11   
  2315.0       6.0218594E-11  
  2320.0       6.063233E-11   
  2325.0       6.0903865E-11  
  2330.0       6.098802E-11   
  2335.0       6.083436E-11   
  2340.0       6.0403946E-11  
  2345.0       5.964454E-11   
  2350.0       5.8519085E-11  
  2355.0       5.702317E-11   
  2360.0       5.5253385E-11  
  2365.0       5.3342403E-11  
  2370.0       5.1430606E-11  
  2375.0       4.9655217E-11  
  2380.0       4.8158755E-11  
  2385.0       4.707616E-11   
  2390.0       4.6549643E-11  
  2395.0       4.671367E-11   
  2400.0       4.7702124E-11  
  2405.0       4.958252E-11   
  2410.0       5.2247127E-11  
  2415.0       5.5520904E-11  
  2420.0       5.922487E-11   
  2425.0       6.31804E-11    
  2430.0       6.7208225E-11  
  2435.0       7.112703E-11   
  2440.0       7.47573E-11    
  2445.0       7.791743E-11   
  2450.0       8.043513E-11   
  2455.0       8.220076E-11   
  2460.0       8.326504E-11   
  2465.0       8.373971E-11   
  2470.0       8.3746274E-11  
  2475.0       8.340018E-11   
  2480.0       8.282137E-11   
  2485.0       8.2131794E-11  
  2490.0       8.1447314E-11  
  2495.0       8.088953E-11   
  2500.0       8.0573444E-11  
  2505.0       8.058041E-11   
  2510.0       8.089097E-11   
  2515.0       8.145338E-11   
  2520.0       8.2215484E-11  
  2525.0       8.3120226E-11  
  2530.0       8.411183E-11   
  2535.0       8.513357E-11   
  2540.0       8.6132136E-11  
  2545.0       8.704824E-11   
  2550.0       8.783336E-11   
  2555.0       8.848076E-11   
  2560.0       8.908667E-11   
  2565.0       8.9793985E-11  
  2570.0       9.0750234E-11  
  2575.0       9.210631E-11   
  2580.0       9.4006136E-11  
  2585.0       9.659551E-11   
  2590.0       1.00023205E-10 
  2595.0       1.0443526E-10  
  2600.0       1.0996986E-10  
  2605.0       1.1668204E-10  
  2610.0       1.2439355E-10  
  2615.0       1.3284736E-10  
  2620.0       1.4177233E-10  
  2625.0       1.5090032E-10  
  2630.0       1.599604E-10   
  2635.0       1.6868769E-10  
  2640.0       1.7681251E-10  
  2645.0       1.8406374E-10  
  2650.0       1.9018424E-10  
  2655.0       1.9499463E-10  
  2660.0       1.9854092E-10  
  2665.0       2.0095556E-10  
  2670.0       2.0237277E-10  
  2675.0       2.0292996E-10  
  2680.0       2.0276701E-10  
  2685.0       2.0201962E-10  
  2690.0       2.0082959E-10  
  2695.0       1.993332E-10   
  2700.0       1.9766366E-10  
  2705.0       1.959342E-10   
  2710.0       1.9419713E-10  
  2715.0       1.9247712E-10  
  2720.0       1.9080211E-10  
  2725.0       1.8919442E-10  
  2730.0       1.8768041E-10  
  2735.0       1.8628374E-10  
  2740.0       1.8502935E-10  
  2745.0       1.8394584E-10  
  2750.0       1.8305452E-10  
  2755.0       1.823687E-10   
  2760.0       1.8188427E-10  
  2765.0       1.8158004E-10  
  2770.0       1.8143965E-10  
  2775.0       1.8144769E-10  
  2780.0       1.815807E-10   
  2785.0       1.8182329E-10  
  2790.0       1.8215957E-10  
  2795.0       1.825691E-10   
  2800.0       1.8303944E-10  
  2805.0       1.8361808E-10  
  2810.0       1.8450808E-10  
  2815.0       1.85968E-10    
  2820.0       1.8826847E-10  
  2825.0       1.9167198E-10  
  2830.0       1.9644933E-10  
  2835.0       2.0286663E-10  
  2840.0       2.1118873E-10  
  2845.0       2.2168369E-10  
  2850.0       2.3460398E-10  
  2855.0       2.5003316E-10  
  2860.0       2.676295E-10   
  2865.0       2.8688832E-10  
  2870.0       3.0728686E-10  
  2875.0       3.2829967E-10  
  2880.0       3.4940656E-10  
  2885.0       3.700854E-10   
  2890.0       3.898099E-10   
  2895.0       4.080609E-10   
  2900.0       4.243304E-10   
  2905.0       4.382362E-10   
  2910.0       4.4974752E-10  
  2915.0       4.5895915E-10  
  2920.0       4.65983E-10    
  2925.0       4.7092946E-10  
  2930.0       4.7391047E-10  
  2935.0       4.750346E-10   
  2940.0       4.744105E-10   
  2945.0       4.7215476E-10  
  2950.0       4.683794E-10   
  2955.0       4.6327187E-10  
  2960.0       4.57189E-10    
  2965.0       4.5055623E-10  
  2970.0       4.438033E-10   
  2975.0       4.373643E-10   
  2980.0       4.3167211E-10  
  2985.0       4.271553E-10   
  2990.0       4.2424914E-10  
  2995.0       4.2338205E-10  
  3000.0       4.2497292E-10  
  3005.0       4.2926349E-10  
  3010.0       4.360517E-10   
  3015.0       4.449661E-10   
  3020.0       4.5562162E-10  
  3025.0       4.676274E-10   
  3030.0       4.805947E-10   
  3035.0       4.941357E-10   
  3040.0       5.078642E-10   
  3045.0       5.213893E-10   
  3050.0       5.343335E-10   
  3055.0       5.4641397E-10  
  3060.0       5.575904E-10   
  3065.0       5.679222E-10   
  3070.0       5.774761E-10   
  3075.0       5.863224E-10   
  3080.0       5.94527E-10    
  3085.0       6.021545E-10   
  3090.0       6.092724E-10   
  3095.0       6.159535E-10   
  3100.0       6.222605E-10   
  3105.0       6.2826416E-10  
  3110.0       6.340381E-10   
  3115.0       6.39654E-10    
  3120.0       6.451911E-10   
  3125.0       6.5072137E-10  
  3130.0       6.563226E-10   
  3135.0       6.6206657E-10  
  3140.0       6.6803346E-10  
  3145.0       6.742925E-10   
  3150.0       6.809211E-10   
  3155.0       6.87972E-10    
  3160.0       6.954492E-10   
  3165.0       7.033392E-10   
  3170.0       7.116254E-10   
  3175.0       7.202905E-10   
  3180.0       7.293224E-10   
  3185.0       7.386984E-10   
  3190.0       7.4840817E-10  
  3195.0       7.584336E-10   
  3200.0       7.6875684E-10  
  3205.0       7.793801E-10   
  3210.0       7.903191E-10   
  3215.0       8.016081E-10   
  3220.0       8.132795E-10   
  3225.0       8.2537105E-10  
  3230.0       8.3791213E-10  
  3235.0       8.5093654E-10  
  3240.0       8.644819E-10   
  3245.0       8.7857893E-10  
  3250.0       8.932521E-10   
  3255.0       9.0842883E-10  
  3260.0       9.237876E-10   
  3265.0       9.389165E-10   
  3270.0       9.533878E-10   
  3275.0       9.667739E-10   
  3280.0       9.786479E-10   
  3285.0       9.885874E-10   
  3290.0       9.961689E-10   
  3295.0       1.0009593E-9   
  3300.0       1.0025601E-9   
  3305.0       1.0007959E-9   
  3310.0       9.960754E-10   
  3315.0       9.89034E-10    
  3320.0       9.803315E-10   
  3325.0       9.706294E-10   
  3330.0       9.605817E-10   
  3335.0       9.508514E-10   
  3340.0       9.42096E-10    
  3345.0       9.349777E-10   
  3350.0       9.301294E-10   
  3355.0       9.2797975E-10  
  3360.0       9.2839475E-10  
  3365.0       9.310296E-10   
  3370.0       9.355192E-10   
  3375.0       9.415024E-10   
  3380.0       9.486069E-10   
  3385.0       9.564675E-10   
  3390.0       9.647215E-10   
  3395.0       9.730026E-10   
  3400.0       9.80955E-10    
  3405.0       9.883261E-10   
  3410.0       9.951235E-10   
  3415.0       1.0014617E-9   
  3420.0       1.0074669E-9   
  3425.0       1.0132581E-9   
  3430.0       1.018957E-9    
  3435.0       1.0246923E-9   
  3440.0       1.0305847E-9   
  3445.0       1.0367565E-9   
  3450.0       1.043324E-9    
  3455.0       1.0503552E-9   
  3460.0       1.0577808E-9   
  3465.0       1.0654809E-9   
  3470.0       1.0733245E-9   
  3475.0       1.0811876E-9   
  3480.0       1.0889442E-9   
  3485.0       1.0964688E-9   
  3490.0       1.1036343E-9   
  3495.0       1.110314E-9    
  3500.0       1.1163824E-9   
  3505.0       1.10626E-9     
  3510.0       1.0169712E-9   
  3515.0       9.944725E-10   
  3520.0       9.75606E-10    
  3525.0       9.96651E-10    
  3530.0       1.0815525E-9   
  3535.0       1.126005E-9    
  3540.0       1.134074E-9    
  3545.0       1.1070092E-9   
  3550.0       1.0040778E-9   
  3555.0       9.638806E-10   
  3560.0       9.433402E-10   
  3565.0       9.25026E-10    
  3570.0       9.219755E-10   
  3575.0       8.9357827E-10  
  3580.0       7.8894935E-10  
  3585.0       7.9458473E-10  
  3590.0       9.012544E-10   
  3595.0       1.0395566E-9   
  3600.0       1.1086614E-9   
  3605.0       1.069778E-9    
  3610.0       9.708492E-10   
  3615.0       9.589658E-10   
  3620.0       1.0317628E-9   
  3625.0       1.1060568E-9   
  3630.0       1.121133E-9    
  3635.0       1.1716045E-9   
  3640.0       1.2103701E-9   
  3645.0       1.1601775E-9   
  3650.0       1.1894089E-9   
  3655.0       1.3776053E-9   
  3660.0       1.4957148E-9   
  3665.0       1.4713127E-9   
  3670.0       1.4268655E-9   
  3675.0       1.3751834E-9   
  3680.0       1.2996934E-9   
  3685.0       1.3056524E-9   
  3690.0       1.3448607E-9   
  3695.0       1.4363565E-9   
  3700.0       1.4853881E-9   
  3705.0       1.4149564E-9   
  3710.0       1.3942121E-9   
  3715.0       1.3970418E-9   
  3720.0       1.2878271E-9   
  3725.0       1.2434113E-9   
  3730.0       1.1791914E-9   
  3735.0       1.0911757E-9   
  3740.0       1.0608395E-9   
  3745.0       1.0162795E-9   
  3750.0       1.0386519E-9   
  3755.0       1.1392701E-9   
  3760.0       1.1833431E-9   
  3765.0       1.2525808E-9   
  3770.0       1.3510998E-9   
  3775.0       1.4682966E-9   
  3780.0       1.5056612E-9   
  3785.0       1.3929056E-9   
  3790.0       1.2295766E-9   
  3795.0       1.1354903E-9   
  3800.0       1.1548114E-9   
  3805.0       1.2095777E-9   
  3810.0       1.167852E-9    
  3815.0       1.003496E-9    
  3820.0       8.2822427E-10  
  3825.0       7.2505896E-10  
  3830.0       7.100732E-10   
  3835.0       7.357776E-10   
  3840.0       7.744488E-10   
  3845.0       8.4301205E-10  
  3850.0       8.545697E-10   
  3855.0       8.175473E-10   
  3860.0       7.5332635E-10  
  3865.0       7.329728E-10   
  3870.0       7.425032E-10   
  3875.0       8.053378E-10   
  3880.0       9.1465246E-10  
  3885.0       1.0987065E-9   
  3890.0       1.3066115E-9   
  3895.0       1.4566554E-9   
  3900.0       1.4847129E-9   
  3905.0       1.4817437E-9   
  3910.0       1.5045005E-9   
  3915.0       1.4830385E-9   
  3920.0       1.3483543E-9   
  3925.0       1.0975972E-9   
  3930.0       8.1590057E-10  
  3935.0       7.0015027E-10  
  3940.0       8.348568E-10   
  3945.0       1.0900196E-9   
  3950.0       1.3364762E-9   
  3955.0       1.444086E-9    
  3960.0       1.3033907E-9   
  3965.0       9.813863E-10   
  3970.0       8.6038215E-10  
  3975.0       1.137203E-9    
  3980.0       1.5388181E-9   
  3985.0       1.8280485E-9   
  3990.0       2.007805E-9    
  3995.0       2.1078077E-9   
  4000.0       2.1817614E-9   
  4005.0       2.2201756E-9   
  4010.0       2.281909E-9    
  4015.0       2.3665114E-9   
  4020.0       2.4171027E-9   
  4025.0       2.4023687E-9   
  4030.0       2.3364153E-9   
  4035.0       2.3393094E-9   
  4040.0       2.3461633E-9   
  4045.0       2.29379E-9     
  4050.0       2.2857838E-9   
  4055.0       2.227562E-9    
  4060.0       2.164767E-9    
  4065.0       2.149628E-9    
  4070.0       2.1753017E-9   
  4075.0       2.1885336E-9   
  4080.0       2.271234E-9    
  4085.0       2.4414177E-9   
  4090.0       2.5275757E-9   
  4095.0       2.4490492E-9   
  4100.0       2.3450204E-9   
  4105.0       2.3510063E-9   
  4110.0       2.4040707E-9   
  4115.0       2.4255915E-9   
  4120.0       2.3996656E-9   
  4125.0       2.3395503E-9   
  4130.0       2.2754403E-9   
  4135.0       2.2728883E-9   
  4140.0       2.2385167E-9   
  4145.0       2.163628E-9    
  4150.0       2.1200894E-9   
  4155.0       2.1410695E-9   
  4160.0       2.206643E-9    
  4165.0       2.2093987E-9   
  4170.0       2.150656E-9    
  4175.0       2.0670692E-9   
  4180.0       2.0647177E-9   
  4185.0       2.1393913E-9   
  4190.0       2.1823598E-9   
  4195.0       2.148732E-9    
  4200.0       2.1364541E-9   
  4205.0       2.2316335E-9   
  4210.0       2.342456E-9    
  4215.0       2.4160622E-9   
  4220.0       2.4486393E-9   
  4225.0       2.3404483E-9   
  4230.0       2.3537934E-9   
  4235.0       2.395708E-9    
  4240.0       2.4561293E-9   
  4245.0       2.5229725E-9   
  4250.0       2.5197888E-9   
  4255.0       2.4939815E-9   
  4260.0       2.4851632E-9   
  4265.0       2.5051432E-9   
  4270.0       2.4504418E-9   
  4275.0       2.4313724E-9   
  4280.0       2.4323108E-9   
  4285.0       2.38199E-9     
  4290.0       2.3281508E-9   
  4295.0       2.2122648E-9   
  4300.0       1.9939534E-9   
  4305.0       1.8114608E-9   
  4310.0       1.89378E-9     
  4315.0       2.3488522E-9   
  4320.0       2.681224E-9    
  4325.0       2.714981E-9    
  4330.0       2.754578E-9    
  4335.0       2.7575715E-9   
  4340.0       2.7300855E-9   
  4345.0       2.825345E-9    
  4350.0       2.8691958E-9   
  4355.0       2.9099954E-9   
  4360.0       3.013673E-9    
  4365.0       3.0643217E-9   
  4370.0       2.9975955E-9   
  4375.0       2.8690337E-9   
  4380.0       2.6925542E-9   
  4385.0       2.5324847E-9   
  4390.0       2.5748765E-9   
  4395.0       2.7137306E-9   
  4400.0       2.8002058E-9   
  4405.0       2.7979767E-9   
  4410.0       2.8720448E-9   
  4415.0       2.9508704E-9   
  4420.0       3.0098395E-9   
  4425.0       3.015867E-9    
  4430.0       2.9809188E-9   
  4435.0       2.9735738E-9   
  4440.0       3.0432201E-9   
  4445.0       3.1330731E-9   
  4450.0       3.1560254E-9   
  4455.0       3.0287906E-9   
  4460.0       2.920597E-9    
  4465.0       2.9953062E-9   
  4470.0       3.1499314E-9   
  4475.0       3.3113952E-9   
  4480.0       3.3891892E-9   
  4485.0       3.39137E-9     
  4490.0       3.3216705E-9   
  4495.0       3.2821108E-9   
  4500.0       3.3826333E-9   
  4505.0       3.5337215E-9   
  4510.0       3.6022725E-9   
  4515.0       3.5744983E-9   
  4520.0       3.4560557E-9   
  4525.0       3.2522085E-9   
  4530.0       3.1243301E-9   
  4535.0       3.1639946E-9   
  4540.0       3.2432235E-9   
  4545.0       3.2495997E-9   
  4550.0       3.2587866E-9   
  4555.0       3.334018E-9    
  4560.0       3.4015257E-9   
  4565.0       3.4112737E-9   
  4570.0       3.4347647E-9   
  4575.0       3.430028E-9    
  4580.0       3.3836698E-9   
  4585.0       3.3876473E-9   
  4590.0       3.3748424E-9   
  4595.0       3.3415832E-9   
  4600.0       3.3681997E-9   
  4605.0       3.4783663E-9   
  4610.0       3.6012442E-9   
  4615.0       3.6503554E-9   
  4620.0       3.6984358E-9   
  4625.0       3.725673E-9    
  4630.0       3.692519E-9    
  4635.0       3.589959E-9    
  4640.0       3.479109E-9    
  4645.0       3.3747156E-9   
  4650.0       3.3828704E-9   
  4655.0       3.4696979E-9   
  4660.0       3.5234633E-9   
  4665.0       3.4061725E-9   
  4670.0       3.3412646E-9   
  4675.0       3.3819674E-9   
  4680.0       3.458221E-9    
  4685.0       3.5074093E-9   
  4690.0       3.4974428E-9   
  4695.0       3.4758547E-9   
  4700.0       3.414064E-9    
  4705.0       3.3587502E-9   
  4710.0       3.3772558E-9   
  4715.0       3.4933647E-9   
  4720.0       3.5749228E-9   
  4725.0       3.5410481E-9   
  4730.0       3.4673326E-9   
  4735.0       3.5060101E-9   
  4740.0       3.591123E-9    
  4745.0       3.6818861E-9   
  4750.0       3.7082524E-9   
  4755.0       3.6892112E-9   
  4760.0       3.6528165E-9   
  4765.0       3.5582952E-9   
  4770.0       3.5591616E-9   
  4775.0       3.671911E-9    
  4780.0       3.752919E-9    
  4785.0       3.7224253E-9   
  4790.0       3.6765255E-9   
  4795.0       3.682511E-9    
  4800.0       3.7153738E-9   
  4805.0       3.7242442E-9   
  4810.0       3.7341534E-9   
  4815.0       3.8049293E-9   
  4820.0       3.8289123E-9   
  4825.0       3.7589016E-9   
  4830.0       3.696253E-9    
  4835.0       3.7028502E-9   
  4840.0       3.687549E-9    
  4845.0       3.7019396E-9   
  4850.0       3.6344574E-9   
  4855.0       3.42431E-9     
  4860.0       3.2219856E-9   
  4865.0       3.2402614E-9   
  4870.0       3.332194E-9    
  4875.0       3.4518879E-9   
  4880.0       3.5345313E-9   
  4885.0       3.4778285E-9   
  4890.0       3.5015155E-9   
  4895.0       3.6749621E-9   
  4900.0       3.767902E-9    
  4905.0       3.7631014E-9   
  4910.0       3.658842E-9    
  4915.0       3.5774774E-9   
  4920.0       3.4621346E-9   
  4925.0       3.558608E-9    
  4930.0       3.6687142E-9   
  4935.0       3.6027188E-9   
  4940.0       3.6042502E-9   
  4945.0       3.7534735E-9   
  4950.0       3.843609E-9    
  4955.0       3.7970436E-9   
  4960.0       3.744299E-9    
  4965.0       3.725619E-9    
  4970.0       3.7046937E-9   
  4975.0       3.697794E-9    
  4980.0       3.6035335E-9   
  4985.0       3.5526337E-9   
  4990.0       3.577167E-9    
  4995.0       3.585987E-9    
  5000.0       3.5394514E-9   
  5005.0       3.4566958E-9   
  5010.0       3.4057428E-9   
  5015.0       3.3344412E-9   
  5020.0       3.3553553E-9   
  5025.0       3.4451624E-9   
  5030.0       3.5198366E-9   
  5035.0       3.5035919E-9   
  5040.0       3.435496E-9    
  5045.0       3.5084495E-9   
  5050.0       3.5913306E-9   
  5055.0       3.6937449E-9   
  5060.0       3.7599506E-9   
  5065.0       3.6848706E-9   
  5070.0       3.6035142E-9   
  5075.0       3.5441594E-9   
  5080.0       3.485106E-9    
  5085.0       3.5664327E-9   
  5090.0       3.6714707E-9   
  5095.0       3.6703258E-9   
  5100.0       3.585467E-9    
  5105.0       3.5622847E-9   
  5110.0       3.573992E-9    
  5115.0       3.664913E-9    
  5120.0       3.6464756E-9   
  5125.0       3.5078305E-9   
  5130.0       3.4764118E-9   
  5135.0       3.4912E-9      
  5140.0       3.4590455E-9   
  5145.0       3.4376078E-9   
  5150.0       3.4422005E-9   
  5155.0       3.4988E-9      
  5160.0       3.4664671E-9   
  5165.0       3.1805376E-9   
  5170.0       3.040083E-9    
  5175.0       3.2374727E-9   
  5180.0       3.3521372E-9   
  5185.0       3.2920406E-9   
  5190.0       3.3257197E-9   
  5195.0       3.3904086E-9   
  5200.0       3.4684304E-9   
  5205.0       3.4417966E-9   
  5210.0       3.4627274E-9   
  5215.0       3.5197054E-9   
  5220.0       3.5055647E-9   
  5225.0       3.4101584E-9   
  5230.0       3.4212286E-9   
  5235.0       3.5487018E-9   
  5240.0       3.6476697E-9   
  5245.0       3.6273073E-9   
  5250.0       3.5650967E-9   
  5255.0       3.5671566E-9   
  5260.0       3.4790673E-9   
  5265.0       3.2309744E-9   
  5270.0       3.1557998E-9   
  5275.0       3.3287624E-9   
  5280.0       3.5442291E-9   
  5285.0       3.6931935E-9   
  5290.0       3.768332E-9    
  5295.0       3.6653611E-9   
  5300.0       3.6205485E-9   
  5305.0       3.7375343E-9   
  5310.0       3.8245385E-9   
  5315.0       3.81077E-9     
  5320.0       3.6969894E-9   
  5325.0       3.5325614E-9   
  5330.0       3.4984469E-9   
  5335.0       3.5905703E-9   
  5340.0       3.637103E-9    
  5345.0       3.6793275E-9   
  5350.0       3.7401673E-9   
  5355.0       3.8624015E-9   
  5360.0       3.86023E-9     
  5365.0       3.725968E-9    
  5370.0       3.634192E-9    
  5375.0       3.7119408E-9   
  5380.0       3.7533594E-9   
  5385.0       3.73323E-9     
  5390.0       3.641176E-9    
  5395.0       3.548862E-9    
  5400.0       3.491175E-9    
  5405.0       3.4558358E-9   
  5410.0       3.5173464E-9   
  5415.0       3.6458483E-9   
  5420.0       3.6885877E-9   
  5425.0       3.6704617E-9   
  5430.0       3.598712E-9    
  5435.0       3.5939443E-9   
  5440.0       3.6825698E-9   
  5445.0       3.6780012E-9   
  5450.0       3.7125067E-9   
  5455.0       3.714839E-9    
  5460.0       3.7454524E-9   
  5465.0       3.7095138E-9   
  5470.0       3.655251E-9    
  5475.0       3.5692354E-9   
  5480.0       3.541858E-9    
  5485.0       3.599652E-9    
  5490.0       3.645493E-9    
  5495.0       3.6883245E-9   
  5500.0       3.6846326E-9   
  5505.0       3.6426977E-9   
  5510.0       3.6087164E-9   
  5515.0       3.6459886E-9   
  5520.0       3.7159005E-9   
  5525.0       3.687893E-9    
  5530.0       3.6615286E-9   
  5535.0       3.6624905E-9   
  5540.0       3.6936656E-9   
  5545.0       3.726048E-9    
  5550.0       3.776519E-9    
  5555.0       3.7513774E-9   
  5560.0       3.7095462E-9   
  5565.0       3.6577303E-9   
  5570.0       3.6334575E-9   
  5575.0       3.6536838E-9   
  5580.0       3.648901E-9    
  5585.0       3.546607E-9    
  5590.0       3.4750631E-9   
  5595.0       3.5142875E-9   
  5600.0       3.5528254E-9   
  5605.0       3.654951E-9    
  5610.0       3.729372E-9    
  5615.0       3.6466878E-9   
  5620.0       3.6128331E-9   
  5625.0       3.6237635E-9   
  5630.0       3.6691084E-9   
  5635.0       3.6571128E-9   
  5640.0       3.6317194E-9   
  5645.0       3.6485883E-9   
  5650.0       3.6427668E-9   
  5655.0       3.5660381E-9   
  5660.0       3.502467E-9    
  5665.0       3.5548529E-9   
  5670.0       3.6468435E-9   
  5675.0       3.7126462E-9   
  5680.0       3.699927E-9    
  5685.0       3.6458512E-9   
  5690.0       3.627266E-9    
  5695.0       3.6126813E-9   
  5700.0       3.5516496E-9   
  5705.0       3.48084E-9     
  5710.0       3.4521273E-9   
  5715.0       3.5681589E-9   
  5720.0       3.6932393E-9   
  5725.0       3.7590286E-9   
  5730.0       3.7559897E-9   
  5735.0       3.7634424E-9   
  5740.0       3.749476E-9    
  5745.0       3.708069E-9    
  5750.0       3.6611378E-9   
  5755.0       3.6268797E-9   
  5760.0       3.6247343E-9   
  5765.0       3.6797956E-9   
  5770.0       3.727919E-9    
  5775.0       3.6948742E-9   
  5780.0       3.5856285E-9   
  5785.0       3.5232752E-9   
  5790.0       3.5702905E-9   
  5795.0       3.6336767E-9   
  5800.0       3.6870687E-9   
  5805.0       3.6794188E-9   
  5810.0       3.6854169E-9   
  5815.0       3.7181638E-9   
  5820.0       3.7859955E-9   
  5825.0       3.8297294E-9   
  5830.0       3.8296393E-9   
  5835.0       3.807115E-9    
  5840.0       3.808696E-9    
  5845.0       3.7727976E-9   
  5850.0       3.7050407E-9   
  5855.0       3.6400991E-9   
  5860.0       3.6428836E-9   
  5865.0       3.7078234E-9   
  5870.0       3.775974E-9    
  5875.0       3.785909E-9    
  5880.0       3.7190386E-9   
  5885.0       3.5627647E-9   
  5890.0       3.3571703E-9   
  5895.0       3.3463015E-9   
  5900.0       3.4658643E-9   
  5905.0       3.5817964E-9   
  5910.0       3.651651E-9    
  5915.0       3.661012E-9    
  5920.0       3.676364E-9    
  5925.0       3.6766636E-9   
  5930.0       3.6700019E-9   
  5935.0       3.6818608E-9   
  5940.0       3.6810306E-9   
  5945.0       3.651361E-9    
  5950.0       3.621757E-9    
  5955.0       3.6269923E-9   
  5960.0       3.6689212E-9   
  5965.0       3.6947063E-9   
  5970.0       3.6995567E-9   
  5975.0       3.655183E-9    
  5980.0       3.6230263E-9   
  5985.0       3.5880552E-9   
  5990.0       3.6039352E-9   
  5995.0       3.6329417E-9   
  6000.0       3.6135155E-9   
  6005.0       3.5672627E-9   
  6010.0       3.543574E-9    
  6015.0       3.5330596E-9   
  6020.0       3.5371597E-9   
  6025.0       3.5782297E-9   
  6030.0       3.6275276E-9   
  6035.0       3.6615557E-9   
  6040.0       3.6723722E-9   
  6045.0       3.6942167E-9   
  6050.0       3.6817758E-9   
  6055.0       3.6446668E-9   
  6060.0       3.6303678E-9   
  6065.0       3.6263765E-9   
  6070.0       3.6520127E-9   
  6075.0       3.6235697E-9   
  6080.0       3.5627834E-9   
  6085.0       3.5448564E-9   
  6090.0       3.5460568E-9   
  6095.0       3.54639E-9     
  6100.0       3.5295744E-9   
  6105.0       3.5444745E-9   
  6110.0       3.5833019E-9   
  6115.0       3.577084E-9    
  6120.0       3.5389025E-9   
  6125.0       3.536265E-9    
  6130.0       3.5206857E-9   
  6135.0       3.4448704E-9   
  6140.0       3.4552519E-9   
  6145.0       3.5087702E-9   
  6150.0       3.5168894E-9   
  6155.0       3.4804262E-9   
  6160.0       3.4061913E-9   
  6165.0       3.3860412E-9   
  6170.0       3.426862E-9    
  6175.0       3.486988E-9    
  6180.0       3.5364958E-9   
  6185.0       3.5231593E-9   
  6190.0       3.4915437E-9   
  6195.0       3.528903E-9    
  6200.0       3.5684509E-9   
  6205.0       3.590097E-9    
  6210.0       3.550797E-9    
  6215.0       3.480481E-9    
  6220.0       3.4498573E-9   
  6225.0       3.4487937E-9   
  6230.0       3.435252E-9    
  6235.0       3.4647463E-9   
  6240.0       3.4492922E-9   
  6245.0       3.4216423E-9   
  6250.0       3.399695E-9    
  6255.0       3.35396E-9     
  6260.0       3.3993004E-9   
  6265.0       3.4553387E-9   
  6270.0       3.4864711E-9   
  6275.0       3.4533472E-9   
  6280.0       3.4123364E-9   
  6285.0       3.4701546E-9   
  6290.0       3.4916423E-9   
  6295.0       3.4473744E-9   
  6300.0       3.4080536E-9   
  6305.0       3.4425103E-9   
  6310.0       3.4384686E-9   
  6315.0       3.372091E-9    
  6320.0       3.3745158E-9   
  6325.0       3.4504257E-9   
  6330.0       3.4803194E-9   
  6335.0       3.4478331E-9   
  6340.0       3.436808E-9    
  6345.0       3.45284E-9     
  6350.0       3.4717988E-9   
  6355.0       3.4305554E-9   
  6360.0       3.3858767E-9   
  6365.0       3.4220764E-9   
  6370.0       3.4869814E-9   
  6375.0       3.5023728E-9   
  6380.0       3.500359E-9    
  6385.0       3.5051482E-9   
  6390.0       3.4855625E-9   
  6395.0       3.4655645E-9   
  6400.0       3.4440473E-9   
  6405.0       3.442993E-9    
  6410.0       3.4320575E-9   
  6415.0       3.4289434E-9   
  6420.0       3.4191876E-9   
  6425.0       3.4547682E-9   
  6430.0       3.4589127E-9   
  6435.0       3.4535002E-9   
  6440.0       3.4522953E-9   
  6445.0       3.4461498E-9   
  6450.0       3.4051533E-9   
  6455.0       3.4060548E-9   
  6460.0       3.403479E-9    
  6465.0       3.411695E-9    
  6470.0       3.4188974E-9   
  6475.0       3.4216687E-9   
  6480.0       3.4146148E-9   
  6485.0       3.410882E-9    
  6490.0       3.3357155E-9   
  6495.0       3.217387E-9    
  6500.0       3.290613E-9    
  6505.0       3.4057943E-9   
  6510.0       3.4707586E-9   
  6515.0       3.4583123E-9   
  6520.0       3.449197E-9    
  6525.0       3.461169E-9    
  6530.0       3.4514385E-9   
  6535.0       3.4642025E-9   
  6540.0       3.4682228E-9   
  6545.0       3.4415566E-9   
  6550.0       3.3864245E-9   
  6555.0       3.2579044E-9   
  6560.0       3.0550475E-9   
  6565.0       3.1148313E-9   
  6570.0       3.2527216E-9   
  6575.0       3.3220153E-9   
  6580.0       3.384784E-9    
  6585.0       3.406683E-9    
  6590.0       3.3891292E-9   
  6595.0       3.3704104E-9   
  6600.0       3.3934302E-9   
  6605.0       3.3863898E-9   
  6610.0       3.3935326E-9   
  6615.0       3.4382923E-9   
  6620.0       3.4552086E-9   
  6625.0       3.4355998E-9   
  6630.0       3.3865413E-9   
  6635.0       3.3589482E-9   
  6640.0       3.3565273E-9   
  6645.0       3.372437E-9    
  6650.0       3.4033019E-9   
  6655.0       3.4117116E-9   
  6660.0       3.3770082E-9   
  6665.0       3.3544205E-9   
  6670.0       3.3727887E-9   
  6675.0       3.3649663E-9   
  6680.0       3.3762415E-9   
  6685.0       3.4025998E-9   
  6690.0       3.3980159E-9   
  6695.0       3.3647185E-9   
  6700.0       3.338085E-9    
  6705.0       3.3273866E-9   
  6710.0       3.316111E-9    
  6715.0       3.2935983E-9   
  6720.0       3.3127048E-9   
  6725.0       3.3315515E-9   
  6730.0       3.336687E-9    
  6735.0       3.323492E-9    
  6740.0       3.307044E-9    
  6745.0       3.2967145E-9   
  6750.0       3.3012781E-9   
  6755.0       3.32811E-9     
  6760.0       3.3508591E-9   
  6765.0       3.3329877E-9   
  6770.0       3.312912E-9    
  6775.0       3.3416632E-9   
  6780.0       3.3449967E-9   
  6785.0       3.3177439E-9   
  6790.0       3.3152483E-9   
  6795.0       3.3093692E-9   
  6800.0       3.3112262E-9   
  6805.0       3.297036E-9    
  6810.0       3.2893304E-9   
  6815.0       3.2985832E-9   
  6820.0       3.304181E-9    
  6825.0       3.3125829E-9   
  6830.0       3.3050647E-9   
  6835.0       3.2798038E-9   
  6840.0       3.2695124E-9   
  6845.0       3.2832372E-9   
  6850.0       3.297003E-9    
  6855.0       3.2908714E-9   
  6860.0       3.2925935E-9   
  6865.0       3.3026128E-9   
  6870.0       3.292954E-9    
  6875.0       3.27226E-9     
  6880.0       3.2735044E-9   
  6885.0       3.2898912E-9   
  6890.0       3.310779E-9    
  6895.0       3.3161065E-9   
  6900.0       3.312193E-9    
  6905.0       3.3018317E-9   
  6910.0       3.2846226E-9   
  6915.0       3.2694232E-9   
  6920.0       3.271678E-9    
  6925.0       3.2638472E-9   
  6930.0       3.2618555E-9   
  6935.0       3.2564489E-9   
  6940.0       3.2437388E-9   
  6945.0       3.2252847E-9   
  6950.0       3.2170675E-9   
  6955.0       3.21796E-9     
  6960.0       3.2356868E-9   
  6965.0       3.2511134E-9   
  6970.0       3.2360954E-9   
  6975.0       3.1430378E-9   
  6980.0       3.1036131E-9   
  6985.0       3.140129E-9    
  6990.0       3.1631024E-9   
  6995.0       3.1613259E-9   
  7000.0       3.1382978E-9   
  7005.0       3.1305876E-9   
  7010.0       3.1289142E-9   
  7015.0       3.0838618E-9   
  7020.0       3.0798837E-9   
  7025.0       3.079487E-9    
  7030.0       3.1132188E-9   
  7035.0       3.1343712E-9   
  7040.0       3.1525758E-9   
  7045.0       3.176994E-9    
  7050.0       3.1717553E-9   
  7055.0       3.1487197E-9   
  7060.0       3.1442673E-9   
  7065.0       3.141854E-9    
  7070.0       3.1543033E-9   
  7075.0       3.186485E-9    
  7080.0       3.1847598E-9   
  7085.0       3.137243E-9    
  7090.0       3.1167051E-9   
  7095.0       3.1383938E-9   
  7100.0       3.146667E-9    
  7105.0       3.1177816E-9   
  7110.0       3.0831788E-9   
  7115.0       3.0879628E-9   
  7120.0       3.0809129E-9   
  7125.0       3.0759109E-9   
  7130.0       3.0663025E-9   
  7135.0       3.0940508E-9   
  7140.0       3.114475E-9    
  7145.0       3.0855043E-9   
  7150.0       3.0715912E-9   
  7155.0       3.0868992E-9   
  7160.0       3.0820393E-9   
  7165.0       3.049511E-9    
  7170.0       3.0568665E-9   
  7175.0       3.0377267E-9   
  7180.0       2.9933531E-9   
  7185.0       2.9488252E-9   
  7190.0       2.9420235E-9   
  7195.0       2.9676186E-9   
  7200.0       2.9856229E-9   
  7205.0       2.9899467E-9   
  7210.0       3.0141691E-9   
  7215.0       3.0490226E-9   
  7220.0       3.050314E-9    
  7225.0       3.0443417E-9   
  7230.0       3.0430882E-9   
  7235.0       3.0255494E-9   
  7240.0       3.0179745E-9   
  7245.0       3.030697E-9    
  7250.0       3.0430403E-9   
  7255.0       3.0488965E-9   
  7260.0       3.0336271E-9   
  7265.0       3.0430163E-9   
  7270.0       3.0380283E-9   
  7275.0       2.996786E-9    
  7280.0       2.9798535E-9   
  7285.0       2.953993E-9    
  7290.0       2.9268923E-9   
  7295.0       2.9618408E-9   
  7300.0       2.972512E-9    
  7305.0       2.9650313E-9   
  7310.0       2.9787361E-9   
  7315.0       3.003102E-9    
  7320.0       2.998691E-9    
  7325.0       2.9787992E-9   
  7330.0       2.9778666E-9   
  7335.0       2.9956724E-9   
  7340.0       3.0184835E-9   
  7345.0       3.0089822E-9   
  7350.0       2.983475E-9    
  7355.0       2.9574434E-9   
  7360.0       2.9640719E-9   
  7365.0       2.97899E-9     
  7370.0       2.9971488E-9   
  7375.0       3.0053628E-9   
  7380.0       2.985493E-9    
  7385.0       2.9259282E-9   
  7390.0       2.8977938E-9   
  7395.0       2.9282057E-9   
  7400.0       2.9429772E-9   
  7405.0       2.9393108E-9   
  7410.0       2.9032288E-9   
  7415.0       2.8873037E-9   
  7420.0       2.9006855E-9   
  7425.0       2.9740828E-9   
  7430.0       3.0079874E-9   
  7435.0       3.0021587E-9   
  7440.0       2.9655567E-9   
  7445.0       2.9370144E-9   
  7450.0       2.9492786E-9   
  7455.0       2.9727867E-9   
  7460.0       2.9680893E-9   
  7465.0       2.985641E-9    
  7470.0       2.9868619E-9   
  7475.0       2.9605687E-9   
  7480.0       2.9437344E-9   
  7485.0       2.9397038E-9   
  7490.0       2.9299567E-9   
  7495.0       2.9133165E-9   
  7500.0       2.9260392E-9   
  7505.0       2.9150435E-9   
  7510.0       2.9030547E-9   
  7515.0       2.924745E-9    
  7520.0       2.93725E-9     
  7525.0       2.930454E-9    
  7530.0       2.9363247E-9   
  7535.0       2.9556042E-9   
  7540.0       2.9577287E-9   
  7545.0       2.9455822E-9   
  7550.0       2.9390295E-9   
  7555.0       2.9300837E-9   
  7560.0       2.9311336E-9   
  7565.0       2.9332332E-9   
  7570.0       2.9308587E-9   
  7575.0       2.937504E-9    
  7580.0       2.9368554E-9   
  7585.0       2.9197065E-9   
  7590.0       2.9029503E-9   
  7595.0       2.873107E-9    
  7600.0       2.8371399E-9   
  7605.0       2.8179454E-9   
  7610.0       2.8235823E-9   
  7615.0       2.8184663E-9   
  7620.0       2.8140579E-9   
  7625.0       2.8357623E-9   
  7630.0       2.8549016E-9   
  7635.0       2.8573683E-9   
  7640.0       2.8545664E-9   
  7645.0       2.8567713E-9   
  7650.0       2.8526534E-9   
  7655.0       2.8428802E-9   
  7660.0       2.8265614E-9   
  7665.0       2.836154E-9    
  7670.0       2.8619462E-9   
  7675.0       2.868602E-9    
  7680.0       2.8694886E-9   
  7685.0       2.8751717E-9   
  7690.0       2.8738727E-9   
  7695.0       2.8635236E-9   
  7700.0       2.8547371E-9   
  7705.0       2.8391027E-9   
  7710.0       2.8068086E-9   
  7715.0       2.7894789E-9   
  7720.0       2.8012925E-9   
  7725.0       2.8109888E-9   
  7730.0       2.823445E-9    
  7735.0       2.8348968E-9   
  7740.0       2.8195393E-9   
  7745.0       2.767146E-9    
  7750.0       2.7515341E-9   
  7755.0       2.8021745E-9   
  7760.0       2.8377094E-9   
  7765.0       2.8487912E-9   
  7770.0       2.826559E-9    
  7775.0       2.797606E-9    
  7780.0       2.776705E-9    
  7785.0       2.7844418E-9   
  7790.0       2.7992373E-9   
  7795.0       2.8048834E-9   
  7800.0       2.79804E-9     
  7805.0       2.7923508E-9   
  7810.0       2.7891558E-9   
  7815.0       2.8110665E-9   
  7820.0       2.8260525E-9   
  7825.0       2.8255411E-9   
  7830.0       2.7980502E-9   
  7835.0       2.7723923E-9   
  7840.0       2.7810398E-9   
  7845.0       2.7793783E-9   
  7850.0       2.7752511E-9   
  7855.0       2.7842906E-9   
  7860.0       2.797781E-9    
  7865.0       2.7865128E-9   
  7870.0       2.7603093E-9   
  7875.0       2.7307572E-9   
  7880.0       2.7120548E-9   
  7885.0       2.724266E-9    
  7890.0       2.7171612E-9   
  7895.0       2.6879148E-9   
  7900.0       2.6765046E-9   
  7905.0       2.671407E-9    
  7910.0       2.6437923E-9   
  7915.0       2.6236162E-9   
  7920.0       2.625099E-9    
  7925.0       2.634439E-9    
  7930.0       2.631698E-9    
  7935.0       2.6196014E-9   
  7940.0       2.610355E-9    
  7945.0       2.615119E-9    
  7950.0       2.6423834E-9   
  7955.0       2.6611693E-9   
  7960.0       2.6765565E-9   
  7965.0       2.6906346E-9   
  7970.0       2.6990972E-9   
  7975.0       2.7047127E-9   
  7980.0       2.706023E-9    
  7985.0       2.7020075E-9   
  7990.0       2.6947384E-9   
  7995.0       2.6633344E-9   
  8000.0       2.6449407E-9   
  8005.0       2.6587768E-9   
  8010.0       2.673823E-9    
  8015.0       2.6906002E-9   
  8020.0       2.680647E-9    
  8025.0       2.645003E-9    
  8030.0       2.642646E-9    
  8035.0       2.673618E-9    
  8040.0       2.6708324E-9   
  8045.0       2.6275768E-9   
  8050.0       2.6176357E-9   
  8055.0       2.650242E-9    
  8060.0       2.6686249E-9   
  8065.0       2.6605913E-9   
  8070.0       2.6266425E-9   
  8075.0       2.6051956E-9   
  8080.0       2.5940101E-9   
  8085.0       2.583565E-9    
  8090.0       2.5662785E-9   
  8095.0       2.5463753E-9   
  8100.0       2.5498172E-9   
  8105.0       2.5534894E-9   
  8110.0       2.559682E-9    
  8115.0       2.5630034E-9   
  8120.0       2.574797E-9    
  8125.0       2.5797857E-9   
  8130.0       2.5729194E-9   
  8135.0       2.5646463E-9   
  8140.0       2.541773E-9    
  8145.0       2.5234872E-9   
  8150.0       2.5263103E-9   
  8155.0       2.5415243E-9   
  8160.0       2.5328342E-9   
  8165.0       2.513826E-9    
  8170.0       2.494724E-9    
  8175.0       2.479524E-9    
  8180.0       2.474693E-9    
  8185.0       2.4749502E-9   
  8190.0       2.4637596E-9   
  8195.0       2.4335491E-9   
  8200.0       2.4589464E-9   
  8205.0       2.5066071E-9   
  8210.0       2.5330331E-9   
  8215.0       2.548906E-9    
  8220.0       2.533631E-9    
  8225.0       2.4832443E-9   
  8230.0       2.453695E-9    
  8235.0       2.4880804E-9   
  8240.0       2.5224938E-9   
  8245.0       2.554947E-9    
  8250.0       2.567854E-9    
  8255.0       2.5578464E-9   
  8260.0       2.5637694E-9   
  8265.0       2.5658036E-9   
  8270.0       2.5435778E-9   
  8275.0       2.4982219E-9   
  8280.0       2.4860454E-9   
  8285.0       2.4742184E-9   
  8290.0       2.46924E-9     
  8295.0       2.4791433E-9   
  8300.0       2.481418E-9    
  8305.0       2.4799836E-9   
  8310.0       2.4821174E-9   
  8315.0       2.4909101E-9   
  8320.0       2.4840747E-9   
  8325.0       2.4636322E-9   
  8330.0       2.4389204E-9   
  8335.0       2.436026E-9    
  8340.0       2.447582E-9    
  8345.0       2.4613496E-9   
  8350.0       2.483981E-9    
  8355.0       2.5001756E-9   
  8360.0       2.505768E-9    
  8365.0       2.5024887E-9   
  8370.0       2.5031925E-9   
  8375.0       2.494407E-9    
  8380.0       2.4751323E-9   
  8385.0       2.4429962E-9   
  8390.0       2.4598124E-9   
  8395.0       2.4933453E-9   
  8400.0       2.502121E-9    
  8405.0       2.5028746E-9   
  8410.0       2.4913371E-9   
  8415.0       2.4808826E-9   
  8420.0       2.4640796E-9   
  8425.0       2.4526419E-9   
  8430.0       2.4610216E-9   
  8435.0       2.4386224E-9   
  8440.0       2.4389406E-9   
  8445.0       2.4587177E-9   
  8450.0       2.4878595E-9   
  8455.0       2.51124E-9     
  8460.0       2.5094082E-9   
  8465.0       2.48545E-9     
  8470.0       2.4714653E-9   
  8475.0       2.486959E-9    
  8480.0       2.500768E-9    
  8485.0       2.492054E-9    
  8490.0       2.4242521E-9   
  8495.0       2.250582E-9    
  8500.0       2.2153301E-9   
  8505.0       2.3179942E-9   
  8510.0       2.3703726E-9   
  8515.0       2.365943E-9    
  8520.0       2.3718274E-9   
  8525.0       2.3589617E-9   
  8530.0       2.314893E-9    
  8535.0       2.1733897E-9   
  8540.0       1.9421083E-9   
  8545.0       1.91741E-9     
  8550.0       2.0661393E-9   
  8555.0       2.2222881E-9   
  8560.0       2.34026E-9     
  8565.0       2.393514E-9    
  8570.0       2.3821742E-9   
  8575.0       2.370874E-9    
  8580.0       2.3634998E-9   
  8585.0       2.3590983E-9   
  8590.0       2.357434E-9    
  8595.0       2.3436595E-9   
  8600.0       2.351853E-9    
  8605.0       2.3647302E-9   
  8610.0       2.3695879E-9   
  8615.0       2.3761078E-9   
  8620.0       2.3801576E-9   
  8625.0       2.4009217E-9   
  8630.0       2.4232154E-9   
  8635.0       2.4355065E-9   
  8640.0       2.433464E-9    
  8645.0       2.3993962E-9   
  8650.0       2.3508562E-9   
  8655.0       2.2525517E-9   
  8660.0       2.0509618E-9   
  8665.0       2.000939E-9    
  8670.0       2.0970412E-9   
  8675.0       2.2112734E-9   
  8680.0       2.3153366E-9   
  8685.0       2.342314E-9    
  8690.0       2.3611961E-9   
  8695.0       2.4179752E-9   
  8700.0       2.3931042E-9   
  8705.0       2.4119828E-9   
  8710.0       2.4185032E-9   
  8715.0       2.4384519E-9   
  8720.0       2.4535738E-9   
  8725.0       2.4371778E-9   
  8730.0       2.4220357E-9   
  8735.0       2.420946E-9    
  8740.0       2.4116882E-9   
  8745.0       2.3940028E-9   
  8750.0       2.3620497E-9   
  8755.0       2.3405957E-9   
  8760.0       2.337717E-9    
  8765.0       2.3311184E-9   
  8770.0       2.3182507E-9   
  8775.0       2.3355018E-9   
  8780.0       2.3528675E-9   
  8785.0       2.3460374E-9   
  8790.0       2.3207214E-9   
  8795.0       2.320887E-9    
  8800.0       2.3145486E-9   
  8805.0       2.2850235E-9   
  8810.0       2.3353324E-9   
  8815.0       2.3773885E-9   
  8820.0       2.367614E-9    
  8825.0       2.3634228E-9   
  8830.0       2.3811555E-9   
  8835.0       2.3676274E-9   
  8840.0       2.3596138E-9   
  8845.0       2.3766444E-9   
  8850.0       2.3723181E-9   
  8855.0       2.3445623E-9   
  8860.0       2.2982618E-9   
  8865.0       2.273322E-9    
  8870.0       2.2916302E-9   
  8875.0       2.2842686E-9   
  8880.0       2.2784648E-9   
  8885.0       2.295462E-9    
  8890.0       2.3019506E-9   
  8895.0       2.3094904E-9   
  8900.0       2.3264963E-9   
  8905.0       2.333902E-9    
  8910.0       2.328609E-9    
  8915.0       2.3056472E-9   
  8920.0       2.2922828E-9   
  8925.0       2.2850193E-9   
  8930.0       2.2924012E-9   
  8935.0       2.2921132E-9   
  8940.0       2.2796218E-9   
  8945.0       2.263423E-9    
  8950.0       2.2766122E-9   
  8955.0       2.280985E-9    
  8960.0       2.2841584E-9   
  8965.0       2.2738258E-9   
  8970.0       2.2738258E-9   
  8975.0       2.2651099E-9   
  8980.0       2.259628E-9    
  8985.0       2.2452569E-9   
  8990.0       2.235919E-9    
  8995.0       2.2461184E-9   
  9000.0       2.2313427E-9   
  9005.0       2.2102973E-9   
  9010.0       2.1819733E-9   
  9015.0       2.1633981E-9   
  9020.0       2.1739828E-9   
  9025.0       2.1767022E-9   
  9030.0       2.1994206E-9   
  9035.0       2.2112947E-9   
  9040.0       2.206525E-9    
  9045.0       2.1969828E-9   
  9050.0       2.1851931E-9   
  9055.0       2.1842173E-9   
  9060.0       2.173646E-9    
  9065.0       2.1656992E-9   
  9070.0       2.1510207E-9   
  9075.0       2.1404303E-9   
  9080.0       2.1131488E-9   
  9085.0       2.1065476E-9   
  9090.0       2.0899877E-9   
  9095.0       2.0878939E-9   
  9100.0       2.0842688E-9   
  9105.0       2.091127E-9    
  9110.0       2.0893993E-9   
  9115.0       2.0840945E-9   
  9120.0       2.0884918E-9   
  9125.0       2.101569E-9    
  9130.0       2.0871904E-9   
  9135.0       2.0687796E-9   
  9140.0       2.0603346E-9   
  9145.0       2.051504E-9    
  9150.0       2.0429378E-9   
  9155.0       2.0415343E-9   
  9160.0       2.0650068E-9   
  9165.0       2.0641968E-9   
  9170.0       2.0442539E-9   
  9175.0       2.0450444E-9   
  9180.0       2.0554336E-9   
  9185.0       2.0546571E-9   
  9190.0       2.0506155E-9   
  9195.0       2.0422166E-9   
  9200.0       2.04411E-9     
  9205.0       2.0371396E-9   
  9210.0       2.0363542E-9   
  9215.0       2.0431161E-9   
  9220.0       2.0598603E-9   
  9225.0       2.0629816E-9   
  9230.0       2.0481248E-9   
  9235.0       2.0180455E-9   
  9240.0       1.9955326E-9   
  9245.0       1.9722368E-9   
  9250.0       1.9673334E-9   
  9255.0       1.9627058E-9   
  9260.0       1.9842925E-9   
  9265.0       2.011597E-9    
  9270.0       2.0292459E-9   
  9275.0       2.0340711E-9   
  9280.0       2.04032E-9     
  9285.0       2.0605273E-9   
  9290.0       2.0728155E-9   
  9295.0       2.0902258E-9   
  9300.0       2.0993578E-9   
  9305.0       2.0908766E-9   
  9310.0       2.0596747E-9   
  9315.0       2.0141637E-9   
  9320.0       1.998138E-9    
  9325.0       1.9966324E-9   
  9330.0       2.0109951E-9   
  9335.0       1.9998403E-9   
  9340.0       1.9631956E-9   
  9345.0       1.96899E-9     
  9350.0       1.9936566E-9   
  9355.0       1.9548387E-9   
  9360.0       1.9751165E-9   
  9365.0       1.994775E-9    
  9370.0       1.9996111E-9   
  9375.0       2.0187652E-9   
  9380.0       2.0182276E-9   
  9385.0       2.0473185E-9   
  9390.0       2.100418E-9    
  9395.0       2.1386484E-9   
  9400.0       2.1293955E-9   
  9405.0       2.1127686E-9   
  9410.0       2.0803392E-9   
  9415.0       2.0527267E-9   
  9420.0       2.0263697E-9   
  9425.0       1.9670239E-9   
  9430.0       1.940847E-9    
  9435.0       1.927973E-9    
  9440.0       1.891786E-9    
  9445.0       1.9276192E-9   
  9450.0       1.9766175E-9   
  9455.0       1.9651807E-9   
  9460.0       1.9739106E-9   
  9465.0       2.0088264E-9   
  9470.0       1.9957767E-9   
  9475.0       1.9716655E-9   
  9480.0       1.9592723E-9   
  9485.0       1.9899602E-9   
  9490.0       1.9928459E-9   
  9495.0       1.9395556E-9   
  9500.0       1.9316677E-9   
  9505.0       1.9920887E-9   
  9510.0       2.0300734E-9   
  9515.0       2.0046131E-9   
  9520.0       2.0076925E-9   
  9525.0       2.0273037E-9   
  9530.0       2.041736E-9    
  9535.0       2.0468887E-9   
  9540.0       2.0244655E-9   
  9545.0       1.988957E-9    
  9550.0       1.9880468E-9   
  9555.0       1.9597275E-9   
  9560.0       1.9304855E-9   
  9565.0       1.8779327E-9   
  9570.0       1.8741377E-9   
  9575.0       1.8936608E-9   
  9580.0       1.8906867E-9   
  9585.0       1.9024764E-9   
  9590.0       1.8965371E-9   
  9595.0       1.9195852E-9   
  9600.0       1.9222879E-9   
  9605.0       1.918808E-9    
  9610.0       1.92921E-9     
  9615.0       1.9413984E-9   
  9620.0       1.9347737E-9   
  9625.0       1.941646E-9    
  9630.0       1.9425574E-9   
  9635.0       1.923666E-9    
  9640.0       1.907743E-9    
  9645.0       1.9168735E-9   
  9650.0       1.9048514E-9   
  9655.0       1.8895412E-9   
  9660.0       1.8620927E-9   
  9665.0       1.8545108E-9   
  9670.0       1.8487298E-9   
  9675.0       1.8355403E-9   
  9680.0       1.8404274E-9   
  9685.0       1.8366457E-9   
  9690.0       1.8451156E-9   
  9695.0       1.8583274E-9   
  9700.0       1.8486285E-9   
  9705.0       1.8587956E-9   
  9710.0       1.8888424E-9   
  9715.0       1.8932576E-9   
  9720.0       1.9022173E-9   
  9725.0       1.8990542E-9   
  9730.0       1.8979456E-9   
  9735.0       1.8730317E-9   
  9740.0       1.8640525E-9   
  9745.0       1.8464603E-9   
  9750.0       1.8524202E-9   
  9755.0       1.84216E-9     
  9760.0       1.8483327E-9   
  9765.0       1.8547627E-9   
  9770.0       1.8490998E-9   
  9775.0       1.8401217E-9   
  9780.0       1.8465817E-9   
  9785.0       1.8338702E-9   
  9790.0       1.8614081E-9   
  9795.0       1.8832753E-9   
  9800.0       1.8903779E-9   
  9805.0       1.8782842E-9   
  9810.0       1.8660364E-9   
  9815.0       1.8584069E-9   
  9820.0       1.8553075E-9   
  9825.0       1.8660515E-9   
  9830.0       1.8705688E-9   
  9835.0       1.8837705E-9   
  9840.0       1.8634616E-9   
  9845.0       1.8449463E-9   
  9850.0       1.8300723E-9   
  9855.0       1.839955E-9    
  9860.0       1.860827E-9    
  9865.0       1.871837E-9    
  9870.0       1.8482084E-9   
  9875.0       1.8180308E-9   
  9880.0       1.7993363E-9   
  9885.0       1.8304374E-9   
  9890.0       1.8190872E-9   
  9895.0       1.8440856E-9   
  9900.0       1.8575074E-9   
  9905.0       1.8692654E-9   
  9910.0       1.8621343E-9   
  9915.0       1.8269818E-9   
  9920.0       1.8408263E-9   
  9925.0       1.8407021E-9   
  9930.0       1.8548224E-9   
  9935.0       1.8471167E-9   
  9940.0       1.8299604E-9   
  9945.0       1.8271484E-9   
  9950.0       1.8341298E-9   
  9955.0       1.9047512E-9   
  9960.0       1.845375E-9    
  9965.0       1.8192112E-9   
  9970.0       1.8385931E-9   
  9975.0       1.8221004E-9   
  9980.0       1.8391624E-9   
  9985.0       1.8334619E-9   
  9990.0       1.8309527E-9   
  9995.0       1.8407432E-9   
  10000.0      1.8221185E-9   
  10005.0      1.8094E-9      
  10010.0      1.8060595E-9   
  10015.0      1.8334416E-9   
  10020.0      1.873442E-9    
  10025.0      1.8222976E-9   
  10030.0      1.7761478E-9   
  10035.0      1.7610667E-9   
  10040.0      1.8044974E-9   
  10045.0      1.7896686E-9   
  10050.0      1.8022805E-9   
  10055.0      1.7943709E-9   
  10060.0      1.7989865E-9   
  10065.0      1.816399E-9    
  10070.0      1.7635428E-9   
  10075.0      1.7855541E-9   
  10080.0      1.8074479E-9   
  10085.0      1.799321E-9    
  10090.0      1.805427E-9    
  10095.0      1.757726E-9    
  10100.0      1.752722E-9    
  10105.0      1.7971797E-9   
  10110.0      1.8594327E-9   
  10115.0      1.8325051E-9   
  10120.0      1.8013894E-9   
  10125.0      1.8153133E-9   
  10130.0      1.7811056E-9   
  10135.0      1.7679433E-9   
  10140.0      1.7211452E-9   
  10145.0      1.7489783E-9   
  10150.0      1.7690451E-9   
  10155.0      1.7698002E-9   
  10160.0      1.7677467E-9   
  10165.0      1.765559E-9    
  10170.0      1.7632834E-9   
  10175.0      1.760951E-9    
  10180.0      1.758602E-9    
  10185.0      1.7562701E-9   
  10190.0      1.7539968E-9   
  10195.0      1.7518181E-9   
  10200.0      1.7497708E-9   
  10205.0      1.7478742E-9   
  10210.0      1.7461232E-9   
  10215.0      1.7445079E-9   
  10220.0      1.7430009E-9   
  10225.0      1.7415739E-9   
  10230.0      1.7402225E-9   
  10235.0      1.7389166E-9   
  10240.0      1.7376426E-9   
  10245.0      1.7363787E-9   
  10250.0      1.7351056E-9   
  10255.0      1.7338041E-9   
  10260.0      1.7324684E-9   
  10265.0      1.731102E-9    
  10270.0      1.7296967E-9   
  10275.0      1.7282566E-9   
  10280.0      1.7267782E-9   
  10285.0      1.7252599E-9   
  10290.0      1.7237028E-9   
  10295.0      1.7221075E-9   
  10300.0      1.7204599E-9   
  10305.0      1.71877E-9     
  10310.0      1.7170412E-9   
  10315.0      1.7152765E-9   
  10320.0      1.71347E-9     
  10325.0      1.7116373E-9   
  10330.0      1.7097815E-9   
  10335.0      1.7079002E-9   
  10340.0      1.7060029E-9   
  10345.0      1.7040847E-9   
  10350.0      1.7021571E-9   
  10355.0      1.7002284E-9   
  10360.0      1.6982972E-9   
  10365.0      1.6963753E-9   
  10370.0      1.6944703E-9   
  10375.0      1.6925874E-9   
  10380.0      1.690744E-9    
  10385.0      1.6889415E-9   
  10390.0      1.6871892E-9   
  10395.0      1.6854945E-9   
  10400.0      1.6838663E-9   
  10405.0      1.6823126E-9   
  10410.0      1.6808133E-9   
  10415.0      1.6793619E-9   
  10420.0      1.6779388E-9   
  10425.0      1.6765314E-9   
  10430.0      1.6751277E-9   
  10435.0      1.6737068E-9   
  10440.0      1.6722574E-9   
  10445.0      1.6707591E-9   
  10450.0      1.6692066E-9   
  10455.0      1.6675862E-9   
  10460.0      1.665893E-9    
  10465.0      1.6641446E-9   
  10470.0      1.6623466E-9   
  10475.0      1.6605015E-9   
  10480.0      1.6586226E-9   
  10485.0      1.6567192E-9   
  10490.0      1.6547936E-9   
  10495.0      1.6528563E-9   
  10500.0      1.650912E-9    
  10505.0      1.6489751E-9   
  10510.0      1.6470406E-9   
  10515.0      1.6451093E-9   
  10520.0      1.6431836E-9   
  10525.0      1.6412635E-9   
  10530.0      1.6393473E-9   
  10535.0      1.6374306E-9   
  10540.0      1.6355195E-9   
  10545.0      1.633611E-9    
  10550.0      1.631712E-9    
  10555.0      1.6298143E-9   
  10560.0      1.62792E-9     
  10565.0      1.6260293E-9   
  10570.0      1.6241464E-9   
  10575.0      1.6222633E-9   
  10580.0      1.6203852E-9   
  10585.0      1.6185173E-9   
  10590.0      1.616646E-9    
  10595.0      1.6147796E-9   
  10600.0      1.6129188E-9   
  10605.0      1.6110594E-9   
  10610.0      1.6092074E-9   
  10615.0      1.6073581E-9   
  10620.0      1.2042725E-9   
