# WAVELENGTH   FLUX           
  1150.0       7.070795E-11   
  1155.0       8.335938E-11   
  1160.0       6.236162E-11   
  1165.0       1.1872152E-11  
  1170.0       1.2056026E-12  
  1175.0       3.886586E-12   
  1180.0       6.450204E-13   
  1185.0       0.0            
  1190.0       0.0            
  1195.0       1.4345285E-12  
  1200.0       1.217076E-11   
  1205.0       3.4922343E-11  
  1210.0       9.452881E-11   
  1215.0       1.3870831E-10  
  1220.0       9.018107E-11   
  1225.0       2.6364286E-11  
  1230.0       7.55348E-12    
  1235.0       6.0709324E-12  
  1240.0       6.2815382E-12  
  1245.0       5.074876E-12   
  1250.0       6.9492385E-12  
  1255.0       6.1987316E-12  
  1260.0       4.558464E-12   
  1265.0       1.6707703E-12  
  1270.0       2.2420633E-12  
  1275.0       1.884608E-12   
  1280.0       2.9394247E-12  
  1285.0       9.0362104E-13  
  1290.0       7.622501E-14   
  1295.0       0.0            
  1300.0       3.1887562E-13  
  1305.0       2.1015334E-12  
  1310.0       1.5490374E-12  
  1315.0       6.97768E-13    
  1320.0       8.0768736E-13  
  1325.0       1.2365674E-13  
  1330.0       8.2257383E-13  
  1335.0       5.5658074E-12  
  1340.0       5.047343E-12   
  1345.0       3.1181039E-12  
  1350.0       3.1909523E-12  
  1355.0       4.8883224E-12  
  1360.0       4.7638586E-12  
  1365.0       8.237658E-13   
  1370.0       5.1718027E-13  
  1375.0       2.5218152E-12  
  1380.0       3.7811677E-12  
  1385.0       1.0831807E-12  
  1390.0       7.001352E-13   
  1395.0       2.5371081E-12  
  1400.0       4.1581961E-13  
  1405.0       3.8754124E-13  
  1410.0       2.5960486E-12  
  1415.0       2.540246E-12   
  1420.0       4.1505796E-12  
  1425.0       6.932629E-12   
  1430.0       5.961041E-12   
  1435.0       6.3387234E-12  
  1440.0       6.182885E-12   
  1445.0       5.0117696E-12  
  1450.0       4.8281236E-12  
  1455.0       6.948753E-12   
  1460.0       6.9642014E-12  
  1465.0       4.6265964E-12  
  1470.0       6.6077907E-12  
  1475.0       8.4184534E-12  
  1480.0       9.6837495E-12  
  1485.0       1.2232691E-11  
  1490.0       9.773131E-12   
  1495.0       1.0667753E-11  
  1500.0       1.318707E-11   
  1505.0       1.3632907E-11  
  1510.0       1.3275198E-11  
  1515.0       1.0808491E-11  
  1520.0       1.03356134E-11 
  1525.0       1.1788172E-11  
  1530.0       1.1532162E-11  
  1535.0       1.5488163E-11  
  1540.0       1.8176146E-11  
  1545.0       1.8695137E-11  
  1550.0       2.1954378E-11  
  1555.0       2.1685325E-11  
  1560.0       1.9794775E-11  
  1565.0       2.1510205E-11  
  1570.0       1.9535307E-11  
  1575.0       1.9538073E-11  
  1580.0       2.254824E-11   
  1585.0       2.365387E-11   
  1590.0       2.2522359E-11  
  1595.0       2.2613389E-11  
  1600.0       2.715788E-11   
  1605.0       3.53303E-11    
  1610.0       4.1751522E-11  
  1615.0       3.1194825E-11  
  1620.0       2.7801903E-11  
  1625.0       2.9768403E-11  
  1630.0       3.2080994E-11  
  1635.0       3.426481E-11   
  1640.0       3.8889298E-11  
  1645.0       4.1136723E-11  
  1650.0       4.0171873E-11  
  1655.0       3.5985173E-11  
  1660.0       3.786415E-11   
  1665.0       4.8609217E-11  
  1670.0       4.7894196E-11  
  1675.0       5.5622278E-11  
  1680.0       6.747958E-11   
  1685.0       7.434763E-11   
  1690.0       8.997141E-11   
  1695.0       1.1070985E-10  
  1700.0       1.4786912E-10  
  1705.0       2.0096615E-10  
  1710.0       2.75364E-10    
  1715.0       3.3660644E-10  
  1720.0       3.5305153E-10  
  1725.0       3.5476175E-10  
  1730.0       4.0562148E-10  
  1735.0       4.1736883E-10  
  1740.0       4.1803974E-10  
  1745.0       4.5258017E-10  
  1750.0       5.213015E-10   
  1755.0       5.731247E-10   
  1760.0       5.5359567E-10  
  1765.0       5.273631E-10   
  1770.0       5.98564E-10    
  1775.0       7.092369E-10   
  1780.0       7.6200163E-10  
  1785.0       7.3165274E-10  
  1790.0       7.423358E-10   
  1795.0       8.3453805E-10  
  1800.0       8.540746E-10   
  1805.0       7.6826834E-10  
  1810.0       7.256583E-10   
  1815.0       7.7554413E-10  
  1820.0       8.0671986E-10  
  1825.0       8.270148E-10   
  1830.0       7.935362E-10   
  1835.0       7.4842105E-10  
  1840.0       6.683527E-10   
  1845.0       5.9990185E-10  
  1850.0       5.8110083E-10  
  1855.0       6.146735E-10   
  1860.0       6.646588E-10   
  1865.0       7.2258466E-10  
  1870.0       7.796207E-10   
  1875.0       7.9726503E-10  
  1880.0       8.230243E-10   
  1885.0       8.559417E-10   
  1890.0       8.5108776E-10  
  1895.0       8.1909857E-10  
  1900.0       7.796792E-10   
  1905.0       7.965739E-10   
  1910.0       8.1930834E-10  
  1915.0       8.641246E-10   
  1920.0       8.8192015E-10  
  1925.0       8.015076E-10   
  1930.0       6.7131056E-10  
  1935.0       6.637972E-10   
  1940.0       8.5503865E-10  
  1945.0       1.0207739E-9   
  1950.0       1.0585164E-9   
  1955.0       1.0351163E-9   
  1960.0       9.863322E-10   
  1965.0       9.750223E-10   
  1970.0       9.89375E-10    
  1975.0       1.0761619E-9   
  1980.0       1.0663318E-9   
  1985.0       1.0590355E-9   
  1990.0       9.762616E-10   
  1995.0       8.707407E-10   
  2000.0       8.8646324E-10  
  2005.0       9.073855E-10   
  2010.0       8.8093316E-10  
  2015.0       9.1449387E-10  
  2020.0       9.312168E-10   
  2025.0       9.614322E-10   
  2030.0       9.716045E-10   
  2035.0       1.0092658E-9   
  2040.0       1.0290202E-9   
  2045.0       1.0392849E-9   
  2050.0       1.1340664E-9   
  2055.0       1.1850656E-9   
  2060.0       1.0991912E-9   
  2065.0       1.0779517E-9   
  2070.0       1.1518112E-9   
  2075.0       1.2273405E-9   
  2080.0       1.3422823E-9   
  2085.0       1.4066718E-9   
  2090.0       1.3796095E-9   
  2095.0       1.3021301E-9   
  2100.0       1.2624766E-9   
  2105.0       1.2499994E-9   
  2110.0       1.225843E-9    
  2115.0       1.2151892E-9   
  2120.0       1.2116048E-9   
  2125.0       1.3104512E-9   
  2130.0       1.3349177E-9   
  2135.0       1.129724E-9    
  2140.0       9.820134E-10   
  2145.0       1.0339777E-9   
  2150.0       1.1332476E-9   
  2155.0       1.1915432E-9   
  2160.0       1.2006347E-9   
  2165.0       1.1257373E-9   
  2170.0       1.0776512E-9   
  2175.0       1.0118149E-9   
  2180.0       1.0198085E-9   
  2185.0       1.1161181E-9   
  2190.0       1.2372535E-9   
  2195.0       1.3252645E-9   
  2200.0       1.3977999E-9   
  2205.0       1.4352862E-9   
  2210.0       1.3224895E-9   
  2215.0       1.1664351E-9   
  2220.0       1.0812947E-9   
  2225.0       1.0659619E-9   
  2230.0       1.0934667E-9   
  2235.0       1.1421414E-9   
  2240.0       1.2367654E-9   
  2245.0       1.1806279E-9   
  2250.0       1.0789679E-9   
  2255.0       1.0505529E-9   
  2260.0       1.0504679E-9   
  2265.0       1.0241946E-9   
  2270.0       9.994884E-10   
  2275.0       9.67874E-10    
  2280.0       9.889002E-10   
  2285.0       1.0611947E-9   
  2290.0       1.188899E-9    
  2295.0       1.1846712E-9   
  2300.0       1.0831405E-9   
  2305.0       9.968996E-10   
  2310.0       1.0258807E-9   
  2315.0       1.0827839E-9   
  2320.0       1.0679985E-9   
  2325.0       1.0834446E-9   
  2330.0       1.0428992E-9   
  2335.0       9.660365E-10   
  2340.0       8.5309804E-10  
  2345.0       7.5935286E-10  
  2350.0       6.8806316E-10  
  2355.0       7.4141343E-10  
  2360.0       8.8033625E-10  
  2365.0       8.6095353E-10  
  2370.0       8.291045E-10   
  2375.0       8.727961E-10   
  2380.0       8.749991E-10   
  2385.0       7.8214535E-10  
  2390.0       6.903651E-10   
  2395.0       7.348702E-10   
  2400.0       7.47234E-10    
  2405.0       7.1408246E-10  
  2410.0       6.871108E-10   
  2415.0       6.8372297E-10  
  2420.0       8.12757E-10    
  2425.0       1.0000831E-9   
  2430.0       1.0934185E-9   
  2435.0       1.0625206E-9   
  2440.0       1.0311213E-9   
  2445.0       1.0641559E-9   
  2450.0       1.0681388E-9   
  2455.0       1.0302769E-9   
  2460.0       1.0302658E-9   
  2465.0       1.0125182E-9   
  2470.0       9.475342E-10   
  2475.0       9.453621E-10   
  2480.0       9.740885E-10   
  2485.0       9.592763E-10   
  2490.0       9.410578E-10   
  2495.0       9.409112E-10   
  2500.0       1.0405592E-9   
  2505.0       1.1281435E-9   
  2510.0       1.1053901E-9   
  2515.0       1.03389E-9     
  2520.0       9.311249E-10   
  2525.0       8.382982E-10   
  2530.0       7.883377E-10   
  2535.0       7.7648576E-10  
  2540.0       7.842973E-10   
  2545.0       7.938737E-10   
  2550.0       8.313636E-10   
  2555.0       8.946059E-10   
  2560.0       1.0059404E-9   
  2565.0       1.0734215E-9   
  2570.0       1.1549185E-9   
  2575.0       1.2174068E-9   
  2580.0       1.0834663E-9   
  2585.0       1.0430883E-9   
  2590.0       1.1439976E-9   
  2595.0       1.2077405E-9   
  2600.0       1.1521382E-9   
  2605.0       1.0531837E-9   
  2610.0       1.006149E-9    
  2615.0       9.714693E-10   
  2620.0       1.0596871E-9   
  2625.0       1.157916E-9    
  2630.0       1.1418039E-9   
  2635.0       1.1744898E-9   
  2640.0       1.4603481E-9   
  2645.0       1.7499981E-9   
  2650.0       1.8571646E-9   
  2655.0       1.8651978E-9   
  2660.0       1.838323E-9    
  2665.0       1.6792004E-9   
  2670.0       1.5503216E-9   
  2675.0       1.5585059E-9   
  2680.0       1.6034057E-9   
  2685.0       1.596351E-9    
  2690.0       1.5654306E-9   
  2695.0       1.4754378E-9   
  2700.0       1.4350866E-9   
  2705.0       1.5139341E-9   
  2710.0       1.5558875E-9   
  2715.0       1.4829591E-9   
  2720.0       1.4317896E-9   
  2725.0       1.4015757E-9   
  2730.0       1.4452889E-9   
  2735.0       1.5089052E-9   
  2740.0       1.4389957E-9   
  2745.0       1.2347218E-9   
  2750.0       1.1155298E-9   
  2755.0       1.1122802E-9   
  2760.0       1.2140419E-9   
  2765.0       1.348314E-9    
  2770.0       1.4067614E-9   
  2775.0       1.4601592E-9   
  2780.0       1.4577531E-9   
  2785.0       1.3267493E-9   
  2790.0       1.2184665E-9   
  2795.0       1.0089871E-9   
  2800.0       7.1881173E-10  
  2805.0       6.7187944E-10  
  2810.0       9.2774594E-10  
  2815.0       1.3494522E-9   
  2820.0       1.6826323E-9   
  2825.0       1.8312072E-9   
  2830.0       1.8442118E-9   
  2835.0       1.7778985E-9   
  2840.0       1.7247854E-9   
  2845.0       1.6459688E-9   
  2850.0       1.5769419E-9   
  2855.0       1.4826387E-9   
  2860.0       1.5267558E-9   
  2865.0       1.6766952E-9   
  2870.0       1.7143796E-9   
  2875.0       1.7063103E-9   
  2880.0       1.7135128E-9   
  2885.0       1.7679124E-9   
  2890.0       1.8142059E-9   
  2895.0       1.8109766E-9   
  2900.0       1.8861603E-9   
  2905.0       2.0448165E-9   
  2910.0       2.1540625E-9   
  2915.0       2.1308073E-9   
  2920.0       2.1109436E-9   
  2925.0       2.0308075E-9   
  2930.0       1.9373647E-9   
  2935.0       1.944582E-9    
  2940.0       1.9744664E-9   
  2945.0       2.0052027E-9   
  2950.0       1.9921482E-9   
  2955.0       2.0214028E-9   
  2960.0       2.1322653E-9   
  2965.0       2.1395337E-9   
  2970.0       2.0637216E-9   
  2975.0       2.0490643E-9   
  2980.0       2.1144473E-9   
  2985.0       2.0318953E-9   
  2990.0       2.009538E-9    
  2995.0       2.1461888E-9   
  3000.0       2.171961E-9    
  3005.0       2.080256E-9    
  3010.0       2.127044E-9    
  3015.0       2.181415E-9    
  3020.0       2.131872E-9    
  3025.0       2.0887088E-9   
  3030.0       2.115615E-9    
  3035.0       2.1552387E-9   
  3040.0       2.1585445E-9   
  3045.0       2.1493582E-9   
  3050.0       2.1441444E-9   
  3055.0       2.181689E-9    
  3060.0       2.1183864E-9   
  3065.0       2.0812336E-9   
  3070.0       2.1306705E-9   
  3075.0       2.185315E-9    
  3080.0       2.2525606E-9   
  3085.0       2.3433782E-9   
  3090.0       2.335485E-9    
  3095.0       2.2127715E-9   
  3100.0       2.0901179E-9   
  3105.0       2.1509647E-9   
  3110.0       2.3353142E-9   
  3115.0       2.4047349E-9   
  3120.0       2.332363E-9    
  3125.0       2.2714837E-9   
  3130.0       2.2929847E-9   
  3135.0       2.3340787E-9   
  3140.0       2.4159312E-9   
  3145.0       2.4410356E-9   
  3150.0       2.4409819E-9   
  3155.0       2.4459446E-9   
  3160.0       2.3789102E-9   
  3165.0       2.352048E-9    
  3170.0       2.4216227E-9   
  3175.0       2.524869E-9    
  3180.0       2.4896873E-9   
  3185.0       2.403446E-9    
  3190.0       2.4116453E-9   
  3195.0       2.4530311E-9   
  3200.0       2.5467544E-9   
  3205.0       2.6660856E-9   
  3210.0       2.6355789E-9   
  3215.0       2.5294582E-9   
  3220.0       2.4062354E-9   
  3225.0       2.3225204E-9   
  3230.0       2.3278603E-9   
  3235.0       2.4252444E-9   
  3240.0       2.5079125E-9   
  3245.0       2.495487E-9    
  3250.0       2.4814248E-9   
  3255.0       2.5623654E-9   
  3260.0       2.6694178E-9   
  3265.0       2.7052538E-9   
  3270.0       2.668792E-9    
  3275.0       2.6043387E-9   
  3280.0       2.5733131E-9   
  3285.0       2.6186122E-9   
  3290.0       2.7194307E-9   
  3295.0       2.8244491E-9   
  3300.0       2.8682237E-9   
  3305.0       2.818506E-9    
  3310.0       2.7409495E-9   
  3315.0       2.7068157E-9   
  3320.0       2.705243E-9    
  3325.0       2.7018152E-9   
  3330.0       2.6850027E-9   
  3335.0       2.6568843E-9   
  3340.0       2.6298825E-9   
  3345.0       2.6186873E-9   
  3350.0       2.632879E-9    
  3355.0       2.663438E-9    
  3360.0       2.6604892E-9   
  3365.0       2.5963074E-9   
  3370.0       2.5392313E-9   
  3375.0       2.552931E-9    
  3380.0       2.5942084E-9   
  3385.0       2.6094364E-9   
  3390.0       2.624581E-9    
  3395.0       2.6696383E-9   
  3400.0       2.7044633E-9   
  3405.0       2.6892708E-9   
  3410.0       2.6569433E-9   
  3415.0       2.6541074E-9   
  3420.0       2.6875147E-9   
  3425.0       2.7328761E-9   
  3430.0       2.7299851E-9   
  3435.0       2.6522644E-9   
  3440.0       2.5919882E-9   
  3445.0       2.6269174E-9   
  3450.0       2.6805957E-9   
  3455.0       2.6648126E-9   
  3460.0       2.6158702E-9   
  3465.0       2.593749E-9    
  3470.0       2.5925744E-9   
  3475.0       2.5877376E-9   
  3480.0       2.575172E-9    
  3485.0       2.5621805E-9   
  3490.0       2.5625626E-9   
  3495.0       2.583749E-9    
  3500.0       2.6110336E-9   
  3505.0       2.6134799E-9   
  3510.0       2.5390225E-9   
  3515.0       2.5350886E-9   
  3520.0       2.5234208E-9   
  3525.0       2.5351887E-9   
  3530.0       2.5883655E-9   
  3535.0       2.653858E-9    
  3540.0       2.7001208E-9   
  3545.0       2.7110683E-9   
  3550.0       2.7029017E-9   
  3555.0       2.6727742E-9   
  3560.0       2.6341427E-9   
  3565.0       2.5469464E-9   
  3570.0       2.4644313E-9   
  3575.0       2.4313223E-9   
  3580.0       2.4182862E-9   
  3585.0       2.4071922E-9   
  3590.0       2.4465068E-9   
  3595.0       2.528263E-9    
  3600.0       2.5756375E-9   
  3605.0       2.5491735E-9   
  3610.0       2.4809887E-9   
  3615.0       2.4614462E-9   
  3620.0       2.4927924E-9   
  3625.0       2.5727576E-9   
  3630.0       2.5872093E-9   
  3635.0       2.569107E-9    
  3640.0       2.58211E-9     
  3645.0       2.5834483E-9   
  3650.0       2.624617E-9    
  3655.0       2.7218188E-9   
  3660.0       2.774791E-9    
  3665.0       2.774589E-9    
  3670.0       2.7405223E-9   
  3675.0       2.704557E-9    
  3680.0       2.6604052E-9   
  3685.0       2.6593627E-9   
  3690.0       2.7008533E-9   
  3695.0       2.747338E-9    
  3700.0       2.7597753E-9   
  3705.0       2.699933E-9    
  3710.0       2.7444045E-9   
  3715.0       2.8738139E-9   
  3720.0       2.8874951E-9   
  3725.0       2.8902056E-9   
  3730.0       2.8919755E-9   
  3735.0       2.8997453E-9   
  3740.0       3.078547E-9    
  3745.0       2.9364857E-9   
  3750.0       2.8066462E-9   
  3755.0       3.1778586E-9   
  3760.0       3.3846999E-9   
  3765.0       3.1613223E-9   
  3770.0       2.9502514E-9   
  3775.0       3.4286651E-9   
  3780.0       4.057137E-9    
  3785.0       4.0908485E-9   
  3790.0       3.6321537E-9   
  3795.0       3.1344143E-9   
  3800.0       3.1753178E-9   
  3805.0       3.7565373E-9   
  3810.0       4.2885393E-9   
  3815.0       4.4350177E-9   
  3820.0       4.265063E-9    
  3825.0       3.7206633E-9   
  3830.0       3.0918277E-9   
  3835.0       2.851376E-9    
  3840.0       3.3208245E-9   
  3845.0       4.072684E-9    
  3850.0       4.5938875E-9   
  3855.0       4.7822786E-9   
  3860.0       4.8314615E-9   
  3865.0       4.873783E-9    
  3870.0       4.774478E-9    
  3875.0       4.4855324E-9   
  3880.0       3.9639363E-9   
  3885.0       3.2478984E-9   
  3890.0       2.9865024E-9   
  3895.0       3.530234E-9    
  3900.0       4.226675E-9    
  3905.0       4.6703588E-9   
  3910.0       4.958581E-9    
  3915.0       5.1096087E-9   
  3920.0       4.959251E-9    
  3925.0       4.258869E-9    
  3930.0       3.3495318E-9   
  3935.0       3.4140173E-9   
  3940.0       4.265815E-9    
  3945.0       4.715563E-9    
  3950.0       4.7549262E-9   
  3955.0       4.5294803E-9   
  3960.0       3.91902E-9     
  3965.0       2.973953E-9    
  3970.0       2.603436E-9    
  3975.0       3.3867116E-9   
  3980.0       4.3611825E-9   
  3985.0       4.8844075E-9   
  3990.0       5.097598E-9    
  3995.0       5.204669E-9    
  4000.0       5.3127858E-9   
  4005.0       5.40837E-9     
  4010.0       5.5028773E-9   
  4015.0       5.5903535E-9   
  4020.0       5.632634E-9    
  4025.0       5.5680305E-9   
  4030.0       5.5084106E-9   
  4035.0       5.6154232E-9   
  4040.0       5.7072316E-9   
  4045.0       5.6468443E-9   
  4050.0       5.567909E-9    
  4055.0       5.4431486E-9   
  4060.0       5.37103E-9     
  4065.0       5.331708E-9    
  4070.0       5.2624225E-9   
  4075.0       5.081972E-9    
  4080.0       4.942516E-9    
  4085.0       4.8830233E-9   
  4090.0       4.580079E-9    
  4095.0       3.8238053E-9   
  4100.0       3.2137144E-9   
  4105.0       3.5196994E-9   
  4110.0       4.2693076E-9   
  4115.0       4.7787108E-9   
  4120.0       4.9809334E-9   
  4125.0       5.0444777E-9   
  4130.0       5.1061E-9      
  4135.0       5.2883204E-9   
  4140.0       5.443E-9       
  4145.0       5.463161E-9    
  4150.0       5.433751E-9    
  4155.0       5.388233E-9    
  4160.0       5.4154983E-9   
  4165.0       5.3959783E-9   
  4170.0       5.2685727E-9   
  4175.0       5.181856E-9    
  4180.0       5.2367453E-9   
  4185.0       5.3385842E-9   
  4190.0       5.4219815E-9   
  4195.0       5.3645595E-9   
  4200.0       5.2782685E-9   
  4205.0       5.3535545E-9   
  4210.0       5.458203E-9    
  4215.0       5.435943E-9    
  4220.0       5.318717E-9    
  4225.0       5.168468E-9    
  4230.0       5.1746145E-9   
  4235.0       5.2103117E-9   
  4240.0       5.261928E-9    
  4245.0       5.2259703E-9   
  4250.0       5.209464E-9    
  4255.0       5.2927804E-9   
  4260.0       5.33231E-9     
  4265.0       5.301592E-9    
  4270.0       5.194955E-9    
  4275.0       5.21475E-9     
  4280.0       5.26991E-9     
  4285.0       5.1565427E-9   
  4290.0       5.002327E-9    
  4295.0       4.9154076E-9   
  4300.0       4.8237534E-9   
  4305.0       4.796739E-9    
  4310.0       4.788646E-9    
  4315.0       4.781438E-9    
  4320.0       4.739297E-9    
  4325.0       4.5645394E-9   
  4330.0       4.1705737E-9   
  4335.0       3.46339E-9     
  4340.0       2.9760199E-9   
  4345.0       3.3600882E-9   
  4350.0       4.0672896E-9   
  4355.0       4.593814E-9    
  4360.0       4.894538E-9    
  4365.0       5.008265E-9    
  4370.0       4.995794E-9    
  4375.0       5.016561E-9    
  4380.0       5.0349858E-9   
  4385.0       4.9956714E-9   
  4390.0       5.03999E-9     
  4395.0       5.052729E-9    
  4400.0       5.074373E-9    
  4405.0       5.131537E-9    
  4410.0       5.1526645E-9   
  4415.0       5.099155E-9    
  4420.0       5.0959783E-9   
  4425.0       5.128947E-9    
  4430.0       5.1485007E-9   
  4435.0       5.1437423E-9   
  4440.0       5.127547E-9    
  4445.0       5.10382E-9     
  4450.0       5.10277E-9     
  4455.0       5.0238365E-9   
  4460.0       4.9815627E-9   
  4465.0       4.992286E-9    
  4470.0       5.045106E-9    
  4475.0       5.0607E-9      
  4480.0       4.9869318E-9   
  4485.0       4.99635E-9     
  4490.0       5.0335824E-9   
  4495.0       5.105208E-9    
  4500.0       5.1595266E-9   
  4505.0       5.199106E-9    
  4510.0       5.2044515E-9   
  4515.0       5.146971E-9    
  4520.0       5.0245195E-9   
  4525.0       4.8920414E-9   
  4530.0       4.8263074E-9   
  4535.0       4.9369393E-9   
  4540.0       5.017295E-9    
  4545.0       4.9015054E-9   
  4550.0       4.7494555E-9   
  4555.0       4.7759947E-9   
  4560.0       4.898241E-9    
  4565.0       4.981706E-9    
  4570.0       4.9924864E-9   
  4575.0       4.9444675E-9   
  4580.0       4.8397357E-9   
  4585.0       4.7974518E-9   
  4590.0       4.847862E-9    
  4595.0       4.889165E-9    
  4600.0       4.9245177E-9   
  4605.0       4.9699405E-9   
  4610.0       5.0016387E-9   
  4615.0       4.991478E-9    
  4620.0       4.965326E-9    
  4625.0       4.943374E-9    
  4630.0       4.906335E-9    
  4635.0       4.9008104E-9   
  4640.0       4.9043414E-9   
  4645.0       4.8748023E-9   
  4650.0       4.8642623E-9   
  4655.0       4.9107225E-9   
  4660.0       4.9301723E-9   
  4665.0       4.849175E-9    
  4670.0       4.799359E-9    
  4675.0       4.8510103E-9   
  4680.0       4.904972E-9    
  4685.0       4.9266777E-9   
  4690.0       4.894348E-9    
  4695.0       4.850809E-9    
  4700.0       4.7857727E-9   
  4705.0       4.7548903E-9   
  4710.0       4.7678608E-9   
  4715.0       4.80861E-9     
  4720.0       4.8422124E-9   
  4725.0       4.803151E-9    
  4730.0       4.746138E-9    
  4735.0       4.724523E-9    
  4740.0       4.7408433E-9   
  4745.0       4.7516684E-9   
  4750.0       4.7263664E-9   
  4755.0       4.6719784E-9   
  4760.0       4.612038E-9    
  4765.0       4.579495E-9    
  4770.0       4.6033835E-9   
  4775.0       4.62462E-9     
  4780.0       4.6237396E-9   
  4785.0       4.6078457E-9   
  4790.0       4.592534E-9    
  4795.0       4.5889292E-9   
  4800.0       4.57115E-9     
  4805.0       4.539943E-9    
  4810.0       4.5360498E-9   
  4815.0       4.5152686E-9   
  4820.0       4.4546082E-9   
  4825.0       4.402069E-9    
  4830.0       4.3597153E-9   
  4835.0       4.282149E-9    
  4840.0       4.1717425E-9   
  4845.0       4.015395E-9    
  4850.0       3.6897314E-9   
  4855.0       3.1282286E-9   
  4860.0       2.7099394E-9   
  4865.0       2.9210154E-9   
  4870.0       3.436624E-9    
  4875.0       3.775425E-9    
  4880.0       3.9616177E-9   
  4885.0       4.0635264E-9   
  4890.0       4.1362247E-9   
  4895.0       4.251645E-9    
  4900.0       4.338259E-9    
  4905.0       4.3689234E-9   
  4910.0       4.3555373E-9   
  4915.0       4.301802E-9    
  4920.0       4.241974E-9    
  4925.0       4.2736588E-9   
  4930.0       4.3564548E-9   
  4935.0       4.3578927E-9   
  4940.0       4.36452E-9     
  4945.0       4.4151767E-9   
  4950.0       4.4445314E-9   
  4955.0       4.4094834E-9   
  4960.0       4.3997055E-9   
  4965.0       4.422224E-9    
  4970.0       4.3924526E-9   
  4975.0       4.33116E-9     
  4980.0       4.2575126E-9   
  4985.0       4.260799E-9    
  4990.0       4.3240145E-9   
  4995.0       4.3083017E-9   
  5000.0       4.2249018E-9   
  5005.0       4.162251E-9    
  5010.0       4.1636974E-9   
  5015.0       4.1284602E-9   
  5020.0       4.1113086E-9   
  5025.0       4.1693315E-9   
  5030.0       4.211198E-9    
  5035.0       4.19751E-9     
  5040.0       4.144733E-9    
  5045.0       4.1559054E-9   
  5050.0       4.2031814E-9   
  5055.0       4.2104378E-9   
  5060.0       4.2303263E-9   
  5065.0       4.172625E-9    
  5070.0       4.110603E-9    
  5075.0       4.081301E-9    
  5080.0       4.0818766E-9   
  5085.0       4.1313872E-9   
  5090.0       4.1676302E-9   
  5095.0       4.139615E-9    
  5100.0       4.099785E-9    
  5105.0       4.1110324E-9   
  5110.0       4.128117E-9    
  5115.0       4.1312593E-9   
  5120.0       4.102749E-9    
  5125.0       4.062281E-9    
  5130.0       4.0313597E-9   
  5135.0       4.005631E-9    
  5140.0       3.9902073E-9   
  5145.0       4.0053147E-9   
  5150.0       4.0264156E-9   
  5155.0       4.0430206E-9   
  5160.0       3.973734E-9    
  5165.0       3.797648E-9    
  5170.0       3.7100185E-9   
  5175.0       3.8091397E-9   
  5180.0       3.8866736E-9   
  5185.0       3.835715E-9    
  5190.0       3.812551E-9    
  5195.0       3.8423438E-9   
  5200.0       3.86237E-9     
  5205.0       3.8526458E-9   
  5210.0       3.8866435E-9   
  5215.0       3.9495283E-9   
  5220.0       3.9496837E-9   
  5225.0       3.8634433E-9   
  5230.0       3.7994807E-9   
  5235.0       3.846667E-9    
  5240.0       3.928301E-9    
  5245.0       3.9545105E-9   
  5250.0       3.9358987E-9   
  5255.0       3.8991947E-9   
  5260.0       3.8021852E-9   
  5265.0       3.6764176E-9   
  5270.0       3.6469443E-9   
  5275.0       3.7048007E-9   
  5280.0       3.784639E-9    
  5285.0       3.85719E-9     
  5290.0       3.9156176E-9   
  5295.0       3.903276E-9    
  5300.0       3.865232E-9    
  5305.0       3.866659E-9    
  5310.0       3.8757655E-9   
  5315.0       3.838836E-9    
  5320.0       3.7868126E-9   
  5325.0       3.7435557E-9   
  5330.0       3.730944E-9    
  5335.0       3.7483043E-9   
  5340.0       3.769189E-9    
  5345.0       3.796824E-9    
  5350.0       3.8173678E-9   
  5355.0       3.839678E-9    
  5360.0       3.815738E-9    
  5365.0       3.738616E-9    
  5370.0       3.7069252E-9   
  5375.0       3.7530197E-9   
  5380.0       3.773504E-9    
  5385.0       3.7744714E-9   
  5390.0       3.763307E-9    
  5395.0       3.7074268E-9   
  5400.0       3.664116E-9    
  5405.0       3.649204E-9    
  5410.0       3.6611651E-9   
  5415.0       3.692483E-9    
  5420.0       3.7031185E-9   
  5425.0       3.6882564E-9   
  5430.0       3.6862309E-9   
  5435.0       3.7060375E-9   
  5440.0       3.7327346E-9   
  5445.0       3.7086054E-9   
  5450.0       3.6799235E-9   
  5455.0       3.6752112E-9   
  5460.0       3.6831267E-9   
  5465.0       3.689724E-9    
  5470.0       3.688211E-9    
  5475.0       3.665034E-9    
  5480.0       3.645058E-9    
  5485.0       3.6694245E-9   
  5490.0       3.6912275E-9   
  5495.0       3.6773904E-9   
  5500.0       3.6411985E-9   
  5505.0       3.6132524E-9   
  5510.0       3.6231549E-9   
  5515.0       3.6445031E-9   
  5520.0       3.6384118E-9   
  5525.0       3.591781E-9    
  5530.0       3.5600007E-9   
  5535.0       3.57835E-9     
  5540.0       3.5992795E-9   
  5545.0       3.6098602E-9   
  5550.0       3.6260406E-9   
  5555.0       3.6273196E-9   
  5560.0       3.6061225E-9   
  5565.0       3.5703736E-9   
  5570.0       3.5306353E-9   
  5575.0       3.5385717E-9   
  5580.0       3.5468066E-9   
  5585.0       3.483953E-9    
  5590.0       3.422776E-9    
  5595.0       3.4128647E-9   
  5600.0       3.436849E-9    
  5605.0       3.4926926E-9   
  5610.0       3.5260899E-9   
  5615.0       3.5010077E-9   
  5620.0       3.4787142E-9   
  5625.0       3.487517E-9    
  5630.0       3.497873E-9    
  5635.0       3.4921623E-9   
  5640.0       3.486104E-9    
  5645.0       3.5014973E-9   
  5650.0       3.492301E-9    
  5655.0       3.4329992E-9   
  5660.0       3.3835896E-9   
  5665.0       3.3875034E-9   
  5670.0       3.4251544E-9   
  5675.0       3.4428462E-9   
  5680.0       3.4249867E-9   
  5685.0       3.3974508E-9   
  5690.0       3.4021979E-9   
  5695.0       3.4168395E-9   
  5700.0       3.4161332E-9   
  5705.0       3.383817E-9    
  5710.0       3.3558802E-9   
  5715.0       3.368601E-9    
  5720.0       3.401274E-9    
  5725.0       3.4135443E-9   
  5730.0       3.4063419E-9   
  5735.0       3.396538E-9    
  5740.0       3.3916636E-9   
  5745.0       3.3816907E-9   
  5750.0       3.3643617E-9   
  5755.0       3.3582641E-9   
  5760.0       3.3613228E-9   
  5765.0       3.3554994E-9   
  5770.0       3.3591212E-9   
  5775.0       3.3569898E-9   
  5780.0       3.339823E-9    
  5785.0       3.3249126E-9   
  5790.0       3.3236738E-9   
  5795.0       3.322217E-9    
  5800.0       3.3302296E-9   
  5805.0       3.337526E-9    
  5810.0       3.3245893E-9   
  5815.0       3.3167058E-9   
  5820.0       3.3277612E-9   
  5825.0       3.3302692E-9   
  5830.0       3.3277874E-9   
  5835.0       3.3295589E-9   
  5840.0       3.3335354E-9   
  5845.0       3.3219971E-9   
  5850.0       3.2918748E-9   
  5855.0       3.2550889E-9   
  5860.0       3.2388903E-9   
  5865.0       3.2614151E-9   
  5870.0       3.2854113E-9   
  5875.0       3.2817868E-9   
  5880.0       3.263142E-9    
  5885.0       3.1858949E-9   
  5890.0       3.0923208E-9   
  5895.0       3.0775105E-9   
  5900.0       3.143456E-9    
  5905.0       3.2036558E-9   
  5910.0       3.213287E-9    
  5915.0       3.2050074E-9   
  5920.0       3.197798E-9    
  5925.0       3.190371E-9    
  5930.0       3.174196E-9    
  5935.0       3.167714E-9    
  5940.0       3.160675E-9    
  5945.0       3.1439633E-9   
  5950.0       3.1306477E-9   
  5955.0       3.1267469E-9   
  5960.0       3.1276082E-9   
  5965.0       3.1276612E-9   
  5970.0       3.1230756E-9   
  5975.0       3.1125544E-9   
  5980.0       3.088463E-9    
  5985.0       3.0705445E-9   
  5990.0       3.0705483E-9   
  5995.0       3.0815575E-9   
  6000.0       3.0677674E-9   
  6005.0       3.040462E-9    
  6010.0       3.023378E-9    
  6015.0       3.0110565E-9   
  6020.0       3.0022735E-9   
  6025.0       3.0033251E-9   
  6030.0       3.0173342E-9   
  6035.0       3.0190248E-9   
  6040.0       3.00504E-9     
  6045.0       3.005119E-9    
  6050.0       3.0204828E-9   
  6055.0       3.0300942E-9   
  6060.0       3.031182E-9    
  6065.0       3.0224498E-9   
  6070.0       3.015232E-9    
  6075.0       3.0011023E-9   
  6080.0       2.988759E-9    
  6085.0       2.9815042E-9   
  6090.0       2.9791043E-9   
  6095.0       2.966125E-9    
  6100.0       2.9385565E-9   
  6105.0       2.9376634E-9   
  6110.0       2.9534184E-9   
  6115.0       2.9428602E-9   
  6120.0       2.9249154E-9   
  6125.0       2.9289655E-9   
  6130.0       2.9234324E-9   
  6135.0       2.8940552E-9   
  6140.0       2.8761735E-9   
  6145.0       2.8781817E-9   
  6150.0       2.8921845E-9   
  6155.0       2.879836E-9    
  6160.0       2.8483405E-9   
  6165.0       2.8337797E-9   
  6170.0       2.8471647E-9   
  6175.0       2.8767473E-9   
  6180.0       2.8930365E-9   
  6185.0       2.878458E-9    
  6190.0       2.8683564E-9   
  6195.0       2.8825577E-9   
  6200.0       2.896619E-9    
  6205.0       2.8876999E-9   
  6210.0       2.8710698E-9   
  6215.0       2.8601173E-9   
  6220.0       2.853048E-9    
  6225.0       2.849624E-9    
  6230.0       2.8377867E-9   
  6235.0       2.8237508E-9   
  6240.0       2.8170781E-9   
  6245.0       2.8000833E-9   
  6250.0       2.7967653E-9   
  6255.0       2.811846E-9    
  6260.0       2.8315932E-9   
  6265.0       2.8398452E-9   
  6270.0       2.8255973E-9   
  6275.0       2.7845788E-9   
  6280.0       2.7577527E-9   
  6285.0       2.7840839E-9   
  6290.0       2.8076246E-9   
  6295.0       2.8030211E-9   
  6300.0       2.7934746E-9   
  6305.0       2.7924554E-9   
  6310.0       2.7893583E-9   
  6315.0       2.7775775E-9   
  6320.0       2.7690283E-9   
  6325.0       2.7755402E-9   
  6330.0       2.769401E-9    
  6335.0       2.7571758E-9   
  6340.0       2.745276E-9    
  6345.0       2.7315519E-9   
  6350.0       2.7347595E-9   
  6355.0       2.7430025E-9   
  6360.0       2.7410068E-9   
  6365.0       2.7279965E-9   
  6370.0       2.7183396E-9   
  6375.0       2.7187697E-9   
  6380.0       2.7208082E-9   
  6385.0       2.728022E-9    
  6390.0       2.7282634E-9   
  6395.0       2.716502E-9    
  6400.0       2.7034273E-9   
  6405.0       2.6924258E-9   
  6410.0       2.6773235E-9   
  6415.0       2.670401E-9    
  6420.0       2.6708522E-9   
  6425.0       2.6793532E-9   
  6430.0       2.6742344E-9   
  6435.0       2.6619942E-9   
  6440.0       2.6604814E-9   
  6445.0       2.6608775E-9   
  6450.0       2.6468427E-9   
  6455.0       2.6179845E-9   
  6460.0       2.6025697E-9   
  6465.0       2.6151707E-9   
  6470.0       2.6302251E-9   
  6475.0       2.6343883E-9   
  6480.0       2.6310591E-9   
  6485.0       2.602345E-9    
  6490.0       2.562812E-9    
  6495.0       2.546434E-9    
  6500.0       2.5773041E-9   
  6505.0       2.6078288E-9   
  6510.0       2.6005673E-9   
  6515.0       2.576485E-9    
  6520.0       2.5731093E-9   
  6525.0       2.5718903E-9   
  6530.0       2.5558762E-9   
  6535.0       2.5240765E-9   
  6540.0       2.4816182E-9   
  6545.0       2.4133937E-9   
  6550.0       2.2791362E-9   
  6555.0       2.0260147E-9   
  6560.0       1.7840299E-9   
  6565.0       1.8368851E-9   
  6570.0       2.1097095E-9   
  6575.0       2.3062532E-9   
  6580.0       2.394148E-9    
  6585.0       2.434576E-9    
  6590.0       2.4582663E-9   
  6595.0       2.4842237E-9   
  6600.0       2.5117806E-9   
  6605.0       2.5185312E-9   
  6610.0       2.516118E-9    
  6615.0       2.5141653E-9   
  6620.0       2.518213E-9    
  6625.0       2.5243048E-9   
  6630.0       2.521251E-9    
  6635.0       2.520352E-9    
  6640.0       2.5210052E-9   
  6645.0       2.5151343E-9   
  6650.0       2.5118052E-9   
  6655.0       2.5080482E-9   
  6660.0       2.5040288E-9   
  6665.0       2.5013815E-9   
  6670.0       2.4946303E-9   
  6675.0       2.4819329E-9   
  6680.0       2.4792188E-9   
  6685.0       2.4823166E-9   
  6690.0       2.4845874E-9   
  6695.0       2.4856857E-9   
  6700.0       2.4845823E-9   
  6705.0       2.471369E-9    
  6710.0       2.4596951E-9   
  6715.0       2.4495372E-9   
  6720.0       2.4410602E-9   
  6725.0       2.443503E-9    
  6730.0       2.4484605E-9   
  6735.0       2.4515272E-9   
  6740.0       2.442568E-9    
  6745.0       2.4290938E-9   
  6750.0       2.4139262E-9   
  6755.0       2.4064826E-9   
  6760.0       2.408977E-9    
  6765.0       2.4161222E-9   
  6770.0       2.4164868E-9   
  6775.0       2.4165585E-9   
  6780.0       2.4132816E-9   
  6785.0       2.4131084E-9   
  6790.0       2.4144469E-9   
  6795.0       2.409882E-9    
  6800.0       2.407835E-9    
  6805.0       2.3992859E-9   
  6810.0       2.39428E-9     
  6815.0       2.3864357E-9   
  6820.0       2.3772935E-9   
  6825.0       2.3661928E-9   
  6830.0       2.358679E-9    
  6835.0       2.361787E-9    
  6840.0       2.3742255E-9   
  6845.0       2.3714852E-9   
  6850.0       2.370134E-9    
  6855.0       2.3657762E-9   
  6860.0       2.3598232E-9   
  6865.0       2.3768503E-9   
  6870.0       2.3755051E-9   
  6875.0       2.3509383E-9   
  6880.0       2.3454039E-9   
  6885.0       2.3470712E-9   
  6890.0       2.3461755E-9   
  6895.0       2.3434743E-9   
  6900.0       2.3420088E-9   
  6905.0       2.3438218E-9   
  6910.0       2.3439095E-9   
  6915.0       2.3405342E-9   
  6920.0       2.3365678E-9   
  6925.0       2.3322244E-9   
  6930.0       2.3250024E-9   
  6935.0       2.3207327E-9   
  6940.0       2.3206952E-9   
  6945.0       2.3159927E-9   
  6950.0       2.3172457E-9   
  6955.0       2.318206E-9    
  6960.0       2.3119113E-9   
  6965.0       2.3111781E-9   
  6970.0       2.3110782E-9   
  6975.0       2.2896924E-9   
  6980.0       2.2766193E-9   
  6985.0       2.271208E-9    
  6990.0       2.2577673E-9   
  6995.0       2.243708E-9    
  7000.0       2.232006E-9    
  7005.0       2.2230553E-9   
  7010.0       2.229386E-9    
  7015.0       2.2287245E-9   
  7020.0       2.2221847E-9   
  7025.0       2.221321E-9    
  7030.0       2.2282398E-9   
  7035.0       2.2296869E-9   
  7040.0       2.2263666E-9   
  7045.0       2.2312572E-9   
  7050.0       2.2346602E-9   
  7055.0       2.2277682E-9   
  7060.0       2.2191458E-9   
  7065.0       2.2155813E-9   
  7070.0       2.2201478E-9   
  7075.0       2.2202038E-9   
  7080.0       2.2111488E-9   
  7085.0       2.2019038E-9   
  7090.0       2.1926791E-9   
  7095.0       2.1926003E-9   
  7100.0       2.1923752E-9   
  7105.0       2.1906177E-9   
  7110.0       2.1741855E-9   
  7115.0       2.1576858E-9   
  7120.0       2.166147E-9    
  7125.0       2.1824724E-9   
  7130.0       2.1918363E-9   
  7135.0       2.193813E-9    
  7140.0       2.181397E-9    
  7145.0       2.162169E-9    
  7150.0       2.154088E-9    
  7155.0       2.1605562E-9   
  7160.0       2.1535993E-9   
  7165.0       2.1198667E-9   
  7170.0       2.086234E-9    
  7175.0       2.0605797E-9   
  7180.0       2.0370252E-9   
  7185.0       2.0147626E-9   
  7190.0       1.9998063E-9   
  7195.0       2.002942E-9    
  7200.0       2.0065696E-9   
  7205.0       2.0310857E-9   
  7210.0       2.075079E-9    
  7215.0       2.1097537E-9   
  7220.0       2.114169E-9    
  7225.0       2.0961197E-9   
  7230.0       2.0709399E-9   
  7235.0       2.0436883E-9   
  7240.0       2.020964E-9    
  7245.0       2.0140019E-9   
  7250.0       2.0127238E-9   
  7255.0       2.0092212E-9   
  7260.0       2.0224902E-9   
  7265.0       2.0310431E-9   
  7270.0       2.0303512E-9   
  7275.0       2.0148083E-9   
  7280.0       2.007391E-9    
  7285.0       1.9886106E-9   
  7290.0       1.977225E-9    
  7295.0       1.9878812E-9   
  7300.0       2.0076691E-9   
  7305.0       2.00325E-9     
  7310.0       1.9919433E-9   
  7315.0       1.9926234E-9   
  7320.0       1.9904627E-9   
  7325.0       1.9859299E-9   
  7330.0       1.9856257E-9   
  7335.0       1.9946231E-9   
  7340.0       2.013073E-9    
  7345.0       2.0182298E-9   
  7350.0       2.0037632E-9   
  7355.0       1.994746E-9    
  7360.0       1.990802E-9    
  7365.0       1.9855373E-9   
  7370.0       1.9841717E-9   
  7375.0       1.9862327E-9   
  7380.0       1.980654E-9    
  7385.0       1.958383E-9    
  7390.0       1.9434576E-9   
  7395.0       1.9540802E-9   
  7400.0       1.966748E-9    
  7405.0       1.968758E-9    
  7410.0       1.9566315E-9   
  7415.0       1.946367E-9    
  7420.0       1.9463096E-9   
  7425.0       1.971317E-9    
  7430.0       1.9897248E-9   
  7435.0       1.9985416E-9   
  7440.0       1.9869657E-9   
  7445.0       1.96589E-9     
  7450.0       1.9553883E-9   
  7455.0       1.9594295E-9   
  7460.0       1.9636708E-9   
  7465.0       1.9696003E-9   
  7470.0       1.9726532E-9   
  7475.0       1.9643847E-9   
  7480.0       1.9522128E-9   
  7485.0       1.9539286E-9   
  7490.0       1.9572628E-9   
  7495.0       1.9477233E-9   
  7500.0       1.9335737E-9   
  7505.0       1.924207E-9    
  7510.0       1.917408E-9    
  7515.0       1.9169475E-9   
  7520.0       1.9241664E-9   
  7525.0       1.9240498E-9   
  7530.0       1.9184108E-9   
  7535.0       1.9198076E-9   
  7540.0       1.9298942E-9   
  7545.0       1.9360253E-9   
  7550.0       1.932553E-9    
  7555.0       1.9252637E-9   
  7560.0       1.9210507E-9   
  7565.0       1.9182298E-9   
  7570.0       1.912812E-9    
  7575.0       1.9092308E-9   
  7580.0       1.9090305E-9   
  7585.0       1.9042958E-9   
  7590.0       1.9092186E-9   
  7595.0       1.9278559E-9   
  7600.0       1.9388056E-9   
  7605.0       1.9147455E-9   
  7610.0       1.8636965E-9   
  7615.0       1.8335266E-9   
  7620.0       1.8501541E-9   
  7625.0       1.8773403E-9   
  7630.0       1.8776936E-9   
  7635.0       1.862858E-9    
  7640.0       1.8570732E-9   
  7645.0       1.8578907E-9   
  7650.0       1.8555485E-9   
  7655.0       1.8518437E-9   
  7660.0       1.8489573E-9   
  7665.0       1.8463173E-9   
  7670.0       1.8525627E-9   
  7675.0       1.8600511E-9   
  7680.0       1.8609297E-9   
  7685.0       1.8589441E-9   
  7690.0       1.8566229E-9   
  7695.0       1.8527864E-9   
  7700.0       1.8503519E-9   
  7705.0       1.8525601E-9   
  7710.0       1.8527355E-9   
  7715.0       1.8472285E-9   
  7720.0       1.8413536E-9   
  7725.0       1.8410107E-9   
  7730.0       1.8424888E-9   
  7735.0       1.8413698E-9   
  7740.0       1.8334322E-9   
  7745.0       1.8196182E-9   
  7750.0       1.809991E-9    
  7755.0       1.8100458E-9   
  7760.0       1.813503E-9    
  7765.0       1.8074303E-9   
  7770.0       1.7802296E-9   
  7775.0       1.7401846E-9   
  7780.0       1.7295914E-9   
  7785.0       1.7645315E-9   
  7790.0       1.7958375E-9   
  7795.0       1.7995326E-9   
  7800.0       1.7911036E-9   
  7805.0       1.7870817E-9   
  7810.0       1.7854888E-9   
  7815.0       1.7858156E-9   
  7820.0       1.7889669E-9   
  7825.0       1.7879179E-9   
  7830.0       1.7766415E-9   
  7835.0       1.7672752E-9   
  7840.0       1.7659865E-9   
  7845.0       1.7694827E-9   
  7850.0       1.7712275E-9   
  7855.0       1.7698001E-9   
  7860.0       1.768953E-9    
  7865.0       1.7691262E-9   
  7870.0       1.7636762E-9   
  7875.0       1.7532867E-9   
  7880.0       1.7470607E-9   
  7885.0       1.7513819E-9   
  7890.0       1.7505467E-9   
  7895.0       1.7303183E-9   
  7900.0       1.7159981E-9   
  7905.0       1.7227367E-9   
  7910.0       1.7319919E-9   
  7915.0       1.7303746E-9   
  7920.0       1.721493E-9    
  7925.0       1.7108857E-9   
  7930.0       1.7031321E-9   
  7935.0       1.704564E-9    
  7940.0       1.711027E-9    
  7945.0       1.7070578E-9   
  7950.0       1.6969934E-9   
  7955.0       1.700493E-9    
  7960.0       1.70471E-9     
  7965.0       1.7077167E-9   
  7970.0       1.7122757E-9   
  7975.0       1.7110373E-9   
  7980.0       1.7093987E-9   
  7985.0       1.7088422E-9   
  7990.0       1.7046463E-9   
  7995.0       1.69569E-9     
  8000.0       1.6833016E-9   
  8005.0       1.6794707E-9   
  8010.0       1.6842819E-9   
  8015.0       1.6871263E-9   
  8020.0       1.6869345E-9   
  8025.0       1.6808118E-9   
  8030.0       1.6736035E-9   
  8035.0       1.6715168E-9   
  8040.0       1.6689512E-9   
  8045.0       1.6592993E-9   
  8050.0       1.6531112E-9   
  8055.0       1.659145E-9    
  8060.0       1.6658412E-9   
  8065.0       1.6704795E-9   
  8070.0       1.6729843E-9   
  8075.0       1.6726552E-9   
  8080.0       1.671089E-9    
  8085.0       1.6624928E-9   
  8090.0       1.652916E-9    
  8095.0       1.6499394E-9   
  8100.0       1.6486761E-9   
  8105.0       1.6504066E-9   
  8110.0       1.6520506E-9   
  8115.0       1.6502499E-9   
  8120.0       1.647551E-9    
  8125.0       1.6435094E-9   
  8130.0       1.6344739E-9   
  8135.0       1.619152E-9    
  8140.0       1.6029506E-9   
  8145.0       1.5921372E-9   
  8150.0       1.5814787E-9   
  8155.0       1.5697093E-9   
  8160.0       1.5611273E-9   
  8165.0       1.5475914E-9   
  8170.0       1.538724E-9    
  8175.0       1.5351037E-9   
  8180.0       1.5263742E-9   
  8185.0       1.5239126E-9   
  8190.0       1.5231453E-9   
  8195.0       1.5112631E-9   
  8200.0       1.5063595E-9   
  8205.0       1.5400738E-9   
  8210.0       1.5786722E-9   
  8215.0       1.5840053E-9   
  8220.0       1.5515609E-9   
  8225.0       1.493179E-9    
  8230.0       1.4525682E-9   
  8235.0       1.4843066E-9   
  8240.0       1.5519622E-9   
  8245.0       1.5683624E-9   
  8250.0       1.5520037E-9   
  8255.0       1.5376078E-9   
  8260.0       1.5393687E-9   
  8265.0       1.5603181E-9   
  8270.0       1.5644694E-9   
  8275.0       1.5380256E-9   
  8280.0       1.512963E-9    
  8285.0       1.506951E-9    
  8290.0       1.5184801E-9   
  8295.0       1.5288669E-9   
  8300.0       1.5304283E-9   
  8305.0       1.528072E-9    
  8310.0       1.518464E-9    
  8315.0       1.5054015E-9   
  8320.0       1.5018559E-9   
  8325.0       1.5086206E-9   
  8330.0       1.4996715E-9   
  8335.0       1.4836946E-9   
  8340.0       1.4848786E-9   
  8345.0       1.5001221E-9   
  8350.0       1.5150088E-9   
  8355.0       1.5179797E-9   
  8360.0       1.5154907E-9   
  8365.0       1.5148958E-9   
  8370.0       1.514114E-9    
  8375.0       1.5100938E-9   
  8380.0       1.5021782E-9   
  8385.0       1.4932822E-9   
  8390.0       1.4909516E-9   
  8395.0       1.4943486E-9   
  8400.0       1.4976207E-9   
  8405.0       1.496893E-9    
  8410.0       1.4923636E-9   
  8415.0       1.4900092E-9   
  8420.0       1.4937214E-9   
  8425.0       1.5018851E-9   
  8430.0       1.5074003E-9   
  8435.0       1.4994037E-9   
  8440.0       1.4763669E-9   
  8445.0       1.4515685E-9   
  8450.0       1.4498435E-9   
  8455.0       1.4711633E-9   
  8460.0       1.4831434E-9   
  8465.0       1.4691459E-9   
  8470.0       1.4554843E-9   
  8475.0       1.4596978E-9   
  8480.0       1.4744033E-9   
  8485.0       1.4829025E-9   
  8490.0       1.4567316E-9   
  8495.0       1.3822576E-9   
  8500.0       1.343324E-9    
  8505.0       1.3794249E-9   
  8510.0       1.4202403E-9   
  8515.0       1.4337677E-9   
  8520.0       1.4311483E-9   
  8525.0       1.4282266E-9   
  8530.0       1.4166825E-9   
  8535.0       1.3651509E-9   
  8540.0       1.2787761E-9   
  8545.0       1.2123995E-9   
  8550.0       1.2297613E-9   
  8555.0       1.2956689E-9   
  8560.0       1.3647788E-9   
  8565.0       1.3946563E-9   
  8570.0       1.3939281E-9   
  8575.0       1.3951881E-9   
  8580.0       1.3944083E-9   
  8585.0       1.3837126E-9   
  8590.0       1.3625584E-9   
  8595.0       1.3311859E-9   
  8600.0       1.3235831E-9   
  8605.0       1.3440744E-9   
  8610.0       1.3687604E-9   
  8615.0       1.3880014E-9   
  8620.0       1.3999796E-9   
  8625.0       1.4061352E-9   
  8630.0       1.4115188E-9   
  8635.0       1.4180005E-9   
  8640.0       1.4172149E-9   
  8645.0       1.4035689E-9   
  8650.0       1.3830994E-9   
  8655.0       1.347249E-9    
  8660.0       1.2659269E-9   
  8665.0       1.1946927E-9   
  8670.0       1.2045794E-9   
  8675.0       1.2750949E-9   
  8680.0       1.3393769E-9   
  8685.0       1.3429137E-9   
  8690.0       1.3498543E-9   
  8695.0       1.392717E-9    
  8700.0       1.3395804E-9   
  8705.0       1.3246666E-9   
  8710.0       1.3193966E-9   
  8715.0       1.3172589E-9   
  8720.0       1.3176503E-9   
  8725.0       1.3106859E-9   
  8730.0       1.2915077E-9   
  8735.0       1.2666297E-9   
  8740.0       1.2377003E-9   
  8745.0       1.1841951E-9   
  8750.0       1.1559296E-9   
  8755.0       1.1983464E-9   
  8760.0       1.2569189E-9   
  8765.0       1.2908951E-9   
  8770.0       1.3052178E-9   
  8775.0       1.3154572E-9   
  8780.0       1.3191692E-9   
  8785.0       1.3157581E-9   
  8790.0       1.3130632E-9   
  8795.0       1.3133393E-9   
  8800.0       1.3067417E-9   
  8805.0       1.2919165E-9   
  8810.0       1.292688E-9    
  8815.0       1.3063233E-9   
  8820.0       1.3023268E-9   
  8825.0       1.2941268E-9   
  8830.0       1.2862843E-9   
  8835.0       1.2796599E-9   
  8840.0       1.2793208E-9   
  8845.0       1.2756912E-9   
  8850.0       1.2532866E-9   
  8855.0       1.1954867E-9   
  8860.0       1.1273839E-9   
  8865.0       1.1306248E-9   
  8870.0       1.1847721E-9   
  8875.0       1.2311039E-9   
  8880.0       1.2519757E-9   
  8885.0       1.2689543E-9   
  8890.0       1.2799082E-9   
  8895.0       1.2832705E-9   
  8900.0       1.2846224E-9   
  8905.0       1.2799639E-9   
  8910.0       1.2679718E-9   
  8915.0       1.2701614E-9   
  8920.0       1.2809459E-9   
  8925.0       1.2630391E-9   
  8930.0       1.2685116E-9   
  8935.0       1.2848153E-9   
  8940.0       1.2753285E-9   
  8945.0       1.2652766E-9   
  8950.0       1.2597859E-9   
  8955.0       1.2554915E-9   
  8960.0       1.2524348E-9   
  8965.0       1.2510213E-9   
  8970.0       1.2500634E-9   
  8975.0       1.2507154E-9   
  8980.0       1.2326972E-9   
  8985.0       1.1971595E-9   
  8990.0       1.2205391E-9   
  8995.0       1.227596E-9    
  9000.0       1.1836946E-9   
  9005.0       1.1537691E-9   
  9010.0       1.111479E-9    
  9015.0       1.1023615E-9   
  9020.0       1.1392952E-9   
  9025.0       1.1791684E-9   
  9030.0       1.2268557E-9   
  9035.0       1.247982E-9    
  9040.0       1.2443346E-9   
  9045.0       1.2512286E-9   
  9050.0       1.2551715E-9   
  9055.0       1.2332614E-9   
  9060.0       1.2041128E-9   
  9065.0       1.2044473E-9   
  9070.0       1.2262729E-9   
  9075.0       1.2178583E-9   
  9080.0       1.1981336E-9   
  9085.0       1.2004677E-9   
  9090.0       1.1948619E-9   
  9095.0       1.1964232E-9   
  9100.0       1.2117072E-9   
  9105.0       1.2215066E-9   
  9110.0       1.2146515E-9   
  9115.0       1.2130583E-9   
  9120.0       1.2251109E-9   
  9125.0       1.2268493E-9   
  9130.0       1.2073457E-9   
  9135.0       1.2232112E-9   
  9140.0       1.2473799E-9   
  9145.0       1.2253611E-9   
  9150.0       1.1829774E-9   
  9155.0       1.2006305E-9   
  9160.0       1.2309433E-9   
  9165.0       1.2137238E-9   
  9170.0       1.1834336E-9   
  9175.0       1.1985102E-9   
  9180.0       1.224028E-9    
  9185.0       1.2215552E-9   
  9190.0       1.2092786E-9   
  9195.0       1.2119661E-9   
  9200.0       1.2060648E-9   
  9205.0       1.1769701E-9   
  9210.0       1.1421346E-9   
  9215.0       1.1176674E-9   
  9220.0       1.0965063E-9   
  9225.0       1.0649788E-9   
  9230.0       1.0416585E-9   
  9235.0       1.0685277E-9   
  9240.0       1.107494E-9    
  9245.0       1.1359248E-9   
  9250.0       1.1520601E-9   
  9255.0       1.1436946E-9   
  9260.0       1.145095E-9    
  9265.0       1.1623575E-9   
  9270.0       1.1704444E-9   
  9275.0       1.1602185E-9   
  9280.0       1.1530097E-9   
  9285.0       1.1553699E-9   
  9290.0       1.1495506E-9   
  9295.0       1.1283627E-9   
  9300.0       1.1274544E-9   
  9305.0       1.1325696E-9   
  9310.0       1.1193236E-9   
  9315.0       1.1005701E-9   
  9320.0       1.0937347E-9   
  9325.0       1.0970984E-9   
  9330.0       1.0799273E-9   
  9335.0       1.0404251E-9   
  9340.0       1.0565593E-9   
  9345.0       1.1002989E-9   
  9350.0       1.1126471E-9   
  9355.0       1.0977813E-9   
  9360.0       1.0955875E-9   
  9365.0       1.0807855E-9   
  9370.0       1.0565483E-9   
  9375.0       1.063165E-9    
  9380.0       1.0994171E-9   
  9385.0       1.1472439E-9   
  9390.0       1.1628242E-9   
  9395.0       1.1283164E-9   
  9400.0       1.0912579E-9   
  9405.0       1.0642374E-9   
  9410.0       1.0609797E-9   
  9415.0       1.0727341E-9   
  9420.0       1.06424E-9     
  9425.0       1.0826747E-9   
  9430.0       1.0993716E-9   
  9435.0       1.0764624E-9   
  9440.0       1.069605E-9    
  9445.0       1.0992153E-9   
  9450.0       1.0914354E-9   
  9455.0       1.0511467E-9   
  9460.0       1.0778232E-9   
  9465.0       1.0977982E-9   
  9470.0       1.0845738E-9   
  9475.0       1.0707236E-9   
  9480.0       1.0808907E-9   
  9485.0       1.1137102E-9   
  9490.0       1.0761007E-9   
  9495.0       1.0189571E-9   
  9500.0       1.0787526E-9   
  9505.0       1.1303095E-9   
  9510.0       1.0930453E-9   
  9515.0       1.0303737E-9   
  9520.0       1.0281168E-9   
  9525.0       1.0518912E-9   
  9530.0       1.0573807E-9   
  9535.0       1.0254602E-9   
  9540.0       9.733929E-10   
  9545.0       9.481284E-10   
  9550.0       9.556523E-10   
  9555.0       9.883435E-10   
  9560.0       1.0281341E-9   
  9565.0       1.0477237E-9   
  9570.0       1.0698485E-9   
  9575.0       1.0792437E-9   
  9580.0       1.0546153E-9   
  9585.0       1.0336493E-9   
  9590.0       1.038305E-9    
  9595.0       1.0561536E-9   
  9600.0       1.0663794E-9   
  9605.0       1.0694402E-9   
  9610.0       1.0789616E-9   
  9615.0       1.0635154E-9   
  9620.0       1.0406963E-9   
  9625.0       1.0717652E-9   
  9630.0       1.079877E-9    
  9635.0       1.0650332E-9   
  9640.0       1.066935E-9    
  9645.0       1.0756406E-9   
  9650.0       1.0688872E-9   
  9655.0       1.041843E-9    
  9660.0       1.0304182E-9   
  9665.0       1.0630952E-9   
  9670.0       1.0874384E-9   
  9675.0       1.0847525E-9   
  9680.0       1.0805257E-9   
  9685.0       1.0922805E-9   
  9690.0       1.0957824E-9   
  9695.0       1.0860096E-9   
  9700.0       1.0813916E-9   
  9705.0       1.0897905E-9   
  9710.0       1.0895054E-9   
  9715.0       1.0803646E-9   
  9720.0       1.0683922E-9   
  9725.0       1.0612813E-9   
  9730.0       1.061838E-9    
  9735.0       1.0651153E-9   
  9740.0       1.0646694E-9   
  9745.0       1.059133E-9    
  9750.0       1.0534572E-9   
  9755.0       1.0506211E-9   
  9760.0       1.0535158E-9   
  9765.0       1.061032E-9    
  9770.0       1.0677436E-9   
  9775.0       1.0777114E-9   
  9780.0       1.0796839E-9   
  9785.0       1.0734502E-9   
  9790.0       1.0621303E-9   
  9795.0       1.0500678E-9   
  9800.0       1.0416122E-9   
  9805.0       1.0393453E-9   
  9810.0       1.0412565E-9   
  9815.0       1.0435638E-9   
  9820.0       1.0424678E-9   
  9825.0       1.0357246E-9   
  9830.0       1.0251573E-9   
  9835.0       1.0141418E-9   
  9840.0       1.0060905E-9   
  9845.0       1.003268E-9    
  9850.0       1.0049283E-9   
  9855.0       1.0091593E-9   
  9860.0       1.0139947E-9   
  9865.0       1.0178927E-9   
  9870.0       1.0204381E-9   
  9875.0       1.0216645E-9   
  9880.0       1.0216543E-9   
  9885.0       1.02063E-9     
  9890.0       1.0191811E-9   
  9895.0       1.0180383E-9   
  9900.0       1.0179133E-9   
  9905.0       1.01923E-9     
  9910.0       1.0216576E-9   
  9915.0       1.024565E-9    
  9920.0       1.0273211E-9   
  9925.0       1.0294323E-9   
  9930.0       1.0308113E-9   
  9935.0       1.0315129E-9   
  9940.0       1.0315927E-9   
  9945.0       1.0309563E-9   
  9950.0       1.0291121E-9   
  9955.0       1.0254153E-9   
  9960.0       1.019262E-9    
  9965.0       1.010669E-9    
  9970.0       1.001221E-9    
  9975.0       9.931169E-10   
  9980.0       9.885017E-10   
  9985.0       9.883349E-10   
  9990.0       9.90524E-10    
  9995.0       9.917981E-10   
  10000.0      9.888875E-10   
  10005.0      9.797467E-10   
  10010.0      9.65509E-10    
  10015.0      9.485401E-10   
  10020.0      9.3126873E-10  
  10025.0      9.1564506E-10  
  10030.0      9.023692E-10   
  10035.0      8.916538E-10   
  10040.0      8.836869E-10   
  10045.0      8.788812E-10   
  10050.0      8.7821966E-10  
  10055.0      8.829213E-10   
  10060.0      8.9408475E-10  
  10065.0      9.1152574E-10  
  10070.0      9.317024E-10   
  10075.0      9.497898E-10   
  10080.0      9.610254E-10   
  10085.0      9.627317E-10   
  10090.0      9.576013E-10   
  10095.0      9.503882E-10   
  10100.0      9.458828E-10   
  10105.0      9.47066E-10    
  10110.0      9.522431E-10   
  10115.0      9.579129E-10   
  10120.0      9.605304E-10   
  10125.0      9.578883E-10   
  10130.0      9.512627E-10   
  10135.0      9.432746E-10   
  10140.0      9.365823E-10   
  10145.0      9.330395E-10   
  10150.0      9.32371E-10    
  10155.0      9.334754E-10   
  10160.0      9.352107E-10   
  10165.0      9.367728E-10   
  10170.0      9.382531E-10   
  10175.0      9.400756E-10   
  10180.0      9.426837E-10   
  10185.0      9.462539E-10   
  10190.0      9.50288E-10    
  10195.0      9.540306E-10   
  10200.0      9.566946E-10   
  10205.0      9.575113E-10   
  10210.0      9.557191E-10   
  10215.0      9.505687E-10   
  10220.0      9.414038E-10   
  10225.0      9.285152E-10   
  10230.0      9.1466834E-10  
  10235.0      9.035745E-10   
  10240.0      8.9885477E-10  
  10245.0      9.0233504E-10  
  10250.0      9.1115737E-10  
  10255.0      9.206695E-10   
  10260.0      9.2619845E-10  
  10265.0      9.2464575E-10  
  10270.0      9.170326E-10   
  10275.0      9.0595026E-10  
  10280.0      8.9412655E-10  
  10285.0      8.839534E-10   
  10290.0      8.7696844E-10  
  10295.0      8.7438257E-10  
  10300.0      8.7728136E-10  
  10305.0      8.8577645E-10  
  10310.0      8.9747393E-10  
  10315.0      9.0901847E-10  
  10320.0      9.1706587E-10  
  10325.0      9.193996E-10   
  10330.0      9.167314E-10   
  10335.0      9.1089963E-10  
  10340.0      9.038355E-10   
  10345.0      8.972758E-10   
  10350.0      8.92457E-10    
  10355.0      8.9041435E-10  
  10360.0      8.920944E-10   
  10365.0      8.976666E-10   
  10370.0      9.052958E-10   
  10375.0      9.1237995E-10  
  10380.0      9.163227E-10   
  10385.0      9.1541996E-10  
  10390.0      9.102868E-10   
  10395.0      9.0242114E-10  
  10400.0      8.933984E-10   
  10405.0      8.845818E-10   
  10410.0      8.767989E-10   
  10415.0      8.7067503E-10  
  10420.0      8.667657E-10   
  10425.0      8.652326E-10   
  10430.0      8.651752E-10   
  10435.0      8.652923E-10   
  10440.0      8.6428625E-10  
  10445.0      8.613756E-10   
  10450.0      8.5710666E-10  
  10455.0      8.5253415E-10  
  10460.0      8.48756E-10    
  10465.0      8.467891E-10   
  10470.0      8.474284E-10   
  10475.0      8.5139296E-10  
  10480.0      8.5927765E-10  
  10485.0      8.706196E-10   
  10490.0      8.8216634E-10  
  10495.0      8.896165E-10   
  10500.0      8.8878543E-10  
  10505.0      8.778592E-10   
  10510.0      8.611789E-10   
  10515.0      8.454501E-10   
  10520.0      8.3733726E-10  
  10525.0      8.407222E-10   
  10530.0      8.522481E-10   
  10535.0      8.6577057E-10  
  10540.0      8.7509067E-10  
  10545.0      8.7618657E-10  
  10550.0      8.7069935E-10  
  10555.0      8.624522E-10   
  10560.0      8.5533375E-10  
  10565.0      8.517508E-10   
  10570.0      8.502444E-10   
  10575.0      8.4787377E-10  
  10580.0      8.4170837E-10  
  10585.0      8.3037804E-10  
  10590.0      8.1660395E-10  
  10595.0      8.0467394E-10  
  10600.0      7.98886E-10    
  10605.0      8.020462E-10   
  10610.0      8.1310525E-10  
  10615.0      8.2952917E-10  
  10620.0      6.3399785E-10  
