# WAVELENGTH   FLUX           
  1150.0       1.1484136E-11  
  1155.0       3.306103E-11   
  1160.0       3.0442173E-11  
  1165.0       4.298719E-12   
  1170.0       0.0            
  1175.0       0.0            
  1180.0       0.0            
  1185.0       0.0            
  1190.0       0.0            
  1195.0       0.0            
  1200.0       1.1094733E-12  
  1205.0       1.4266739E-11  
  1210.0       5.8524456E-11  
  1215.0       8.4913784E-11  
  1220.0       5.4566397E-11  
  1225.0       1.6862851E-11  
  1230.0       3.4291276E-12  
  1235.0       4.0652824E-12  
  1240.0       7.328416E-12   
  1245.0       8.6857145E-12  
  1250.0       6.268022E-12   
  1255.0       7.425429E-12   
  1260.0       7.758187E-12   
  1265.0       3.3859155E-12  
  1270.0       5.122674E-12   
  1275.0       4.770414E-12   
  1280.0       7.740752E-12   
  1285.0       9.903749E-12   
  1290.0       3.924263E-12   
  1295.0       7.330567E-13   
  1300.0       3.083024E-12   
  1305.0       8.660724E-12   
  1310.0       9.085805E-12   
  1315.0       4.8135814E-12  
  1320.0       1.2554875E-12  
  1325.0       3.9141563E-12  
  1330.0       5.9547194E-12  
  1335.0       7.941456E-12   
  1340.0       8.481879E-12   
  1345.0       4.7821603E-12  
  1350.0       3.7004783E-12  
  1355.0       6.937731E-12   
  1360.0       6.333187E-12   
  1365.0       2.0896152E-12  
  1370.0       4.1159838E-13  
  1375.0       1.655461E-12   
  1380.0       2.6888838E-12  
  1385.0       4.1233022E-13  
  1390.0       0.0            
  1395.0       5.546389E-13   
  1400.0       4.466875E-12   
  1405.0       7.457225E-12   
  1410.0       1.2954383E-12  
  1415.0       2.1754293E-13  
  1420.0       1.660214E-12   
  1425.0       3.761255E-12   
  1430.0       3.7361156E-12  
  1435.0       1.6740015E-12  
  1440.0       2.2753294E-12  
  1445.0       4.6698305E-12  
  1450.0       4.0435806E-12  
  1455.0       4.4031367E-12  
  1460.0       5.8491445E-12  
  1465.0       5.707031E-12   
  1470.0       9.6609006E-12  
  1475.0       7.777106E-12   
  1480.0       3.0254681E-12  
  1485.0       3.3412674E-13  
  1490.0       7.00531E-13    
  1495.0       4.50311E-12    
  1500.0       3.000766E-12   
  1505.0       3.781762E-12   
  1510.0       6.574256E-12   
  1515.0       5.3498E-12     
  1520.0       2.9043554E-12  
  1525.0       4.8798807E-13  
  1530.0       2.6002755E-12  
  1535.0       1.3686272E-11  
  1540.0       1.6872222E-11  
  1545.0       1.334827E-11   
  1550.0       1.1083688E-11  
  1555.0       1.3072462E-11  
  1560.0       1.3104373E-11  
  1565.0       1.2289646E-11  
  1570.0       6.278546E-12   
  1575.0       7.880458E-12   
  1580.0       1.3722748E-11  
  1585.0       1.20460066E-11 
  1590.0       6.2138146E-12  
  1595.0       1.3486169E-11  
  1600.0       1.4835693E-11  
  1605.0       7.353681E-12   
  1610.0       8.236563E-12   
  1615.0       1.11733045E-11 
  1620.0       1.4208507E-11  
  1625.0       1.1257676E-11  
  1630.0       8.2026755E-12  
  1635.0       1.03006215E-11 
  1640.0       9.909228E-12   
  1645.0       9.082481E-12   
  1650.0       8.67203E-12    
  1655.0       1.158086E-11   
  1660.0       1.5382374E-11  
  1665.0       1.9006024E-11  
  1670.0       1.908525E-11   
  1675.0       1.9119152E-11  
  1680.0       1.9582318E-11  
  1685.0       2.1022021E-11  
  1690.0       2.6084196E-11  
  1695.0       2.9110932E-11  
  1700.0       4.234706E-11   
  1705.0       5.663748E-11   
  1710.0       7.1997124E-11  
  1715.0       8.357763E-11   
  1720.0       8.658265E-11   
  1725.0       9.450052E-11   
  1730.0       1.0458802E-10  
  1735.0       1.0548509E-10  
  1740.0       1.15763864E-10 
  1745.0       1.366495E-10   
  1750.0       1.6405555E-10  
  1755.0       1.871315E-10   
  1760.0       1.8684015E-10  
  1765.0       1.8908757E-10  
  1770.0       2.2717603E-10  
  1775.0       2.8335104E-10  
  1780.0       3.046743E-10   
  1785.0       2.777478E-10   
  1790.0       2.7338504E-10  
  1795.0       3.1066574E-10  
  1800.0       3.3702732E-10  
  1805.0       3.086154E-10   
  1810.0       3.2028893E-10  
  1815.0       3.4589254E-10  
  1820.0       3.5712316E-10  
  1825.0       3.747397E-10   
  1830.0       3.7308967E-10  
  1835.0       3.43597E-10    
  1840.0       2.9211636E-10  
  1845.0       2.39415E-10    
  1850.0       2.3447985E-10  
  1855.0       2.8367023E-10  
  1860.0       3.2635353E-10  
  1865.0       3.6281242E-10  
  1870.0       3.952774E-10   
  1875.0       4.1036874E-10  
  1880.0       4.3199272E-10  
  1885.0       4.3706558E-10  
  1890.0       4.158684E-10   
  1895.0       3.9777573E-10  
  1900.0       3.8314046E-10  
  1905.0       3.9651438E-10  
  1910.0       4.2290552E-10  
  1915.0       4.555596E-10   
  1920.0       4.645256E-10   
  1925.0       4.1242484E-10  
  1930.0       3.175745E-10   
  1935.0       3.2341296E-10  
  1940.0       4.4890697E-10  
  1945.0       5.4120997E-10  
  1950.0       5.4963145E-10  
  1955.0       5.2848415E-10  
  1960.0       5.3975535E-10  
  1965.0       4.870787E-10   
  1970.0       5.1447147E-10  
  1975.0       6.08133E-10    
  1980.0       5.777645E-10   
  1985.0       5.296759E-10   
  1990.0       4.1479237E-10  
  1995.0       3.421354E-10   
  2000.0       3.9486334E-10  
  2005.0       4.5847762E-10  
  2010.0       4.5089568E-10  
  2015.0       4.61765E-10    
  2020.0       4.636144E-10   
  2025.0       4.6961285E-10  
  2030.0       5.2183324E-10  
  2035.0       5.366607E-10   
  2040.0       5.497934E-10   
  2045.0       6.498797E-10   
  2050.0       6.7594297E-10  
  2055.0       6.8373446E-10  
  2060.0       6.572809E-10   
  2065.0       6.6541117E-10  
  2070.0       6.611211E-10   
  2075.0       7.221173E-10   
  2080.0       8.522945E-10   
  2085.0       8.816603E-10   
  2090.0       8.628608E-10   
  2095.0       7.691478E-10   
  2100.0       7.135712E-10   
  2105.0       7.657152E-10   
  2110.0       8.269949E-10   
  2115.0       7.94756E-10    
  2120.0       8.034886E-10   
  2125.0       8.592178E-10   
  2130.0       8.2983037E-10  
  2135.0       7.7656515E-10  
  2140.0       7.660226E-10   
  2145.0       7.8942614E-10  
  2150.0       8.211064E-10   
  2155.0       8.350905E-10   
  2160.0       7.920811E-10   
  2165.0       6.627361E-10   
  2170.0       6.385969E-10   
  2175.0       6.463452E-10   
  2180.0       6.704634E-10   
  2185.0       7.6822126E-10  
  2190.0       8.3404367E-10  
  2195.0       8.448305E-10   
  2200.0       8.549024E-10   
  2205.0       9.0012453E-10  
  2210.0       9.004499E-10   
  2215.0       7.411255E-10   
  2220.0       6.546612E-10   
  2225.0       6.6169153E-10  
  2230.0       7.6186235E-10  
  2235.0       8.564746E-10   
  2240.0       8.967728E-10   
  2245.0       8.060192E-10   
  2250.0       8.14952E-10    
  2255.0       8.621193E-10   
  2260.0       8.293759E-10   
  2265.0       7.472989E-10   
  2270.0       7.162278E-10   
  2275.0       7.4107975E-10  
  2280.0       7.7662826E-10  
  2285.0       8.011814E-10   
  2290.0       8.446193E-10   
  2295.0       8.722826E-10   
  2300.0       8.333955E-10   
  2305.0       7.97074E-10    
  2310.0       8.265222E-10   
  2315.0       8.488712E-10   
  2320.0       8.033729E-10   
  2325.0       7.484528E-10   
  2330.0       7.6139733E-10  
  2335.0       7.011271E-10   
  2340.0       6.3364314E-10  
  2345.0       5.823919E-10   
  2350.0       5.7125993E-10  
  2355.0       5.9276295E-10  
  2360.0       6.3210426E-10  
  2365.0       6.319398E-10   
  2370.0       6.320828E-10   
  2375.0       6.9532835E-10  
  2380.0       6.615723E-10   
  2385.0       5.273298E-10   
  2390.0       4.810636E-10   
  2395.0       5.1575477E-10  
  2400.0       5.296484E-10   
  2405.0       4.705419E-10   
  2410.0       4.1795198E-10  
  2415.0       4.2987264E-10  
  2420.0       5.795054E-10   
  2425.0       7.688999E-10   
  2430.0       8.397696E-10   
  2435.0       8.4773916E-10  
  2440.0       8.516582E-10   
  2445.0       8.583119E-10   
  2450.0       8.3124746E-10  
  2455.0       7.7902057E-10  
  2460.0       7.5458806E-10  
  2465.0       7.4844086E-10  
  2470.0       7.329361E-10   
  2475.0       7.405939E-10   
  2480.0       7.1342243E-10  
  2485.0       6.613274E-10   
  2490.0       6.1159866E-10  
  2495.0       6.38128E-10    
  2500.0       7.777036E-10   
  2505.0       7.970176E-10   
  2510.0       7.0810346E-10  
  2515.0       6.4786587E-10  
  2520.0       5.565575E-10   
  2525.0       4.9924337E-10  
  2530.0       5.447761E-10   
  2535.0       5.822025E-10   
  2540.0       5.94841E-10    
  2545.0       5.9084126E-10  
  2550.0       6.3411926E-10  
  2555.0       7.1788314E-10  
  2560.0       7.7504636E-10  
  2565.0       8.447931E-10   
  2570.0       9.439453E-10   
  2575.0       9.454356E-10   
  2580.0       8.309238E-10   
  2585.0       8.4808743E-10  
  2590.0       8.991329E-10   
  2595.0       9.2317715E-10  
  2600.0       8.391592E-10   
  2605.0       7.721842E-10   
  2610.0       7.581485E-10   
  2615.0       7.376361E-10   
  2620.0       7.787166E-10   
  2625.0       8.4239615E-10  
  2630.0       8.5519025E-10  
  2635.0       1.0180227E-9   
  2640.0       1.2817168E-9   
  2645.0       1.506729E-9    
  2650.0       1.5636088E-9   
  2655.0       1.5534183E-9   
  2660.0       1.5391475E-9   
  2665.0       1.4571835E-9   
  2670.0       1.3923592E-9   
  2675.0       1.405132E-9    
  2680.0       1.4867391E-9   
  2685.0       1.5009757E-9   
  2690.0       1.4465908E-9   
  2695.0       1.3601955E-9   
  2700.0       1.37676E-9     
  2705.0       1.4200412E-9   
  2710.0       1.3379087E-9   
  2715.0       1.2541517E-9   
  2720.0       1.2643866E-9   
  2725.0       1.2830641E-9   
  2730.0       1.3455856E-9   
  2735.0       1.3475728E-9   
  2740.0       1.1782322E-9   
  2745.0       9.684132E-10   
  2750.0       8.650148E-10   
  2755.0       9.452871E-10   
  2760.0       1.0613674E-9   
  2765.0       1.2317631E-9   
  2770.0       1.2991659E-9   
  2775.0       1.3241435E-9   
  2780.0       1.3004409E-9   
  2785.0       1.2132297E-9   
  2790.0       1.0456803E-9   
  2795.0       7.554488E-10   
  2800.0       5.3289206E-10  
  2805.0       5.21095E-10    
  2810.0       7.6425843E-10  
  2815.0       1.1597547E-9   
  2820.0       1.4619661E-9   
  2825.0       1.6421484E-9   
  2830.0       1.7061736E-9   
  2835.0       1.6840502E-9   
  2840.0       1.6163554E-9   
  2845.0       1.5117132E-9   
  2850.0       1.4087609E-9   
  2855.0       1.3289202E-9   
  2860.0       1.4299809E-9   
  2865.0       1.5837228E-9   
  2870.0       1.6503834E-9   
  2875.0       1.6695428E-9   
  2880.0       1.7250049E-9   
  2885.0       1.7596149E-9   
  2890.0       1.7086427E-9   
  2895.0       1.809943E-9    
  2900.0       1.9391102E-9   
  2905.0       1.9874151E-9   
  2910.0       2.0263127E-9   
  2915.0       2.0683455E-9   
  2920.0       2.0685764E-9   
  2925.0       1.9062711E-9   
  2930.0       1.898421E-9    
  2935.0       1.9659436E-9   
  2940.0       1.9722062E-9   
  2945.0       1.9968887E-9   
  2950.0       2.0145807E-9   
  2955.0       2.078891E-9    
  2960.0       2.17031E-9     
  2965.0       2.130607E-9    
  2970.0       2.1204642E-9   
  2975.0       2.2004558E-9   
  2980.0       2.1081048E-9   
  2985.0       2.0192807E-9   
  2990.0       2.1016906E-9   
  2995.0       2.1707218E-9   
  3000.0       2.0422095E-9   
  3005.0       1.9737487E-9   
  3010.0       2.058839E-9    
  3015.0       2.060818E-9    
  3020.0       2.004093E-9    
  3025.0       1.9977675E-9   
  3030.0       2.0508442E-9   
  3035.0       2.0207664E-9   
  3040.0       1.9664859E-9   
  3045.0       2.001549E-9    
  3050.0       2.0727389E-9   
  3055.0       2.075633E-9    
  3060.0       2.043217E-9    
  3065.0       1.9900095E-9   
  3070.0       2.0142517E-9   
  3075.0       2.0882154E-9   
  3080.0       2.19389E-9     
  3085.0       2.2301165E-9   
  3090.0       2.137953E-9    
  3095.0       2.0290911E-9   
  3100.0       2.0030526E-9   
  3105.0       2.029657E-9    
  3110.0       2.1151219E-9   
  3115.0       2.1395166E-9   
  3120.0       2.1315947E-9   
  3125.0       2.1935394E-9   
  3130.0       2.2527857E-9   
  3135.0       2.254699E-9    
  3140.0       2.3434308E-9   
  3145.0       2.3233595E-9   
  3150.0       2.2850977E-9   
  3155.0       2.229885E-9    
  3160.0       2.194268E-9    
  3165.0       2.2354587E-9   
  3170.0       2.3315163E-9   
  3175.0       2.3453086E-9   
  3180.0       2.2660664E-9   
  3185.0       2.208624E-9    
  3190.0       2.2023185E-9   
  3195.0       2.2064146E-9   
  3200.0       2.4018636E-9   
  3205.0       2.4980147E-9   
  3210.0       2.4627507E-9   
  3215.0       2.3335E-9      
  3220.0       2.2011686E-9   
  3225.0       2.1489455E-9   
  3230.0       2.1826059E-9   
  3235.0       2.2670135E-9   
  3240.0       2.339047E-9    
  3245.0       2.3537612E-9   
  3250.0       2.3399183E-9   
  3255.0       2.3523166E-9   
  3260.0       2.4352773E-9   
  3265.0       2.5690075E-9   
  3270.0       2.587885E-9    
  3275.0       2.4022082E-9   
  3280.0       2.2563738E-9   
  3285.0       2.3695843E-9   
  3290.0       2.5644638E-9   
  3295.0       2.6134817E-9   
  3300.0       2.5596276E-9   
  3305.0       2.5182794E-9   
  3310.0       2.5138667E-9   
  3315.0       2.5317344E-9   
  3320.0       2.5536582E-9   
  3325.0       2.5594575E-9   
  3330.0       2.5264837E-9   
  3335.0       2.4596034E-9   
  3340.0       2.4353426E-9   
  3345.0       2.5073483E-9   
  3350.0       2.599321E-9    
  3355.0       2.6185885E-9   
  3360.0       2.5619267E-9   
  3365.0       2.4720015E-9   
  3370.0       2.4169955E-9   
  3375.0       2.4383275E-9   
  3380.0       2.4862763E-9   
  3385.0       2.5050917E-9   
  3390.0       2.512806E-9    
  3395.0       2.5391615E-9   
  3400.0       2.5690872E-9   
  3405.0       2.5798024E-9   
  3410.0       2.5754814E-9   
  3415.0       2.571526E-9    
  3420.0       2.5835083E-9   
  3425.0       2.6131082E-9   
  3430.0       2.6269322E-9   
  3435.0       2.5925302E-9   
  3440.0       2.516299E-9    
  3445.0       2.4323488E-9   
  3450.0       2.4046165E-9   
  3455.0       2.463405E-9    
  3460.0       2.5253102E-9   
  3465.0       2.5155327E-9   
  3470.0       2.4921547E-9   
  3475.0       2.516912E-9    
  3480.0       2.5293416E-9   
  3485.0       2.4706166E-9   
  3490.0       2.4094557E-9   
  3495.0       2.4223703E-9   
  3500.0       2.4760765E-9   
  3505.0       2.5138707E-9   
  3510.0       2.543715E-9    
  3515.0       2.574371E-9    
  3520.0       2.5634317E-9   
  3525.0       2.5597622E-9   
  3530.0       2.627435E-9    
  3535.0       2.7278946E-9   
  3540.0       2.8053697E-9   
  3545.0       2.8587432E-9   
  3550.0       2.8240357E-9   
  3555.0       2.7511637E-9   
  3560.0       2.6853089E-9   
  3565.0       2.5689562E-9   
  3570.0       2.4536317E-9   
  3575.0       2.4197153E-9   
  3580.0       2.384827E-9    
  3585.0       2.3740032E-9   
  3590.0       2.4736597E-9   
  3595.0       2.6339242E-9   
  3600.0       2.6814835E-9   
  3605.0       2.6023212E-9   
  3610.0       2.5464244E-9   
  3615.0       2.4953186E-9   
  3620.0       2.5221603E-9   
  3625.0       2.6179992E-9   
  3630.0       2.6189586E-9   
  3635.0       2.5424105E-9   
  3640.0       2.6463842E-9   
  3645.0       2.6602505E-9   
  3650.0       2.715984E-9    
  3655.0       2.8808187E-9   
  3660.0       2.9917078E-9   
  3665.0       2.9990512E-9   
  3670.0       2.9582192E-9   
  3675.0       2.88436E-9     
  3680.0       2.7897067E-9   
  3685.0       2.8230631E-9   
  3690.0       2.9173919E-9   
  3695.0       3.0035827E-9   
  3700.0       2.98041E-9     
  3705.0       2.8529137E-9   
  3710.0       2.8844445E-9   
  3715.0       3.0347747E-9   
  3720.0       2.9736444E-9   
  3725.0       2.930066E-9    
  3730.0       2.9151022E-9   
  3735.0       2.7683766E-9   
  3740.0       2.9414382E-9   
  3745.0       2.9203575E-9   
  3750.0       2.780636E-9    
  3755.0       3.1095952E-9   
  3760.0       3.1807954E-9   
  3765.0       3.1448877E-9   
  3770.0       3.0379104E-9   
  3775.0       3.3581458E-9   
  3780.0       3.817227E-9    
  3785.0       3.833155E-9    
  3790.0       3.4785372E-9   
  3795.0       3.0705989E-9   
  3800.0       3.2377923E-9   
  3805.0       3.8006793E-9   
  3810.0       4.113531E-9    
  3815.0       4.0370733E-9   
  3820.0       3.904268E-9    
  3825.0       3.5548509E-9   
  3830.0       3.0619156E-9   
  3835.0       2.7597318E-9   
  3840.0       3.2312004E-9   
  3845.0       3.9358357E-9   
  3850.0       4.3268567E-9   
  3855.0       4.3933164E-9   
  3860.0       4.4047344E-9   
  3865.0       4.489374E-9    
  3870.0       4.3155515E-9   
  3875.0       4.068199E-9    
  3880.0       3.7703742E-9   
  3885.0       3.202966E-9    
  3890.0       3.0637046E-9   
  3895.0       3.5676724E-9   
  3900.0       3.9271226E-9   
  3905.0       3.981434E-9    
  3910.0       4.2717585E-9   
  3915.0       4.4164294E-9   
  3920.0       4.2946096E-9   
  3925.0       3.79963E-9     
  3930.0       3.0403158E-9   
  3935.0       2.7685114E-9   
  3940.0       3.1861398E-9   
  3945.0       3.6239345E-9   
  3950.0       3.9094292E-9   
  3955.0       3.947905E-9    
  3960.0       3.6406E-9      
  3965.0       3.005851E-9    
  3970.0       2.702285E-9    
  3975.0       3.0526448E-9   
  3980.0       3.5389334E-9   
  3985.0       3.9694195E-9   
  3990.0       4.3987547E-9   
  3995.0       4.65779E-9     
  4000.0       4.751682E-9    
  4005.0       4.770211E-9    
  4010.0       4.806956E-9    
  4015.0       4.8277298E-9   
  4020.0       4.8221267E-9   
  4025.0       4.832782E-9    
  4030.0       4.800923E-9    
  4035.0       4.8202558E-9   
  4040.0       4.8335975E-9   
  4045.0       4.7791286E-9   
  4050.0       4.7760453E-9   
  4055.0       4.7227475E-9   
  4060.0       4.6702384E-9   
  4065.0       4.6401047E-9   
  4070.0       4.604654E-9    
  4075.0       4.5534136E-9   
  4080.0       4.5332453E-9   
  4085.0       4.5032467E-9   
  4090.0       4.346606E-9    
  4095.0       3.9503405E-9   
  4100.0       3.4871221E-9   
  4105.0       3.4528225E-9   
  4110.0       3.7569756E-9   
  4115.0       4.080815E-9    
  4120.0       4.319157E-9    
  4125.0       4.5063886E-9   
  4130.0       4.6200674E-9   
  4135.0       4.702428E-9    
  4140.0       4.732019E-9    
  4145.0       4.689974E-9    
  4150.0       4.657938E-9    
  4155.0       4.623596E-9    
  4160.0       4.651353E-9    
  4165.0       4.6720428E-9   
  4170.0       4.607113E-9    
  4175.0       4.5485726E-9   
  4180.0       4.5987494E-9   
  4185.0       4.6538005E-9   
  4190.0       4.716083E-9    
  4195.0       4.704881E-9    
  4200.0       4.641016E-9    
  4205.0       4.677841E-9    
  4210.0       4.7356767E-9   
  4215.0       4.7428843E-9   
  4220.0       4.696289E-9    
  4225.0       4.61412E-9     
  4230.0       4.6293156E-9   
  4235.0       4.5974042E-9   
  4240.0       4.546639E-9    
  4245.0       4.5387045E-9   
  4250.0       4.5564574E-9   
  4255.0       4.6138062E-9   
  4260.0       4.634055E-9    
  4265.0       4.6774042E-9   
  4270.0       4.638638E-9    
  4275.0       4.6278203E-9   
  4280.0       4.6491007E-9   
  4285.0       4.5917794E-9   
  4290.0       4.5034407E-9   
  4295.0       4.416942E-9    
  4300.0       4.2627306E-9   
  4305.0       4.1985273E-9   
  4310.0       4.2349857E-9   
  4315.0       4.327229E-9    
  4320.0       4.360996E-9    
  4325.0       4.2490513E-9   
  4330.0       4.071011E-9    
  4335.0       3.7059842E-9   
  4340.0       3.367194E-9    
  4345.0       3.4768204E-9   
  4350.0       3.791587E-9    
  4355.0       4.1271706E-9   
  4360.0       4.4059756E-9   
  4365.0       4.5711306E-9   
  4370.0       4.619451E-9    
  4375.0       4.6291455E-9   
  4380.0       4.6164272E-9   
  4385.0       4.563234E-9    
  4390.0       4.5697535E-9   
  4395.0       4.5408486E-9   
  4400.0       4.4989026E-9   
  4405.0       4.477619E-9    
  4410.0       4.509502E-9    
  4415.0       4.555177E-9    
  4420.0       4.637212E-9    
  4425.0       4.6844297E-9   
  4430.0       4.668829E-9    
  4435.0       4.648946E-9    
  4440.0       4.6607775E-9   
  4445.0       4.659016E-9    
  4450.0       4.6632738E-9   
  4455.0       4.6144897E-9   
  4460.0       4.562201E-9    
  4465.0       4.5526094E-9   
  4470.0       4.61022E-9     
  4475.0       4.6751123E-9   
  4480.0       4.6519633E-9   
  4485.0       4.63595E-9     
  4490.0       4.6139323E-9   
  4495.0       4.6371476E-9   
  4500.0       4.7126654E-9   
  4505.0       4.792329E-9    
  4510.0       4.824512E-9    
  4515.0       4.7823456E-9   
  4520.0       4.7089466E-9   
  4525.0       4.5897774E-9   
  4530.0       4.4636024E-9   
  4535.0       4.462938E-9    
  4540.0       4.542627E-9    
  4545.0       4.5622217E-9   
  4550.0       4.55147E-9     
  4555.0       4.57405E-9     
  4560.0       4.614386E-9    
  4565.0       4.62635E-9     
  4570.0       4.6373225E-9   
  4575.0       4.634313E-9    
  4580.0       4.5774002E-9   
  4585.0       4.5298663E-9   
  4590.0       4.530242E-9    
  4595.0       4.5306425E-9   
  4600.0       4.524066E-9    
  4605.0       4.5488715E-9   
  4610.0       4.6174846E-9   
  4615.0       4.6762305E-9   
  4620.0       4.6926707E-9   
  4625.0       4.6633963E-9   
  4630.0       4.619698E-9    
  4635.0       4.605143E-9    
  4640.0       4.633105E-9    
  4645.0       4.6393525E-9   
  4650.0       4.655173E-9    
  4655.0       4.6888666E-9   
  4660.0       4.672619E-9    
  4665.0       4.5905115E-9   
  4670.0       4.5571658E-9   
  4675.0       4.6037836E-9   
  4680.0       4.6577355E-9   
  4685.0       4.707879E-9    
  4690.0       4.6749316E-9   
  4695.0       4.602622E-9    
  4700.0       4.4992814E-9   
  4705.0       4.4542166E-9   
  4710.0       4.475282E-9    
  4715.0       4.506986E-9    
  4720.0       4.5377067E-9   
  4725.0       4.507242E-9    
  4730.0       4.450058E-9    
  4735.0       4.4253343E-9   
  4740.0       4.440028E-9    
  4745.0       4.4718274E-9   
  4750.0       4.48309E-9     
  4755.0       4.468713E-9    
  4760.0       4.4416373E-9   
  4765.0       4.4016972E-9   
  4770.0       4.4114254E-9   
  4775.0       4.4335904E-9   
  4780.0       4.412608E-9    
  4785.0       4.417781E-9    
  4790.0       4.4509685E-9   
  4795.0       4.473034E-9    
  4800.0       4.4376436E-9   
  4805.0       4.4154542E-9   
  4810.0       4.4327746E-9   
  4815.0       4.4433164E-9   
  4820.0       4.380536E-9    
  4825.0       4.3250616E-9   
  4830.0       4.302734E-9    
  4835.0       4.293523E-9    
  4840.0       4.2863926E-9   
  4845.0       4.2123727E-9   
  4850.0       3.981207E-9    
  4855.0       3.5746779E-9   
  4860.0       3.175771E-9    
  4865.0       3.1394423E-9   
  4870.0       3.3745373E-9   
  4875.0       3.622584E-9    
  4880.0       3.847224E-9    
  4885.0       4.0023362E-9   
  4890.0       4.0711137E-9   
  4895.0       4.13101E-9     
  4900.0       4.1070587E-9   
  4905.0       4.0958503E-9   
  4910.0       4.12251E-9     
  4915.0       4.135084E-9    
  4920.0       4.1117705E-9   
  4925.0       4.1063135E-9   
  4930.0       4.1113783E-9   
  4935.0       4.086772E-9    
  4940.0       4.107674E-9    
  4945.0       4.172371E-9    
  4950.0       4.1964463E-9   
  4955.0       4.154734E-9    
  4960.0       4.152656E-9    
  4965.0       4.1724144E-9   
  4970.0       4.162566E-9    
  4975.0       4.154595E-9    
  4980.0       4.1057384E-9   
  4985.0       4.0687693E-9   
  4990.0       4.0849955E-9   
  4995.0       4.093492E-9    
  5000.0       4.0474957E-9   
  5005.0       4.010145E-9    
  5010.0       3.9852397E-9   
  5015.0       3.9536725E-9   
  5020.0       3.9792183E-9   
  5025.0       4.016501E-9    
  5030.0       4.039885E-9    
  5035.0       4.039103E-9    
  5040.0       4.0260777E-9   
  5045.0       4.0653827E-9   
  5050.0       4.0627692E-9   
  5055.0       4.0585526E-9   
  5060.0       4.0880663E-9   
  5065.0       4.0878954E-9   
  5070.0       4.0759507E-9   
  5075.0       4.075727E-9    
  5080.0       4.047133E-9    
  5085.0       4.0541903E-9   
  5090.0       4.0784855E-9   
  5095.0       4.078152E-9    
  5100.0       4.032498E-9    
  5105.0       4.036386E-9    
  5110.0       4.0691557E-9   
  5115.0       4.115873E-9    
  5120.0       4.099298E-9    
  5125.0       4.0534918E-9   
  5130.0       4.0427786E-9   
  5135.0       4.018706E-9    
  5140.0       3.989409E-9    
  5145.0       3.982057E-9    
  5150.0       3.9901167E-9   
  5155.0       3.9802863E-9   
  5160.0       3.9392942E-9   
  5165.0       3.8070063E-9   
  5170.0       3.7357406E-9   
  5175.0       3.8092733E-9   
  5180.0       3.848808E-9    
  5185.0       3.804663E-9    
  5190.0       3.8123367E-9   
  5195.0       3.82876E-9     
  5200.0       3.865431E-9    
  5205.0       3.8761208E-9   
  5210.0       3.90094E-9     
  5215.0       3.9340238E-9   
  5220.0       3.9595767E-9   
  5225.0       3.90729E-9     
  5230.0       3.865038E-9    
  5235.0       3.8614743E-9   
  5240.0       3.8527124E-9   
  5245.0       3.865671E-9    
  5250.0       3.880364E-9    
  5255.0       3.8856216E-9   
  5260.0       3.8485872E-9   
  5265.0       3.7544385E-9   
  5270.0       3.7278025E-9   
  5275.0       3.7592027E-9   
  5280.0       3.8085894E-9   
  5285.0       3.8556665E-9   
  5290.0       3.919678E-9    
  5295.0       3.912915E-9    
  5300.0       3.8585086E-9   
  5305.0       3.83374E-9     
  5310.0       3.838424E-9    
  5315.0       3.8309604E-9   
  5320.0       3.7977714E-9   
  5325.0       3.751759E-9    
  5330.0       3.7341175E-9   
  5335.0       3.751183E-9    
  5340.0       3.7349994E-9   
  5345.0       3.7306016E-9   
  5350.0       3.7801438E-9   
  5355.0       3.8447605E-9   
  5360.0       3.831382E-9    
  5365.0       3.7817767E-9   
  5370.0       3.7533647E-9   
  5375.0       3.740258E-9    
  5380.0       3.7269596E-9   
  5385.0       3.7461327E-9   
  5390.0       3.7675605E-9   
  5395.0       3.7419756E-9   
  5400.0       3.6995995E-9   
  5405.0       3.6601635E-9   
  5410.0       3.6625805E-9   
  5415.0       3.6917627E-9   
  5420.0       3.7056305E-9   
  5425.0       3.6935472E-9   
  5430.0       3.675833E-9    
  5435.0       3.6601062E-9   
  5440.0       3.6758092E-9   
  5445.0       3.6710748E-9   
  5450.0       3.6995054E-9   
  5455.0       3.7338457E-9   
  5460.0       3.747348E-9    
  5465.0       3.7368864E-9   
  5470.0       3.7037946E-9   
  5475.0       3.648896E-9    
  5480.0       3.6122736E-9   
  5485.0       3.622044E-9    
  5490.0       3.6463508E-9   
  5495.0       3.6649566E-9   
  5500.0       3.6564416E-9   
  5505.0       3.6467311E-9   
  5510.0       3.6493775E-9   
  5515.0       3.6726084E-9   
  5520.0       3.6627366E-9   
  5525.0       3.6131522E-9   
  5530.0       3.5765118E-9   
  5535.0       3.5711347E-9   
  5540.0       3.5954884E-9   
  5545.0       3.6358332E-9   
  5550.0       3.6659178E-9   
  5555.0       3.6529688E-9   
  5560.0       3.62267E-9     
  5565.0       3.562905E-9    
  5570.0       3.5060543E-9   
  5575.0       3.5041952E-9   
  5580.0       3.5127024E-9   
  5585.0       3.4961414E-9   
  5590.0       3.471902E-9    
  5595.0       3.457047E-9    
  5600.0       3.4743892E-9   
  5605.0       3.5239023E-9   
  5610.0       3.5604113E-9   
  5615.0       3.5403929E-9   
  5620.0       3.5277445E-9   
  5625.0       3.5169878E-9   
  5630.0       3.5100298E-9   
  5635.0       3.5108685E-9   
  5640.0       3.496734E-9    
  5645.0       3.4881926E-9   
  5650.0       3.465131E-9    
  5655.0       3.4475827E-9   
  5660.0       3.4573095E-9   
  5665.0       3.4929493E-9   
  5670.0       3.5293781E-9   
  5675.0       3.5324963E-9   
  5680.0       3.4754752E-9   
  5685.0       3.3978207E-9   
  5690.0       3.3799419E-9   
  5695.0       3.3945948E-9   
  5700.0       3.3987022E-9   
  5705.0       3.365587E-9    
  5710.0       3.341973E-9    
  5715.0       3.3621923E-9   
  5720.0       3.388797E-9    
  5725.0       3.4052492E-9   
  5730.0       3.4182883E-9   
  5735.0       3.4466496E-9   
  5740.0       3.4441587E-9   
  5745.0       3.425223E-9    
  5750.0       3.3795975E-9   
  5755.0       3.347297E-9    
  5760.0       3.3512935E-9   
  5765.0       3.3509635E-9   
  5770.0       3.3449294E-9   
  5775.0       3.3365881E-9   
  5780.0       3.3270688E-9   
  5785.0       3.33699E-9     
  5790.0       3.3447423E-9   
  5795.0       3.3553091E-9   
  5800.0       3.3604957E-9   
  5805.0       3.3522571E-9   
  5810.0       3.350987E-9    
  5815.0       3.3629974E-9   
  5820.0       3.3769347E-9   
  5825.0       3.3922862E-9   
  5830.0       3.402358E-9    
  5835.0       3.4034164E-9   
  5840.0       3.3850418E-9   
  5845.0       3.3657719E-9   
  5850.0       3.3228775E-9   
  5855.0       3.2770406E-9   
  5860.0       3.28435E-9     
  5865.0       3.3390422E-9   
  5870.0       3.3453411E-9   
  5875.0       3.2914924E-9   
  5880.0       3.225345E-9    
  5885.0       3.1239609E-9   
  5890.0       3.0186642E-9   
  5895.0       2.9975162E-9   
  5900.0       3.0930978E-9   
  5905.0       3.1917973E-9   
  5910.0       3.2250163E-9   
  5915.0       3.2132723E-9   
  5920.0       3.1872935E-9   
  5925.0       3.1579734E-9   
  5930.0       3.1255578E-9   
  5935.0       3.1231444E-9   
  5940.0       3.1072613E-9   
  5945.0       3.0836083E-9   
  5950.0       3.0667693E-9   
  5955.0       3.0668947E-9   
  5960.0       3.0857712E-9   
  5965.0       3.1119207E-9   
  5970.0       3.1271492E-9   
  5975.0       3.1205316E-9   
  5980.0       3.0970908E-9   
  5985.0       3.0740683E-9   
  5990.0       3.0673888E-9   
  5995.0       3.0750626E-9   
  6000.0       3.082212E-9    
  6005.0       3.103733E-9    
  6010.0       3.1068388E-9   
  6015.0       3.0830056E-9   
  6020.0       3.062591E-9    
  6025.0       3.0610603E-9   
  6030.0       3.0956868E-9   
  6035.0       3.1226788E-9   
  6040.0       3.102775E-9    
  6045.0       3.1019465E-9   
  6050.0       3.102147E-9    
  6055.0       3.0848248E-9   
  6060.0       3.0735101E-9   
  6065.0       3.0825449E-9   
  6070.0       3.097255E-9    
  6075.0       3.0842522E-9   
  6080.0       3.0850156E-9   
  6085.0       3.076435E-9    
  6090.0       3.081285E-9    
  6095.0       3.0721266E-9   
  6100.0       3.0626341E-9   
  6105.0       3.0519782E-9   
  6110.0       3.053774E-9    
  6115.0       3.0455893E-9   
  6120.0       3.034488E-9    
  6125.0       3.0236893E-9   
  6130.0       3.0207672E-9   
  6135.0       2.9972813E-9   
  6140.0       2.9730947E-9   
  6145.0       2.973049E-9    
  6150.0       2.9840832E-9   
  6155.0       2.979428E-9    
  6160.0       2.960537E-9    
  6165.0       2.946867E-9    
  6170.0       2.9515685E-9   
  6175.0       2.966206E-9    
  6180.0       2.9860474E-9   
  6185.0       2.9898757E-9   
  6190.0       2.9835732E-9   
  6195.0       2.9833396E-9   
  6200.0       2.9782128E-9   
  6205.0       2.992086E-9    
  6210.0       2.9672507E-9   
  6215.0       2.9535014E-9   
  6220.0       2.9623888E-9   
  6225.0       2.9645155E-9   
  6230.0       2.9355485E-9   
  6235.0       2.9087084E-9   
  6240.0       2.9023144E-9   
  6245.0       2.8796052E-9   
  6250.0       2.8846383E-9   
  6255.0       2.8963798E-9   
  6260.0       2.9208278E-9   
  6265.0       2.9320733E-9   
  6270.0       2.9116793E-9   
  6275.0       2.8708083E-9   
  6280.0       2.8285048E-9   
  6285.0       2.8611404E-9   
  6290.0       2.8668656E-9   
  6295.0       2.8571518E-9   
  6300.0       2.8487461E-9   
  6305.0       2.8637805E-9   
  6310.0       2.860665E-9    
  6315.0       2.841241E-9    
  6320.0       2.8380995E-9   
  6325.0       2.854275E-9    
  6330.0       2.8532E-9      
  6335.0       2.837343E-9    
  6340.0       2.827957E-9    
  6345.0       2.8110287E-9   
  6350.0       2.8339708E-9   
  6355.0       2.8494376E-9   
  6360.0       2.8352454E-9   
  6365.0       2.8346108E-9   
  6370.0       2.8392626E-9   
  6375.0       2.85703E-9     
  6380.0       2.8445128E-9   
  6385.0       2.834966E-9    
  6390.0       2.823452E-9    
  6395.0       2.8101146E-9   
  6400.0       2.7995586E-9   
  6405.0       2.7810285E-9   
  6410.0       2.7596934E-9   
  6415.0       2.7564722E-9   
  6420.0       2.7784035E-9   
  6425.0       2.8020983E-9   
  6430.0       2.7885818E-9   
  6435.0       2.7861362E-9   
  6440.0       2.7829E-9      
  6445.0       2.7690832E-9   
  6450.0       2.7368816E-9   
  6455.0       2.7140938E-9   
  6460.0       2.70977E-9     
  6465.0       2.7299596E-9   
  6470.0       2.7304028E-9   
  6475.0       2.7266462E-9   
  6480.0       2.712997E-9    
  6485.0       2.688394E-9    
  6490.0       2.6482287E-9   
  6495.0       2.6340057E-9   
  6500.0       2.7002132E-9   
  6505.0       2.7319347E-9   
  6510.0       2.7304505E-9   
  6515.0       2.7062919E-9   
  6520.0       2.703976E-9    
  6525.0       2.6898022E-9   
  6530.0       2.6706977E-9   
  6535.0       2.6671871E-9   
  6540.0       2.6493352E-9   
  6545.0       2.5962732E-9   
  6550.0       2.4822313E-9   
  6555.0       2.2797564E-9   
  6560.0       2.0125956E-9   
  6565.0       2.007048E-9    
  6570.0       2.2489508E-9   
  6575.0       2.4118767E-9   
  6580.0       2.5251277E-9   
  6585.0       2.5826647E-9   
  6590.0       2.6024871E-9   
  6595.0       2.6124511E-9   
  6600.0       2.6306823E-9   
  6605.0       2.643899E-9    
  6610.0       2.655249E-9    
  6615.0       2.6750393E-9   
  6620.0       2.6747564E-9   
  6625.0       2.6532163E-9   
  6630.0       2.6259368E-9   
  6635.0       2.6161473E-9   
  6640.0       2.6231817E-9   
  6645.0       2.631216E-9    
  6650.0       2.6371443E-9   
  6655.0       2.6298017E-9   
  6660.0       2.6140816E-9   
  6665.0       2.5978473E-9   
  6670.0       2.5891433E-9   
  6675.0       2.5751958E-9   
  6680.0       2.573704E-9    
  6685.0       2.589531E-9    
  6690.0       2.5977531E-9   
  6695.0       2.6014817E-9   
  6700.0       2.5951385E-9   
  6705.0       2.5811742E-9   
  6710.0       2.5648692E-9   
  6715.0       2.5401588E-9   
  6720.0       2.5282219E-9   
  6725.0       2.5309208E-9   
  6730.0       2.541345E-9    
  6735.0       2.5401243E-9   
  6740.0       2.537238E-9    
  6745.0       2.533551E-9    
  6750.0       2.5222646E-9   
  6755.0       2.5085038E-9   
  6760.0       2.5053934E-9   
  6765.0       2.5070483E-9   
  6770.0       2.5185165E-9   
  6775.0       2.5264966E-9   
  6780.0       2.5227338E-9   
  6785.0       2.5219462E-9   
  6790.0       2.5264901E-9   
  6795.0       2.5223685E-9   
  6800.0       2.5021785E-9   
  6805.0       2.4883673E-9   
  6810.0       2.4912152E-9   
  6815.0       2.4878037E-9   
  6820.0       2.4783344E-9   
  6825.0       2.475696E-9    
  6830.0       2.479363E-9    
  6835.0       2.4768236E-9   
  6840.0       2.4663855E-9   
  6845.0       2.4629114E-9   
  6850.0       2.4618454E-9   
  6855.0       2.4625435E-9   
  6860.0       2.4610465E-9   
  6865.0       2.4499325E-9   
  6870.0       2.426336E-9    
  6875.0       2.3963675E-9   
  6880.0       2.3726974E-9   
  6885.0       2.3664597E-9   
  6890.0       2.3788627E-9   
  6895.0       2.399518E-9    
  6900.0       2.4128455E-9   
  6905.0       2.40995E-9     
  6910.0       2.3944553E-9   
  6915.0       2.3782556E-9   
  6920.0       2.3708868E-9   
  6925.0       2.3725568E-9   
  6930.0       2.375495E-9    
  6935.0       2.3716495E-9   
  6940.0       2.3608908E-9   
  6945.0       2.3505629E-9   
  6950.0       2.348944E-9    
  6955.0       2.3594149E-9   
  6960.0       2.375198E-9    
  6965.0       2.3851892E-9   
  6970.0       2.3867837E-9   
  6975.0       2.3949738E-9   
  6980.0       2.3824585E-9   
  6985.0       2.3752973E-9   
  6990.0       2.3619586E-9   
  6995.0       2.366017E-9    
  7000.0       2.3557907E-9   
  7005.0       2.3375804E-9   
  7010.0       2.3403817E-9   
  7015.0       2.332579E-9    
  7020.0       2.3171742E-9   
  7025.0       2.3182156E-9   
  7030.0       2.3345477E-9   
  7035.0       2.3413143E-9   
  7040.0       2.3538582E-9   
  7045.0       2.3564237E-9   
  7050.0       2.3489493E-9   
  7055.0       2.3481723E-9   
  7060.0       2.3442384E-9   
  7065.0       2.3209916E-9   
  7070.0       2.3112512E-9   
  7075.0       2.3238285E-9   
  7080.0       2.3231048E-9   
  7085.0       2.3189537E-9   
  7090.0       2.313876E-9    
  7095.0       2.3136548E-9   
  7100.0       2.3158813E-9   
  7105.0       2.3068976E-9   
  7110.0       2.2903293E-9   
  7115.0       2.2865967E-9   
  7120.0       2.293786E-9    
  7125.0       2.3002749E-9   
  7130.0       2.3097588E-9   
  7135.0       2.315394E-9    
  7140.0       2.3043778E-9   
  7145.0       2.2926487E-9   
  7150.0       2.2919255E-9   
  7155.0       2.3069802E-9   
  7160.0       2.2993052E-9   
  7165.0       2.2749582E-9   
  7170.0       2.2589062E-9   
  7175.0       2.2353697E-9   
  7180.0       2.2046835E-9   
  7185.0       2.1623088E-9   
  7190.0       2.174623E-9    
  7195.0       2.1848232E-9   
  7200.0       2.1743896E-9   
  7205.0       2.1823752E-9   
  7210.0       2.227723E-9    
  7215.0       2.2588886E-9   
  7220.0       2.2593656E-9   
  7225.0       2.2469107E-9   
  7230.0       2.2183442E-9   
  7235.0       2.2030844E-9   
  7240.0       2.2035451E-9   
  7245.0       2.206778E-9    
  7250.0       2.1923947E-9   
  7255.0       2.1857092E-9   
  7260.0       2.1876334E-9   
  7265.0       2.1842852E-9   
  7270.0       2.1907536E-9   
  7275.0       2.1750979E-9   
  7280.0       2.1688273E-9   
  7285.0       2.1653948E-9   
  7290.0       2.153451E-9    
  7295.0       2.1786053E-9   
  7300.0       2.1832802E-9   
  7305.0       2.1589799E-9   
  7310.0       2.1477333E-9   
  7315.0       2.1566384E-9   
  7320.0       2.1653825E-9   
  7325.0       2.1616857E-9   
  7330.0       2.1551438E-9   
  7335.0       2.1672575E-9   
  7340.0       2.1828592E-9   
  7345.0       2.1724398E-9   
  7350.0       2.151082E-9    
  7355.0       2.1357398E-9   
  7360.0       2.1193898E-9   
  7365.0       2.1144984E-9   
  7370.0       2.1169937E-9   
  7375.0       2.1326858E-9   
  7380.0       2.1328206E-9   
  7385.0       2.1040205E-9   
  7390.0       2.1025572E-9   
  7395.0       2.1176665E-9   
  7400.0       2.1275381E-9   
  7405.0       2.1233202E-9   
  7410.0       2.0999795E-9   
  7415.0       2.09696E-9     
  7420.0       2.1018476E-9   
  7425.0       2.0827837E-9   
  7430.0       2.0916706E-9   
  7435.0       2.0927615E-9   
  7440.0       2.0886528E-9   
  7445.0       2.0822482E-9   
  7450.0       2.0820472E-9   
  7455.0       2.0834823E-9   
  7460.0       2.0734658E-9   
  7465.0       2.0752051E-9   
  7470.0       2.0784368E-9   
  7475.0       2.0753679E-9   
  7480.0       2.0735926E-9   
  7485.0       2.0700153E-9   
  7490.0       2.0628006E-9   
  7495.0       2.0548823E-9   
  7500.0       2.066781E-9    
  7505.0       2.0577342E-9   
  7510.0       2.0431998E-9   
  7515.0       2.0508533E-9   
  7520.0       2.0536781E-9   
  7525.0       2.0489377E-9   
  7530.0       2.0451876E-9   
  7535.0       2.0513098E-9   
  7540.0       2.0584534E-9   
  7545.0       2.0524864E-9   
  7550.0       2.0456474E-9   
  7555.0       2.0422395E-9   
  7560.0       2.0387159E-9   
  7565.0       2.0354503E-9   
  7570.0       2.031849E-9    
  7575.0       2.027874E-9    
  7580.0       2.0243478E-9   
  7585.0       2.0209772E-9   
  7590.0       2.017546E-9    
  7595.0       2.014096E-9    
  7600.0       2.0110478E-9   
  7605.0       2.0083497E-9   
  7610.0       2.0055206E-9   
  7615.0       2.0025692E-9   
  7620.0       1.9996231E-9   
  7625.0       1.9966835E-9   
  7630.0       1.9937503E-9   
  7635.0       1.990816E-9    
  7640.0       1.987882E-9    
  7645.0       1.9849422E-9   
  7650.0       1.9819837E-9   
  7655.0       1.9790103E-9   
  7660.0       1.976016E-9    
  7665.0       1.9730004E-9   
  7670.0       1.9698634E-9   
  7675.0       1.966407E-9    
  7680.0       1.9635416E-9   
  7685.0       1.9612638E-9   
  7690.0       1.9587494E-9   
  7695.0       1.9553885E-9   
  7700.0       1.9517938E-9   
  7705.0       1.9487547E-9   
  7710.0       1.9476691E-9   
  7715.0       1.9475173E-9   
  7720.0       1.9459294E-9   
  7725.0       1.9430362E-9   
  7730.0       1.9425441E-9   
  7735.0       1.9472324E-9   
  7740.0       1.9259858E-9   
  7745.0       1.9099438E-9   
  7750.0       1.9141568E-9   
  7755.0       1.9316084E-9   
  7760.0       1.9306423E-9   
  7765.0       1.9111066E-9   
  7770.0       1.8572701E-9   
  7775.0       1.8386593E-9   
  7780.0       1.8731303E-9   
  7785.0       1.9025825E-9   
  7790.0       1.9058934E-9   
  7795.0       1.8927342E-9   
  7800.0       1.8859847E-9   
  7805.0       1.90042E-9     
  7810.0       1.8921762E-9   
  7815.0       1.896983E-9    
  7820.0       1.900324E-9    
  7825.0       1.8925481E-9   
  7830.0       1.8742763E-9   
  7835.0       1.8621727E-9   
  7840.0       1.8686341E-9   
  7845.0       1.861576E-9    
  7850.0       1.8573295E-9   
  7855.0       1.8596871E-9   
  7860.0       1.8659978E-9   
  7865.0       1.8630197E-9   
  7870.0       1.8616938E-9   
  7875.0       1.8492188E-9   
  7880.0       1.8483841E-9   
  7885.0       1.8587951E-9   
  7890.0       1.8547097E-9   
  7895.0       1.8379083E-9   
  7900.0       1.8400351E-9   
  7905.0       1.8460669E-9   
  7910.0       1.8494557E-9   
  7915.0       1.8344551E-9   
  7920.0       1.82142E-9     
  7925.0       1.8252241E-9   
  7930.0       1.8088406E-9   
  7935.0       1.8030903E-9   
  7940.0       1.8017674E-9   
  7945.0       1.7977738E-9   
  7950.0       1.8123096E-9   
  7955.0       1.8328833E-9   
  7960.0       1.8264448E-9   
  7965.0       1.8181764E-9   
  7970.0       1.8192103E-9   
  7975.0       1.8231171E-9   
  7980.0       1.8209041E-9   
  7985.0       1.8138664E-9   
  7990.0       1.8046225E-9   
  7995.0       1.7969424E-9   
  8000.0       1.7915619E-9   
  8005.0       1.797236E-9    
  8010.0       1.7912357E-9   
  8015.0       1.7878924E-9   
  8020.0       1.7839904E-9   
  8025.0       1.7809944E-9   
  8030.0       1.7864042E-9   
  8035.0       1.7928519E-9   
  8040.0       1.7817012E-9   
  8045.0       1.7674309E-9   
  8050.0       1.7689038E-9   
  8055.0       1.773057E-9    
  8060.0       1.7758557E-9   
  8065.0       1.7673429E-9   
  8070.0       1.7718844E-9   
  8075.0       1.7676998E-9   
  8080.0       1.7601565E-9   
  8085.0       1.7539963E-9   
  8090.0       1.7547958E-9   
  8095.0       1.7539358E-9   
  8100.0       1.7595494E-9   
  8105.0       1.7670617E-9   
  8110.0       1.7619465E-9   
  8115.0       1.7563783E-9   
  8120.0       1.7637471E-9   
  8125.0       1.7641126E-9   
  8130.0       1.7551939E-9   
  8135.0       1.7449E-9      
  8140.0       1.7404256E-9   
  8145.0       1.7286028E-9   
  8150.0       1.7185184E-9   
  8155.0       1.7061456E-9   
  8160.0       1.6871636E-9   
  8165.0       1.6813994E-9   
  8170.0       1.6978821E-9   
  8175.0       1.6964242E-9   
  8180.0       1.682445E-9    
  8185.0       1.6868906E-9   
  8190.0       1.6828546E-9   
  8195.0       1.668187E-9    
  8200.0       1.6933996E-9   
  8205.0       1.7338813E-9   
  8210.0       1.7255425E-9   
  8215.0       1.7084097E-9   
  8220.0       1.6866748E-9   
  8225.0       1.6433679E-9   
  8230.0       1.6198294E-9   
  8235.0       1.6707761E-9   
  8240.0       1.7035479E-9   
  8245.0       1.7073494E-9   
  8250.0       1.7118102E-9   
  8255.0       1.694181E-9    
  8260.0       1.6999634E-9   
  8265.0       1.7074923E-9   
  8270.0       1.7061659E-9   
  8275.0       1.6817644E-9   
  8280.0       1.6755557E-9   
  8285.0       1.6695516E-9   
  8290.0       1.669251E-9    
  8295.0       1.6653158E-9   
  8300.0       1.6668176E-9   
  8305.0       1.6618232E-9   
  8310.0       1.6700927E-9   
  8315.0       1.6628849E-9   
  8320.0       1.6525747E-9   
  8325.0       1.6465134E-9   
  8330.0       1.6324361E-9   
  8335.0       1.6243492E-9   
  8340.0       1.6363986E-9   
  8345.0       1.6514359E-9   
  8350.0       1.6598095E-9   
  8355.0       1.6642304E-9   
  8360.0       1.6568033E-9   
  8365.0       1.6549343E-9   
  8370.0       1.6565634E-9   
  8375.0       1.6563441E-9   
  8380.0       1.6526275E-9   
  8385.0       1.6411849E-9   
  8390.0       1.6356927E-9   
  8395.0       1.6431998E-9   
  8400.0       1.6448864E-9   
  8405.0       1.6384419E-9   
  8410.0       1.6337741E-9   
  8415.0       1.6309846E-9   
  8420.0       1.6378539E-9   
  8425.0       1.6378553E-9   
  8430.0       1.6242467E-9   
  8435.0       1.6131007E-9   
  8440.0       1.6032194E-9   
  8445.0       1.5961273E-9   
  8450.0       1.6086036E-9   
  8455.0       1.6249823E-9   
  8460.0       1.6249242E-9   
  8465.0       1.5998404E-9   
  8470.0       1.5905617E-9   
  8475.0       1.6068774E-9   
  8480.0       1.6162541E-9   
  8485.0       1.6190247E-9   
  8490.0       1.5947011E-9   
  8495.0       1.5243073E-9   
  8500.0       1.500893E-9    
  8505.0       1.545887E-9    
  8510.0       1.5793751E-9   
  8515.0       1.576011E-9    
  8520.0       1.5808694E-9   
  8525.0       1.5708033E-9   
  8530.0       1.5444998E-9   
  8535.0       1.4655981E-9   
  8540.0       1.3412221E-9   
  8545.0       1.3675422E-9   
  8550.0       1.4892655E-9   
  8555.0       1.5385695E-9   
  8560.0       1.5641342E-9   
  8565.0       1.5738257E-9   
  8570.0       1.5709081E-9   
  8575.0       1.5649511E-9   
  8580.0       1.5556774E-9   
  8585.0       1.5459157E-9   
  8590.0       1.5233628E-9   
  8595.0       1.505361E-9    
  8600.0       1.5035388E-9   
  8605.0       1.5193834E-9   
  8610.0       1.5315822E-9   
  8615.0       1.5462951E-9   
  8620.0       1.5543766E-9   
  8625.0       1.5664254E-9   
  8630.0       1.5622517E-9   
  8635.0       1.5591616E-9   
  8640.0       1.5531896E-9   
  8645.0       1.5371892E-9   
  8650.0       1.5030626E-9   
  8655.0       1.4369094E-9   
  8660.0       1.3317563E-9   
  8665.0       1.3345204E-9   
  8670.0       1.4230449E-9   
  8675.0       1.4738489E-9   
  8680.0       1.5072791E-9   
  8685.0       1.5224886E-9   
  8690.0       1.536548E-9    
  8695.0       1.5536213E-9   
  8700.0       1.5643065E-9   
  8705.0       1.5663745E-9   
  8710.0       1.571426E-9    
  8715.0       1.5706558E-9   
  8720.0       1.5687566E-9   
  8725.0       1.5456011E-9   
  8730.0       1.529125E-9    
  8735.0       1.5085689E-9   
  8740.0       1.475378E-9    
  8745.0       1.4519934E-9   
  8750.0       1.4300562E-9   
  8755.0       1.4500006E-9   
  8760.0       1.4836329E-9   
  8765.0       1.5070539E-9   
  8770.0       1.5182067E-9   
  8775.0       1.5323605E-9   
  8780.0       1.5442048E-9   
  8785.0       1.5398871E-9   
  8790.0       1.5301467E-9   
  8795.0       1.5276855E-9   
  8800.0       1.5358232E-9   
  8805.0       1.5169008E-9   
  8810.0       1.511782E-9    
  8815.0       1.5056727E-9   
  8820.0       1.5039883E-9   
  8825.0       1.5067501E-9   
  8830.0       1.5073008E-9   
  8835.0       1.4910193E-9   
  8840.0       1.479201E-9    
  8845.0       1.4777096E-9   
  8850.0       1.4460403E-9   
  8855.0       1.3993422E-9   
  8860.0       1.3554882E-9   
  8865.0       1.3503311E-9   
  8870.0       1.3896223E-9   
  8875.0       1.4306685E-9   
  8880.0       1.4460182E-9   
  8885.0       1.4624183E-9   
  8890.0       1.4747625E-9   
  8895.0       1.4934779E-9   
  8900.0       1.4937203E-9   
  8905.0       1.4912427E-9   
  8910.0       1.4784471E-9   
  8915.0       1.483484E-9    
  8920.0       1.4762718E-9   
  8925.0       1.4546658E-9   
  8930.0       1.4611149E-9   
  8935.0       1.4828084E-9   
  8940.0       1.4855263E-9   
  8945.0       1.4835376E-9   
  8950.0       1.4829344E-9   
  8955.0       1.4897578E-9   
  8960.0       1.480877E-9    
  8965.0       1.4661563E-9   
  8970.0       1.4561047E-9   
  8975.0       1.4583876E-9   
  8980.0       1.4401226E-9   
  8985.0       1.3982439E-9   
  8990.0       1.3664514E-9   
  8995.0       1.3815609E-9   
  9000.0       1.3555957E-9   
  9005.0       1.3257327E-9   
  9010.0       1.2810449E-9   
  9015.0       1.2540847E-9   
  9020.0       1.3033076E-9   
  9025.0       1.3725764E-9   
  9030.0       1.4352608E-9   
  9035.0       1.4709922E-9   
  9040.0       1.4926574E-9   
  9045.0       1.4936412E-9   
  9050.0       1.4936833E-9   
  9055.0       1.4695885E-9   
  9060.0       1.433461E-9    
  9065.0       1.4182941E-9   
  9070.0       1.4093722E-9   
  9075.0       1.397976E-9    
  9080.0       1.3812661E-9   
  9085.0       1.3688137E-9   
  9090.0       1.349018E-9    
  9095.0       1.3624083E-9   
  9100.0       1.3833489E-9   
  9105.0       1.3938015E-9   
  9110.0       1.4025393E-9   
  9115.0       1.410426E-9    
  9120.0       1.4176617E-9   
  9125.0       1.4237317E-9   
  9130.0       1.400156E-9    
  9135.0       1.3818305E-9   
  9140.0       1.4109589E-9   
  9145.0       1.4161938E-9   
  9150.0       1.38319E-9     
  9155.0       1.3612484E-9   
  9160.0       1.3834506E-9   
  9165.0       1.3983966E-9   
  9170.0       1.3930308E-9   
  9175.0       1.3736702E-9   
  9180.0       1.3953004E-9   
  9185.0       1.4094508E-9   
  9190.0       1.407111E-9    
  9195.0       1.4052478E-9   
  9200.0       1.4110497E-9   
  9205.0       1.38712E-9     
  9210.0       1.3417962E-9   
  9215.0       1.3059914E-9   
  9220.0       1.285054E-9    
  9225.0       1.2289005E-9   
  9230.0       1.2064905E-9   
  9235.0       1.2530433E-9   
  9240.0       1.3105369E-9   
  9245.0       1.3403815E-9   
  9250.0       1.3714552E-9   
  9255.0       1.3722516E-9   
  9260.0       1.3833676E-9   
  9265.0       1.4114565E-9   
  9270.0       1.43939E-9     
  9275.0       1.4213632E-9   
  9280.0       1.4022713E-9   
  9285.0       1.4433909E-9   
  9290.0       1.4325227E-9   
  9295.0       1.4005773E-9   
  9300.0       1.3736312E-9   
  9305.0       1.3577364E-9   
  9310.0       1.3228285E-9   
  9315.0       1.2568176E-9   
  9320.0       1.2372651E-9   
  9325.0       1.2138179E-9   
  9330.0       1.2252694E-9   
  9335.0       1.1818678E-9   
  9340.0       1.1329025E-9   
  9345.0       1.1513078E-9   
  9350.0       1.2240919E-9   
  9355.0       1.2022586E-9   
  9360.0       1.2402954E-9   
  9365.0       1.2430782E-9   
  9370.0       1.2280912E-9   
  9375.0       1.2552971E-9   
  9380.0       1.2779469E-9   
  9385.0       1.3430312E-9   
  9390.0       1.4355538E-9   
  9395.0       1.4745523E-9   
  9400.0       1.4372991E-9   
  9405.0       1.3919441E-9   
  9410.0       1.3678271E-9   
  9415.0       1.3487876E-9   
  9420.0       1.3253061E-9   
  9425.0       1.2806678E-9   
  9430.0       1.2808652E-9   
  9435.0       1.2585903E-9   
  9440.0       1.140796E-9    
  9445.0       1.2276828E-9   
  9450.0       1.2823217E-9   
  9455.0       1.2410785E-9   
  9460.0       1.1953002E-9   
  9465.0       1.2661997E-9   
  9470.0       1.3294346E-9   
  9475.0       1.3166351E-9   
  9480.0       1.241798E-9    
  9485.0       1.3191483E-9   
  9490.0       1.3118017E-9   
  9495.0       1.2455136E-9   
  9500.0       1.2243258E-9   
  9505.0       1.2930896E-9   
  9510.0       1.3217267E-9   
  9515.0       1.2903704E-9   
  9520.0       1.2523572E-9   
  9525.0       1.2203217E-9   
  9530.0       1.2527845E-9   
  9535.0       1.2282123E-9   
  9540.0       1.1532333E-9   
  9545.0       1.0822319E-9   
  9550.0       1.0925691E-9   
  9555.0       1.0827289E-9   
  9560.0       1.1948031E-9   
  9565.0       1.2040023E-9   
  9570.0       1.2393199E-9   
  9575.0       1.2805246E-9   
  9580.0       1.2623732E-9   
  9585.0       1.2295829E-9   
  9590.0       1.2217886E-9   
  9595.0       1.2540396E-9   
  9600.0       1.2852528E-9   
  9605.0       1.2484247E-9   
  9610.0       1.2462653E-9   
  9615.0       1.2422021E-9   
  9620.0       1.1924485E-9   
  9625.0       1.1934299E-9   
  9630.0       1.2048665E-9   
  9635.0       1.21081E-9     
  9640.0       1.2078052E-9   
  9645.0       1.2165869E-9   
  9650.0       1.2233651E-9   
  9655.0       1.2026323E-9   
  9660.0       1.1834979E-9   
  9665.0       1.2077536E-9   
  9670.0       1.2217559E-9   
  9675.0       1.1801771E-9   
  9680.0       1.177904E-9    
  9685.0       1.1970166E-9   
  9690.0       1.2107484E-9   
  9695.0       1.2078241E-9   
  9700.0       1.1995694E-9   
  9705.0       1.2271163E-9   
  9710.0       1.2307172E-9   
  9715.0       1.2050124E-9   
  9720.0       1.2008295E-9   
  9725.0       1.1875266E-9   
  9730.0       1.1795189E-9   
  9735.0       1.1773128E-9   
  9740.0       1.1416165E-9   
  9745.0       1.1402859E-9   
  9750.0       1.1389674E-9   
  9755.0       1.1631416E-9   
  9760.0       1.16025E-9     
  9765.0       1.1626654E-9   
  9770.0       1.1902747E-9   
  9775.0       1.223159E-9    
  9780.0       1.2038388E-9   
  9785.0       1.1706639E-9   
  9790.0       1.1759473E-9   
  9795.0       1.179666E-9    
  9800.0       1.1875458E-9   
  9805.0       1.192812E-9    
  9810.0       1.2001959E-9   
  9815.0       1.2055672E-9   
  9820.0       1.2031169E-9   
  9825.0       1.1896802E-9   
  9830.0       1.1690564E-9   
  9835.0       1.147713E-9    
  9840.0       1.1321628E-9   
  9845.0       1.1266664E-9   
  9850.0       1.1296674E-9   
  9855.0       1.1373651E-9   
  9860.0       1.1458221E-9   
  9865.0       1.1521015E-9   
  9870.0       1.1558106E-9   
  9875.0       1.1575373E-9   
  9880.0       1.1579567E-9   
  9885.0       1.1575664E-9   
  9890.0       1.1563841E-9   
  9895.0       1.1542558E-9   
  9900.0       1.1510445E-9   
  9905.0       1.1468461E-9   
  9910.0       1.1424308E-9   
  9915.0       1.1388209E-9   
  9920.0       1.1370044E-9   
  9925.0       1.1374351E-9   
  9930.0       1.1391509E-9   
  9935.0       1.1406673E-9   
  9940.0       1.1405092E-9   
  9945.0       1.1379868E-9   
  9950.0       1.1344158E-9   
  9955.0       1.1318987E-9   
  9960.0       1.1324991E-9   
  9965.0       1.137261E-9    
  9970.0       1.1445457E-9   
  9975.0       1.1516709E-9   
  9980.0       1.1559852E-9   
  9985.0       1.1560156E-9   
  9990.0       1.1533996E-9   
  9995.0       1.150958E-9    
  10000.0      1.1514475E-9   
  10005.0      1.1557252E-9   
  10010.0      1.1597321E-9   
  10015.0      1.1575066E-9   
  10020.0      1.1432284E-9   
  10025.0      1.1143633E-9   
  10030.0      1.0768875E-9   
  10035.0      1.0400645E-9   
  10040.0      1.0131671E-9   
  10045.0      1.0023798E-9   
  10050.0      1.0058485E-9   
  10055.0      1.0186255E-9   
  10060.0      1.0355483E-9   
  10065.0      1.0524268E-9   
  10070.0      1.0675668E-9   
  10075.0      1.0802461E-9   
  10080.0      1.0898671E-9   
  10085.0      1.0961321E-9   
  10090.0      1.0995058E-9   
  10095.0      1.10076E-9     
  10100.0      1.1006752E-9   
  10105.0      1.0997931E-9   
  10110.0      1.0980657E-9   
  10115.0      1.0952169E-9   
  10120.0      1.0909929E-9   
  10125.0      1.0856226E-9   
  10130.0      1.0805729E-9   
  10135.0      1.0777873E-9   
  10140.0      1.0791437E-9   
  10145.0      1.0852973E-9   
  10150.0      1.0937206E-9   
  10155.0      1.1006708E-9   
  10160.0      1.1024981E-9   
  10165.0      1.0975452E-9   
  10170.0      1.089425E-9    
  10175.0      1.0837454E-9   
  10180.0      1.0860327E-9   
  10185.0      1.0988189E-9   
  10190.0      1.1168885E-9   
  10195.0      1.1320423E-9   
  10200.0      1.1361272E-9   
  10205.0      1.1244671E-9   
  10210.0      1.1014353E-9   
  10215.0      1.0748713E-9   
  10220.0      1.0527084E-9   
  10225.0      1.0403718E-9   
  10230.0      1.0367358E-9   
  10235.0      1.0381622E-9   
  10240.0      1.0408445E-9   
  10245.0      1.0418997E-9   
  10250.0      1.0408086E-9   
  10255.0      1.0379725E-9   
  10260.0      1.0338892E-9   
  10265.0      1.0292028E-9   
  10270.0      1.0249334E-9   
  10275.0      1.0222413E-9   
  10280.0      1.0222355E-9   
  10285.0      1.0254718E-9   
  10290.0      1.0310083E-9   
  10295.0      1.0373452E-9   
  10300.0      1.0429567E-9   
  10305.0      1.0466857E-9   
  10310.0      1.0483294E-9   
  10315.0      1.0480506E-9   
  10320.0      1.046079E-9    
  10325.0      1.0429007E-9   
  10330.0      1.0396657E-9   
  10335.0      1.0377867E-9   
  10340.0      1.0386298E-9   
  10345.0      1.0428489E-9   
  10350.0      1.0492396E-9   
  10355.0      1.0558826E-9   
  10360.0      1.0608188E-9   
  10365.0      1.062418E-9    
  10370.0      1.0598762E-9   
  10375.0      1.0527137E-9   
  10380.0      1.0405815E-9   
  10385.0      1.0240516E-9   
  10390.0      1.0061111E-9   
  10395.0      9.906751E-10   
  10400.0      9.815938E-10   
  10405.0      9.810724E-10   
  10410.0      9.87079E-10    
  10415.0      9.95947E-10    
  10420.0      1.0039191E-9   
  10425.0      1.0079876E-9   
  10430.0      1.0070713E-9   
  10435.0      1.0008279E-9   
  10440.0      9.891097E-10   
  10445.0      9.728434E-10   
  10450.0      9.55766E-10    
  10455.0      9.427045E-10   
  10460.0      9.383619E-10   
  10465.0      9.451786E-10   
  10470.0      9.59706E-10    
  10475.0      9.76227E-10    
  10480.0      9.889963E-10   
  10485.0      9.942317E-10   
  10490.0      9.932314E-10   
  10495.0      9.892632E-10   
  10500.0      9.856654E-10   
  10505.0      9.845799E-10   
  10510.0      9.850447E-10   
  10515.0      9.849015E-10   
  10520.0      9.819718E-10   
  10525.0      9.750349E-10   
  10530.0      9.653779E-10   
  10535.0      9.552342E-10   
  10540.0      9.469091E-10   
  10545.0      9.422535E-10   
  10550.0      9.419836E-10   
  10555.0      9.463751E-10   
  10560.0      9.555466E-10   
  10565.0      9.685811E-10   
  10570.0      9.818054E-10   
  10575.0      9.904981E-10   
  10580.0      9.900765E-10   
  10585.0      9.783976E-10   
  10590.0      9.59641E-10    
  10595.0      9.404295E-10   
  10600.0      9.274188E-10   
  10605.0      9.2513486E-10  
  10610.0      9.325973E-10   
  10615.0      9.466933E-10   
  10620.0      7.2079565E-10  
