# WAVELENGTH   FLUX           
  1150.0       0.0            
  1155.0       0.0            
  1160.0       0.0            
  1165.0       0.0            
  1170.0       0.0            
  1175.0       0.0            
  1180.0       0.0            
  1185.0       0.0            
  1190.0       0.0            
  1195.0       0.0            
  1200.0       0.0            
  1205.0       0.0            
  1210.0       0.0            
  1215.0       0.0            
  1220.0       0.0            
  1225.0       0.0            
  1230.0       0.0            
  1235.0       0.0            
  1240.0       0.0            
  1245.0       0.0            
  1250.0       0.0            
  1255.0       0.0            
  1260.0       0.0            
  1265.0       0.0            
  1270.0       0.0            
  1275.0       0.0            
  1280.0       0.0            
  1285.0       0.0            
  1290.0       0.0            
  1295.0       0.0            
  1300.0       0.0            
  1305.0       0.0            
  1310.0       0.0            
  1315.0       0.0            
  1320.0       0.0            
  1325.0       0.0            
  1330.0       0.0            
  1335.0       0.0            
  1340.0       0.0            
  1345.0       0.0            
  1350.0       0.0            
  1355.0       0.0            
  1360.0       0.0            
  1365.0       0.0            
  1370.0       0.0            
  1375.0       0.0            
  1380.0       0.0            
  1385.0       0.0            
  1390.0       0.0            
  1395.0       0.0            
  1400.0       0.0            
  1405.0       0.0            
  1410.0       0.0            
  1415.0       0.0            
  1420.0       0.0            
  1425.0       0.0            
  1430.0       0.0            
  1435.0       0.0            
  1440.0       0.0            
  1445.0       0.0            
  1450.0       0.0            
  1455.0       0.0            
  1460.0       0.0            
  1465.0       0.0            
  1470.0       0.0            
  1475.0       0.0            
  1480.0       0.0            
  1485.0       0.0            
  1490.0       0.0            
  1495.0       0.0            
  1500.0       0.0            
  1505.0       0.0            
  1510.0       0.0            
  1515.0       0.0            
  1520.0       0.0            
  1525.0       0.0            
  1530.0       0.0            
  1535.0       0.0            
  1540.0       0.0            
  1545.0       0.0            
  1550.0       0.0            
  1555.0       0.0            
  1560.0       0.0            
  1565.0       0.0            
  1570.0       0.0            
  1575.0       0.0            
  1580.0       0.0            
  1585.0       0.0            
  1590.0       0.0            
  1595.0       0.0            
  1600.0       0.0            
  1605.0       0.0            
  1610.0       0.0            
  1615.0       0.0            
  1620.0       0.0            
  1625.0       0.0            
  1630.0       0.0            
  1635.0       0.0            
  1640.0       0.0            
  1645.0       0.0            
  1650.0       0.0            
  1655.0       0.0            
  1660.0       0.0            
  1665.0       0.0            
  1670.0       0.0            
  1675.0       0.0            
  1680.0       0.0            
  1685.0       0.0            
  1690.0       0.0            
  1695.0       0.0            
  1700.0       0.0            
  1705.0       0.0            
  1710.0       0.0            
  1715.0       0.0            
  1720.0       0.0            
  1725.0       0.0            
  1730.0       0.0            
  1735.0       0.0            
  1740.0       0.0            
  1745.0       0.0            
  1750.0       0.0            
  1755.0       0.0            
  1760.0       0.0            
  1765.0       0.0            
  1770.0       0.0            
  1775.0       0.0            
  1780.0       0.0            
  1785.0       0.0            
  1790.0       0.0            
  1795.0       0.0            
  1800.0       0.0            
  1805.0       0.0            
  1810.0       0.0            
  1815.0       0.0            
  1820.0       0.0            
  1825.0       0.0            
  1830.0       0.0            
  1835.0       0.0            
  1840.0       0.0            
  1845.0       0.0            
  1850.0       0.0            
  1855.0       0.0            
  1860.0       0.0            
  1865.0       0.0            
  1870.0       0.0            
  1875.0       0.0            
  1880.0       0.0            
  1885.0       0.0            
  1890.0       0.0            
  1895.0       0.0            
  1900.0       0.0            
  1905.0       0.0            
  1910.0       0.0            
  1915.0       0.0            
  1920.0       0.0            
  1925.0       0.0            
  1930.0       0.0            
  1935.0       0.0            
  1940.0       0.0            
  1945.0       0.0            
  1950.0       0.0            
  1955.0       0.0            
  1960.0       0.0            
  1965.0       0.0            
  1970.0       4.667734E-16   
  1975.0       3.260321E-15   
  1980.0       3.7247342E-15  
  1985.0       3.2579668E-15  
  1990.0       4.644222E-16   
  1995.0       0.0            
  2000.0       0.0            
  2005.0       0.0            
  2010.0       0.0            
  2015.0       0.0            
  2020.0       0.0            
  2025.0       0.0            
  2030.0       0.0            
  2035.0       0.0            
  2040.0       0.0            
  2045.0       0.0            
  2050.0       4.667274E-16   
  2055.0       4.193723E-15   
  2060.0       1.117872E-14   
  2065.0       1.8161449E-14  
  2070.0       2.235065E-14   
  2075.0       2.6075379E-14  
  2080.0       2.9333398E-14  
  2085.0       2.8864447E-14  
  2090.0       2.2343945E-14  
  2095.0       1.3961089E-14  
  2100.0       1.8579303E-15  
  2105.0       0.0            
  2110.0       0.0            
  2115.0       0.0            
  2120.0       0.0            
  2125.0       0.0            
  2130.0       0.0            
  2135.0       0.0            
  2140.0       0.0            
  2145.0       0.0            
  2150.0       9.3334755E-15  
  2155.0       7.593789E-14   
  2160.0       1.6067971E-13  
  2165.0       2.4774218E-13  
  2170.0       3.2222814E-13  
  2175.0       3.7948214E-13  
  2180.0       4.0460249E-13  
  2185.0       3.8874695E-13  
  2190.0       3.2306517E-13  
  2195.0       1.9219495E-13  
  2200.0       2.5084801E-14  
  2205.0       0.0            
  2210.0       0.0            
  2215.0       0.0            
  2220.0       0.0            
  2225.0       0.0            
  2230.0       0.0            
  2235.0       0.0            
  2240.0       0.0            
  2245.0       0.0            
  2250.0       1.3205524E-13  
  2255.0       1.0892143E-12  
  2260.0       2.413962E-12   
  2265.0       3.974279E-12   
  2270.0       5.735245E-12   
  2275.0       7.660082E-12   
  2280.0       9.710597E-12   
  2285.0       1.1845379E-11  
  2290.0       1.4033197E-11  
  2295.0       1.6230328E-11  
  2300.0       1.8401362E-11  
  2305.0       2.0510432E-11  
  2310.0       2.2509598E-11  
  2315.0       2.4358387E-11  
  2320.0       2.601111E-11   
  2325.0       2.7427763E-11  
  2330.0       2.8561794E-11  
  2335.0       2.9367994E-11  
  2340.0       2.9802657E-11  
  2345.0       2.9826155E-11  
  2350.0       2.9395243E-11  
  2355.0       2.8502943E-11  
  2360.0       2.7239641E-11  
  2365.0       2.5721227E-11  
  2370.0       2.4075797E-11  
  2375.0       2.2429492E-11  
  2380.0       2.0903381E-11  
  2385.0       1.9622705E-11  
  2390.0       1.8711768E-11  
  2395.0       1.8298155E-11  
  2400.0       1.8495438E-11  
  2405.0       1.9366423E-11  
  2410.0       2.0806752E-11  
  2415.0       2.2658575E-11  
  2420.0       2.4750552E-11  
  2425.0       2.6919302E-11  
  2430.0       2.8995273E-11  
  2435.0       3.081042E-11   
  2440.0       3.219716E-11   
  2445.0       3.2988338E-11  
  2450.0       3.302656E-11   
  2455.0       3.2226246E-11  
  2460.0       3.069322E-11   
  2465.0       2.861272E-11   
  2470.0       2.6178486E-11  
  2475.0       2.3582757E-11  
  2480.0       2.1011835E-11  
  2485.0       1.8662624E-11  
  2490.0       1.6724623E-11  
  2495.0       1.5391981E-11  
  2500.0       1.4843486E-11  
  2505.0       1.5193112E-11  
  2510.0       1.6365834E-11  
  2515.0       1.8211734E-11  
  2520.0       2.0569692E-11  
  2525.0       2.3287518E-11  
  2530.0       2.6206376E-11  
  2535.0       2.9167044E-11  
  2540.0       3.201544E-11   
  2545.0       3.45951E-11    
  2550.0       3.6752858E-11  
  2555.0       3.8397577E-11  
  2560.0       3.9590716E-11  
  2565.0       4.045518E-11   
  2570.0       4.111578E-11   
  2575.0       4.1701503E-11  
  2580.0       4.233944E-11   
  2585.0       4.3156118E-11  
  2590.0       4.427843E-11   
  2595.0       4.5833226E-11  
  2600.0       4.79441E-11    
  2605.0       5.067227E-11   
  2610.0       5.3927897E-11  
  2615.0       5.7566223E-11  
  2620.0       6.1432456E-11  
  2625.0       6.537606E-11   
  2630.0       6.924224E-11   
  2635.0       7.288075E-11   
  2640.0       7.6138734E-11  
  2645.0       7.886071E-11   
  2650.0       8.0899766E-11  
  2655.0       8.2165746E-11  
  2660.0       8.2704656E-11  
  2665.0       8.262094E-11   
  2670.0       8.202298E-11   
  2675.0       8.101612E-11   
  2680.0       7.971108E-11   
  2685.0       7.8215864E-11  
  2690.0       7.663849E-11   
  2695.0       7.508433E-11   
  2700.0       7.3661986E-11  
  2705.0       7.2458185E-11  
  2710.0       7.1501464E-11  
  2715.0       7.0799484E-11  
  2720.0       7.036385E-11   
  2725.0       7.0197195E-11  
  2730.0       7.030671E-11   
  2735.0       7.07027E-11    
  2740.0       7.1392406E-11  
  2745.0       7.2380525E-11  
  2750.0       7.367264E-11   
  2755.0       7.525625E-11   
  2760.0       7.705583E-11   
  2765.0       7.8984735E-11  
  2770.0       8.095049E-11   
  2775.0       8.285748E-11   
  2780.0       8.461499E-11   
  2785.0       8.613034E-11   
  2790.0       8.731001E-11   
  2795.0       8.8058554E-11  
  2800.0       8.829209E-11   
  2805.0       8.799335E-11   
  2810.0       8.7318625E-11  
  2815.0       8.6493965E-11  
  2820.0       8.574865E-11   
  2825.0       8.5316E-11     
  2830.0       8.542702E-11   
  2835.0       8.631288E-11   
  2840.0       8.820508E-11   
  2845.0       9.1337195E-11  
  2850.0       9.592961E-11   
  2855.0       1.02089996E-10 
  2860.0       1.09636966E-10 
  2865.0       1.1828066E-10  
  2870.0       1.2771217E-10  
  2875.0       1.3763388E-10  
  2880.0       1.477385E-10   
  2885.0       1.5772349E-10  
  2890.0       1.6728476E-10  
  2895.0       1.761213E-10   
  2900.0       1.8393256E-10  
  2905.0       1.9051337E-10  
  2910.0       1.9586728E-10  
  2915.0       2.0008728E-10  
  2920.0       2.0326936E-10  
  2925.0       2.055126E-10   
  2930.0       2.069178E-10   
  2935.0       2.0758477E-10  
  2940.0       2.0760933E-10  
  2945.0       2.07095E-10    
  2950.0       2.0613679E-10  
  2955.0       2.0485039E-10  
  2960.0       2.0337179E-10  
  2965.0       2.0184912E-10  
  2970.0       2.0043665E-10  
  2975.0       1.9927969E-10  
  2980.0       1.9853395E-10  
  2985.0       1.9834584E-10  
  2990.0       1.9887021E-10  
  2995.0       2.0025306E-10  
  3000.0       2.0263781E-10  
  3005.0       2.0609732E-10  
  3010.0       2.1051964E-10  
  3015.0       2.1571556E-10  
  3020.0       2.2149706E-10  
  3025.0       2.2766537E-10  
  3030.0       2.340352E-10   
  3035.0       2.4040703E-10  
  3040.0       2.4659189E-10  
  3045.0       2.5239696E-10  
  3050.0       2.5763727E-10  
  3055.0       2.621804E-10   
  3060.0       2.6605632E-10  
  3065.0       2.6934546E-10  
  3070.0       2.7213895E-10  
  3075.0       2.7452635E-10  
  3080.0       2.765974E-10   
  3085.0       2.7844158E-10  
  3090.0       2.8015065E-10  
  3095.0       2.8181169E-10  
  3100.0       2.8351338E-10  
  3105.0       2.8533556E-10  
  3110.0       2.8731856E-10  
  3115.0       2.8950123E-10  
  3120.0       2.9191435E-10  
  3125.0       2.945868E-10   
  3130.0       2.9755498E-10  
  3135.0       3.008486E-10   
  3140.0       3.045022E-10   
  3145.0       3.0854475E-10  
  3150.0       3.1300862E-10  
  3155.0       3.1789749E-10  
  3160.0       3.2315117E-10  
  3165.0       3.2868974E-10  
  3170.0       3.344263E-10   
  3175.0       3.4027092E-10  
  3180.0       3.4613806E-10  
  3185.0       3.5194486E-10  
  3190.0       3.5760356E-10  
  3195.0       3.6302666E-10  
  3200.0       3.6813336E-10  
  3205.0       3.7287587E-10  
  3210.0       3.7730774E-10  
  3215.0       3.8151715E-10  
  3220.0       3.8559253E-10  
  3225.0       3.8963038E-10  
  3230.0       3.9371975E-10  
  3235.0       3.9795178E-10  
  3240.0       4.0241863E-10  
  3245.0       4.0721224E-10  
  3250.0       4.1242046E-10  
  3255.0       4.1809756E-10  
  3260.0       4.2419943E-10  
  3265.0       4.306485E-10   
  3270.0       4.373605E-10   
  3275.0       4.4425372E-10  
  3280.0       4.512486E-10   
  3285.0       4.5826365E-10  
  3290.0       4.6521495E-10  
  3295.0       4.7201787E-10  
  3300.0       4.785972E-10   
  3305.0       4.8487947E-10  
  3310.0       4.9082344E-10  
  3315.0       4.964006E-10   
  3320.0       5.0158133E-10  
  3325.0       5.0633747E-10  
  3330.0       5.106392E-10   
  3335.0       5.1446086E-10  
  3340.0       5.1776866E-10  
  3345.0       5.2053895E-10  
  3350.0       5.2274246E-10  
  3355.0       5.2440724E-10  
  3360.0       5.2567584E-10  
  3365.0       5.26741E-10    
  3370.0       5.2780025E-10  
  3375.0       5.290515E-10   
  3380.0       5.306918E-10   
  3385.0       5.3291493E-10  
  3390.0       5.359232E-10   
  3395.0       5.399104E-10   
  3400.0       5.4506866E-10  
  3405.0       5.515049E-10   
  3410.0       5.591244E-10   
  3415.0       5.6774363E-10  
  3420.0       5.7718175E-10  
  3425.0       5.872528E-10   
  3430.0       5.977671E-10   
  3435.0       6.085417E-10   
  3440.0       6.1939076E-10  
  3445.0       6.3013195E-10  
  3450.0       6.405738E-10   
  3455.0       6.5055056E-10  
  3460.0       6.5993194E-10  
  3465.0       6.685936E-10   
  3470.0       6.76423E-10    
  3475.0       6.83301E-10    
  3480.0       6.8910805E-10  
  3485.0       6.9373446E-10  
  3490.0       6.970597E-10   
  3495.0       6.888886E-10   
  3500.0       6.2890493E-10  
  3505.0       6.1347655E-10  
  3510.0       5.870518E-10   
  3515.0       5.8955213E-10  
  3520.0       6.0268684E-10  
  3525.0       6.081071E-10   
  3530.0       6.1531724E-10  
  3535.0       6.305495E-10   
  3540.0       6.4497446E-10  
  3545.0       6.461951E-10   
  3550.0       6.235399E-10   
  3555.0       6.101687E-10   
  3560.0       5.841905E-10   
  3565.0       5.364516E-10   
  3570.0       5.0989835E-10  
  3575.0       5.215741E-10   
  3580.0       5.107225E-10   
  3585.0       4.915053E-10   
  3590.0       5.251913E-10   
  3595.0       6.297748E-10   
  3600.0       6.980008E-10   
  3605.0       6.6905564E-10  
  3610.0       6.120191E-10   
  3615.0       6.152232E-10   
  3620.0       6.697995E-10   
  3625.0       7.5143175E-10  
  3630.0       7.6731604E-10  
  3635.0       7.665442E-10   
  3640.0       7.930658E-10   
  3645.0       7.570465E-10   
  3650.0       7.5585666E-10  
  3655.0       8.6234003E-10  
  3660.0       9.627448E-10   
  3665.0       9.659203E-10   
  3670.0       9.222605E-10   
  3675.0       9.0408414E-10  
  3680.0       8.7967256E-10  
  3685.0       8.720501E-10   
  3690.0       9.236013E-10   
  3695.0       1.0072494E-9   
  3700.0       1.0286331E-9   
  3705.0       9.2180213E-10  
  3710.0       8.7741336E-10  
  3715.0       9.350355E-10   
  3720.0       9.2119756E-10  
  3725.0       9.052354E-10   
  3730.0       8.642578E-10   
  3735.0       7.9825246E-10  
  3740.0       7.913804E-10   
  3745.0       7.5075146E-10  
  3750.0       7.333883E-10   
  3755.0       7.8717405E-10  
  3760.0       8.0864515E-10  
  3765.0       8.4662155E-10  
  3770.0       9.038088E-10   
  3775.0       9.932003E-10   
  3780.0       1.0658215E-9   
  3785.0       1.0199079E-9   
  3790.0       8.9786767E-10  
  3795.0       8.2125273E-10  
  3800.0       8.5637225E-10  
  3805.0       9.626617E-10   
  3810.0       1.0101924E-9   
  3815.0       9.197877E-10   
  3820.0       7.924367E-10   
  3825.0       7.164504E-10   
  3830.0       6.693379E-10   
  3835.0       6.442016E-10   
  3840.0       6.866713E-10   
  3845.0       7.635769E-10   
  3850.0       8.0491824E-10  
  3855.0       8.069896E-10   
  3860.0       8.0777307E-10  
  3865.0       8.285839E-10   
  3870.0       8.416505E-10   
  3875.0       8.4540236E-10  
  3880.0       8.484375E-10   
  3885.0       8.7190766E-10  
  3890.0       9.514524E-10   
  3895.0       1.0291228E-9   
  3900.0       1.0725619E-9   
  3905.0       1.095196E-9    
  3910.0       1.1168872E-9   
  3915.0       1.0643176E-9   
  3920.0       9.488839E-10   
  3925.0       7.760994E-10   
  3930.0       6.0186517E-10  
  3935.0       5.5867544E-10  
  3940.0       6.7040556E-10  
  3945.0       8.54619E-10    
  3950.0       1.021098E-9    
  3955.0       1.0752381E-9   
  3960.0       9.267523E-10   
  3965.0       6.4490974E-10  
  3970.0       5.352742E-10   
  3975.0       7.785074E-10   
  3980.0       1.1352211E-9   
  3985.0       1.3794332E-9   
  3990.0       1.4800853E-9   
  3995.0       1.5169023E-9   
  4000.0       1.5768932E-9   
  4005.0       1.6186837E-9   
  4010.0       1.7036886E-9   
  4015.0       1.8075821E-9   
  4020.0       1.8191493E-9   
  4025.0       1.7727866E-9   
  4030.0       1.7127006E-9   
  4035.0       1.7444773E-9   
  4040.0       1.7834507E-9   
  4045.0       1.7276588E-9   
  4050.0       1.7199536E-9   
  4055.0       1.6923791E-9   
  4060.0       1.67192E-9     
  4065.0       1.6708754E-9   
  4070.0       1.6518039E-9   
  4075.0       1.5861676E-9   
  4080.0       1.6249913E-9   
  4085.0       1.79658E-9     
  4090.0       1.9120523E-9   
  4095.0       1.8199745E-9   
  4100.0       1.6659435E-9   
  4105.0       1.6863969E-9   
  4110.0       1.7447885E-9   
  4115.0       1.7433457E-9   
  4120.0       1.6559021E-9   
  4125.0       1.5699411E-9   
  4130.0       1.5443039E-9   
  4135.0       1.6337312E-9   
  4140.0       1.6895941E-9   
  4145.0       1.6246484E-9   
  4150.0       1.5464486E-9   
  4155.0       1.5665227E-9   
  4160.0       1.6470924E-9   
  4165.0       1.6508652E-9   
  4170.0       1.5591922E-9   
  4175.0       1.4432853E-9   
  4180.0       1.4448606E-9   
  4185.0       1.5674768E-9   
  4190.0       1.6454815E-9   
  4195.0       1.6091153E-9   
  4200.0       1.5664858E-9   
  4205.0       1.6099976E-9   
  4210.0       1.7125196E-9   
  4215.0       1.8530613E-9   
  4220.0       1.9563249E-9   
  4225.0       1.8652768E-9   
  4230.0       1.8860304E-9   
  4235.0       1.9241402E-9   
  4240.0       2.0026512E-9   
  4245.0       2.0136288E-9   
  4250.0       1.9522923E-9   
  4255.0       1.9734538E-9   
  4260.0       2.0522941E-9   
  4265.0       2.1082893E-9   
  4270.0       2.0131108E-9   
  4275.0       2.0208737E-9   
  4280.0       2.0455853E-9   
  4285.0       1.943965E-9    
  4290.0       1.802807E-9    
  4295.0       1.6846741E-9   
  4300.0       1.5358267E-9   
  4305.0       1.4921582E-9   
  4310.0       1.6597121E-9   
  4315.0       2.0466102E-9   
  4320.0       2.281448E-9    
  4325.0       2.2851623E-9   
  4330.0       2.30453E-9     
  4335.0       2.1611617E-9   
  4340.0       1.985587E-9    
  4345.0       2.158002E-9    
  4350.0       2.3313864E-9   
  4355.0       2.4608275E-9   
  4360.0       2.545415E-9    
  4365.0       2.5636808E-9   
  4370.0       2.4460527E-9   
  4375.0       2.3749434E-9   
  4380.0       2.275262E-9    
  4385.0       2.1049922E-9   
  4390.0       2.0857982E-9   
  4395.0       2.1637383E-9   
  4400.0       2.2081876E-9   
  4405.0       2.20409E-9     
  4410.0       2.278731E-9    
  4415.0       2.2706135E-9   
  4420.0       2.2680353E-9   
  4425.0       2.3207816E-9   
  4430.0       2.371333E-9    
  4435.0       2.4109466E-9   
  4440.0       2.45096E-9     
  4445.0       2.467696E-9    
  4450.0       2.4748894E-9   
  4455.0       2.352206E-9    
  4460.0       2.2548408E-9   
  4465.0       2.2852118E-9   
  4470.0       2.4375992E-9   
  4475.0       2.7010378E-9   
  4480.0       2.7867906E-9   
  4485.0       2.7661937E-9   
  4490.0       2.64511E-9     
  4495.0       2.6400542E-9   
  4500.0       2.8631313E-9   
  4505.0       3.0918557E-9   
  4510.0       3.1020944E-9   
  4515.0       2.9358858E-9   
  4520.0       2.765646E-9    
  4525.0       2.5626108E-9   
  4530.0       2.494783E-9    
  4535.0       2.6350948E-9   
  4540.0       2.7326268E-9   
  4545.0       2.692027E-9    
  4550.0       2.6177764E-9   
  4555.0       2.6748204E-9   
  4560.0       2.7856657E-9   
  4565.0       2.85599E-9     
  4570.0       2.9069909E-9   
  4575.0       2.8626757E-9   
  4580.0       2.769515E-9    
  4585.0       2.8095994E-9   
  4590.0       2.8341136E-9   
  4595.0       2.8246219E-9   
  4600.0       2.9198068E-9   
  4605.0       3.1212344E-9   
  4610.0       3.2975656E-9   
  4615.0       3.3237453E-9   
  4620.0       3.3109466E-9   
  4625.0       3.2739573E-9   
  4630.0       3.2351468E-9   
  4635.0       3.2020346E-9   
  4640.0       3.158907E-9    
  4645.0       3.0613831E-9   
  4650.0       3.0942233E-9   
  4655.0       3.17478E-9     
  4660.0       3.1716867E-9   
  4665.0       2.9529266E-9   
  4670.0       2.9389582E-9   
  4675.0       3.1028407E-9   
  4680.0       3.2109748E-9   
  4685.0       3.2956142E-9   
  4690.0       3.324475E-9    
  4695.0       3.3071772E-9   
  4700.0       3.1841116E-9   
  4705.0       3.1039291E-9   
  4710.0       3.1196439E-9   
  4715.0       3.282718E-9    
  4720.0       3.4228242E-9   
  4725.0       3.3194925E-9   
  4730.0       3.1825516E-9   
  4735.0       3.2504721E-9   
  4740.0       3.369955E-9    
  4745.0       3.4898133E-9   
  4750.0       3.5040277E-9   
  4755.0       3.391035E-9    
  4760.0       3.2856429E-9   
  4765.0       3.2523535E-9   
  4770.0       3.4078E-9      
  4775.0       3.5726362E-9   
  4780.0       3.5763892E-9   
  4785.0       3.4831757E-9   
  4790.0       3.4846837E-9   
  4795.0       3.5386492E-9   
  4800.0       3.5308334E-9   
  4805.0       3.462446E-9    
  4810.0       3.4449519E-9   
  4815.0       3.5654595E-9   
  4820.0       3.6264864E-9   
  4825.0       3.5536225E-9   
  4830.0       3.4773955E-9   
  4835.0       3.472543E-9    
  4840.0       3.4666852E-9   
  4845.0       3.4687753E-9   
  4850.0       3.3489505E-9   
  4855.0       2.9982892E-9   
  4860.0       2.6894467E-9   
  4865.0       2.779273E-9    
  4870.0       2.9885259E-9   
  4875.0       3.1507588E-9   
  4880.0       3.2154928E-9   
  4885.0       3.1302723E-9   
  4890.0       3.1994722E-9   
  4895.0       3.4492305E-9   
  4900.0       3.5747942E-9   
  4905.0       3.5500392E-9   
  4910.0       3.4028187E-9   
  4915.0       3.2569418E-9   
  4920.0       3.1012926E-9   
  4925.0       3.2485625E-9   
  4930.0       3.5036156E-9   
  4935.0       3.4773404E-9   
  4940.0       3.4688106E-9   
  4945.0       3.6572125E-9   
  4950.0       3.7703467E-9   
  4955.0       3.7410945E-9   
  4960.0       3.6664372E-9   
  4965.0       3.626185E-9    
  4970.0       3.5979464E-9   
  4975.0       3.5488563E-9   
  4980.0       3.336811E-9    
  4985.0       3.2427665E-9   
  4990.0       3.3541114E-9   
  4995.0       3.3883945E-9   
  5000.0       3.2920715E-9   
  5005.0       3.1871736E-9   
  5010.0       3.0970941E-9   
  5015.0       3.0014098E-9   
  5020.0       3.086683E-9    
  5025.0       3.3042455E-9   
  5030.0       3.468271E-9    
  5035.0       3.3560552E-9   
  5040.0       3.2009384E-9   
  5045.0       3.3929735E-9   
  5050.0       3.5593362E-9   
  5055.0       3.7463783E-9   
  5060.0       3.7831005E-9   
  5065.0       3.6328651E-9   
  5070.0       3.4991845E-9   
  5075.0       3.3346126E-9   
  5080.0       3.2628E-9      
  5085.0       3.451679E-9    
  5090.0       3.6248535E-9   
  5095.0       3.5417174E-9   
  5100.0       3.4146237E-9   
  5105.0       3.3796381E-9   
  5110.0       3.4260719E-9   
  5115.0       3.5179675E-9   
  5120.0       3.3920806E-9   
  5125.0       3.2130565E-9   
  5130.0       3.2199077E-9   
  5135.0       3.272499E-9    
  5140.0       3.241687E-9    
  5145.0       3.1872067E-9   
  5150.0       3.242855E-9    
  5155.0       3.4161747E-9   
  5160.0       3.348071E-9    
  5165.0       2.9230791E-9   
  5170.0       2.7774527E-9   
  5175.0       3.150425E-9    
  5180.0       3.3953667E-9   
  5185.0       3.3162746E-9   
  5190.0       3.1770948E-9   
  5195.0       3.1523602E-9   
  5200.0       3.2549843E-9   
  5205.0       3.2226837E-9   
  5210.0       3.2808884E-9   
  5215.0       3.4222303E-9   
  5220.0       3.4501815E-9   
  5225.0       3.2653171E-9   
  5230.0       3.260032E-9    
  5235.0       3.3706986E-9   
  5240.0       3.5164127E-9   
  5245.0       3.4655636E-9   
  5250.0       3.3504015E-9   
  5255.0       3.4168228E-9   
  5260.0       3.3434353E-9   
  5265.0       3.0276703E-9   
  5270.0       2.9335587E-9   
  5275.0       3.126635E-9    
  5280.0       3.4329146E-9   
  5285.0       3.7011172E-9   
  5290.0       3.8464516E-9   
  5295.0       3.676776E-9    
  5300.0       3.5689303E-9   
  5305.0       3.7124521E-9   
  5310.0       3.8158605E-9   
  5315.0       3.747825E-9    
  5320.0       3.5965941E-9   
  5325.0       3.4085887E-9   
  5330.0       3.3475438E-9   
  5335.0       3.4927272E-9   
  5340.0       3.5723045E-9   
  5345.0       3.6302563E-9   
  5350.0       3.739477E-9    
  5355.0       3.9024366E-9   
  5360.0       3.8967496E-9   
  5365.0       3.689635E-9    
  5370.0       3.5602832E-9   
  5375.0       3.6687782E-9   
  5380.0       3.778745E-9    
  5385.0       3.769906E-9    
  5390.0       3.665094E-9    
  5395.0       3.4947034E-9   
  5400.0       3.3871452E-9   
  5405.0       3.2924996E-9   
  5410.0       3.3684144E-9   
  5415.0       3.5707992E-9   
  5420.0       3.637661E-9    
  5425.0       3.5830714E-9   
  5430.0       3.5228807E-9   
  5435.0       3.59053E-9     
  5440.0       3.8147645E-9   
  5445.0       3.7982835E-9   
  5450.0       3.7155012E-9   
  5455.0       3.6948322E-9   
  5460.0       3.74796E-9     
  5465.0       3.7516403E-9   
  5470.0       3.7128953E-9   
  5475.0       3.542456E-9    
  5480.0       3.4743401E-9   
  5485.0       3.5889118E-9   
  5490.0       3.692343E-9    
  5495.0       3.72831E-9     
  5500.0       3.6724255E-9   
  5505.0       3.5778616E-9   
  5510.0       3.5790684E-9   
  5515.0       3.683211E-9    
  5520.0       3.8127212E-9   
  5525.0       3.7211676E-9   
  5530.0       3.595581E-9    
  5535.0       3.6318712E-9   
  5540.0       3.769615E-9    
  5545.0       3.8370813E-9   
  5550.0       3.8965173E-9   
  5555.0       3.9173114E-9   
  5560.0       3.8678767E-9   
  5565.0       3.7630308E-9   
  5570.0       3.7370342E-9   
  5575.0       3.804314E-9    
  5580.0       3.8207717E-9   
  5585.0       3.6726757E-9   
  5590.0       3.5159595E-9   
  5595.0       3.578776E-9    
  5600.0       3.7026517E-9   
  5605.0       3.874473E-9    
  5610.0       3.9767403E-9   
  5615.0       3.8314165E-9   
  5620.0       3.7387005E-9   
  5625.0       3.755721E-9    
  5630.0       3.847267E-9    
  5635.0       3.77711E-9     
  5640.0       3.7193948E-9   
  5645.0       3.80859E-9     
  5650.0       3.8350696E-9   
  5655.0       3.6801304E-9   
  5660.0       3.5104382E-9   
  5665.0       3.570713E-9    
  5670.0       3.7313947E-9   
  5675.0       3.8670516E-9   
  5680.0       3.837589E-9    
  5685.0       3.757893E-9    
  5690.0       3.753174E-9    
  5695.0       3.7855448E-9   
  5700.0       3.7029027E-9   
  5705.0       3.5726218E-9   
  5710.0       3.5579149E-9   
  5715.0       3.774112E-9    
  5720.0       3.992146E-9    
  5725.0       4.000057E-9    
  5730.0       3.936755E-9    
  5735.0       3.9409302E-9   
  5740.0       3.9269596E-9   
  5745.0       3.881315E-9    
  5750.0       3.8178114E-9   
  5755.0       3.7982333E-9   
  5760.0       3.840559E-9    
  5765.0       3.907518E-9    
  5770.0       3.928E-9       
  5775.0       3.820048E-9    
  5780.0       3.6464258E-9   
  5785.0       3.6349832E-9   
  5790.0       3.75824E-9     
  5795.0       3.8332226E-9   
  5800.0       3.884384E-9    
  5805.0       3.8539114E-9   
  5810.0       3.8726173E-9   
  5815.0       3.9287076E-9   
  5820.0       3.9978727E-9   
  5825.0       4.043145E-9    
  5830.0       4.057736E-9    
  5835.0       4.054665E-9    
  5840.0       4.053301E-9    
  5845.0       3.9772017E-9   
  5850.0       3.849508E-9    
  5855.0       3.7591295E-9   
  5860.0       3.785466E-9    
  5865.0       3.8925907E-9   
  5870.0       4.0019925E-9   
  5875.0       4.0315773E-9   
  5880.0       3.8970467E-9   
  5885.0       3.6088437E-9   
  5890.0       3.2702687E-9   
  5895.0       3.2710337E-9   
  5900.0       3.5619219E-9   
  5905.0       3.814562E-9    
  5910.0       3.886804E-9    
  5915.0       3.880223E-9    
  5920.0       3.885572E-9    
  5925.0       3.888599E-9    
  5930.0       3.8470134E-9   
  5935.0       3.8399603E-9   
  5940.0       3.8545704E-9   
  5945.0       3.802623E-9    
  5950.0       3.7540633E-9   
  5955.0       3.7676817E-9   
  5960.0       3.86382E-9     
  5965.0       3.9353756E-9   
  5970.0       3.945544E-9    
  5975.0       3.858146E-9    
  5980.0       3.7794035E-9   
  5985.0       3.7248384E-9   
  5990.0       3.7317203E-9   
  5995.0       3.739676E-9    
  6000.0       3.7240921E-9   
  6005.0       3.6928198E-9   
  6010.0       3.6465362E-9   
  6015.0       3.6429464E-9   
  6020.0       3.6455405E-9   
  6025.0       3.662908E-9    
  6030.0       3.7459165E-9   
  6035.0       3.7901255E-9   
  6040.0       3.769343E-9    
  6045.0       3.7964702E-9   
  6050.0       3.7785703E-9   
  6055.0       3.7290038E-9   
  6060.0       3.735287E-9    
  6065.0       3.746333E-9    
  6070.0       3.804384E-9    
  6075.0       3.755731E-9    
  6080.0       3.6533547E-9   
  6085.0       3.636543E-9    
  6090.0       3.6118577E-9   
  6095.0       3.6054202E-9   
  6100.0       3.5914016E-9   
  6105.0       3.6021117E-9   
  6110.0       3.66917E-9     
  6115.0       3.6778973E-9   
  6120.0       3.591278E-9    
  6125.0       3.5640617E-9   
  6130.0       3.5561734E-9   
  6135.0       3.4284853E-9   
  6140.0       3.3822778E-9   
  6145.0       3.4561094E-9   
  6150.0       3.5188303E-9   
  6155.0       3.5166876E-9   
  6160.0       3.4084362E-9   
  6165.0       3.3884453E-9   
  6170.0       3.462425E-9    
  6175.0       3.549615E-9    
  6180.0       3.6158383E-9   
  6185.0       3.5797578E-9   
  6190.0       3.5031926E-9   
  6195.0       3.5634333E-9   
  6200.0       3.6157972E-9   
  6205.0       3.6678065E-9   
  6210.0       3.6024184E-9   
  6215.0       3.499708E-9    
  6220.0       3.4861614E-9   
  6225.0       3.4922265E-9   
  6230.0       3.4304453E-9   
  6235.0       3.4377725E-9   
  6240.0       3.3899703E-9   
  6245.0       3.3194976E-9   
  6250.0       3.3083838E-9   
  6255.0       3.289129E-9    
  6260.0       3.3978618E-9   
  6265.0       3.525223E-9    
  6270.0       3.5448895E-9   
  6275.0       3.460361E-9    
  6280.0       3.3408845E-9   
  6285.0       3.4111753E-9   
  6290.0       3.5046703E-9   
  6295.0       3.451119E-9    
  6300.0       3.3910272E-9   
  6305.0       3.4382976E-9   
  6310.0       3.4562249E-9   
  6315.0       3.3656693E-9   
  6320.0       3.3648961E-9   
  6325.0       3.4964396E-9   
  6330.0       3.5298806E-9   
  6335.0       3.455874E-9    
  6340.0       3.4555514E-9   
  6345.0       3.4848935E-9   
  6350.0       3.4979522E-9   
  6355.0       3.4282963E-9   
  6360.0       3.3571572E-9   
  6365.0       3.381381E-9    
  6370.0       3.4480205E-9   
  6375.0       3.489819E-9    
  6380.0       3.4942644E-9   
  6385.0       3.5193268E-9   
  6390.0       3.496749E-9    
  6395.0       3.4750751E-9   
  6400.0       3.4704177E-9   
  6405.0       3.473619E-9    
  6410.0       3.4439858E-9   
  6415.0       3.4329457E-9   
  6420.0       3.4002472E-9   
  6425.0       3.4559644E-9   
  6430.0       3.4338234E-9   
  6435.0       3.4588128E-9   
  6440.0       3.4846377E-9   
  6445.0       3.4861487E-9   
  6450.0       3.4269496E-9   
  6455.0       3.4161933E-9   
  6460.0       3.4382197E-9   
  6465.0       3.4463312E-9   
  6470.0       3.4924716E-9   
  6475.0       3.4991734E-9   
  6480.0       3.4632344E-9   
  6485.0       3.4344094E-9   
  6490.0       3.321582E-9    
  6495.0       3.1163596E-9   
  6500.0       3.2221288E-9   
  6505.0       3.4527716E-9   
  6510.0       3.5630192E-9   
  6515.0       3.5258654E-9   
  6520.0       3.507718E-9    
  6525.0       3.5495933E-9   
  6530.0       3.5444931E-9   
  6535.0       3.5730088E-9   
  6540.0       3.5950531E-9   
  6545.0       3.5494079E-9   
  6550.0       3.480782E-9    
  6555.0       3.3139425E-9   
  6560.0       3.0719787E-9   
  6565.0       3.1391998E-9   
  6570.0       3.3793317E-9   
  6575.0       3.4706147E-9   
  6580.0       3.5294452E-9   
  6585.0       3.5104863E-9   
  6590.0       3.4553793E-9   
  6595.0       3.4561942E-9   
  6600.0       3.5168024E-9   
  6605.0       3.4735566E-9   
  6610.0       3.4636087E-9   
  6615.0       3.5500494E-9   
  6620.0       3.6066918E-9   
  6625.0       3.5613186E-9   
  6630.0       3.4918404E-9   
  6635.0       3.464272E-9    
  6640.0       3.4950778E-9   
  6645.0       3.4947385E-9   
  6650.0       3.5032832E-9   
  6655.0       3.5007048E-9   
  6660.0       3.4652115E-9   
  6665.0       3.4515406E-9   
  6670.0       3.4782652E-9   
  6675.0       3.4472676E-9   
  6680.0       3.458053E-9    
  6685.0       3.523977E-9    
  6690.0       3.543709E-9    
  6695.0       3.5124932E-9   
  6700.0       3.480836E-9    
  6705.0       3.4668044E-9   
  6710.0       3.4577403E-9   
  6715.0       3.4149061E-9   
  6720.0       3.4461394E-9   
  6725.0       3.4993264E-9   
  6730.0       3.480216E-9    
  6735.0       3.43804E-9     
  6740.0       3.4014054E-9   
  6745.0       3.3976983E-9   
  6750.0       3.4180498E-9   
  6755.0       3.4652563E-9   
  6760.0       3.4922605E-9   
  6765.0       3.4451142E-9   
  6770.0       3.389578E-9    
  6775.0       3.4314083E-9   
  6780.0       3.4679724E-9   
  6785.0       3.4523393E-9   
  6790.0       3.438042E-9    
  6795.0       3.4150578E-9   
  6800.0       3.4456364E-9   
  6805.0       3.3903915E-9   
  6810.0       3.385958E-9    
  6815.0       3.4030176E-9   
  6820.0       3.4089005E-9   
  6825.0       3.3935013E-9   
  6830.0       3.358112E-9    
  6835.0       3.34441E-9     
  6840.0       3.3496674E-9   
  6845.0       3.3467118E-9   
  6850.0       3.3401846E-9   
  6855.0       3.3337317E-9   
  6860.0       3.3276872E-9   
  6865.0       3.324383E-9    
  6870.0       3.3197594E-9   
  6875.0       3.315385E-9    
  6880.0       3.3115863E-9   
  6885.0       3.3079959E-9   
  6890.0       3.3046257E-9   
  6895.0       3.3015863E-9   
  6900.0       3.299006E-9    
  6905.0       3.2961176E-9   
  6910.0       3.293272E-9    
  6915.0       3.2931837E-9   
  6920.0       3.2931922E-9   
  6925.0       3.2912424E-9   
  6930.0       3.2880556E-9   
  6935.0       3.2849479E-9   
  6940.0       3.282766E-9    
  6945.0       3.2804217E-9   
  6950.0       3.2770056E-9   
  6955.0       3.274197E-9    
  6960.0       3.2750143E-9   
  6965.0       3.2793754E-9   
  6970.0       3.2563288E-9   
  6975.0       3.096873E-9    
  6980.0       3.0855427E-9   
  6985.0       3.1450371E-9   
  6990.0       3.169655E-9    
  6995.0       3.1333383E-9   
  7000.0       3.0795115E-9   
  7005.0       3.0841285E-9   
  7010.0       3.0935412E-9   
  7015.0       3.0536458E-9   
  7020.0       3.0473877E-9   
  7025.0       3.0602614E-9   
  7030.0       3.1223817E-9   
  7035.0       3.1592529E-9   
  7040.0       3.204206E-9    
  7045.0       3.2266878E-9   
  7050.0       3.2186631E-9   
  7055.0       3.2062575E-9   
  7060.0       3.1809075E-9   
  7065.0       3.1467318E-9   
  7070.0       3.169562E-9    
  7075.0       3.2217833E-9   
  7080.0       3.1746887E-9   
  7085.0       3.1017322E-9   
  7090.0       3.0778775E-9   
  7095.0       3.0661054E-9   
  7100.0       3.0693097E-9   
  7105.0       3.0452294E-9   
  7110.0       3.0179192E-9   
  7115.0       2.9942853E-9   
  7120.0       2.9779128E-9   
  7125.0       3.003209E-9    
  7130.0       3.0427838E-9   
  7135.0       3.1105585E-9   
  7140.0       3.1051115E-9   
  7145.0       3.045589E-9    
  7150.0       3.0175407E-9   
  7155.0       3.0696967E-9   
  7160.0       3.0738854E-9   
  7165.0       2.9789975E-9   
  7170.0       2.9773144E-9   
  7175.0       2.9416478E-9   
  7180.0       2.8700953E-9   
  7185.0       2.7713059E-9   
  7190.0       2.7588392E-9   
  7195.0       2.8059621E-9   
  7200.0       2.8343552E-9   
  7205.0       2.8658316E-9   
  7210.0       2.9316314E-9   
  7215.0       3.0072271E-9   
  7220.0       3.013632E-9    
  7225.0       3.0320608E-9   
  7230.0       3.0363114E-9   
  7235.0       2.987826E-9    
  7240.0       2.9805918E-9   
  7245.0       2.9808147E-9   
  7250.0       2.9721854E-9   
  7255.0       2.9642566E-9   
  7260.0       2.9584715E-9   
  7265.0       2.950484E-9    
  7270.0       2.9473406E-9   
  7275.0       2.8889044E-9   
  7280.0       2.8399518E-9   
  7285.0       2.7788265E-9   
  7290.0       2.736081E-9    
  7295.0       2.8388822E-9   
  7300.0       2.8628024E-9   
  7305.0       2.81831E-9     
  7310.0       2.8080012E-9   
  7315.0       2.8514493E-9   
  7320.0       2.848612E-9    
  7325.0       2.8186171E-9   
  7330.0       2.8489027E-9   
  7335.0       2.8852856E-9   
  7340.0       2.9335436E-9   
  7345.0       2.8944003E-9   
  7350.0       2.8402227E-9   
  7355.0       2.8002294E-9   
  7360.0       2.8286506E-9   
  7365.0       2.8430518E-9   
  7370.0       2.8720029E-9   
  7375.0       2.898323E-9    
  7380.0       2.8836658E-9   
  7385.0       2.799032E-9    
  7390.0       2.763424E-9    
  7395.0       2.815394E-9    
  7400.0       2.8592129E-9   
  7405.0       2.8129552E-9   
  7410.0       2.74589E-9     
  7415.0       2.7459282E-9   
  7420.0       2.7774834E-9   
  7425.0       2.8524747E-9   
  7430.0       2.9154756E-9   
  7435.0       2.9546303E-9   
  7440.0       2.8912088E-9   
  7445.0       2.8354559E-9   
  7450.0       2.8634075E-9   
  7455.0       2.863283E-9    
  7460.0       2.8332954E-9   
  7465.0       2.8853597E-9   
  7470.0       2.8938811E-9   
  7475.0       2.8571765E-9   
  7480.0       2.8577885E-9   
  7485.0       2.8714773E-9   
  7490.0       2.8391918E-9   
  7495.0       2.829024E-9    
  7500.0       2.8616967E-9   
  7505.0       2.83671E-9     
  7510.0       2.7980067E-9   
  7515.0       2.8136387E-9   
  7520.0       2.8497962E-9   
  7525.0       2.8381923E-9   
  7530.0       2.8332865E-9   
  7535.0       2.855389E-9    
  7540.0       2.8889768E-9   
  7545.0       2.8747684E-9   
  7550.0       2.8703189E-9   
  7555.0       2.86527E-9     
  7560.0       2.8612859E-9   
  7565.0       2.858857E-9    
  7570.0       2.8561158E-9   
  7575.0       2.8528928E-9   
  7580.0       2.8501292E-9   
  7585.0       2.847889E-9    
  7590.0       2.845342E-9    
  7595.0       2.8429625E-9   
  7600.0       2.8414993E-9   
  7605.0       2.8407292E-9   
  7610.0       2.839001E-9    
  7615.0       2.836741E-9    
  7620.0       2.8345934E-9   
  7625.0       2.8330234E-9   
  7630.0       2.8313174E-9   
  7635.0       2.8289788E-9   
  7640.0       2.8271432E-9   
  7645.0       2.8267633E-9   
  7650.0       2.8266685E-9   
  7655.0       2.8254792E-9   
  7660.0       2.8234646E-9   
  7665.0       2.821663E-9    
  7670.0       2.8211886E-9   
  7675.0       2.8221363E-9   
  7680.0       2.822607E-9    
  7685.0       2.8219538E-9   
  7690.0       2.821021E-9    
  7695.0       2.8185414E-9   
  7700.0       2.8156095E-9   
  7705.0       2.8121638E-9   
  7710.0       2.8093587E-9   
  7715.0       2.8069684E-9   
  7720.0       2.8028626E-9   
  7725.0       2.7974174E-9   
  7730.0       2.8086484E-9   
  7735.0       2.8385096E-9   
  7740.0       2.8457188E-9   
  7745.0       2.7816607E-9   
  7750.0       2.739664E-9    
  7755.0       2.8110048E-9   
  7760.0       2.848843E-9    
  7765.0       2.8580698E-9   
  7770.0       2.8040754E-9   
  7775.0       2.7192448E-9   
  7780.0       2.6576994E-9   
  7785.0       2.7170581E-9   
  7790.0       2.8074318E-9   
  7795.0       2.7858056E-9   
  7800.0       2.7630607E-9   
  7805.0       2.7862306E-9   
  7810.0       2.8009797E-9   
  7815.0       2.8418115E-9   
  7820.0       2.8322398E-9   
  7825.0       2.8368714E-9   
  7830.0       2.8071487E-9   
  7835.0       2.7897218E-9   
  7840.0       2.8105083E-9   
  7845.0       2.8138074E-9   
  7850.0       2.80695E-9     
  7855.0       2.8078626E-9   
  7860.0       2.834374E-9    
  7865.0       2.8319693E-9   
  7870.0       2.7954745E-9   
  7875.0       2.7537113E-9   
  7880.0       2.7374525E-9   
  7885.0       2.7463263E-9   
  7890.0       2.7204181E-9   
  7895.0       2.6488116E-9   
  7900.0       2.6311715E-9   
  7905.0       2.6378912E-9   
  7910.0       2.6210127E-9   
  7915.0       2.603525E-9    
  7920.0       2.61637E-9     
  7925.0       2.6218623E-9   
  7930.0       2.6128937E-9   
  7935.0       2.6061433E-9   
  7940.0       2.5825948E-9   
  7945.0       2.5787181E-9   
  7950.0       2.593634E-9    
  7955.0       2.6061924E-9   
  7960.0       2.6232425E-9   
  7965.0       2.6402338E-9   
  7970.0       2.6492502E-9   
  7975.0       2.6377758E-9   
  7980.0       2.623941E-9    
  7985.0       2.637091E-9    
  7990.0       2.625256E-9    
  7995.0       2.5676103E-9   
  8000.0       2.5322537E-9   
  8005.0       2.5573426E-9   
  8010.0       2.5895546E-9   
  8015.0       2.6126417E-9   
  8020.0       2.58342E-9     
  8025.0       2.5057358E-9   
  8030.0       2.4915423E-9   
  8035.0       2.5582978E-9   
  8040.0       2.5571234E-9   
  8045.0       2.486264E-9    
  8050.0       2.475348E-9    
  8055.0       2.5324176E-9   
  8060.0       2.5617062E-9   
  8065.0       2.5107543E-9   
  8070.0       2.4705318E-9   
  8075.0       2.4766154E-9   
  8080.0       2.4705347E-9   
  8085.0       2.4497178E-9   
  8090.0       2.4104587E-9   
  8095.0       2.4217317E-9   
  8100.0       2.4308402E-9   
  8105.0       2.4466411E-9   
  8110.0       2.4250222E-9   
  8115.0       2.4054845E-9   
  8120.0       2.4173215E-9   
  8125.0       2.4206184E-9   
  8130.0       2.4047662E-9   
  8135.0       2.3719755E-9   
  8140.0       2.3628612E-9   
  8145.0       2.3521387E-9   
  8150.0       2.3438373E-9   
  8155.0       2.3480193E-9   
  8160.0       2.313659E-9    
  8165.0       2.281198E-9    
  8170.0       2.2816105E-9   
  8175.0       2.286237E-9    
  8180.0       2.273432E-9    
  8185.0       2.2782947E-9   
  8190.0       2.2250015E-9   
  8195.0       2.195762E-9    
  8200.0       2.2148923E-9   
  8205.0       2.2968527E-9   
  8210.0       2.365271E-9    
  8215.0       2.352726E-9    
  8220.0       2.2845634E-9   
  8225.0       2.2067452E-9   
  8230.0       2.1857594E-9   
  8235.0       2.2819597E-9   
  8240.0       2.3452478E-9   
  8245.0       2.3406905E-9   
  8250.0       2.3470497E-9   
  8255.0       2.3273592E-9   
  8260.0       2.335077E-9    
  8265.0       2.3733921E-9   
  8270.0       2.3819993E-9   
  8275.0       2.3227544E-9   
  8280.0       2.3212439E-9   
  8285.0       2.309893E-9    
  8290.0       2.2922497E-9   
  8295.0       2.2937303E-9   
  8300.0       2.2929971E-9   
  8305.0       2.2748374E-9   
  8310.0       2.2768667E-9   
  8315.0       2.2968853E-9   
  8320.0       2.2885307E-9   
  8325.0       2.2744555E-9   
  8330.0       2.2299038E-9   
  8335.0       2.2015134E-9   
  8340.0       2.2176339E-9   
  8345.0       2.2451003E-9   
  8350.0       2.2794728E-9   
  8355.0       2.294576E-9    
  8360.0       2.3006865E-9   
  8365.0       2.3315416E-9   
  8370.0       2.3353994E-9   
  8375.0       2.311366E-9    
  8380.0       2.2867026E-9   
  8385.0       2.2700242E-9   
  8390.0       2.290103E-9    
  8395.0       2.3149405E-9   
  8400.0       2.3186362E-9   
  8405.0       2.3397593E-9   
  8410.0       2.3388385E-9   
  8415.0       2.2956823E-9   
  8420.0       2.2623978E-9   
  8425.0       2.2884141E-9   
  8430.0       2.319366E-9    
  8435.0       2.27433E-9     
  8440.0       2.2475022E-9   
  8445.0       2.2229463E-9   
  8450.0       2.2607778E-9   
  8455.0       2.331469E-9    
  8460.0       2.3706124E-9   
  8465.0       2.2991535E-9   
  8470.0       2.2670115E-9   
  8475.0       2.3191007E-9   
  8480.0       2.3575284E-9   
  8485.0       2.369091E-9    
  8490.0       2.2896431E-9   
  8495.0       2.092214E-9    
  8500.0       2.0113846E-9   
  8505.0       2.100132E-9    
  8510.0       2.179682E-9    
  8515.0       2.2011082E-9   
  8520.0       2.2354671E-9   
  8525.0       2.2557034E-9   
  8530.0       2.2126927E-9   
  8535.0       2.0704232E-9   
  8540.0       1.7846129E-9   
  8545.0       1.6383703E-9   
  8550.0       1.6606794E-9   
  8555.0       1.8786928E-9   
  8560.0       2.1361344E-9   
  8565.0       2.2408304E-9   
  8570.0       2.2624616E-9   
  8575.0       2.2451607E-9   
  8580.0       2.2409747E-9   
  8585.0       2.2193951E-9   
  8590.0       2.2048392E-9   
  8595.0       2.1769824E-9   
  8600.0       2.1632298E-9   
  8605.0       2.1739817E-9   
  8610.0       2.191417E-9    
  8615.0       2.2273265E-9   
  8620.0       2.2309188E-9   
  8625.0       2.267082E-9    
  8630.0       2.315716E-9    
  8635.0       2.3882272E-9   
  8640.0       2.3696736E-9   
  8645.0       2.3472733E-9   
  8650.0       2.3104543E-9   
  8655.0       2.2302808E-9   
  8660.0       2.0059396E-9   
  8665.0       1.810801E-9    
  8670.0       1.7876342E-9   
  8675.0       1.981356E-9    
  8680.0       2.2004012E-9   
  8685.0       2.2576276E-9   
  8690.0       2.2558735E-9   
  8695.0       2.3486502E-9   
  8700.0       2.3053421E-9   
  8705.0       2.2564435E-9   
  8710.0       2.1940683E-9   
  8715.0       2.1992506E-9   
  8720.0       2.295925E-9    
  8725.0       2.233598E-9    
  8730.0       2.202269E-9    
  8735.0       2.2493334E-9   
  8740.0       2.2263786E-9   
  8745.0       2.1950586E-9   
  8750.0       2.19091E-9     
  8755.0       2.227468E-9    
  8760.0       2.2176232E-9   
  8765.0       2.2001265E-9   
  8770.0       2.2190498E-9   
  8775.0       2.202386E-9    
  8780.0       2.2409454E-9   
  8785.0       2.2454303E-9   
  8790.0       2.205042E-9    
  8795.0       2.1719964E-9   
  8800.0       2.1809787E-9   
  8805.0       2.140836E-9    
  8810.0       2.1708677E-9   
  8815.0       2.181024E-9    
  8820.0       2.1789093E-9   
  8825.0       2.2162103E-9   
  8830.0       2.1954674E-9   
  8835.0       2.137678E-9    
  8840.0       2.1852236E-9   
  8845.0       2.1815907E-9   
  8850.0       2.189322E-9    
  8855.0       2.191249E-9    
  8860.0       2.1493345E-9   
  8865.0       2.1277893E-9   
  8870.0       2.143739E-9    
  8875.0       2.157451E-9    
  8880.0       2.1349946E-9   
  8885.0       2.1363256E-9   
  8890.0       2.1814892E-9   
  8895.0       2.2031739E-9   
  8900.0       2.1864683E-9   
  8905.0       2.1781683E-9   
  8910.0       2.1736144E-9   
  8915.0       2.1986426E-9   
  8920.0       2.1705955E-9   
  8925.0       2.1401885E-9   
  8930.0       2.1535052E-9   
  8935.0       2.172449E-9    
  8940.0       2.1716722E-9   
  8945.0       2.2110238E-9   
  8950.0       2.147551E-9    
  8955.0       2.1239672E-9   
  8960.0       2.1199245E-9   
  8965.0       2.1452806E-9   
  8970.0       2.1281974E-9   
  8975.0       2.0825508E-9   
  8980.0       2.1056337E-9   
  8985.0       2.0406952E-9   
  8990.0       2.0013005E-9   
  8995.0       2.0502657E-9   
  9000.0       2.0202577E-9   
  9005.0       2.014958E-9    
  9010.0       2.0370787E-9   
  9015.0       2.0369153E-9   
  9020.0       2.009425E-9    
  9025.0       2.0197755E-9   
  9030.0       2.2185636E-9   
  9035.0       2.3259001E-9   
  9040.0       2.29912E-9     
  9045.0       2.2702666E-9   
  9050.0       2.289632E-9    
  9055.0       2.2260298E-9   
  9060.0       2.1473179E-9   
  9065.0       2.0996898E-9   
  9070.0       2.0317723E-9   
  9075.0       2.0095525E-9   
  9080.0       2.0040773E-9   
  9085.0       1.981306E-9    
  9090.0       1.9517057E-9   
  9095.0       1.9994315E-9   
  9100.0       1.984405E-9    
  9105.0       1.9541215E-9   
  9110.0       1.994206E-9    
  9115.0       1.9381672E-9   
  9120.0       1.9998707E-9   
  9125.0       1.998347E-9    
  9130.0       1.9861641E-9   
  9135.0       1.951884E-9    
  9140.0       1.8865616E-9   
  9145.0       1.8917756E-9   
  9150.0       1.8860917E-9   
  9155.0       1.8070516E-9   
  9160.0       1.8034185E-9   
  9165.0       1.8111392E-9   
  9170.0       1.7026425E-9   
  9175.0       1.686834E-9    
  9180.0       1.7504922E-9   
  9185.0       1.791136E-9    
  9190.0       1.8103131E-9   
  9195.0       1.7804415E-9   
  9200.0       1.7943561E-9   
  9205.0       1.7962752E-9   
  9210.0       1.7616796E-9   
  9215.0       1.7461781E-9   
  9220.0       1.780716E-9    
  9225.0       1.8221868E-9   
  9230.0       1.8006523E-9   
  9235.0       1.7790673E-9   
  9240.0       1.7729737E-9   
  9245.0       1.7876597E-9   
  9250.0       1.804055E-9    
  9255.0       1.8476025E-9   
  9260.0       1.8338454E-9   
  9265.0       1.8590107E-9   
  9270.0       1.927056E-9    
  9275.0       1.915994E-9    
  9280.0       1.8667785E-9   
  9285.0       1.859705E-9    
  9290.0       1.8830217E-9   
  9295.0       1.8975908E-9   
  9300.0       1.8459058E-9   
  9305.0       1.7791355E-9   
  9310.0       1.8280409E-9   
  9315.0       1.8063111E-9   
  9320.0       1.7802323E-9   
  9325.0       1.778438E-9    
  9330.0       1.7810051E-9   
  9335.0       1.6709527E-9   
  9340.0       1.6972672E-9   
  9345.0       1.6915808E-9   
  9350.0       1.737724E-9    
  9355.0       1.7104062E-9   
  9360.0       1.7745604E-9   
  9365.0       1.7899794E-9   
  9370.0       1.7447433E-9   
  9375.0       1.7692305E-9   
  9380.0       1.8030785E-9   
  9385.0       1.9284045E-9   
  9390.0       1.944986E-9    
  9395.0       1.9920798E-9   
  9400.0       1.9824786E-9   
  9405.0       1.8963986E-9   
  9410.0       1.8369957E-9   
  9415.0       1.876158E-9    
  9420.0       1.8708906E-9   
  9425.0       1.7984936E-9   
  9430.0       1.8203202E-9   
  9435.0       1.849705E-9    
  9440.0       1.7394529E-9   
  9445.0       1.8147425E-9   
  9450.0       1.8317685E-9   
  9455.0       1.786535E-9    
  9460.0       1.7511926E-9   
  9465.0       1.7855628E-9   
  9470.0       1.8448575E-9   
  9475.0       1.8203647E-9   
  9480.0       1.7976921E-9   
  9485.0       1.86721E-9     
  9490.0       1.9300999E-9   
  9495.0       1.792812E-9    
  9500.0       1.7782741E-9   
  9505.0       1.8984316E-9   
  9510.0       1.8499398E-9   
  9515.0       1.7986935E-9   
  9520.0       1.8079719E-9   
  9525.0       1.8091294E-9   
  9530.0       1.8383282E-9   
  9535.0       1.8842627E-9   
  9540.0       1.883494E-9    
  9545.0       1.8213417E-9   
  9550.0       1.7845718E-9   
  9555.0       1.7056739E-9   
  9560.0       1.7768707E-9   
  9565.0       1.7395327E-9   
  9570.0       1.7781961E-9   
  9575.0       1.8612435E-9   
  9580.0       1.7531507E-9   
  9585.0       1.7163911E-9   
  9590.0       1.752334E-9    
  9595.0       1.7293611E-9   
  9600.0       1.7821589E-9   
  9605.0       1.8098335E-9   
  9610.0       1.8670403E-9   
  9615.0       1.7884038E-9   
  9620.0       1.868354E-9    
  9625.0       1.7807718E-9   
  9630.0       1.8240316E-9   
  9635.0       1.7510936E-9   
  9640.0       1.7351476E-9   
  9645.0       1.7262113E-9   
  9650.0       1.7734112E-9   
  9655.0       1.7550951E-9   
  9660.0       1.8171802E-9   
  9665.0       1.7839635E-9   
  9670.0       1.760244E-9    
  9675.0       1.7731341E-9   
  9680.0       1.7750778E-9   
  9685.0       1.747234E-9    
  9690.0       1.7998028E-9   
  9695.0       1.8212927E-9   
  9700.0       1.8021465E-9   
  9705.0       1.7519853E-9   
  9710.0       1.7991004E-9   
  9715.0       1.7995367E-9   
  9720.0       1.7704117E-9   
  9725.0       1.7584489E-9   
  9730.0       1.7654771E-9   
  9735.0       1.7643557E-9   
  9740.0       1.8202817E-9   
  9745.0       1.7339958E-9   
  9750.0       1.7223664E-9   
  9755.0       1.7153471E-9   
  9760.0       1.7324098E-9   
  9765.0       1.7474628E-9   
  9770.0       1.6673978E-9   
  9775.0       1.6860559E-9   
  9780.0       1.7437511E-9   
  9785.0       1.7770507E-9   
  9790.0       1.7109016E-9   
  9795.0       1.7801611E-9   
  9800.0       1.865785E-9    
  9805.0       1.7933455E-9   
  9810.0       1.7733047E-9   
  9815.0       1.7294726E-9   
  9820.0       1.7736094E-9   
  9825.0       1.7601566E-9   
  9830.0       1.7646934E-9   
  9835.0       1.8102011E-9   
  9840.0       1.7411887E-9   
  9845.0       1.6953214E-9   
  9850.0       1.7648674E-9   
  9855.0       1.7610539E-9   
  9860.0       1.7143595E-9   
  9865.0       1.7672772E-9   
  9870.0       1.818661E-9    
  9875.0       1.7435521E-9   
  9880.0       1.7592752E-9   
  9885.0       1.7161942E-9   
  9890.0       1.7893577E-9   
  9895.0       1.78587E-9     
  9900.0       1.8967774E-9   
  9905.0       1.7923382E-9   
  9910.0       1.7041557E-9   
  9915.0       1.7374147E-9   
  9920.0       1.7391835E-9   
  9925.0       1.6835565E-9   
  9930.0       1.6460817E-9   
  9935.0       1.7875174E-9   
  9940.0       1.8889397E-9   
  9945.0       1.812809E-9    
  9950.0       1.7252936E-9   
  9955.0       1.7879166E-9   
  9960.0       1.7888084E-9   
  9965.0       1.720856E-9    
  9970.0       1.7263775E-9   
  9975.0       1.7609463E-9   
  9980.0       1.6729945E-9   
  9985.0       1.7387659E-9   
  9990.0       1.7340268E-9   
  9995.0       1.7901082E-9   
  10000.0      1.7531698E-9   
  10005.0      1.7446584E-9   
  10010.0      1.7441657E-9   
  10015.0      1.7436743E-9   
  10020.0      1.7431493E-9   
  10025.0      1.7425643E-9   
  10030.0      1.7418919E-9   
  10035.0      1.7411026E-9   
  10040.0      1.7401732E-9   
  10045.0      1.7390723E-9   
  10050.0      1.7377725E-9   
  10055.0      1.73626E-9     
  10060.0      1.7345688E-9   
  10065.0      1.7327333E-9   
  10070.0      1.730797E-9    
  10075.0      1.7288002E-9   
  10080.0      1.726789E-9    
  10085.0      1.7248025E-9   
  10090.0      1.7228836E-9   
  10095.0      1.7210717E-9   
  10100.0      1.7194128E-9   
  10105.0      1.7179322E-9   
  10110.0      1.7166117E-9   
  10115.0      1.7154248E-9   
  10120.0      1.7143441E-9   
  10125.0      1.7133358E-9   
  10130.0      1.7123668E-9   
  10135.0      1.7114156E-9   
  10140.0      1.7104449E-9   
  10145.0      1.7094287E-9   
  10150.0      1.7083325E-9   
  10155.0      1.7071412E-9   
  10160.0      1.7058558E-9   
  10165.0      1.704487E-9    
  10170.0      1.7030468E-9   
  10175.0      1.7015472E-9   
  10180.0      1.7000059E-9   
  10185.0      1.6984291E-9   
  10190.0      1.6968297E-9   
  10195.0      1.695225E-9    
  10200.0      1.6936216E-9   
  10205.0      1.6920328E-9   
  10210.0      1.6904625E-9   
  10215.0      1.6889135E-9   
  10220.0      1.6873892E-9   
  10225.0      1.6858922E-9   
  10230.0      1.6844273E-9   
  10235.0      1.6829887E-9   
  10240.0      1.6815873E-9   
  10245.0      1.6802224E-9   
  10250.0      1.6788961E-9   
  10255.0      1.6776133E-9   
  10260.0      1.6763707E-9   
  10265.0      1.6751692E-9   
  10270.0      1.6740067E-9   
  10275.0      1.6728802E-9   
  10280.0      1.6718015E-9   
  10285.0      1.6707571E-9   
  10290.0      1.6697508E-9   
  10295.0      1.6687829E-9   
  10300.0      1.6678482E-9   
  10305.0      1.6669508E-9   
  10310.0      1.6660613E-9   
  10315.0      1.665168E-9    
  10320.0      1.6642353E-9   
  10325.0      1.6632588E-9   
  10330.0      1.6622027E-9   
  10335.0      1.6610476E-9   
  10340.0      1.6597768E-9   
  10345.0      1.6583592E-9   
  10350.0      1.656777E-9    
  10355.0      1.6550248E-9   
  10360.0      1.653139E-9    
  10365.0      1.6511522E-9   
  10370.0      1.6491187E-9   
  10375.0      1.647075E-9    
  10380.0      1.6450786E-9   
  10385.0      1.643169E-9    
  10390.0      1.6413949E-9   
  10395.0      1.6397951E-9   
  10400.0      1.6384213E-9   
  10405.0      1.637298E-9    
  10410.0      1.6363877E-9   
  10415.0      1.6356526E-9   
  10420.0      1.6350388E-9   
  10425.0      1.6344884E-9   
  10430.0      1.6339609E-9   
  10435.0      1.6333955E-9   
  10440.0      1.6327465E-9   
  10445.0      1.6319658E-9   
  10450.0      1.6309996E-9   
  10455.0      1.6298195E-9   
  10460.0      1.6284252E-9   
  10465.0      1.6268477E-9   
  10470.0      1.6251099E-9   
  10475.0      1.6232319E-9   
  10480.0      1.6212385E-9   
  10485.0      1.6191563E-9   
  10490.0      1.6170102E-9   
  10495.0      1.614822E-9    
  10500.0      1.6126219E-9   
  10505.0      1.6104216E-9   
  10510.0      1.608227E-9    
  10515.0      1.6060396E-9   
  10520.0      1.6038636E-9   
  10525.0      1.6016911E-9   
  10530.0      1.5995317E-9   
  10535.0      1.5973811E-9   
  10540.0      1.5952363E-9   
  10545.0      1.5931005E-9   
  10550.0      1.5909718E-9   
  10555.0      1.5888508E-9   
  10560.0      1.5867366E-9   
  10565.0      1.5846321E-9   
  10570.0      1.5825355E-9   
  10575.0      1.5804456E-9   
  10580.0      1.5783662E-9   
  10585.0      1.5762919E-9   
  10590.0      1.5742312E-9   
  10595.0      1.5721712E-9   
  10600.0      1.5701247E-9   
  10605.0      1.5680834E-9   
  10610.0      1.5660497E-9   
  10615.0      1.5640248E-9   
  10620.0      1.1716661E-9   
