# WAVELENGTH   FLUX           
  1150.0       8.234962E-11   
  1155.0       1.01292356E-10 
  1160.0       7.8163906E-11  
  1165.0       3.4455175E-11  
  1170.0       2.9703275E-11  
  1175.0       3.7172168E-11  
  1180.0       1.20094846E-11 
  1185.0       1.7715869E-12  
  1190.0       4.835004E-12   
  1195.0       8.399963E-12   
  1200.0       9.994022E-12   
  1205.0       1.700085E-11   
  1210.0       3.3094152E-11  
  1215.0       4.947179E-11   
  1220.0       3.5193164E-11  
  1225.0       1.208837E-11   
  1230.0       4.6723953E-12  
  1235.0       8.554474E-12   
  1240.0       1.1108531E-11  
  1245.0       8.801189E-12   
  1250.0       8.433262E-12   
  1255.0       7.1473283E-12  
  1260.0       6.456648E-12   
  1265.0       5.879491E-12   
  1270.0       3.9714915E-12  
  1275.0       4.9080805E-12  
  1280.0       8.442775E-12   
  1285.0       5.3151693E-12  
  1290.0       7.4437635E-12  
  1295.0       1.0125964E-11  
  1300.0       9.083498E-12   
  1305.0       8.542615E-12   
  1310.0       4.5240114E-12  
  1315.0       5.728813E-12   
  1320.0       7.825215E-12   
  1325.0       4.9589634E-12  
  1330.0       2.911746E-12   
  1335.0       6.9691735E-12  
  1340.0       1.0694618E-11  
  1345.0       7.500989E-12   
  1350.0       7.890488E-12   
  1355.0       5.9818513E-12  
  1360.0       4.7740223E-12  
  1365.0       9.896472E-12   
  1370.0       1.1948266E-11  
  1375.0       1.1808376E-11  
  1380.0       5.926877E-12   
  1385.0       8.049554E-12   
  1390.0       1.1043333E-11  
  1395.0       1.02333255E-11 
  1400.0       1.2509189E-11  
  1405.0       8.927756E-12   
  1410.0       6.519821E-12   
  1415.0       1.08933956E-11 
  1420.0       1.3255277E-11  
  1425.0       1.04622E-11    
  1430.0       9.242779E-12   
  1435.0       8.741588E-12   
  1440.0       1.2358398E-11  
  1445.0       1.5422332E-11  
  1450.0       9.720069E-12   
  1455.0       8.200973E-12   
  1460.0       1.3143898E-11  
  1465.0       1.8884741E-11  
  1470.0       6.0065633E-12  
  1475.0       5.482402E-12   
  1480.0       2.2976286E-11  
  1485.0       1.15379165E-11 
  1490.0       1.7554335E-11  
  1495.0       2.6514242E-11  
  1500.0       1.4935345E-11  
  1505.0       8.486867E-12   
  1510.0       1.277602E-11   
  1515.0       1.9682402E-11  
  1520.0       1.384969E-11   
  1525.0       7.887876E-12   
  1530.0       2.176893E-11   
  1535.0       2.1103803E-11  
  1540.0       9.679786E-12   
  1545.0       1.7834274E-11  
  1550.0       2.5402968E-11  
  1555.0       1.827595E-11   
  1560.0       1.8575468E-11  
  1565.0       2.3030527E-11  
  1570.0       1.737167E-11   
  1575.0       1.7300083E-11  
  1580.0       3.3161952E-11  
  1585.0       2.2804756E-11  
  1590.0       7.464071E-12   
  1595.0       2.0414812E-11  
  1600.0       2.3968882E-11  
  1605.0       5.5670408E-12  
  1610.0       1.0115299E-11  
  1615.0       3.001021E-11   
  1620.0       3.0925092E-11  
  1625.0       1.7075154E-11  
  1630.0       1.4752675E-11  
  1635.0       2.5272447E-11  
  1640.0       2.494632E-11   
  1645.0       1.8086838E-11  
  1650.0       2.4060118E-11  
  1655.0       3.546547E-11   
  1660.0       2.8926259E-11  
  1665.0       2.0403389E-11  
  1670.0       2.2089332E-11  
  1675.0       2.6236778E-11  
  1680.0       2.7387367E-11  
  1685.0       2.8518504E-11  
  1690.0       3.5319827E-11  
  1695.0       4.395091E-11   
  1700.0       5.083156E-11   
  1705.0       6.8201236E-11  
  1710.0       8.985945E-11   
  1715.0       1.0160094E-10  
  1720.0       1.040339E-10   
  1725.0       1.1642273E-10  
  1730.0       1.280531E-10   
  1735.0       1.2658447E-10  
  1740.0       1.3729419E-10  
  1745.0       1.6544804E-10  
  1750.0       1.8911026E-10  
  1755.0       1.9792293E-10  
  1760.0       1.9310709E-10  
  1765.0       2.0236958E-10  
  1770.0       2.3888658E-10  
  1775.0       2.878585E-10   
  1780.0       3.089521E-10   
  1785.0       2.9389907E-10  
  1790.0       3.0541336E-10  
  1795.0       3.3737899E-10  
  1800.0       3.2763947E-10  
  1805.0       3.0262073E-10  
  1810.0       3.1585126E-10  
  1815.0       3.2966357E-10  
  1820.0       3.4481912E-10  
  1825.0       3.5120054E-10  
  1830.0       3.3703548E-10  
  1835.0       3.1173117E-10  
  1840.0       2.7088096E-10  
  1845.0       2.3642782E-10  
  1850.0       2.2905075E-10  
  1855.0       2.619513E-10   
  1860.0       3.0162983E-10  
  1865.0       3.4301023E-10  
  1870.0       3.6833267E-10  
  1875.0       3.727082E-10   
  1880.0       3.9346731E-10  
  1885.0       4.092244E-10   
  1890.0       4.0289347E-10  
  1895.0       3.8368791E-10  
  1900.0       3.724558E-10   
  1905.0       3.9035145E-10  
  1910.0       4.104106E-10   
  1915.0       4.3333176E-10  
  1920.0       4.2887988E-10  
  1925.0       3.6814202E-10  
  1930.0       2.984534E-10   
  1935.0       3.2684788E-10  
  1940.0       4.466171E-10   
  1945.0       5.288385E-10   
  1950.0       5.4702587E-10  
  1955.0       5.2430166E-10  
  1960.0       4.697441E-10   
  1965.0       4.368789E-10   
  1970.0       4.5951015E-10  
  1975.0       5.273066E-10   
  1980.0       4.932865E-10   
  1985.0       4.8752624E-10  
  1990.0       4.4800555E-10  
  1995.0       3.9598122E-10  
  2000.0       4.6721976E-10  
  2005.0       4.5968168E-10  
  2010.0       4.3848247E-10  
  2015.0       4.816769E-10   
  2020.0       5.012395E-10   
  2025.0       5.294948E-10   
  2030.0       5.7601435E-10  
  2035.0       6.0846167E-10  
  2040.0       5.7383903E-10  
  2045.0       6.060712E-10   
  2050.0       6.380417E-10   
  2055.0       6.655901E-10   
  2060.0       6.738099E-10   
  2065.0       6.56276E-10    
  2070.0       6.858156E-10   
  2075.0       7.121786E-10   
  2080.0       8.509346E-10   
  2085.0       8.996184E-10   
  2090.0       8.5814883E-10  
  2095.0       7.742859E-10   
  2100.0       7.339475E-10   
  2105.0       7.360486E-10   
  2110.0       8.0778023E-10  
  2115.0       8.4359214E-10  
  2120.0       8.6718216E-10  
  2125.0       8.7256863E-10  
  2130.0       8.1204343E-10  
  2135.0       7.013294E-10   
  2140.0       6.9417244E-10  
  2145.0       7.8758516E-10  
  2150.0       8.1586543E-10  
  2155.0       8.470748E-10   
  2160.0       7.8421414E-10  
  2165.0       7.413209E-10   
  2170.0       7.3191364E-10  
  2175.0       6.7105227E-10  
  2180.0       6.857104E-10   
  2185.0       7.803391E-10   
  2190.0       8.544669E-10   
  2195.0       8.9165875E-10  
  2200.0       9.0546315E-10  
  2205.0       9.238618E-10   
  2210.0       9.063553E-10   
  2215.0       8.3749685E-10  
  2220.0       7.477253E-10   
  2225.0       7.1232786E-10  
  2230.0       7.1068484E-10  
  2235.0       8.0431833E-10  
  2240.0       8.5009383E-10  
  2245.0       7.901239E-10   
  2250.0       8.353419E-10   
  2255.0       8.649896E-10   
  2260.0       8.035575E-10   
  2265.0       7.2040074E-10  
  2270.0       6.4944505E-10  
  2275.0       6.178762E-10   
  2280.0       6.6917477E-10  
  2285.0       7.86902E-10    
  2290.0       8.1223234E-10  
  2295.0       7.914411E-10   
  2300.0       7.666835E-10   
  2305.0       7.6643203E-10  
  2310.0       7.6273515E-10  
  2315.0       7.6048157E-10  
  2320.0       7.3907985E-10  
  2325.0       7.6703877E-10  
  2330.0       7.647997E-10   
  2335.0       6.7113554E-10  
  2340.0       5.7481125E-10  
  2345.0       5.280615E-10   
  2350.0       5.0848425E-10  
  2355.0       5.34469E-10    
  2360.0       5.6824073E-10  
  2365.0       5.597744E-10   
  2370.0       5.8631583E-10  
  2375.0       5.996099E-10   
  2380.0       5.5985655E-10  
  2385.0       4.8648674E-10  
  2390.0       4.5952706E-10  
  2395.0       4.7058285E-10  
  2400.0       4.730291E-10   
  2405.0       4.2045165E-10  
  2410.0       3.8512288E-10  
  2415.0       4.2999418E-10  
  2420.0       5.739694E-10   
  2425.0       7.168868E-10   
  2430.0       7.5638007E-10  
  2435.0       7.3150885E-10  
  2440.0       7.664361E-10   
  2445.0       8.043237E-10   
  2450.0       7.5123113E-10  
  2455.0       7.4405604E-10  
  2460.0       7.4911993E-10  
  2465.0       6.8943096E-10  
  2470.0       6.4502875E-10  
  2475.0       6.71235E-10    
  2480.0       6.976744E-10   
  2485.0       6.465431E-10   
  2490.0       5.8697636E-10  
  2495.0       6.277144E-10   
  2500.0       7.405404E-10   
  2505.0       7.6800194E-10  
  2510.0       7.4027606E-10  
  2515.0       6.588116E-10   
  2520.0       5.649445E-10   
  2525.0       5.286016E-10   
  2530.0       5.2457644E-10  
  2535.0       5.24255E-10    
  2540.0       5.325394E-10   
  2545.0       5.3165267E-10  
  2550.0       5.950633E-10   
  2555.0       6.5867856E-10  
  2560.0       7.1697415E-10  
  2565.0       7.995969E-10   
  2570.0       8.9774593E-10  
  2575.0       8.424843E-10   
  2580.0       6.7121525E-10  
  2585.0       7.162065E-10   
  2590.0       8.397162E-10   
  2595.0       8.4749574E-10  
  2600.0       7.7251755E-10  
  2605.0       7.439445E-10   
  2610.0       7.194976E-10   
  2615.0       7.206381E-10   
  2620.0       8.008631E-10   
  2625.0       8.1969137E-10  
  2630.0       8.878883E-10   
  2635.0       1.1536441E-9   
  2640.0       1.3780377E-9   
  2645.0       1.5447472E-9   
  2650.0       1.6023867E-9   
  2655.0       1.5783845E-9   
  2660.0       1.4828406E-9   
  2665.0       1.3332669E-9   
  2670.0       1.2615282E-9   
  2675.0       1.3231227E-9   
  2680.0       1.4024655E-9   
  2685.0       1.3890018E-9   
  2690.0       1.3316238E-9   
  2695.0       1.3355703E-9   
  2700.0       1.3637687E-9   
  2705.0       1.3098415E-9   
  2710.0       1.2464122E-9   
  2715.0       1.220259E-9    
  2720.0       1.2073407E-9   
  2725.0       1.2375271E-9   
  2730.0       1.2533287E-9   
  2735.0       1.2165655E-9   
  2740.0       1.0619401E-9   
  2745.0       8.955472E-10   
  2750.0       8.3396157E-10  
  2755.0       9.162305E-10   
  2760.0       1.0777191E-9   
  2765.0       1.2127396E-9   
  2770.0       1.3155802E-9   
  2775.0       1.3177898E-9   
  2780.0       1.2150769E-9   
  2785.0       1.0314356E-9   
  2790.0       8.6384555E-10  
  2795.0       6.749465E-10   
  2800.0       5.56005E-10    
  2805.0       6.292574E-10   
  2810.0       9.129621E-10   
  2815.0       1.3024533E-9   
  2820.0       1.5719596E-9   
  2825.0       1.6627034E-9   
  2830.0       1.7146167E-9   
  2835.0       1.6141866E-9   
  2840.0       1.5541606E-9   
  2845.0       1.550301E-9    
  2850.0       1.3691307E-9   
  2855.0       1.2832944E-9   
  2860.0       1.4088017E-9   
  2865.0       1.5081438E-9   
  2870.0       1.5538691E-9   
  2875.0       1.6484022E-9   
  2880.0       1.6700615E-9   
  2885.0       1.6263824E-9   
  2890.0       1.6105116E-9   
  2895.0       1.6389844E-9   
  2900.0       1.7781713E-9   
  2905.0       1.9867765E-9   
  2910.0       2.077755E-9    
  2915.0       2.04479E-9     
  2920.0       1.9584172E-9   
  2925.0       1.8428196E-9   
  2930.0       1.8328787E-9   
  2935.0       1.8629576E-9   
  2940.0       1.8851054E-9   
  2945.0       1.869125E-9    
  2950.0       1.8382487E-9   
  2955.0       1.9558501E-9   
  2960.0       2.0941038E-9   
  2965.0       2.0976243E-9   
  2970.0       2.0080884E-9   
  2975.0       1.9459105E-9   
  2980.0       1.9520012E-9   
  2985.0       1.8869526E-9   
  2990.0       1.9362E-9      
  2995.0       2.0614328E-9   
  3000.0       2.0388362E-9   
  3005.0       1.9962438E-9   
  3010.0       2.02918E-9     
  3015.0       2.010752E-9    
  3020.0       1.9767117E-9   
  3025.0       1.9717916E-9   
  3030.0       2.0448756E-9   
  3035.0       2.088165E-9    
  3040.0       2.0564366E-9   
  3045.0       2.042626E-9    
  3050.0       2.0627025E-9   
  3055.0       2.0384316E-9   
  3060.0       1.981101E-9    
  3065.0       2.0126865E-9   
  3070.0       2.0579918E-9   
  3075.0       2.1102236E-9   
  3080.0       2.128427E-9    
  3085.0       2.1401723E-9   
  3090.0       2.1155921E-9   
  3095.0       2.0171351E-9   
  3100.0       2.0008475E-9   
  3105.0       2.0931488E-9   
  3110.0       2.2039934E-9   
  3115.0       2.2060727E-9   
  3120.0       2.1130389E-9   
  3125.0       2.0955444E-9   
  3130.0       2.12735E-9     
  3135.0       2.1551374E-9   
  3140.0       2.2362472E-9   
  3145.0       2.287007E-9    
  3150.0       2.2512174E-9   
  3155.0       2.238704E-9    
  3160.0       2.4141689E-9   
  3165.0       2.4419866E-9   
  3170.0       2.5051443E-9   
  3175.0       2.477443E-9    
  3180.0       2.386439E-9    
  3185.0       2.3702629E-9   
  3190.0       2.4286047E-9   
  3195.0       2.4517515E-9   
  3200.0       2.6048574E-9   
  3205.0       2.6553073E-9   
  3210.0       2.6366025E-9   
  3215.0       2.546288E-9    
  3220.0       2.4454452E-9   
  3225.0       2.3973201E-9   
  3230.0       2.3869666E-9   
  3235.0       2.3821032E-9   
  3240.0       2.3849502E-9   
  3245.0       2.4107156E-9   
  3250.0       2.4706335E-9   
  3255.0       2.5606555E-9   
  3260.0       2.642032E-9    
  3265.0       2.6724907E-9   
  3270.0       2.6369062E-9   
  3275.0       2.5519569E-9   
  3280.0       2.4882971E-9   
  3285.0       2.504274E-9    
  3290.0       2.5725138E-9   
  3295.0       2.635483E-9    
  3300.0       2.6451332E-9   
  3305.0       2.5874378E-9   
  3310.0       2.5241023E-9   
  3315.0       2.5145013E-9   
  3320.0       2.5376308E-9   
  3325.0       2.5516862E-9   
  3330.0       2.542874E-9    
  3335.0       2.5175486E-9   
  3340.0       2.5032745E-9   
  3345.0       2.516761E-9    
  3350.0       2.5272417E-9   
  3355.0       2.5026152E-9   
  3360.0       2.4553117E-9   
  3365.0       2.4130986E-9   
  3370.0       2.39777E-9     
  3375.0       2.4179765E-9   
  3380.0       2.4552684E-9   
  3385.0       2.48672E-9     
  3390.0       2.5041156E-9   
  3395.0       2.5060014E-9   
  3400.0       2.4938476E-9   
  3405.0       2.4747249E-9   
  3410.0       2.4676647E-9   
  3415.0       2.4874338E-9   
  3420.0       2.5252735E-9   
  3425.0       2.5623137E-9   
  3430.0       2.5771456E-9   
  3435.0       2.5551645E-9   
  3440.0       2.5024305E-9   
  3445.0       2.4401725E-9   
  3450.0       2.407313E-9    
  3455.0       2.4249849E-9   
  3460.0       2.4518305E-9   
  3465.0       2.4453344E-9   
  3470.0       2.4216729E-9   
  3475.0       2.4082325E-9   
  3480.0       2.4020226E-9   
  3485.0       2.3933788E-9   
  3490.0       2.387357E-9    
  3495.0       2.3958138E-9   
  3500.0       2.4310185E-9   
  3505.0       2.481337E-9    
  3510.0       2.4763511E-9   
  3515.0       2.464691E-9    
  3520.0       2.4634743E-9   
  3525.0       2.5063078E-9   
  3530.0       2.6003613E-9   
  3535.0       2.6826668E-9   
  3540.0       2.7348264E-9   
  3545.0       2.7567704E-9   
  3550.0       2.7262448E-9   
  3555.0       2.6659464E-9   
  3560.0       2.6077096E-9   
  3565.0       2.4936326E-9   
  3570.0       2.408039E-9    
  3575.0       2.3760378E-9   
  3580.0       2.33464E-9     
  3585.0       2.3062992E-9   
  3590.0       2.3823201E-9   
  3595.0       2.4773414E-9   
  3600.0       2.4807152E-9   
  3605.0       2.4304612E-9   
  3610.0       2.407775E-9    
  3615.0       2.4247087E-9   
  3620.0       2.4882203E-9   
  3625.0       2.5533962E-9   
  3630.0       2.4842246E-9   
  3635.0       2.454165E-9    
  3640.0       2.4947338E-9   
  3645.0       2.5194367E-9   
  3650.0       2.611702E-9    
  3655.0       2.7632083E-9   
  3660.0       2.8452902E-9   
  3665.0       2.8596194E-9   
  3670.0       2.8417189E-9   
  3675.0       2.7690075E-9   
  3680.0       2.6813454E-9   
  3685.0       2.7007796E-9   
  3690.0       2.8222122E-9   
  3695.0       2.9296192E-9   
  3700.0       2.9436065E-9   
  3705.0       2.8596276E-9   
  3710.0       2.925217E-9    
  3715.0       3.063292E-9    
  3720.0       3.0149891E-9   
  3725.0       2.9942668E-9   
  3730.0       2.9266578E-9   
  3735.0       2.8733513E-9   
  3740.0       3.0775358E-9   
  3745.0       3.0492011E-9   
  3750.0       3.0140104E-9   
  3755.0       3.2925427E-9   
  3760.0       3.4002603E-9   
  3765.0       3.3721317E-9   
  3770.0       3.3227103E-9   
  3775.0       3.6789405E-9   
  3780.0       4.1169077E-9   
  3785.0       4.1213895E-9   
  3790.0       3.8295638E-9   
  3795.0       3.5281449E-9   
  3800.0       3.725863E-9    
  3805.0       4.3009063E-9   
  3810.0       4.6005466E-9   
  3815.0       4.55515E-9     
  3820.0       4.376392E-9    
  3825.0       3.9305754E-9   
  3830.0       3.3514025E-9   
  3835.0       3.0624052E-9   
  3840.0       3.481105E-9    
  3845.0       4.1654102E-9   
  3850.0       4.6095465E-9   
  3855.0       4.742997E-9    
  3860.0       4.817266E-9    
  3865.0       4.9049627E-9   
  3870.0       4.78542E-9     
  3875.0       4.5026725E-9   
  3880.0       4.1131045E-9   
  3885.0       3.5528214E-9   
  3890.0       3.381454E-9    
  3895.0       3.775573E-9    
  3900.0       4.1677337E-9   
  3905.0       4.4341766E-9   
  3910.0       4.6039923E-9   
  3915.0       4.5346806E-9   
  3920.0       4.2662753E-9   
  3925.0       3.6483334E-9   
  3930.0       2.7479237E-9   
  3935.0       2.5970932E-9   
  3940.0       3.3632233E-9   
  3945.0       4.0024446E-9   
  3950.0       4.232802E-9    
  3955.0       4.084958E-9    
  3960.0       3.5376253E-9   
  3965.0       2.7666511E-9   
  3970.0       2.6188853E-9   
  3975.0       3.3845349E-9   
  3980.0       4.1566106E-9   
  3985.0       4.5864645E-9   
  3990.0       4.802291E-9    
  3995.0       4.8709827E-9   
  4000.0       4.895179E-9    
  4005.0       4.9660165E-9   
  4010.0       5.092242E-9    
  4015.0       5.2014215E-9   
  4020.0       5.2575437E-9   
  4025.0       5.2034923E-9   
  4030.0       5.1341824E-9   
  4035.0       5.1966094E-9   
  4040.0       5.2485043E-9   
  4045.0       5.187974E-9    
  4050.0       5.1683218E-9   
  4055.0       5.0831677E-9   
  4060.0       5.0333577E-9   
  4065.0       5.0117075E-9   
  4070.0       4.9759348E-9   
  4075.0       4.8594937E-9   
  4080.0       4.8318625E-9   
  4085.0       4.865769E-9    
  4090.0       4.697815E-9    
  4095.0       4.2152233E-9   
  4100.0       3.7382546E-9   
  4105.0       3.9189665E-9   
  4110.0       4.4452397E-9   
  4115.0       4.784314E-9    
  4120.0       4.890595E-9    
  4125.0       4.915574E-9    
  4130.0       4.9650315E-9   
  4135.0       5.12276E-9     
  4140.0       5.220788E-9    
  4145.0       5.2075753E-9   
  4150.0       5.142947E-9    
  4155.0       5.087651E-9    
  4160.0       5.1761186E-9   
  4165.0       5.198814E-9    
  4170.0       5.0037476E-9   
  4175.0       4.8281166E-9   
  4180.0       4.8632987E-9   
  4185.0       4.9580597E-9   
  4190.0       5.031285E-9    
  4195.0       4.9910747E-9   
  4200.0       4.9344075E-9   
  4205.0       5.0219016E-9   
  4210.0       5.137266E-9    
  4215.0       5.121935E-9    
  4220.0       5.0169864E-9   
  4225.0       4.8731374E-9   
  4230.0       4.9134927E-9   
  4235.0       4.9681703E-9   
  4240.0       5.010244E-9    
  4245.0       5.011625E-9    
  4250.0       4.998051E-9    
  4255.0       4.998287E-9    
  4260.0       4.966948E-9    
  4265.0       4.952461E-9    
  4270.0       4.873992E-9    
  4275.0       4.887891E-9    
  4280.0       4.884908E-9    
  4285.0       4.7454787E-9   
  4290.0       4.60867E-9     
  4295.0       4.510797E-9    
  4300.0       4.3675414E-9   
  4305.0       4.390467E-9    
  4310.0       4.5152966E-9   
  4315.0       4.6243804E-9   
  4320.0       4.6343245E-9   
  4325.0       4.5162754E-9   
  4330.0       4.3328887E-9   
  4335.0       3.892253E-9    
  4340.0       3.5054772E-9   
  4345.0       3.8010777E-9   
  4350.0       4.2865715E-9   
  4355.0       4.653686E-9    
  4360.0       4.934753E-9    
  4365.0       5.0544027E-9   
  4370.0       5.0234013E-9   
  4375.0       5.0078697E-9   
  4380.0       4.9494018E-9   
  4385.0       4.8272746E-9   
  4390.0       4.8634567E-9   
  4395.0       4.8632263E-9   
  4400.0       4.854735E-9    
  4405.0       4.898337E-9    
  4410.0       4.958699E-9    
  4415.0       4.9781685E-9   
  4420.0       5.0300093E-9   
  4425.0       5.0265987E-9   
  4430.0       4.955031E-9    
  4435.0       4.9113247E-9   
  4440.0       4.909693E-9    
  4445.0       4.8696114E-9   
  4450.0       4.8543654E-9   
  4455.0       4.773299E-9    
  4460.0       4.7510365E-9   
  4465.0       4.7887436E-9   
  4470.0       4.8523847E-9   
  4475.0       4.9232454E-9   
  4480.0       4.8641704E-9   
  4485.0       4.8485087E-9   
  4490.0       4.8528555E-9   
  4495.0       4.9038626E-9   
  4500.0       4.9827613E-9   
  4505.0       5.045779E-9    
  4510.0       5.027446E-9    
  4515.0       4.927227E-9    
  4520.0       4.7944306E-9   
  4525.0       4.6628474E-9   
  4530.0       4.6001447E-9   
  4535.0       4.6954356E-9   
  4540.0       4.78657E-9     
  4545.0       4.7046225E-9   
  4550.0       4.5964836E-9   
  4555.0       4.654001E-9    
  4560.0       4.78767E-9     
  4565.0       4.865985E-9    
  4570.0       4.915822E-9    
  4575.0       4.8874447E-9   
  4580.0       4.7439257E-9   
  4585.0       4.675592E-9    
  4590.0       4.686852E-9    
  4595.0       4.721646E-9    
  4600.0       4.7489075E-9   
  4605.0       4.803804E-9    
  4610.0       4.83288E-9     
  4615.0       4.8028292E-9   
  4620.0       4.7978097E-9   
  4625.0       4.77222E-9     
  4630.0       4.730368E-9    
  4635.0       4.723597E-9    
  4640.0       4.735429E-9    
  4645.0       4.6951802E-9   
  4650.0       4.699387E-9    
  4655.0       4.7125996E-9   
  4660.0       4.7026187E-9   
  4665.0       4.6012008E-9   
  4670.0       4.6059236E-9   
  4675.0       4.7046744E-9   
  4680.0       4.7279323E-9   
  4685.0       4.7458855E-9   
  4690.0       4.7238706E-9   
  4695.0       4.6663198E-9   
  4700.0       4.5715205E-9   
  4705.0       4.5241118E-9   
  4710.0       4.588615E-9    
  4715.0       4.6755875E-9   
  4720.0       4.7077138E-9   
  4725.0       4.6462447E-9   
  4730.0       4.558122E-9    
  4735.0       4.5534208E-9   
  4740.0       4.6036095E-9   
  4745.0       4.643925E-9    
  4750.0       4.6204875E-9   
  4755.0       4.544771E-9    
  4760.0       4.472353E-9    
  4765.0       4.4526853E-9   
  4770.0       4.5318815E-9   
  4775.0       4.6017656E-9   
  4780.0       4.583763E-9    
  4785.0       4.518936E-9    
  4790.0       4.5152326E-9   
  4795.0       4.5303525E-9   
  4800.0       4.4986086E-9   
  4805.0       4.46949E-9     
  4810.0       4.4973048E-9   
  4815.0       4.5164583E-9   
  4820.0       4.4475628E-9   
  4825.0       4.379538E-9    
  4830.0       4.3726174E-9   
  4835.0       4.3393538E-9   
  4840.0       4.2693706E-9   
  4845.0       4.149393E-9    
  4850.0       3.8757006E-9   
  4855.0       3.39341E-9     
  4860.0       3.0219587E-9   
  4865.0       3.2485143E-9   
  4870.0       3.6496506E-9   
  4875.0       3.885656E-9    
  4880.0       4.0238533E-9   
  4885.0       4.059017E-9    
  4890.0       4.1338275E-9   
  4895.0       4.264144E-9    
  4900.0       4.310372E-9    
  4905.0       4.3064543E-9   
  4910.0       4.27106E-9     
  4915.0       4.226007E-9    
  4920.0       4.142155E-9    
  4925.0       4.198013E-9    
  4930.0       4.2708495E-9   
  4935.0       4.2323767E-9   
  4940.0       4.2787787E-9   
  4945.0       4.3805337E-9   
  4950.0       4.390419E-9    
  4955.0       4.3258903E-9   
  4960.0       4.3223E-9      
  4965.0       4.3366897E-9   
  4970.0       4.308607E-9    
  4975.0       4.265348E-9    
  4980.0       4.1362096E-9   
  4985.0       4.1140145E-9   
  4990.0       4.2021746E-9   
  4995.0       4.217815E-9    
  5000.0       4.157087E-9    
  5005.0       4.0694026E-9   
  5010.0       4.012257E-9    
  5015.0       3.955243E-9    
  5020.0       3.9925507E-9   
  5025.0       4.082516E-9    
  5030.0       4.126649E-9    
  5035.0       4.09122E-9     
  5040.0       4.038786E-9    
  5045.0       4.0946264E-9   
  5050.0       4.134968E-9    
  5055.0       4.188895E-9    
  5060.0       4.2212696E-9   
  5065.0       4.175338E-9    
  5070.0       4.1177146E-9   
  5075.0       4.0544816E-9   
  5080.0       4.044048E-9    
  5085.0       4.1172443E-9   
  5090.0       4.1632693E-9   
  5095.0       4.118376E-9    
  5100.0       4.083346E-9    
  5105.0       4.109653E-9    
  5110.0       4.1363997E-9   
  5115.0       4.1577395E-9   
  5120.0       4.108295E-9    
  5125.0       4.0215813E-9   
  5130.0       4.0013526E-9   
  5135.0       3.9827146E-9   
  5140.0       3.9661527E-9   
  5145.0       3.9884975E-9   
  5150.0       4.0048858E-9   
  5155.0       3.99572E-9     
  5160.0       3.931862E-9    
  5165.0       3.755771E-9    
  5170.0       3.699995E-9    
  5175.0       3.8502184E-9   
  5180.0       3.876697E-9    
  5185.0       3.792964E-9    
  5190.0       3.7818193E-9   
  5195.0       3.802905E-9    
  5200.0       3.8373535E-9   
  5205.0       3.8303085E-9   
  5210.0       3.8711816E-9   
  5215.0       3.911304E-9    
  5220.0       3.8924846E-9   
  5225.0       3.794885E-9    
  5230.0       3.7787395E-9   
  5235.0       3.8400167E-9   
  5240.0       3.9027674E-9   
  5245.0       3.9157295E-9   
  5250.0       3.8977106E-9   
  5255.0       3.8689474E-9   
  5260.0       3.7519494E-9   
  5265.0       3.5987153E-9   
  5270.0       3.5986083E-9   
  5275.0       3.6808434E-9   
  5280.0       3.7705967E-9   
  5285.0       3.853073E-9    
  5290.0       3.902988E-9    
  5295.0       3.8682435E-9   
  5300.0       3.8414245E-9   
  5305.0       3.863318E-9    
  5310.0       3.866279E-9    
  5315.0       3.8158814E-9   
  5320.0       3.7627608E-9   
  5325.0       3.6902164E-9   
  5330.0       3.6905212E-9   
  5335.0       3.722417E-9    
  5340.0       3.730252E-9    
  5345.0       3.7617762E-9   
  5350.0       3.8091685E-9   
  5355.0       3.8535846E-9   
  5360.0       3.813312E-9    
  5365.0       3.7291046E-9   
  5370.0       3.7091206E-9   
  5375.0       3.7594803E-9   
  5380.0       3.7739882E-9   
  5385.0       3.7737027E-9   
  5390.0       3.7334056E-9   
  5395.0       3.6782535E-9   
  5400.0       3.641541E-9    
  5405.0       3.6278678E-9   
  5410.0       3.6549126E-9   
  5415.0       3.6959873E-9   
  5420.0       3.7059296E-9   
  5425.0       3.692412E-9    
  5430.0       3.6817267E-9   
  5435.0       3.7037005E-9   
  5440.0       3.74386E-9     
  5445.0       3.7271803E-9   
  5450.0       3.7218966E-9   
  5455.0       3.703703E-9    
  5460.0       3.6889805E-9   
  5465.0       3.677791E-9    
  5470.0       3.6637822E-9   
  5475.0       3.6034327E-9   
  5480.0       3.6066872E-9   
  5485.0       3.6587073E-9   
  5490.0       3.667648E-9    
  5495.0       3.6602466E-9   
  5500.0       3.6483698E-9   
  5505.0       3.6227674E-9   
  5510.0       3.6186392E-9   
  5515.0       3.6576193E-9   
  5520.0       3.6506342E-9   
  5525.0       3.58141E-9     
  5530.0       3.5639118E-9   
  5535.0       3.599218E-9    
  5540.0       3.629357E-9    
  5545.0       3.6387786E-9   
  5550.0       3.6480967E-9   
  5555.0       3.628237E-9    
  5560.0       3.5981242E-9   
  5565.0       3.5711638E-9   
  5570.0       3.5523608E-9   
  5575.0       3.5646137E-9   
  5580.0       3.5681238E-9   
  5585.0       3.5058896E-9   
  5590.0       3.4583276E-9   
  5595.0       3.4520344E-9   
  5600.0       3.457973E-9    
  5605.0       3.5146597E-9   
  5610.0       3.5468646E-9   
  5615.0       3.4986591E-9   
  5620.0       3.4929397E-9   
  5625.0       3.5020242E-9   
  5630.0       3.5067569E-9   
  5635.0       3.4991017E-9   
  5640.0       3.479014E-9    
  5645.0       3.4899885E-9   
  5650.0       3.482878E-9    
  5655.0       3.4170007E-9   
  5660.0       3.378767E-9    
  5665.0       3.3993008E-9   
  5670.0       3.4443604E-9   
  5675.0       3.4696408E-9   
  5680.0       3.432275E-9    
  5685.0       3.3886174E-9   
  5690.0       3.4016776E-9   
  5695.0       3.420785E-9    
  5700.0       3.4033087E-9   
  5705.0       3.3630991E-9   
  5710.0       3.3464789E-9   
  5715.0       3.3802074E-9   
  5720.0       3.4179257E-9   
  5725.0       3.436547E-9    
  5730.0       3.434987E-9    
  5735.0       3.4248306E-9   
  5740.0       3.408526E-9    
  5745.0       3.3861791E-9   
  5750.0       3.3729664E-9   
  5755.0       3.3568899E-9   
  5760.0       3.3477394E-9   
  5765.0       3.3562537E-9   
  5770.0       3.3719623E-9   
  5775.0       3.3642336E-9   
  5780.0       3.3338907E-9   
  5785.0       3.3148984E-9   
  5790.0       3.3253964E-9   
  5795.0       3.337555E-9    
  5800.0       3.3471446E-9   
  5805.0       3.3416503E-9   
  5810.0       3.3430607E-9   
  5815.0       3.350561E-9    
  5820.0       3.371955E-9    
  5825.0       3.3901237E-9   
  5830.0       3.380998E-9    
  5835.0       3.3747256E-9   
  5840.0       3.3776284E-9   
  5845.0       3.3602894E-9   
  5850.0       3.307886E-9    
  5855.0       3.2636147E-9   
  5860.0       3.2784528E-9   
  5865.0       3.3157654E-9   
  5870.0       3.3314824E-9   
  5875.0       3.315396E-9    
  5880.0       3.2789387E-9   
  5885.0       3.1836846E-9   
  5890.0       3.0647236E-9   
  5895.0       3.0720062E-9   
  5900.0       3.1788188E-9   
  5905.0       3.2427991E-9   
  5910.0       3.2342469E-9   
  5915.0       3.2210716E-9   
  5920.0       3.219669E-9    
  5925.0       3.2173588E-9   
  5930.0       3.2077176E-9   
  5935.0       3.2077987E-9   
  5940.0       3.1892764E-9   
  5945.0       3.1661727E-9   
  5950.0       3.155988E-9    
  5955.0       3.1648228E-9   
  5960.0       3.181819E-9    
  5965.0       3.1821965E-9   
  5970.0       3.1676997E-9   
  5975.0       3.1471217E-9   
  5980.0       3.1300786E-9   
  5985.0       3.1117051E-9   
  5990.0       3.118013E-9    
  5995.0       3.1298466E-9   
  6000.0       3.122306E-9    
  6005.0       3.095652E-9    
  6010.0       3.0901448E-9   
  6015.0       3.075454E-9    
  6020.0       3.061413E-9    
  6025.0       3.0716505E-9   
  6030.0       3.0818827E-9   
  6035.0       3.0918814E-9   
  6040.0       3.072228E-9    
  6045.0       3.0946694E-9   
  6050.0       3.0974638E-9   
  6055.0       3.0846026E-9   
  6060.0       3.0837646E-9   
  6065.0       3.0774157E-9   
  6070.0       3.0791785E-9   
  6075.0       3.0590686E-9   
  6080.0       3.0460483E-9   
  6085.0       3.0330594E-9   
  6090.0       3.0311407E-9   
  6095.0       3.0316167E-9   
  6100.0       3.01773E-9     
  6105.0       3.0135654E-9   
  6110.0       3.040167E-9    
  6115.0       3.0438618E-9   
  6120.0       3.0145106E-9   
  6125.0       2.9976626E-9   
  6130.0       2.9957443E-9   
  6135.0       2.9492493E-9   
  6140.0       2.922194E-9    
  6145.0       2.9455687E-9   
  6150.0       2.95513E-9     
  6155.0       2.9386484E-9   
  6160.0       2.9118656E-9   
  6165.0       2.912012E-9    
  6170.0       2.925715E-9    
  6175.0       2.955288E-9    
  6180.0       2.9747955E-9   
  6185.0       2.9779659E-9   
  6190.0       2.9662277E-9   
  6195.0       2.9631937E-9   
  6200.0       2.9752476E-9   
  6205.0       2.9912661E-9   
  6210.0       2.9669742E-9   
  6215.0       2.9334228E-9   
  6220.0       2.9307412E-9   
  6225.0       2.9370213E-9   
  6230.0       2.9096718E-9   
  6235.0       2.883246E-9    
  6240.0       2.8671148E-9   
  6245.0       2.849538E-9    
  6250.0       2.8487825E-9   
  6255.0       2.8728968E-9   
  6260.0       2.884385E-9    
  6265.0       2.8832068E-9   
  6270.0       2.8750529E-9   
  6275.0       2.825955E-9    
  6280.0       2.7736113E-9   
  6285.0       2.8250153E-9   
  6290.0       2.841989E-9    
  6295.0       2.819868E-9    
  6300.0       2.7955511E-9   
  6305.0       2.808691E-9    
  6310.0       2.8278175E-9   
  6315.0       2.8084544E-9   
  6320.0       2.8122122E-9   
  6325.0       2.8383442E-9   
  6330.0       2.8352425E-9   
  6335.0       2.8079583E-9   
  6340.0       2.8039007E-9   
  6345.0       2.7936014E-9   
  6350.0       2.7963953E-9   
  6355.0       2.8099632E-9   
  6360.0       2.7895306E-9   
  6365.0       2.7798819E-9   
  6370.0       2.7792095E-9   
  6375.0       2.7941411E-9   
  6380.0       2.7967864E-9   
  6385.0       2.7905744E-9   
  6390.0       2.777825E-9    
  6395.0       2.7659421E-9   
  6400.0       2.7553486E-9   
  6405.0       2.750555E-9    
  6410.0       2.738367E-9    
  6415.0       2.729646E-9    
  6420.0       2.7358158E-9   
  6425.0       2.7589973E-9   
  6430.0       2.743123E-9    
  6435.0       2.7319784E-9   
  6440.0       2.7314138E-9   
  6445.0       2.7359752E-9   
  6450.0       2.7092417E-9   
  6455.0       2.6764426E-9   
  6460.0       2.6739915E-9   
  6465.0       2.6911287E-9   
  6470.0       2.6966156E-9   
  6475.0       2.687669E-9    
  6480.0       2.6791327E-9   
  6485.0       2.664556E-9    
  6490.0       2.6243088E-9   
  6495.0       2.5849658E-9   
  6500.0       2.643213E-9    
  6505.0       2.7009783E-9   
  6510.0       2.706211E-9    
  6515.0       2.678801E-9    
  6520.0       2.6763347E-9   
  6525.0       2.6818567E-9   
  6530.0       2.6628693E-9   
  6535.0       2.6386189E-9   
  6540.0       2.5961349E-9   
  6545.0       2.52766E-9     
  6550.0       2.4212765E-9   
  6555.0       2.2268933E-9   
  6560.0       1.9371131E-9   
  6565.0       1.92138E-9     
  6570.0       2.21435E-9     
  6575.0       2.4159645E-9   
  6580.0       2.5170448E-9   
  6585.0       2.5492897E-9   
  6590.0       2.5666773E-9   
  6595.0       2.588131E-9    
  6600.0       2.609647E-9    
  6605.0       2.6195073E-9   
  6610.0       2.6297033E-9   
  6615.0       2.6348965E-9   
  6620.0       2.6357148E-9   
  6625.0       2.6192428E-9   
  6630.0       2.586935E-9    
  6635.0       2.5758424E-9   
  6640.0       2.5802562E-9   
  6645.0       2.5856914E-9   
  6650.0       2.5851423E-9   
  6655.0       2.5800422E-9   
  6660.0       2.5665396E-9   
  6665.0       2.554165E-9    
  6670.0       2.5571534E-9   
  6675.0       2.54471E-9     
  6680.0       2.5484774E-9   
  6685.0       2.5545996E-9   
  6690.0       2.555742E-9    
  6695.0       2.5541733E-9   
  6700.0       2.545999E-9    
  6705.0       2.5294982E-9   
  6710.0       2.5150475E-9   
  6715.0       2.494912E-9    
  6720.0       2.4895692E-9   
  6725.0       2.5046258E-9   
  6730.0       2.512319E-9    
  6735.0       2.5022258E-9   
  6740.0       2.4965872E-9   
  6745.0       2.4792588E-9   
  6750.0       2.468097E-9    
  6755.0       2.4622373E-9   
  6760.0       2.4729652E-9   
  6765.0       2.484552E-9    
  6770.0       2.4773996E-9   
  6775.0       2.4771245E-9   
  6780.0       2.472545E-9    
  6785.0       2.4634195E-9   
  6790.0       2.4587141E-9   
  6795.0       2.4587083E-9   
  6800.0       2.4513862E-9   
  6805.0       2.4437985E-9   
  6810.0       2.4497995E-9   
  6815.0       2.4478934E-9   
  6820.0       2.4357116E-9   
  6825.0       2.4304017E-9   
  6830.0       2.4267006E-9   
  6835.0       2.4230995E-9   
  6840.0       2.4168505E-9   
  6845.0       2.4132591E-9   
  6850.0       2.4099958E-9   
  6855.0       2.4067097E-9   
  6860.0       2.4035784E-9   
  6865.0       2.4001627E-9   
  6870.0       2.3966056E-9   
  6875.0       2.3933768E-9   
  6880.0       2.3902182E-9   
  6885.0       2.3870022E-9   
  6890.0       2.3837616E-9   
  6895.0       2.3804736E-9   
  6900.0       2.377251E-9    
  6905.0       2.3740436E-9   
  6910.0       2.3708524E-9   
  6915.0       2.3679416E-9   
  6920.0       2.3653701E-9   
  6925.0       2.3627367E-9   
  6930.0       2.3601254E-9   
  6935.0       2.357642E-9    
  6940.0       2.3554472E-9   
  6945.0       2.3534716E-9   
  6950.0       2.3508926E-9   
  6955.0       2.3481723E-9   
  6960.0       2.3455173E-9   
  6965.0       2.3429787E-9   
  6970.0       2.3414333E-9   
  6975.0       2.339488E-9    
  6980.0       2.3228355E-9   
  6985.0       2.3188698E-9   
  6990.0       2.3105475E-9   
  6995.0       2.3060394E-9   
  7000.0       2.2922473E-9   
  7005.0       2.278784E-9    
  7010.0       2.2879405E-9   
  7015.0       2.285691E-9    
  7020.0       2.2808266E-9   
  7025.0       2.2781503E-9   
  7030.0       2.2875075E-9   
  7035.0       2.29125E-9     
  7040.0       2.2969555E-9   
  7045.0       2.307029E-9    
  7050.0       2.297987E-9    
  7055.0       2.2905495E-9   
  7060.0       2.2912479E-9   
  7065.0       2.276911E-9    
  7070.0       2.2762714E-9   
  7075.0       2.285854E-9    
  7080.0       2.2771796E-9   
  7085.0       2.2671522E-9   
  7090.0       2.2592845E-9   
  7095.0       2.2587472E-9   
  7100.0       2.2600672E-9   
  7105.0       2.257609E-9    
  7110.0       2.2463258E-9   
  7115.0       2.228061E-9    
  7120.0       2.2378988E-9   
  7125.0       2.2562827E-9   
  7130.0       2.266031E-9    
  7135.0       2.277793E-9    
  7140.0       2.2703397E-9   
  7145.0       2.2494384E-9   
  7150.0       2.2418776E-9   
  7155.0       2.2550972E-9   
  7160.0       2.2426807E-9   
  7165.0       2.2088371E-9   
  7170.0       2.1821336E-9   
  7175.0       2.1658744E-9   
  7180.0       2.1494562E-9   
  7185.0       2.102902E-9    
  7190.0       2.0993975E-9   
  7195.0       2.118447E-9    
  7200.0       2.1195266E-9   
  7205.0       2.127808E-9    
  7210.0       2.1726094E-9   
  7215.0       2.2031357E-9   
  7220.0       2.2097721E-9   
  7225.0       2.199912E-9    
  7230.0       2.175116E-9    
  7235.0       2.143788E-9    
  7240.0       2.1477162E-9   
  7245.0       2.1460966E-9   
  7250.0       2.1476005E-9   
  7255.0       2.1426467E-9   
  7260.0       2.1531816E-9   
  7265.0       2.138683E-9    
  7270.0       2.1350575E-9   
  7275.0       2.1134563E-9   
  7280.0       2.1180675E-9   
  7285.0       2.1165918E-9   
  7290.0       2.0950601E-9   
  7295.0       2.112852E-9    
  7300.0       2.1099484E-9   
  7305.0       2.0907278E-9   
  7310.0       2.091003E-9    
  7315.0       2.1042554E-9   
  7320.0       2.1065127E-9   
  7325.0       2.112165E-9    
  7330.0       2.1095166E-9   
  7335.0       2.111476E-9    
  7340.0       2.1212734E-9   
  7345.0       2.1055886E-9   
  7350.0       2.087479E-9    
  7355.0       2.0747728E-9   
  7360.0       2.0785684E-9   
  7365.0       2.0772277E-9   
  7370.0       2.0805888E-9   
  7375.0       2.0818243E-9   
  7380.0       2.0713253E-9   
  7385.0       2.0427313E-9   
  7390.0       2.0322333E-9   
  7395.0       2.0431474E-9   
  7400.0       2.0483346E-9   
  7405.0       2.0514221E-9   
  7410.0       2.0241722E-9   
  7415.0       2.0151922E-9   
  7420.0       2.0151079E-9   
  7425.0       2.0253836E-9   
  7430.0       2.04426E-9     
  7435.0       2.0471924E-9   
  7440.0       2.0350734E-9   
  7445.0       2.0167301E-9   
  7450.0       2.0201343E-9   
  7455.0       2.0262552E-9   
  7460.0       2.017322E-9    
  7465.0       2.0132305E-9   
  7470.0       2.0226731E-9   
  7475.0       2.0189808E-9   
  7480.0       2.0115425E-9   
  7485.0       2.0059672E-9   
  7490.0       1.9946644E-9   
  7495.0       1.9821584E-9   
  7500.0       1.9871496E-9   
  7505.0       1.9804856E-9   
  7510.0       1.9687816E-9   
  7515.0       1.9674031E-9   
  7520.0       1.9779123E-9   
  7525.0       1.9740922E-9   
  7530.0       1.968227E-9    
  7535.0       1.9726103E-9   
  7540.0       1.9731785E-9   
  7545.0       1.9681916E-9   
  7550.0       1.9605764E-9   
  7555.0       1.9571926E-9   
  7560.0       1.9541555E-9   
  7565.0       1.9512965E-9   
  7570.0       1.9483404E-9   
  7575.0       1.94513E-9     
  7580.0       1.942E-9       
  7585.0       1.9391584E-9   
  7590.0       1.9362332E-9   
  7595.0       1.9332855E-9   
  7600.0       1.930584E-9    
  7605.0       1.9278954E-9   
  7610.0       1.9250714E-9   
  7615.0       1.9221607E-9   
  7620.0       1.9192454E-9   
  7625.0       1.916326E-9    
  7630.0       1.9134099E-9   
  7635.0       1.9105E-9      
  7640.0       1.9075874E-9   
  7645.0       1.9046826E-9   
  7650.0       1.9017834E-9   
  7655.0       1.898887E-9    
  7660.0       1.895994E-9    
  7665.0       1.8931203E-9   
  7670.0       1.8903628E-9   
  7675.0       1.8877555E-9   
  7680.0       1.885349E-9    
  7685.0       1.8832744E-9   
  7690.0       1.8812598E-9   
  7695.0       1.8791606E-9   
  7700.0       1.877071E-9    
  7705.0       1.8749515E-9   
  7710.0       1.8740456E-9   
  7715.0       1.8744457E-9   
  7720.0       1.8739148E-9   
  7725.0       1.871753E-9    
  7730.0       1.866243E-9    
  7735.0       1.8626212E-9   
  7740.0       1.8532046E-9   
  7745.0       1.8403793E-9   
  7750.0       1.8413923E-9   
  7755.0       1.8442387E-9   
  7760.0       1.8427401E-9   
  7765.0       1.8366695E-9   
  7770.0       1.7869286E-9   
  7775.0       1.7446689E-9   
  7780.0       1.7850286E-9   
  7785.0       1.8249541E-9   
  7790.0       1.8324642E-9   
  7795.0       1.8274238E-9   
  7800.0       1.8233844E-9   
  7805.0       1.8185682E-9   
  7810.0       1.817924E-9    
  7815.0       1.8221421E-9   
  7820.0       1.8285861E-9   
  7825.0       1.8222499E-9   
  7830.0       1.8009477E-9   
  7835.0       1.7903052E-9   
  7840.0       1.7964321E-9   
  7845.0       1.7984523E-9   
  7850.0       1.7943341E-9   
  7855.0       1.7938742E-9   
  7860.0       1.7826353E-9   
  7865.0       1.7865566E-9   
  7870.0       1.7887604E-9   
  7875.0       1.7791635E-9   
  7880.0       1.7685591E-9   
  7885.0       1.7778645E-9   
  7890.0       1.7826448E-9   
  7895.0       1.7627325E-9   
  7900.0       1.7557616E-9   
  7905.0       1.7622505E-9   
  7910.0       1.7759281E-9   
  7915.0       1.763707E-9    
  7920.0       1.7440794E-9   
  7925.0       1.7388042E-9   
  7930.0       1.7303526E-9   
  7935.0       1.7279633E-9   
  7940.0       1.7293151E-9   
  7945.0       1.7195422E-9   
  7950.0       1.7272233E-9   
  7955.0       1.7415087E-9   
  7960.0       1.7518459E-9   
  7965.0       1.7419401E-9   
  7970.0       1.7397036E-9   
  7975.0       1.7415539E-9   
  7980.0       1.7451698E-9   
  7985.0       1.7374172E-9   
  7990.0       1.7266993E-9   
  7995.0       1.7236967E-9   
  8000.0       1.7087879E-9   
  8005.0       1.7046203E-9   
  8010.0       1.7066618E-9   
  8015.0       1.7170416E-9   
  8020.0       1.7056605E-9   
  8025.0       1.7032477E-9   
  8030.0       1.6994623E-9   
  8035.0       1.6922789E-9   
  8040.0       1.6915552E-9   
  8045.0       1.6800216E-9   
  8050.0       1.6831889E-9   
  8055.0       1.6908943E-9   
  8060.0       1.6949532E-9   
  8065.0       1.6963259E-9   
  8070.0       1.6933421E-9   
  8075.0       1.6847611E-9   
  8080.0       1.6856808E-9   
  8085.0       1.6792647E-9   
  8090.0       1.6764806E-9   
  8095.0       1.6687353E-9   
  8100.0       1.6747467E-9   
  8105.0       1.6789184E-9   
  8110.0       1.6805791E-9   
  8115.0       1.6764811E-9   
  8120.0       1.6740627E-9   
  8125.0       1.6746564E-9   
  8130.0       1.6637184E-9   
  8135.0       1.6533163E-9   
  8140.0       1.651985E-9    
  8145.0       1.6410021E-9   
  8150.0       1.6305549E-9   
  8155.0       1.622092E-9    
  8160.0       1.6059286E-9   
  8165.0       1.5980004E-9   
  8170.0       1.6158128E-9   
  8175.0       1.6169632E-9   
  8180.0       1.6026839E-9   
  8185.0       1.6130705E-9   
  8190.0       1.6220025E-9   
  8195.0       1.60773E-9     
  8200.0       1.6089899E-9   
  8205.0       1.6399374E-9   
  8210.0       1.6471087E-9   
  8215.0       1.6302992E-9   
  8220.0       1.603417E-9    
  8225.0       1.571179E-9    
  8230.0       1.539187E-9    
  8235.0       1.5798907E-9   
  8240.0       1.6177225E-9   
  8245.0       1.6184187E-9   
  8250.0       1.6172659E-9   
  8255.0       1.606289E-9    
  8260.0       1.6097481E-9   
  8265.0       1.6103238E-9   
  8270.0       1.5983953E-9   
  8275.0       1.5883211E-9   
  8280.0       1.5855909E-9   
  8285.0       1.5864646E-9   
  8290.0       1.5796133E-9   
  8295.0       1.5803588E-9   
  8300.0       1.5842172E-9   
  8305.0       1.5790569E-9   
  8310.0       1.5795273E-9   
  8315.0       1.5706646E-9   
  8320.0       1.5576089E-9   
  8325.0       1.5518359E-9   
  8330.0       1.5484841E-9   
  8335.0       1.540694E-9    
  8340.0       1.549641E-9    
  8345.0       1.560585E-9    
  8350.0       1.5682445E-9   
  8355.0       1.56585E-9     
  8360.0       1.5585331E-9   
  8365.0       1.5564142E-9   
  8370.0       1.5568438E-9   
  8375.0       1.5527237E-9   
  8380.0       1.54623E-9     
  8385.0       1.5405007E-9   
  8390.0       1.5411095E-9   
  8395.0       1.5457856E-9   
  8400.0       1.5491021E-9   
  8405.0       1.5450698E-9   
  8410.0       1.5330275E-9   
  8415.0       1.5287521E-9   
  8420.0       1.5325821E-9   
  8425.0       1.5481649E-9   
  8430.0       1.5349751E-9   
  8435.0       1.5164607E-9   
  8440.0       1.496368E-9    
  8445.0       1.4819311E-9   
  8450.0       1.486471E-9    
  8455.0       1.5046903E-9   
  8460.0       1.5107019E-9   
  8465.0       1.4990491E-9   
  8470.0       1.4845383E-9   
  8475.0       1.4934594E-9   
  8480.0       1.5134526E-9   
  8485.0       1.5051668E-9   
  8490.0       1.4897281E-9   
  8495.0       1.4218359E-9   
  8500.0       1.36753E-9     
  8505.0       1.4067553E-9   
  8510.0       1.4518106E-9   
  8515.0       1.4618896E-9   
  8520.0       1.4686804E-9   
  8525.0       1.4679138E-9   
  8530.0       1.4565196E-9   
  8535.0       1.3964362E-9   
  8540.0       1.2601706E-9   
  8545.0       1.2310912E-9   
  8550.0       1.3455415E-9   
  8555.0       1.4146687E-9   
  8560.0       1.4336391E-9   
  8565.0       1.4607144E-9   
  8570.0       1.4593132E-9   
  8575.0       1.4572135E-9   
  8580.0       1.453508E-9    
  8585.0       1.4296951E-9   
  8590.0       1.407865E-9    
  8595.0       1.3796774E-9   
  8600.0       1.3705761E-9   
  8605.0       1.3962913E-9   
  8610.0       1.4209376E-9   
  8615.0       1.4370393E-9   
  8620.0       1.4535738E-9   
  8625.0       1.4521663E-9   
  8630.0       1.4524858E-9   
  8635.0       1.4565077E-9   
  8640.0       1.4552887E-9   
  8645.0       1.4364536E-9   
  8650.0       1.4095244E-9   
  8655.0       1.3513044E-9   
  8660.0       1.2425805E-9   
  8665.0       1.1955934E-9   
  8670.0       1.2770947E-9   
  8675.0       1.3474568E-9   
  8680.0       1.3767038E-9   
  8685.0       1.3933269E-9   
  8690.0       1.4083443E-9   
  8695.0       1.4269007E-9   
  8700.0       1.4469751E-9   
  8705.0       1.4613446E-9   
  8710.0       1.4581283E-9   
  8715.0       1.4523608E-9   
  8720.0       1.458121E-9    
  8725.0       1.441212E-9    
  8730.0       1.4208976E-9   
  8735.0       1.4015133E-9   
  8740.0       1.3660001E-9   
  8745.0       1.3269694E-9   
  8750.0       1.2839032E-9   
  8755.0       1.296824E-9    
  8760.0       1.3486344E-9   
  8765.0       1.3908246E-9   
  8770.0       1.4072818E-9   
  8775.0       1.4098535E-9   
  8780.0       1.4128111E-9   
  8785.0       1.4093906E-9   
  8790.0       1.400215E-9    
  8795.0       1.3950655E-9   
  8800.0       1.4041583E-9   
  8805.0       1.3983635E-9   
  8810.0       1.4024718E-9   
  8815.0       1.4163766E-9   
  8820.0       1.4100231E-9   
  8825.0       1.4001925E-9   
  8830.0       1.3971924E-9   
  8835.0       1.3784389E-9   
  8840.0       1.3527515E-9   
  8845.0       1.3323456E-9   
  8850.0       1.3186812E-9   
  8855.0       1.2780051E-9   
  8860.0       1.2225101E-9   
  8865.0       1.2064939E-9   
  8870.0       1.254388E-9    
  8875.0       1.2907321E-9   
  8880.0       1.3191659E-9   
  8885.0       1.3440121E-9   
  8890.0       1.3427822E-9   
  8895.0       1.360181E-9    
  8900.0       1.3733732E-9   
  8905.0       1.378919E-9    
  8910.0       1.3659086E-9   
  8915.0       1.3665784E-9   
  8920.0       1.3731308E-9   
  8925.0       1.356826E-9    
  8930.0       1.3565614E-9   
  8935.0       1.3771527E-9   
  8940.0       1.3830014E-9   
  8945.0       1.3802889E-9   
  8950.0       1.3577819E-9   
  8955.0       1.3451661E-9   
  8960.0       1.3524629E-9   
  8965.0       1.3270687E-9   
  8970.0       1.3046418E-9   
  8975.0       1.3160706E-9   
  8980.0       1.3145911E-9   
  8985.0       1.2712518E-9   
  8990.0       1.2152246E-9   
  8995.0       1.2396626E-9   
  9000.0       1.248843E-9    
  9005.0       1.1796586E-9   
  9010.0       1.130196E-9    
  9015.0       1.093593E-9    
  9020.0       1.1285564E-9   
  9025.0       1.1881409E-9   
  9030.0       1.2835242E-9   
  9035.0       1.3413671E-9   
  9040.0       1.3685029E-9   
  9045.0       1.4020384E-9   
  9050.0       1.4125774E-9   
  9055.0       1.3666767E-9   
  9060.0       1.3180362E-9   
  9065.0       1.2923183E-9   
  9070.0       1.2916412E-9   
  9075.0       1.2677992E-9   
  9080.0       1.2496256E-9   
  9085.0       1.2532463E-9   
  9090.0       1.2351934E-9   
  9095.0       1.2391191E-9   
  9100.0       1.2530145E-9   
  9105.0       1.2859565E-9   
  9110.0       1.2902319E-9   
  9115.0       1.303617E-9    
  9120.0       1.2900275E-9   
  9125.0       1.2928318E-9   
  9130.0       1.2683297E-9   
  9135.0       1.2556451E-9   
  9140.0       1.2912682E-9   
  9145.0       1.3109892E-9   
  9150.0       1.2715673E-9   
  9155.0       1.2405159E-9   
  9160.0       1.2588963E-9   
  9165.0       1.2861678E-9   
  9170.0       1.2800246E-9   
  9175.0       1.2476205E-9   
  9180.0       1.2641175E-9   
  9185.0       1.2816728E-9   
  9190.0       1.3119509E-9   
  9195.0       1.2965491E-9   
  9200.0       1.3160926E-9   
  9205.0       1.2920356E-9   
  9210.0       1.231299E-9    
  9215.0       1.182019E-9    
  9220.0       1.1475371E-9   
  9225.0       1.1003617E-9   
  9230.0       1.0590789E-9   
  9235.0       1.0916623E-9   
  9240.0       1.1628293E-9   
  9245.0       1.2091657E-9   
  9250.0       1.245959E-9    
  9255.0       1.2566785E-9   
  9260.0       1.2881807E-9   
  9265.0       1.3042165E-9   
  9270.0       1.3443003E-9   
  9275.0       1.3589385E-9   
  9280.0       1.382833E-9    
  9285.0       1.3462169E-9   
  9290.0       1.3374309E-9   
  9295.0       1.3008905E-9   
  9300.0       1.2600719E-9   
  9305.0       1.236244E-9    
  9310.0       1.2073134E-9   
  9315.0       1.1804208E-9   
  9320.0       1.1676924E-9   
  9325.0       1.1768007E-9   
  9330.0       1.1923814E-9   
  9335.0       1.1696197E-9   
  9340.0       1.1516058E-9   
  9345.0       1.1206374E-9   
  9350.0       1.1690715E-9   
  9355.0       1.1009311E-9   
  9360.0       1.1221393E-9   
  9365.0       1.1711319E-9   
  9370.0       1.1410799E-9   
  9375.0       1.1682736E-9   
  9380.0       1.1781095E-9   
  9385.0       1.2528494E-9   
  9390.0       1.3429758E-9   
  9395.0       1.3910526E-9   
  9400.0       1.3361505E-9   
  9405.0       1.2964242E-9   
  9410.0       1.2781339E-9   
  9415.0       1.2501048E-9   
  9420.0       1.2021603E-9   
  9425.0       1.1639617E-9   
  9430.0       1.1464318E-9   
  9435.0       1.1761678E-9   
  9440.0       1.0993749E-9   
  9445.0       1.1145377E-9   
  9450.0       1.1918826E-9   
  9455.0       1.1578891E-9   
  9460.0       1.1324417E-9   
  9465.0       1.1701257E-9   
  9470.0       1.1969983E-9   
  9475.0       1.1841231E-9   
  9480.0       1.1715546E-9   
  9485.0       1.1848609E-9   
  9490.0       1.1786968E-9   
  9495.0       1.165361E-9    
  9500.0       1.1292011E-9   
  9505.0       1.1824002E-9   
  9510.0       1.2492359E-9   
  9515.0       1.2164836E-9   
  9520.0       1.1469382E-9   
  9525.0       1.1109907E-9   
  9530.0       1.1113089E-9   
  9535.0       1.1168259E-9   
  9540.0       1.0463336E-9   
  9545.0       9.650502E-10   
  9550.0       9.924774E-10   
  9555.0       9.974257E-10   
  9560.0       1.0619681E-9   
  9565.0       1.0679548E-9   
  9570.0       1.1044304E-9   
  9575.0       1.1572016E-9   
  9580.0       1.163499E-9    
  9585.0       1.1410618E-9   
  9590.0       1.0872458E-9   
  9595.0       1.1001262E-9   
  9600.0       1.1395658E-9   
  9605.0       1.1400096E-9   
  9610.0       1.1437437E-9   
  9615.0       1.1203652E-9   
  9620.0       1.136007E-9    
  9625.0       1.1324905E-9   
  9630.0       1.1087754E-9   
  9635.0       1.1067146E-9   
  9640.0       1.1040671E-9   
  9645.0       1.0760225E-9   
  9650.0       1.0783021E-9   
  9655.0       1.0898833E-9   
  9660.0       1.0790934E-9   
  9665.0       1.0757442E-9   
  9670.0       1.1442013E-9   
  9675.0       1.1217318E-9   
  9680.0       1.1111324E-9   
  9685.0       1.129596E-9    
  9690.0       1.1385152E-9   
  9695.0       1.1459225E-9   
  9700.0       1.1155722E-9   
  9705.0       1.1121187E-9   
  9710.0       1.1176653E-9   
  9715.0       1.1069282E-9   
  9720.0       1.1088893E-9   
  9725.0       1.0956286E-9   
  9730.0       1.0840372E-9   
  9735.0       1.0757947E-9   
  9740.0       1.0724577E-9   
  9745.0       1.0762271E-9   
  9750.0       1.0745068E-9   
  9755.0       1.0630602E-9   
  9760.0       1.0643778E-9   
  9765.0       1.0678143E-9   
  9770.0       1.0800266E-9   
  9775.0       1.0785427E-9   
  9780.0       1.0699035E-9   
  9785.0       1.065473E-9    
  9790.0       1.056811E-9    
  9795.0       1.0468372E-9   
  9800.0       1.0519581E-9   
  9805.0       1.0617863E-9   
  9810.0       1.0761273E-9   
  9815.0       1.0789266E-9   
  9820.0       1.0786612E-9   
  9825.0       1.0760397E-9   
  9830.0       1.0698409E-9   
  9835.0       1.0652358E-9   
  9840.0       1.0574028E-9   
  9845.0       1.05E-9        
  9850.0       1.0477431E-9   
  9855.0       1.0511864E-9   
  9860.0       1.0503262E-9   
  9865.0       1.0529331E-9   
  9870.0       1.0440123E-9   
  9875.0       1.0512003E-9   
  9880.0       1.0514871E-9   
  9885.0       1.0453062E-9   
  9890.0       1.0452389E-9   
  9895.0       1.0366777E-9   
  9900.0       1.0335792E-9   
  9905.0       1.0380808E-9   
  9910.0       1.0402684E-9   
  9915.0       1.0393176E-9   
  9920.0       1.0380682E-9   
  9925.0       1.0360525E-9   
  9930.0       1.0353629E-9   
  9935.0       1.0309712E-9   
  9940.0       1.0363919E-9   
  9945.0       1.0377084E-9   
  9950.0       1.0364983E-9   
  9955.0       1.0367943E-9   
  9960.0       1.0284459E-9   
  9965.0       1.0280784E-9   
  9970.0       1.0331361E-9   
  9975.0       1.0280663E-9   
  9980.0       1.0220382E-9   
  9985.0       1.0247332E-9   
  9990.0       1.0380309E-9   
  9995.0       1.0365871E-9   
  10000.0      1.0313597E-9   
  10005.0      1.0309172E-9   
  10010.0      1.0346477E-9   
  10015.0      1.0233744E-9   
  10020.0      1.0097887E-9   
  10025.0      9.963789E-10   
  10030.0      9.759838E-10   
  10035.0      9.548242E-10   
  10040.0      9.440183E-10   
  10045.0      9.115494E-10   
  10050.0      8.978567E-10   
  10055.0      9.0444596E-10  
  10060.0      9.354204E-10   
  10065.0      9.346063E-10   
  10070.0      9.417915E-10   
  10075.0      9.589152E-10   
  10080.0      9.753839E-10   
  10085.0      9.774832E-10   
  10090.0      9.786161E-10   
  10095.0      9.614918E-10   
  10100.0      9.586315E-10   
  10105.0      9.555254E-10   
  10110.0      9.501276E-10   
  10115.0      9.460043E-10   
  10120.0      9.468678E-10   
  10125.0      9.548222E-10   
  10130.0      9.67773E-10    
  10135.0      9.820214E-10   
  10140.0      9.937913E-10   
  10145.0      1.000208E-9    
  10150.0      1.0007475E-9   
  10155.0      9.957773E-10   
  10160.0      9.858027E-10   
  10165.0      9.717909E-10   
  10170.0      9.559051E-10   
  10175.0      9.407627E-10   
  10180.0      9.28955E-10    
  10185.0      9.22286E-10    
  10190.0      9.205246E-10   
  10195.0      9.2265745E-10  
  10200.0      9.275824E-10   
  10205.0      9.340868E-10   
  10210.0      9.406911E-10   
  10215.0      9.458048E-10   
  10220.0      9.478941E-10   
  10225.0      9.46107E-10    
  10230.0      9.413639E-10   
  10235.0      9.352611E-10   
  10240.0      9.294496E-10   
  10245.0      9.2538105E-10  
  10250.0      9.2403035E-10  
  10255.0      9.2616875E-10  
  10260.0      9.324513E-10   
  10265.0      9.424423E-10   
  10270.0      9.528951E-10   
  10275.0      9.594727E-10   
  10280.0      9.579685E-10   
  10285.0      9.465001E-10   
  10290.0      9.292112E-10   
  10295.0      9.1257124E-10  
  10300.0      9.03019E-10    
  10305.0      9.043408E-10   
  10310.0      9.1344693E-10  
  10315.0      9.2459407E-10  
  10320.0      9.319997E-10   
  10325.0      9.32001E-10    
  10330.0      9.264761E-10   
  10335.0      9.194301E-10   
  10340.0      9.1490304E-10  
  10345.0      9.1517893E-10  
  10350.0      9.1796076E-10  
  10355.0      9.191979E-10   
  10360.0      9.1486924E-10  
  10365.0      9.0316965E-10  
  10370.0      8.880275E-10   
  10375.0      8.755578E-10   
  10380.0      8.7183205E-10  
  10385.0      8.8014024E-10  
  10390.0      8.96551E-10    
  10395.0      9.143687E-10   
  10400.0      9.268455E-10   
  10405.0      9.2960384E-10  
  10410.0      9.2440483E-10  
  10415.0      9.153719E-10   
  10420.0      9.067395E-10   
  10425.0      9.01421E-10    
  10430.0      8.989292E-10   
  10435.0      8.974728E-10   
  10440.0      8.951956E-10   
  10445.0      8.9105934E-10  
  10450.0      8.8610136E-10  
  10455.0      8.8215646E-10  
  10460.0      8.8104707E-10  
  10465.0      8.8357094E-10  
  10470.0      8.879038E-10   
  10475.0      8.911946E-10   
  10480.0      8.906507E-10   
  10485.0      8.849789E-10   
  10490.0      8.768051E-10   
  10495.0      8.7026364E-10  
  10500.0      8.6941243E-10  
  10505.0      8.761398E-10   
  10510.0      8.866824E-10   
  10515.0      8.950995E-10   
  10520.0      8.955183E-10   
  10525.0      8.849208E-10   
  10530.0      8.6770113E-10  
  10535.0      8.511022E-10   
  10540.0      8.423488E-10   
  10545.0      8.455221E-10   
  10550.0      8.5656865E-10  
  10555.0      8.6829444E-10  
  10560.0      8.734887E-10   
  10565.0      8.677997E-10   
  10570.0      8.543348E-10   
  10575.0      8.3906343E-10  
  10580.0      8.280322E-10   
  10585.0      8.2515184E-10  
  10590.0      8.2878576E-10  
  10595.0      8.3516627E-10  
  10600.0      8.404184E-10   
  10605.0      8.417711E-10   
  10610.0      8.393217E-10   
  10615.0      8.342612E-10   
  10620.0      6.216915E-10   
