# WAVELENGTH   FLUX           
  1150.0       0.0            
  1155.0       0.0            
  1160.0       0.0            
  1165.0       0.0            
  1170.0       0.0            
  1175.0       0.0            
  1180.0       0.0            
  1185.0       0.0            
  1190.0       0.0            
  1195.0       0.0            
  1200.0       0.0            
  1205.0       0.0            
  1210.0       0.0            
  1215.0       0.0            
  1220.0       0.0            
  1225.0       0.0            
  1230.0       0.0            
  1235.0       0.0            
  1240.0       0.0            
  1245.0       0.0            
  1250.0       0.0            
  1255.0       0.0            
  1260.0       0.0            
  1265.0       0.0            
  1270.0       0.0            
  1275.0       0.0            
  1280.0       0.0            
  1285.0       0.0            
  1290.0       0.0            
  1295.0       0.0            
  1300.0       0.0            
  1305.0       0.0            
  1310.0       0.0            
  1315.0       0.0            
  1320.0       0.0            
  1325.0       0.0            
  1330.0       0.0            
  1335.0       0.0            
  1340.0       0.0            
  1345.0       0.0            
  1350.0       0.0            
  1355.0       4.4687865E-16  
  1360.0       3.1182876E-15  
  1365.0       4.0087486E-15  
  1370.0       6.6801613E-15  
  1375.0       7.123774E-15   
  1380.0       7.123771E-15   
  1385.0       7.123773E-15   
  1390.0       6.6769308E-15  
  1395.0       3.5586937E-15  
  1400.0       4.4364542E-16  
  1405.0       0.0            
  1410.0       0.0            
  1415.0       0.0            
  1420.0       0.0            
  1425.0       0.0            
  1430.0       0.0            
  1435.0       0.0            
  1440.0       0.0            
  1445.0       0.0            
  1450.0       2.2338584E-15  
  1455.0       1.8718252E-14  
  1460.0       4.23172E-14    
  1465.0       6.413216E-14   
  1470.0       8.4609945E-14  
  1475.0       9.8851354E-14  
  1480.0       1.0552232E-13  
  1485.0       1.0150471E-13  
  1490.0       8.368333E-14   
  1495.0       5.0721102E-14  
  1500.0       6.6562767E-15  
  1505.0       0.0            
  1510.0       0.0            
  1515.0       0.0            
  1520.0       0.0            
  1525.0       0.0            
  1530.0       0.0            
  1535.0       0.0            
  1540.0       0.0            
  1545.0       0.0            
  1550.0       3.484042E-14   
  1555.0       2.892169E-13   
  1560.0       6.561618E-13   
  1565.0       1.1130467E-12  
  1570.0       1.6656598E-12  
  1575.0       2.3180084E-12  
  1580.0       3.073655E-12   
  1585.0       3.9366084E-12  
  1590.0       4.9126527E-12  
  1595.0       6.004018E-12   
  1600.0       7.218264E-12   
  1605.0       8.553621E-12   
  1610.0       1.0006954E-11  
  1615.0       1.1576042E-11  
  1620.0       1.3250212E-11  
  1625.0       1.5026775E-11  
  1630.0       1.6899064E-11  
  1635.0       1.8858142E-11  
  1640.0       2.0901399E-11  
  1645.0       2.3020344E-11  
  1650.0       2.5212717E-11  
  1655.0       2.7499525E-11  
  1660.0       2.9960076E-11  
  1665.0       3.2698098E-11  
  1670.0       3.5818175E-11  
  1675.0       3.9428946E-11  
  1680.0       4.363518E-11   
  1685.0       4.8543537E-11  
  1690.0       5.4263243E-11  
  1695.0       6.089843E-11   
  1700.0       6.854736E-11   
  1705.0       7.7256916E-11  
  1710.0       8.6929346E-11  
  1715.0       9.741042E-11   
  1720.0       1.08539476E-10 
  1725.0       1.2015626E-10  
  1730.0       1.321011E-10   
  1735.0       1.4421572E-10  
  1740.0       1.5633554E-10  
  1745.0       1.6830451E-10  
  1750.0       1.7996588E-10  
  1755.0       1.9118375E-10  
  1760.0       2.0188096E-10  
  1765.0       2.1200736E-10  
  1770.0       2.2151134E-10  
  1775.0       2.3034505E-10  
  1780.0       2.3845884E-10  
  1785.0       2.458006E-10   
  1790.0       2.523223E-10   
  1795.0       2.5797214E-10  
  1800.0       2.6270847E-10  
  1805.0       2.665448E-10   
  1810.0       2.696444E-10   
  1815.0       2.7223376E-10  
  1820.0       2.7454505E-10  
  1825.0       2.768039E-10   
  1830.0       2.7924113E-10  
  1835.0       2.820907E-10   
  1840.0       2.8557845E-10  
  1845.0       2.8993577E-10  
  1850.0       2.9538305E-10  
  1855.0       3.0202996E-10  
  1860.0       3.097098E-10   
  1865.0       3.1814434E-10  
  1870.0       3.270456E-10   
  1875.0       3.361312E-10   
  1880.0       3.451106E-10   
  1885.0       3.5369774E-10  
  1890.0       3.616075E-10   
  1895.0       3.685491E-10   
  1900.0       3.7425033E-10  
  1905.0       3.785415E-10   
  1910.0       3.8152892E-10  
  1915.0       3.834303E-10   
  1920.0       3.8447273E-10  
  1925.0       3.848788E-10   
  1930.0       3.848783E-10   
  1935.0       3.8469586E-10  
  1940.0       3.845574E-10   
  1945.0       3.8469242E-10  
  1950.0       3.8531767E-10  
  1955.0       3.8660114E-10  
  1960.0       3.885673E-10   
  1965.0       3.911883E-10   
  1970.0       3.944257E-10   
  1975.0       3.9824757E-10  
  1980.0       4.0261758E-10  
  1985.0       4.0750314E-10  
  1990.0       4.1286452E-10  
  1995.0       4.1867168E-10  
  2000.0       4.248827E-10   
  2005.0       4.3144985E-10  
  2010.0       4.3828155E-10  
  2015.0       4.4527096E-10  
  2020.0       4.5231E-10     
  2025.0       4.59292E-10    
  2030.0       4.6610676E-10  
  2035.0       4.7264714E-10  
  2040.0       4.78809E-10    
  2045.0       4.844806E-10   
  2050.0       4.895594E-10   
  2055.0       4.9400334E-10  
  2060.0       4.979108E-10   
  2065.0       5.014423E-10   
  2070.0       5.0475835E-10  
  2075.0       5.0802645E-10  
  2080.0       5.1140964E-10  
  2085.0       5.1507004E-10  
  2090.0       5.191732E-10   
  2095.0       5.238848E-10   
  2100.0       5.293547E-10   
  2105.0       5.356619E-10   
  2110.0       5.4267235E-10  
  2115.0       5.501674E-10   
  2120.0       5.579261E-10   
  2125.0       5.6572297E-10  
  2130.0       5.7333865E-10  
  2135.0       5.8054495E-10  
  2140.0       5.8712046E-10  
  2145.0       5.9284366E-10  
  2150.0       5.9749694E-10  
  2155.0       6.009401E-10   
  2160.0       6.0323724E-10  
  2165.0       6.0452626E-10  
  2170.0       6.0495364E-10  
  2175.0       6.0466915E-10  
  2180.0       6.038151E-10   
  2185.0       6.025427E-10   
  2190.0       6.00995E-10    
  2195.0       5.9932165E-10  
  2200.0       5.976659E-10   
  2205.0       5.961379E-10   
  2210.0       5.94781E-10    
  2215.0       5.935954E-10   
  2220.0       5.925876E-10   
  2225.0       5.9175886E-10  
  2230.0       5.911184E-10   
  2235.0       5.9066624E-10  
  2240.0       5.9040406E-10  
  2245.0       5.9034E-10     
  2250.0       5.904673E-10   
  2255.0       5.907423E-10   
  2260.0       5.909893E-10   
  2265.0       5.90989E-10    
  2270.0       5.905117E-10   
  2275.0       5.893291E-10   
  2280.0       5.872227E-10   
  2285.0       5.8395944E-10  
  2290.0       5.793155E-10   
  2295.0       5.7306726E-10  
  2300.0       5.649961E-10   
  2305.0       5.5501137E-10  
  2310.0       5.4334165E-10  
  2315.0       5.3033594E-10  
  2320.0       5.163563E-10   
  2325.0       5.0176235E-10  
  2330.0       4.8691245E-10  
  2335.0       4.721753E-10   
  2340.0       4.579054E-10   
  2345.0       4.4446608E-10  
  2350.0       4.3221693E-10  
  2355.0       4.2144813E-10  
  2360.0       4.123053E-10   
  2365.0       4.0487133E-10  
  2370.0       3.9922182E-10  
  2375.0       3.9543221E-10  
  2380.0       3.9358375E-10  
  2385.0       3.9375087E-10  
  2390.0       3.9601278E-10  
  2395.0       4.0044681E-10  
  2400.0       4.071162E-10   
  2405.0       4.159913E-10   
  2410.0       4.2676931E-10  
  2415.0       4.3905019E-10  
  2420.0       4.524239E-10   
  2425.0       4.6648113E-10  
  2430.0       4.80809E-10    
  2435.0       4.949974E-10   
  2440.0       5.0863724E-10  
  2445.0       5.2131666E-10  
  2450.0       5.3263594E-10  
  2455.0       5.4228233E-10  
  2460.0       5.5018917E-10  
  2465.0       5.563793E-10   
  2470.0       5.608817E-10   
  2475.0       5.637301E-10   
  2480.0       5.64955E-10    
  2485.0       5.6459054E-10  
  2490.0       5.626638E-10   
  2495.0       5.5920835E-10  
  2500.0       5.5426264E-10  
  2505.0       5.4792265E-10  
  2510.0       5.404267E-10   
  2515.0       5.320774E-10   
  2520.0       5.231815E-10   
  2525.0       5.140437E-10   
  2530.0       5.049704E-10   
  2535.0       4.9626586E-10  
  2540.0       4.8823934E-10  
  2545.0       4.8119353E-10  
  2550.0       4.7543713E-10  
  2555.0       4.713077E-10   
  2560.0       4.692035E-10   
  2565.0       4.6955034E-10  
  2570.0       4.7278337E-10  
  2575.0       4.7932824E-10  
  2580.0       4.8961746E-10  
  2585.0       5.0407795E-10  
  2590.0       5.2314286E-10  
  2595.0       5.4723903E-10  
  2600.0       5.7675664E-10  
  2605.0       6.1166977E-10  
  2610.0       6.508863E-10   
  2615.0       6.9289197E-10  
  2620.0       7.361381E-10   
  2625.0       7.7907497E-10  
  2630.0       8.201545E-10   
  2635.0       8.5782575E-10  
  2640.0       8.905377E-10   
  2645.0       9.1673824E-10  
  2650.0       9.349366E-10   
  2655.0       9.442143E-10   
  2660.0       9.451294E-10   
  2665.0       9.388205E-10   
  2670.0       9.264756E-10   
  2675.0       9.0928265E-10  
  2680.0       8.884395E-10   
  2685.0       8.6513174E-10  
  2690.0       8.4055213E-10  
  2695.0       8.158917E-10   
  2700.0       7.9231205E-10  
  2705.0       7.7068707E-10  
  2710.0       7.5114504E-10  
  2715.0       7.335233E-10   
  2720.0       7.1763506E-10  
  2725.0       7.032902E-10   
  2730.0       6.902988E-10   
  2735.0       6.7847344E-10  
  2740.0       6.676231E-10   
  2745.0       6.5756245E-10  
  2750.0       6.4810923E-10  
  2755.0       6.391737E-10   
  2760.0       6.3091493E-10  
  2765.0       6.2358074E-10  
  2770.0       6.1742383E-10  
  2775.0       6.1270444E-10  
  2780.0       6.0967464E-10  
  2785.0       6.0859595E-10  
  2790.0       6.0972577E-10  
  2795.0       6.1331423E-10  
  2800.0       6.196124E-10   
  2805.0       6.287425E-10   
  2810.0       6.40519E-10    
  2815.0       6.5463096E-10  
  2820.0       6.7075945E-10  
  2825.0       6.885906E-10   
  2830.0       7.0779843E-10  
  2835.0       7.2806805E-10  
  2840.0       7.4907713E-10  
  2845.0       7.7051143E-10  
  2850.0       7.920542E-10   
  2855.0       8.134793E-10   
  2860.0       8.3476326E-10  
  2865.0       8.559721E-10   
  2870.0       8.771746E-10   
  2875.0       8.984398E-10   
  2880.0       9.19835E-10    
  2885.0       9.414355E-10   
  2890.0       9.633097E-10   
  2895.0       9.85524E-10    
  2900.0       1.0081443E-9   
  2905.0       1.0311765E-9   
  2910.0       1.0544623E-9   
  2915.0       1.0777924E-9   
  2920.0       1.1009469E-9   
  2925.0       1.1237045E-9   
  2930.0       1.1458494E-9   
  2935.0       1.1671605E-9   
  2940.0       1.1874168E-9   
  2945.0       1.206399E-9    
  2950.0       1.2239012E-9   
  2955.0       1.2397838E-9   
  2960.0       1.2541218E-9   
  2965.0       1.2670658E-9   
  2970.0       1.2787803E-9   
  2975.0       1.28942E-9     
  2980.0       1.2991443E-9   
  2985.0       1.3081181E-9   
  2990.0       1.3164908E-9   
  2995.0       1.3244299E-9   
  3000.0       1.3320901E-9   
  3005.0       1.3395979E-9   
  3010.0       1.3469988E-9   
  3015.0       1.3543091E-9   
  3020.0       1.3615411E-9   
  3025.0       1.3687128E-9   
  3030.0       1.3758342E-9   
  3035.0       1.3829239E-9   
  3040.0       1.3899907E-9   
  3045.0       1.3970489E-9   
  3050.0       1.4041193E-9   
  3055.0       1.4111998E-9   
  3060.0       1.418305E-9    
  3065.0       1.4254362E-9   
  3070.0       1.4325868E-9   
  3075.0       1.4397672E-9   
  3080.0       1.4469765E-9   
  3085.0       1.4542155E-9   
  3090.0       1.4614847E-9   
  3095.0       1.4687871E-9   
  3100.0       1.4761254E-9   
  3105.0       1.4834948E-9   
  3110.0       1.4908743E-9   
  3115.0       1.4982566E-9   
  3120.0       1.5056136E-9   
  3125.0       1.512922E-9    
  3130.0       1.5201684E-9   
  3135.0       1.527332E-9    
  3140.0       1.534387E-9    
  3145.0       1.541318E-9    
  3150.0       1.5481089E-9   
  3155.0       1.5547565E-9   
  3160.0       1.5613185E-9   
  3165.0       1.5678759E-9   
  3170.0       1.5745033E-9   
  3175.0       1.5812819E-9   
  3180.0       1.588288E-9    
  3185.0       1.5956103E-9   
  3190.0       1.6033164E-9   
  3195.0       1.6114933E-9   
  3200.0       1.6202101E-9   
  3205.0       1.6315963E-9   
  3210.0       1.6565785E-9   
  3215.0       1.6870647E-9   
  3220.0       1.7034033E-9   
  3225.0       1.6304895E-9   
  3230.0       1.516223E-9    
  3235.0       1.6131368E-9   
  3240.0       1.7388878E-9   
  3245.0       1.701716E-9    
  3250.0       1.6409929E-9   
  3255.0       1.7167161E-9   
  3260.0       1.8117504E-9   
  3265.0       1.7810357E-9   
  3270.0       1.690759E-9    
  3275.0       1.656053E-9    
  3280.0       1.7003493E-9   
  3285.0       1.7960721E-9   
  3290.0       1.880974E-9    
  3295.0       1.9073907E-9   
  3300.0       1.896327E-9    
  3305.0       1.8814033E-9   
  3310.0       1.861244E-9    
  3315.0       1.8276013E-9   
  3320.0       1.7911005E-9   
  3325.0       1.7674713E-9   
  3330.0       1.7653634E-9   
  3335.0       1.7858108E-9   
  3340.0       1.8169182E-9   
  3345.0       1.8399825E-9   
  3350.0       1.8323719E-9   
  3355.0       1.7877327E-9   
  3360.0       1.7447715E-9   
  3365.0       1.7378498E-9   
  3370.0       1.7461015E-9   
  3375.0       1.7431346E-9   
  3380.0       1.7436192E-9   
  3385.0       1.7692744E-9   
  3390.0       1.8167402E-9   
  3395.0       1.8646416E-9   
  3400.0       1.8727815E-9   
  3405.0       1.8226808E-9   
  3410.0       1.7697571E-9   
  3415.0       1.7738595E-9   
  3420.0       1.8306521E-9   
  3425.0       1.895508E-9    
  3430.0       1.8885464E-9   
  3435.0       1.7796264E-9   
  3440.0       1.6967601E-9   
  3445.0       1.7454529E-9   
  3450.0       1.8187492E-9   
  3455.0       1.7991149E-9   
  3460.0       1.7533944E-9   
  3465.0       1.7668288E-9   
  3470.0       1.7859616E-9   
  3475.0       1.7441041E-9   
  3480.0       1.682397E-9    
  3485.0       1.6604776E-9   
  3490.0       1.6748355E-9   
  3495.0       1.7006353E-9   
  3500.0       1.7235344E-9   
  3505.0       1.7193647E-9   
  3510.0       1.61787E-9     
  3515.0       1.6389855E-9   
  3520.0       1.6949571E-9   
  3525.0       1.660835E-9    
  3530.0       1.6177117E-9   
  3535.0       1.6421213E-9   
  3540.0       1.7518662E-9   
  3545.0       1.8462356E-9   
  3550.0       1.8111901E-9   
  3555.0       1.8019274E-9   
  3560.0       1.7113483E-9   
  3565.0       1.6402426E-9   
  3570.0       1.6209606E-9   
  3575.0       1.6230222E-9   
  3580.0       1.6884675E-9   
  3585.0       1.7088474E-9   
  3590.0       1.672662E-9    
  3595.0       1.65335E-9     
  3600.0       1.7496434E-9   
  3605.0       1.7538933E-9   
  3610.0       1.6612471E-9   
  3615.0       1.6106115E-9   
  3620.0       1.6639453E-9   
  3625.0       1.7477761E-9   
  3630.0       1.73096E-9     
  3635.0       1.7301576E-9   
  3640.0       1.7566862E-9   
  3645.0       1.7856405E-9   
  3650.0       1.8484563E-9   
  3655.0       1.9215525E-9   
  3660.0       1.9298274E-9   
  3665.0       1.9258295E-9   
  3670.0       1.9248574E-9   
  3675.0       1.9740856E-9   
  3680.0       1.9998365E-9   
  3685.0       2.0707778E-9   
  3690.0       2.2312612E-9   
  3695.0       2.327476E-9    
  3700.0       2.3794944E-9   
  3705.0       2.3804059E-9   
  3710.0       2.439872E-9    
  3715.0       2.6436577E-9   
  3720.0       2.7147167E-9   
  3725.0       2.7197484E-9   
  3730.0       2.7148102E-9   
  3735.0       2.711604E-9    
  3740.0       2.9219653E-9   
  3745.0       2.7470892E-9   
  3750.0       2.65012E-9     
  3755.0       3.0476668E-9   
  3760.0       3.2573273E-9   
  3765.0       3.087117E-9    
  3770.0       2.944468E-9    
  3775.0       3.4550212E-9   
  3780.0       4.081686E-9    
  3785.0       4.040581E-9    
  3790.0       3.555649E-9    
  3795.0       3.1256933E-9   
  3800.0       3.252946E-9    
  3805.0       3.82455E-9     
  3810.0       4.306583E-9    
  3815.0       4.355223E-9    
  3820.0       4.26346E-9     
  3825.0       3.734205E-9    
  3830.0       3.127269E-9    
  3835.0       2.8889444E-9   
  3840.0       3.4106449E-9   
  3845.0       4.1118353E-9   
  3850.0       4.5661213E-9   
  3855.0       4.796624E-9    
  3860.0       4.946223E-9    
  3865.0       5.0430753E-9   
  3870.0       4.967639E-9    
  3875.0       4.6708175E-9   
  3880.0       4.1382764E-9   
  3885.0       3.4349614E-9   
  3890.0       3.2283298E-9   
  3895.0       3.766504E-9    
  3900.0       4.3064214E-9   
  3905.0       4.609601E-9    
  3910.0       4.823959E-9    
  3915.0       4.8414655E-9   
  3920.0       4.515013E-9    
  3925.0       3.5295304E-9   
  3930.0       2.4192248E-9   
  3935.0       2.5292357E-9   
  3940.0       3.5957362E-9   
  3945.0       4.264823E-9    
  3950.0       4.4743578E-9   
  3955.0       4.3755075E-9   
  3960.0       3.708266E-9    
  3965.0       2.570975E-9    
  3970.0       2.2780435E-9   
  3975.0       3.3135603E-9   
  3980.0       4.3911106E-9   
  3985.0       4.9058024E-9   
  3990.0       5.0914135E-9   
  3995.0       5.097155E-9    
  4000.0       5.0935807E-9   
  4005.0       5.16483E-9     
  4010.0       5.296565E-9    
  4015.0       5.4390865E-9   
  4020.0       5.435342E-9    
  4025.0       5.2696243E-9   
  4030.0       5.1849858E-9   
  4035.0       5.3058478E-9   
  4040.0       5.3883142E-9   
  4045.0       5.3183187E-9   
  4050.0       5.2571565E-9   
  4055.0       5.2031854E-9   
  4060.0       5.219835E-9    
  4065.0       5.1827573E-9   
  4070.0       5.0825073E-9   
  4075.0       4.9111066E-9   
  4080.0       4.91323E-9     
  4085.0       5.030018E-9    
  4090.0       4.8390554E-9   
  4095.0       4.0906314E-9   
  4100.0       3.4605883E-9   
  4105.0       3.8211456E-9   
  4110.0       4.558404E-9    
  4115.0       4.9541002E-9   
  4120.0       4.982693E-9    
  4125.0       4.868591E-9    
  4130.0       4.861579E-9    
  4135.0       5.1183795E-9   
  4140.0       5.337122E-9    
  4145.0       5.314523E-9    
  4150.0       5.2117057E-9   
  4155.0       5.150203E-9    
  4160.0       5.1703752E-9   
  4165.0       5.1530047E-9   
  4170.0       4.91968E-9     
  4175.0       4.788223E-9    
  4180.0       4.8324864E-9   
  4185.0       4.971081E-9    
  4190.0       5.122216E-9    
  4195.0       5.044147E-9    
  4200.0       4.899907E-9    
  4205.0       4.9706963E-9   
  4210.0       5.1145466E-9   
  4215.0       5.0967226E-9   
  4220.0       5.023768E-9    
  4225.0       4.899172E-9    
  4230.0       4.8724065E-9   
  4235.0       4.8940114E-9   
  4240.0       4.993198E-9    
  4245.0       4.940235E-9    
  4250.0       4.8972133E-9   
  4255.0       4.957675E-9    
  4260.0       4.9995226E-9   
  4265.0       5.0123816E-9   
  4270.0       4.910087E-9    
  4275.0       4.934818E-9    
  4280.0       5.025934E-9    
  4285.0       4.913636E-9    
  4290.0       4.6820325E-9   
  4295.0       4.5065915E-9   
  4300.0       4.3671347E-9   
  4305.0       4.4785327E-9   
  4310.0       4.6160724E-9   
  4315.0       4.724419E-9    
  4320.0       4.814976E-9    
  4325.0       4.7804964E-9   
  4330.0       4.469018E-9    
  4335.0       3.760364E-9    
  4340.0       3.2219472E-9   
  4345.0       3.631873E-9    
  4350.0       4.30429E-9     
  4355.0       4.7886246E-9   
  4360.0       4.9989715E-9   
  4365.0       5.021647E-9    
  4370.0       4.9222253E-9   
  4375.0       4.9173448E-9   
  4380.0       4.9020352E-9   
  4385.0       4.7712345E-9   
  4390.0       4.7467363E-9   
  4395.0       4.6906505E-9   
  4400.0       4.687613E-9    
  4405.0       4.7462607E-9   
  4410.0       4.79656E-9     
  4415.0       4.719161E-9    
  4420.0       4.731498E-9    
  4425.0       4.8074313E-9   
  4430.0       4.828354E-9    
  4435.0       4.8423674E-9   
  4440.0       4.8203668E-9   
  4445.0       4.7601216E-9   
  4450.0       4.7928377E-9   
  4455.0       4.737869E-9    
  4460.0       4.6401847E-9   
  4465.0       4.6245687E-9   
  4470.0       4.6865285E-9   
  4475.0       4.79423E-9     
  4480.0       4.7860196E-9   
  4485.0       4.7867865E-9   
  4490.0       4.794993E-9    
  4495.0       4.9105435E-9   
  4500.0       5.011952E-9    
  4505.0       5.0680593E-9   
  4510.0       5.049618E-9    
  4515.0       4.919512E-9    
  4520.0       4.766356E-9    
  4525.0       4.6484527E-9   
  4530.0       4.599029E-9    
  4535.0       4.7662843E-9   
  4540.0       4.8347486E-9   
  4545.0       4.6810524E-9   
  4550.0       4.5113415E-9   
  4555.0       4.5783666E-9   
  4560.0       4.7308757E-9   
  4565.0       4.8175117E-9   
  4570.0       4.811096E-9    
  4575.0       4.732413E-9    
  4580.0       4.576139E-9    
  4585.0       4.5432866E-9   
  4590.0       4.621785E-9    
  4595.0       4.687752E-9    
  4600.0       4.7588786E-9   
  4605.0       4.8427635E-9   
  4610.0       4.8509037E-9   
  4615.0       4.7774327E-9   
  4620.0       4.7660977E-9   
  4625.0       4.7551736E-9   
  4630.0       4.720506E-9    
  4635.0       4.749918E-9    
  4640.0       4.790561E-9    
  4645.0       4.760787E-9    
  4650.0       4.7488995E-9   
  4655.0       4.7654733E-9   
  4660.0       4.7683795E-9   
  4665.0       4.667831E-9    
  4670.0       4.667527E-9    
  4675.0       4.7764765E-9   
  4680.0       4.885931E-9    
  4685.0       4.9385576E-9   
  4690.0       4.88182E-9     
  4695.0       4.804748E-9    
  4700.0       4.7037885E-9   
  4705.0       4.6589674E-9   
  4710.0       4.64384E-9     
  4715.0       4.6944924E-9   
  4720.0       4.7627906E-9   
  4725.0       4.7315543E-9   
  4730.0       4.6122257E-9   
  4735.0       4.61023E-9     
  4740.0       4.680286E-9    
  4745.0       4.7078967E-9   
  4750.0       4.6866884E-9   
  4755.0       4.5878235E-9   
  4760.0       4.502316E-9    
  4765.0       4.476387E-9    
  4770.0       4.5862305E-9   
  4775.0       4.6544417E-9   
  4780.0       4.6634017E-9   
  4785.0       4.6045847E-9   
  4790.0       4.603657E-9    
  4795.0       4.6240176E-9   
  4800.0       4.6091624E-9   
  4805.0       4.5278212E-9   
  4810.0       4.472173E-9    
  4815.0       4.48782E-9     
  4820.0       4.5048396E-9   
  4825.0       4.500104E-9    
  4830.0       4.479154E-9    
  4835.0       4.453216E-9    
  4840.0       4.406012E-9    
  4845.0       4.2576955E-9   
  4850.0       3.9101615E-9   
  4855.0       3.3192626E-9   
  4860.0       2.942664E-9    
  4865.0       3.248526E-9    
  4870.0       3.6976584E-9   
  4875.0       3.979685E-9    
  4880.0       4.0907007E-9   
  4885.0       4.0960577E-9   
  4890.0       4.1520734E-9   
  4895.0       4.3053623E-9   
  4900.0       4.3960506E-9   
  4905.0       4.402562E-9    
  4910.0       4.329272E-9    
  4915.0       4.213724E-9    
  4920.0       4.107886E-9    
  4925.0       4.208735E-9    
  4930.0       4.3301234E-9   
  4935.0       4.3422497E-9   
  4940.0       4.3334785E-9   
  4945.0       4.3748813E-9   
  4950.0       4.39261E-9     
  4955.0       4.3435344E-9   
  4960.0       4.3472084E-9   
  4965.0       4.415222E-9    
  4970.0       4.387E-9       
  4975.0       4.289785E-9    
  4980.0       4.160294E-9    
  4985.0       4.1843884E-9   
  4990.0       4.280022E-9    
  4995.0       4.275121E-9    
  5000.0       4.1796704E-9   
  5005.0       4.061332E-9    
  5010.0       4.0062633E-9   
  5015.0       3.967247E-9    
  5020.0       4.023305E-9    
  5025.0       4.1521546E-9   
  5030.0       4.235518E-9    
  5035.0       4.184236E-9    
  5040.0       4.061048E-9    
  5045.0       4.07505E-9     
  5050.0       4.1409796E-9   
  5055.0       4.2150337E-9   
  5060.0       4.2352335E-9   
  5065.0       4.19684E-9     
  5070.0       4.1424264E-9   
  5075.0       4.053228E-9    
  5080.0       4.012508E-9    
  5085.0       4.1014854E-9   
  5090.0       4.1833794E-9   
  5095.0       4.117783E-9    
  5100.0       4.0665737E-9   
  5105.0       4.0910835E-9   
  5110.0       4.1220587E-9   
  5115.0       4.151988E-9    
  5120.0       4.092434E-9    
  5125.0       4.0040704E-9   
  5130.0       3.9297885E-9   
  5135.0       3.9126795E-9   
  5140.0       3.9135863E-9   
  5145.0       3.907802E-9    
  5150.0       3.919814E-9    
  5155.0       3.950513E-9    
  5160.0       3.9280716E-9   
  5165.0       3.707041E-9    
  5170.0       3.619969E-9    
  5175.0       3.8315147E-9   
  5180.0       3.9224997E-9   
  5185.0       3.801202E-9    
  5190.0       3.7074996E-9   
  5195.0       3.7079944E-9   
  5200.0       3.7596757E-9   
  5205.0       3.7971586E-9   
  5210.0       3.8641566E-9   
  5215.0       3.9231542E-9   
  5220.0       3.929503E-9    
  5225.0       3.7637076E-9   
  5230.0       3.668872E-9    
  5235.0       3.7297045E-9   
  5240.0       3.870037E-9    
  5245.0       3.9152197E-9   
  5250.0       3.9065466E-9   
  5255.0       3.8583114E-9   
  5260.0       3.7806314E-9   
  5265.0       3.628424E-9    
  5270.0       3.5631798E-9   
  5275.0       3.5947085E-9   
  5280.0       3.7148418E-9   
  5285.0       3.8531542E-9   
  5290.0       3.943929E-9    
  5295.0       3.929157E-9    
  5300.0       3.8847072E-9   
  5305.0       3.890554E-9    
  5310.0       3.8867567E-9   
  5315.0       3.8305505E-9   
  5320.0       3.785715E-9    
  5325.0       3.7173553E-9   
  5330.0       3.6880392E-9   
  5335.0       3.6876022E-9   
  5340.0       3.756405E-9    
  5345.0       3.8231214E-9   
  5350.0       3.8513366E-9   
  5355.0       3.879859E-9    
  5360.0       3.8363925E-9   
  5365.0       3.7377883E-9   
  5370.0       3.6894559E-9   
  5375.0       3.7256864E-9   
  5380.0       3.793517E-9    
  5385.0       3.8294994E-9   
  5390.0       3.791543E-9    
  5395.0       3.6851937E-9   
  5400.0       3.6103227E-9   
  5405.0       3.597664E-9    
  5410.0       3.5926229E-9   
  5415.0       3.614822E-9    
  5420.0       3.6257306E-9   
  5425.0       3.628782E-9    
  5430.0       3.634647E-9    
  5435.0       3.7034142E-9   
  5440.0       3.7736463E-9   
  5445.0       3.7098695E-9   
  5450.0       3.635491E-9    
  5455.0       3.6086936E-9   
  5460.0       3.6579533E-9   
  5465.0       3.7052414E-9   
  5470.0       3.6860999E-9   
  5475.0       3.620317E-9    
  5480.0       3.575636E-9    
  5485.0       3.607312E-9    
  5490.0       3.638276E-9    
  5495.0       3.6655228E-9   
  5500.0       3.6589733E-9   
  5505.0       3.5989922E-9   
  5510.0       3.5555991E-9   
  5515.0       3.593585E-9    
  5520.0       3.6202537E-9   
  5525.0       3.5556884E-9   
  5530.0       3.522544E-9    
  5535.0       3.5691339E-9   
  5540.0       3.6155097E-9   
  5545.0       3.648239E-9    
  5550.0       3.6476417E-9   
  5555.0       3.6220218E-9   
  5560.0       3.6146535E-9   
  5565.0       3.5921033E-9   
  5570.0       3.54946E-9     
  5575.0       3.592532E-9    
  5580.0       3.6123675E-9   
  5585.0       3.5159309E-9   
  5590.0       3.4559469E-9   
  5595.0       3.4364116E-9   
  5600.0       3.4378933E-9   
  5605.0       3.534827E-9    
  5610.0       3.6134105E-9   
  5615.0       3.5627417E-9   
  5620.0       3.517929E-9    
  5625.0       3.5266017E-9   
  5630.0       3.5496477E-9   
  5635.0       3.5574816E-9   
  5640.0       3.5391967E-9   
  5645.0       3.548329E-9    
  5650.0       3.5260894E-9   
  5655.0       3.4491638E-9   
  5660.0       3.398817E-9    
  5665.0       3.4242218E-9   
  5670.0       3.466426E-9    
  5675.0       3.487962E-9    
  5680.0       3.4636265E-9   
  5685.0       3.4171017E-9   
  5690.0       3.4376317E-9   
  5695.0       3.47869E-9     
  5700.0       3.462596E-9    
  5705.0       3.3798542E-9   
  5710.0       3.3411391E-9   
  5715.0       3.4015273E-9   
  5720.0       3.4913314E-9   
  5725.0       3.5383567E-9   
  5730.0       3.511109E-9    
  5735.0       3.4807852E-9   
  5740.0       3.4569976E-9   
  5745.0       3.4215426E-9   
  5750.0       3.41928E-9     
  5755.0       3.4186156E-9   
  5760.0       3.4258614E-9   
  5765.0       3.427577E-9    
  5770.0       3.4096146E-9   
  5775.0       3.3843286E-9   
  5780.0       3.3322514E-9   
  5785.0       3.3589516E-9   
  5790.0       3.3945962E-9   
  5795.0       3.3732936E-9   
  5800.0       3.3952448E-9   
  5805.0       3.3967649E-9   
  5810.0       3.378894E-9    
  5815.0       3.3725585E-9   
  5820.0       3.4042384E-9   
  5825.0       3.410499E-9    
  5830.0       3.416565E-9    
  5835.0       3.4249665E-9   
  5840.0       3.4269312E-9   
  5845.0       3.366369E-9    
  5850.0       3.3236425E-9   
  5855.0       3.2837948E-9   
  5860.0       3.2644987E-9   
  5865.0       3.3184349E-9   
  5870.0       3.339405E-9    
  5875.0       3.3401832E-9   
  5880.0       3.290786E-9    
  5885.0       3.1851055E-9   
  5890.0       3.0713745E-9   
  5895.0       3.1118472E-9   
  5900.0       3.2018537E-9   
  5905.0       3.2722018E-9   
  5910.0       3.2707979E-9   
  5915.0       3.2585497E-9   
  5920.0       3.2526535E-9   
  5925.0       3.2435317E-9   
  5930.0       3.2346872E-9   
  5935.0       3.2323038E-9   
  5940.0       3.23749E-9     
  5945.0       3.2346263E-9   
  5950.0       3.2050438E-9   
  5955.0       3.2002463E-9   
  5960.0       3.2203897E-9   
  5965.0       3.2278524E-9   
  5970.0       3.2091534E-9   
  5975.0       3.1907217E-9   
  5980.0       3.178419E-9    
  5985.0       3.1849121E-9   
  5990.0       3.1834064E-9   
  5995.0       3.1792275E-9   
  6000.0       3.1354426E-9   
  6005.0       3.1087255E-9   
  6010.0       3.077841E-9    
  6015.0       3.0649043E-9   
  6020.0       3.0559326E-9   
  6025.0       3.0650316E-9   
  6030.0       3.103348E-9    
  6035.0       3.104901E-9    
  6040.0       3.09555E-9     
  6045.0       3.0859615E-9   
  6050.0       3.0721294E-9   
  6055.0       3.0491736E-9   
  6060.0       3.0488914E-9   
  6065.0       3.052052E-9    
  6070.0       3.0557215E-9   
  6075.0       3.0447969E-9   
  6080.0       3.0237994E-9   
  6085.0       3.0250564E-9   
  6090.0       3.0198728E-9   
  6095.0       3.0100396E-9   
  6100.0       2.9935576E-9   
  6105.0       2.988156E-9    
  6110.0       3.0152272E-9   
  6115.0       3.0038092E-9   
  6120.0       2.9824998E-9   
  6125.0       2.9808582E-9   
  6130.0       2.9732836E-9   
  6135.0       2.9169374E-9   
  6140.0       2.8443126E-9   
  6145.0       2.8503766E-9   
  6150.0       2.873709E-9    
  6155.0       2.8713236E-9   
  6160.0       2.8434457E-9   
  6165.0       2.8324707E-9   
  6170.0       2.861561E-9    
  6175.0       2.892197E-9    
  6180.0       2.9226284E-9   
  6185.0       2.9193563E-9   
  6190.0       2.897253E-9    
  6195.0       2.9019058E-9   
  6200.0       2.921548E-9    
  6205.0       2.9312097E-9   
  6210.0       2.9202643E-9   
  6215.0       2.8956324E-9   
  6220.0       2.88009E-9     
  6225.0       2.869245E-9    
  6230.0       2.8470344E-9   
  6235.0       2.816676E-9    
  6240.0       2.791378E-9    
  6245.0       2.7641807E-9   
  6250.0       2.7502358E-9   
  6255.0       2.7829457E-9   
  6260.0       2.8408007E-9   
  6265.0       2.8694223E-9   
  6270.0       2.857254E-9    
  6275.0       2.801251E-9    
  6280.0       2.7499447E-9   
  6285.0       2.7718932E-9   
  6290.0       2.806229E-9    
  6295.0       2.7879794E-9   
  6300.0       2.7563247E-9   
  6305.0       2.7594995E-9   
  6310.0       2.7893827E-9   
  6315.0       2.7671356E-9   
  6320.0       2.7393496E-9   
  6325.0       2.7673657E-9   
  6330.0       2.7918319E-9   
  6335.0       2.7771894E-9   
  6340.0       2.751398E-9    
  6345.0       2.7379417E-9   
  6350.0       2.7368743E-9   
  6355.0       2.753015E-9    
  6360.0       2.7484612E-9   
  6365.0       2.7265974E-9   
  6370.0       2.715304E-9    
  6375.0       2.7189706E-9   
  6380.0       2.7367713E-9   
  6385.0       2.7398226E-9   
  6390.0       2.7285891E-9   
  6395.0       2.7127487E-9   
  6400.0       2.7027292E-9   
  6405.0       2.6898208E-9   
  6410.0       2.665675E-9    
  6415.0       2.6418725E-9   
  6420.0       2.6354439E-9   
  6425.0       2.6565659E-9   
  6430.0       2.6721492E-9   
  6435.0       2.6582794E-9   
  6440.0       2.6592428E-9   
  6445.0       2.6683016E-9   
  6450.0       2.6569522E-9   
  6455.0       2.609435E-9    
  6460.0       2.5773725E-9   
  6465.0       2.605939E-9    
  6470.0       2.6293565E-9   
  6475.0       2.6268048E-9   
  6480.0       2.614105E-9    
  6485.0       2.5936004E-9   
  6490.0       2.563686E-9    
  6495.0       2.5032425E-9   
  6500.0       2.5042026E-9   
  6505.0       2.5842466E-9   
  6510.0       2.618478E-9    
  6515.0       2.5916285E-9   
  6520.0       2.568489E-9    
  6525.0       2.5665101E-9   
  6530.0       2.5662557E-9   
  6535.0       2.5544409E-9   
  6540.0       2.5284579E-9   
  6545.0       2.4950353E-9   
  6550.0       2.3787408E-9   
  6555.0       2.144315E-9    
  6560.0       1.8943636E-9   
  6565.0       1.8416283E-9   
  6570.0       2.0952828E-9   
  6575.0       2.32817E-9     
  6580.0       2.4350335E-9   
  6585.0       2.4723619E-9   
  6590.0       2.4826434E-9   
  6595.0       2.4958728E-9   
  6600.0       2.5249822E-9   
  6605.0       2.535066E-9    
  6610.0       2.542065E-9    
  6615.0       2.5565616E-9   
  6620.0       2.561105E-9    
  6625.0       2.5457207E-9   
  6630.0       2.5229834E-9   
  6635.0       2.5049645E-9   
  6640.0       2.5096045E-9   
  6645.0       2.5054985E-9   
  6650.0       2.506573E-9    
  6655.0       2.5031708E-9   
  6660.0       2.4988132E-9   
  6665.0       2.4903062E-9   
  6670.0       2.493548E-9    
  6675.0       2.4796751E-9   
  6680.0       2.4628621E-9   
  6685.0       2.476741E-9    
  6690.0       2.4933062E-9   
  6695.0       2.4874636E-9   
  6700.0       2.4699902E-9   
  6705.0       2.4600808E-9   
  6710.0       2.4545628E-9   
  6715.0       2.4394842E-9   
  6720.0       2.4283102E-9   
  6725.0       2.4409887E-9   
  6730.0       2.449024E-9    
  6735.0       2.4451745E-9   
  6740.0       2.4278E-9      
  6745.0       2.4048579E-9   
  6750.0       2.390119E-9    
  6755.0       2.3982065E-9   
  6760.0       2.4049263E-9   
  6765.0       2.4130087E-9   
  6770.0       2.405424E-9    
  6775.0       2.4101225E-9   
  6780.0       2.416281E-9    
  6785.0       2.4084794E-9   
  6790.0       2.4017601E-9   
  6795.0       2.389743E-9    
  6800.0       2.3845987E-9   
  6805.0       2.3882178E-9   
  6810.0       2.3876983E-9   
  6815.0       2.3888684E-9   
  6820.0       2.383763E-9    
  6825.0       2.3744373E-9   
  6830.0       2.3562479E-9   
  6835.0       2.3500497E-9   
  6840.0       2.3483453E-9   
  6845.0       2.3463438E-9   
  6850.0       2.3435536E-9   
  6855.0       2.3409379E-9   
  6860.0       2.3383315E-9   
  6865.0       2.3357636E-9   
  6870.0       2.333318E-9    
  6875.0       2.330817E-9    
  6880.0       2.328367E-9    
  6885.0       2.3258795E-9   
  6890.0       2.3232771E-9   
  6895.0       2.3203248E-9   
  6900.0       2.317294E-9    
  6905.0       2.3142324E-9   
  6910.0       2.3111661E-9   
  6915.0       2.3083129E-9   
  6920.0       2.3059195E-9   
  6925.0       2.3033317E-9   
  6930.0       2.3005922E-9   
  6935.0       2.2978686E-9   
  6940.0       2.2956246E-9   
  6945.0       2.2937556E-9   
  6950.0       2.2912745E-9   
  6955.0       2.2883775E-9   
  6960.0       2.2870075E-9   
  6965.0       2.2866562E-9   
  6970.0       2.2801232E-9   
  6975.0       2.2574171E-9   
  6980.0       2.2299982E-9   
  6985.0       2.2285545E-9   
  6990.0       2.2253206E-9   
  6995.0       2.2149862E-9   
  7000.0       2.1970905E-9   
  7005.0       2.189999E-9    
  7010.0       2.1960733E-9   
  7015.0       2.1877298E-9   
  7020.0       2.1782238E-9   
  7025.0       2.1870223E-9   
  7030.0       2.2012656E-9   
  7035.0       2.2012292E-9   
  7040.0       2.1985267E-9   
  7045.0       2.2043238E-9   
  7050.0       2.2066933E-9   
  7055.0       2.1991844E-9   
  7060.0       2.1853834E-9   
  7065.0       2.1842013E-9   
  7070.0       2.1839752E-9   
  7075.0       2.192911E-9    
  7080.0       2.1937112E-9   
  7085.0       2.181264E-9    
  7090.0       2.1657511E-9   
  7095.0       2.1619748E-9   
  7100.0       2.1663757E-9   
  7105.0       2.1629551E-9   
  7110.0       2.144612E-9    
  7115.0       2.1245374E-9   
  7120.0       2.1213966E-9   
  7125.0       2.1302964E-9   
  7130.0       2.1411737E-9   
  7135.0       2.1531008E-9   
  7140.0       2.1632587E-9   
  7145.0       2.1419657E-9   
  7150.0       2.1241793E-9   
  7155.0       2.1317335E-9   
  7160.0       2.1268263E-9   
  7165.0       2.075471E-9    
  7170.0       2.0306823E-9   
  7175.0       2.0115474E-9   
  7180.0       1.985576E-9    
  7185.0       1.9411006E-9   
  7190.0       1.9170925E-9   
  7195.0       1.9324973E-9   
  7200.0       1.9599997E-9   
  7205.0       1.981815E-9    
  7210.0       2.0260078E-9   
  7215.0       2.0559003E-9   
  7220.0       2.0530746E-9   
  7225.0       2.042001E-9    
  7230.0       2.0285662E-9   
  7235.0       2.0013555E-9   
  7240.0       1.9891158E-9   
  7245.0       1.989387E-9    
  7250.0       1.995599E-9    
  7255.0       1.9948856E-9   
  7260.0       2.0109583E-9   
  7265.0       2.0070976E-9   
  7270.0       2.0073767E-9   
  7275.0       1.9907327E-9   
  7280.0       1.977868E-9    
  7285.0       1.95576E-9     
  7290.0       1.9250392E-9   
  7295.0       1.9466257E-9   
  7300.0       1.9800124E-9   
  7305.0       1.9636408E-9   
  7310.0       1.9461641E-9   
  7315.0       1.961618E-9    
  7320.0       1.9800173E-9   
  7325.0       1.9845663E-9   
  7330.0       1.9874051E-9   
  7335.0       2.007941E-9    
  7340.0       2.0269944E-9   
  7345.0       2.018939E-9    
  7350.0       1.9998316E-9   
  7355.0       1.9855055E-9   
  7360.0       1.9833875E-9   
  7365.0       1.9858828E-9   
  7370.0       1.98875E-9     
  7375.0       1.9859396E-9   
  7380.0       1.9799686E-9   
  7385.0       1.9540598E-9   
  7390.0       1.929425E-9    
  7395.0       1.9452338E-9   
  7400.0       1.9620447E-9   
  7405.0       1.9514206E-9   
  7410.0       1.9202535E-9   
  7415.0       1.905029E-9    
  7420.0       1.9103048E-9   
  7425.0       1.925745E-9    
  7430.0       1.9490438E-9   
  7435.0       1.9547834E-9   
  7440.0       1.9450936E-9   
  7445.0       1.920615E-9    
  7450.0       1.9114026E-9   
  7455.0       1.9257038E-9   
  7460.0       1.9348285E-9   
  7465.0       1.9327706E-9   
  7470.0       1.9349269E-9   
  7475.0       1.9266402E-9   
  7480.0       1.915402E-9    
  7485.0       1.915103E-9    
  7490.0       1.9219835E-9   
  7495.0       1.910383E-9    
  7500.0       1.9064856E-9   
  7505.0       1.8924404E-9   
  7510.0       1.8770117E-9   
  7515.0       1.8793551E-9   
  7520.0       1.8929789E-9   
  7525.0       1.8909894E-9   
  7530.0       1.8859212E-9   
  7535.0       1.8884088E-9   
  7540.0       1.9049518E-9   
  7545.0       1.8990325E-9   
  7550.0       1.892838E-9    
  7555.0       1.8887685E-9   
  7560.0       1.8863544E-9   
  7565.0       1.8839619E-9   
  7570.0       1.881002E-9    
  7575.0       1.8777542E-9   
  7580.0       1.8745745E-9   
  7585.0       1.8716966E-9   
  7590.0       1.86887E-9     
  7595.0       1.8660185E-9   
  7600.0       1.863152E-9    
  7605.0       1.8606685E-9   
  7610.0       1.8580476E-9   
  7615.0       1.855424E-9    
  7620.0       1.8527951E-9   
  7625.0       1.8501626E-9   
  7630.0       1.8475222E-9   
  7635.0       1.8448746E-9   
  7640.0       1.8422207E-9   
  7645.0       1.8395608E-9   
  7650.0       1.836893E-9    
  7655.0       1.834218E-9    
  7660.0       1.8315327E-9   
  7665.0       1.8288339E-9   
  7670.0       1.8260451E-9   
  7675.0       1.8231132E-9   
  7680.0       1.8201688E-9   
  7685.0       1.8174472E-9   
  7690.0       1.8149132E-9   
  7695.0       1.8120728E-9   
  7700.0       1.8088211E-9   
  7705.0       1.8057889E-9   
  7710.0       1.8035756E-9   
  7715.0       1.8026078E-9   
  7720.0       1.800727E-9    
  7725.0       1.7978159E-9   
  7730.0       1.7980016E-9   
  7735.0       1.7997972E-9   
  7740.0       1.7951898E-9   
  7745.0       1.7779025E-9   
  7750.0       1.7652587E-9   
  7755.0       1.7781538E-9   
  7760.0       1.7896246E-9   
  7765.0       1.774752E-9    
  7770.0       1.7344434E-9   
  7775.0       1.68157E-9     
  7780.0       1.689631E-9    
  7785.0       1.7286248E-9   
  7790.0       1.7605336E-9   
  7795.0       1.7618486E-9   
  7800.0       1.7387308E-9   
  7805.0       1.7384694E-9   
  7810.0       1.7490542E-9   
  7815.0       1.7522933E-9   
  7820.0       1.7526061E-9   
  7825.0       1.7449904E-9   
  7830.0       1.735847E-9    
  7835.0       1.722415E-9    
  7840.0       1.7201888E-9   
  7845.0       1.7185119E-9   
  7850.0       1.7146852E-9   
  7855.0       1.714851E-9    
  7860.0       1.7218406E-9   
  7865.0       1.7205881E-9   
  7870.0       1.7159537E-9   
  7875.0       1.7048506E-9   
  7880.0       1.697168E-9    
  7885.0       1.7060467E-9   
  7890.0       1.7109888E-9   
  7895.0       1.6917789E-9   
  7900.0       1.679606E-9    
  7905.0       1.6905498E-9   
  7910.0       1.700337E-9    
  7915.0       1.6908146E-9   
  7920.0       1.6741117E-9   
  7925.0       1.6633637E-9   
  7930.0       1.6547351E-9   
  7935.0       1.6552394E-9   
  7940.0       1.6644104E-9   
  7945.0       1.6536615E-9   
  7950.0       1.6508839E-9   
  7955.0       1.670191E-9    
  7960.0       1.6813452E-9   
  7965.0       1.6835533E-9   
  7970.0       1.6800512E-9   
  7975.0       1.6836296E-9   
  7980.0       1.6886283E-9   
  7985.0       1.6869433E-9   
  7990.0       1.6754916E-9   
  7995.0       1.6529867E-9   
  8000.0       1.6343051E-9   
  8005.0       1.6402878E-9   
  8010.0       1.6456688E-9   
  8015.0       1.650056E-9    
  8020.0       1.646964E-9    
  8025.0       1.6376861E-9   
  8030.0       1.6291166E-9   
  8035.0       1.6346143E-9   
  8040.0       1.6329486E-9   
  8045.0       1.6220195E-9   
  8050.0       1.6103877E-9   
  8055.0       1.6204165E-9   
  8060.0       1.6298828E-9   
  8065.0       1.6367196E-9   
  8070.0       1.6349432E-9   
  8075.0       1.6344552E-9   
  8080.0       1.6316314E-9   
  8085.0       1.6245277E-9   
  8090.0       1.6151356E-9   
  8095.0       1.6058445E-9   
  8100.0       1.6014186E-9   
  8105.0       1.6129527E-9   
  8110.0       1.6177732E-9   
  8115.0       1.617109E-9    
  8120.0       1.615778E-9    
  8125.0       1.6093671E-9   
  8130.0       1.5971935E-9   
  8135.0       1.5779548E-9   
  8140.0       1.5672205E-9   
  8145.0       1.5512485E-9   
  8150.0       1.5335804E-9   
  8155.0       1.517999E-9    
  8160.0       1.5082285E-9   
  8165.0       1.4989858E-9   
  8170.0       1.5054118E-9   
  8175.0       1.5006513E-9   
  8180.0       1.4755525E-9   
  8185.0       1.4696003E-9   
  8190.0       1.4716965E-9   
  8195.0       1.4575706E-9   
  8200.0       1.4563293E-9   
  8205.0       1.5138054E-9   
  8210.0       1.5616121E-9   
  8215.0       1.5470335E-9   
  8220.0       1.4949392E-9   
  8225.0       1.4121181E-9   
  8230.0       1.3651811E-9   
  8235.0       1.4233067E-9   
  8240.0       1.5052672E-9   
  8245.0       1.5257345E-9   
  8250.0       1.51029E-9     
  8255.0       1.4977088E-9   
  8260.0       1.498205E-9    
  8265.0       1.5253988E-9   
  8270.0       1.5336654E-9   
  8275.0       1.5015147E-9   
  8280.0       1.4697661E-9   
  8285.0       1.4640903E-9   
  8290.0       1.4692031E-9   
  8295.0       1.4777854E-9   
  8300.0       1.4830495E-9   
  8305.0       1.4833801E-9   
  8310.0       1.4800341E-9   
  8315.0       1.4723243E-9   
  8320.0       1.460435E-9    
  8325.0       1.4608051E-9   
  8330.0       1.4535231E-9   
  8335.0       1.4345736E-9   
  8340.0       1.4304715E-9   
  8345.0       1.4524384E-9   
  8350.0       1.4747428E-9   
  8355.0       1.4799857E-9   
  8360.0       1.4757898E-9   
  8365.0       1.4877521E-9   
  8370.0       1.4959843E-9   
  8375.0       1.483401E-9    
  8380.0       1.4744178E-9   
  8385.0       1.4706794E-9   
  8390.0       1.4660103E-9   
  8395.0       1.4699523E-9   
  8400.0       1.4816474E-9   
  8405.0       1.4908779E-9   
  8410.0       1.4845792E-9   
  8415.0       1.4678532E-9   
  8420.0       1.462683E-9    
  8425.0       1.485519E-9    
  8430.0       1.4970475E-9   
  8435.0       1.4645609E-9   
  8440.0       1.4217499E-9   
  8445.0       1.4072069E-9   
  8450.0       1.4275449E-9   
  8455.0       1.4749493E-9   
  8460.0       1.4798174E-9   
  8465.0       1.4300761E-9   
  8470.0       1.3833276E-9   
  8475.0       1.4162616E-9   
  8480.0       1.4802792E-9   
  8485.0       1.5118927E-9   
  8490.0       1.4832077E-9   
  8495.0       1.3771364E-9   
  8500.0       1.2739227E-9   
  8505.0       1.296149E-9    
  8510.0       1.374115E-9    
  8515.0       1.4142951E-9   
  8520.0       1.4369578E-9   
  8525.0       1.447357E-9    
  8530.0       1.4344255E-9   
  8535.0       1.3780563E-9   
  8540.0       1.2501995E-9   
  8545.0       1.1247561E-9   
  8550.0       1.1584028E-9   
  8555.0       1.2723728E-9   
  8560.0       1.3761641E-9   
  8565.0       1.4214193E-9   
  8570.0       1.4124375E-9   
  8575.0       1.4048118E-9   
  8580.0       1.4006196E-9   
  8585.0       1.3823787E-9   
  8590.0       1.3341541E-9   
  8595.0       1.2572042E-9   
  8600.0       1.2241804E-9   
  8605.0       1.3092482E-9   
  8610.0       1.4122276E-9   
  8615.0       1.4549425E-9   
  8620.0       1.4642639E-9   
  8625.0       1.4732597E-9   
  8630.0       1.4887613E-9   
  8635.0       1.496978E-9    
  8640.0       1.4881402E-9   
  8645.0       1.4698451E-9   
  8650.0       1.4451762E-9   
  8655.0       1.4067475E-9   
  8660.0       1.3092091E-9   
  8665.0       1.183833E-9    
  8670.0       1.1873663E-9   
  8675.0       1.283056E-9    
  8680.0       1.3695755E-9   
  8685.0       1.3980099E-9   
  8690.0       1.3926063E-9   
  8695.0       1.4031639E-9   
  8700.0       1.4360961E-9   
  8705.0       1.4538446E-9   
  8710.0       1.4492718E-9   
  8715.0       1.4287453E-9   
  8720.0       1.4104484E-9   
  8725.0       1.3951851E-9   
  8730.0       1.3773233E-9   
  8735.0       1.3499476E-9   
  8740.0       1.3097288E-9   
  8745.0       1.260132E-9    
  8750.0       1.201696E-9    
  8755.0       1.1833697E-9   
  8760.0       1.2160959E-9   
  8765.0       1.2667031E-9   
  8770.0       1.3114166E-9   
  8775.0       1.3190627E-9   
  8780.0       1.3191761E-9   
  8785.0       1.3220836E-9   
  8790.0       1.3302022E-9   
  8795.0       1.333819E-9    
  8800.0       1.3828099E-9   
  8805.0       1.3800677E-9   
  8810.0       1.368229E-9    
  8815.0       1.3885958E-9   
  8820.0       1.3952856E-9   
  8825.0       1.3634881E-9   
  8830.0       1.3663173E-9   
  8835.0       1.366881E-9    
  8840.0       1.3575578E-9   
  8845.0       1.3395904E-9   
  8850.0       1.3124205E-9   
  8855.0       1.2761499E-9   
  8860.0       1.2075392E-9   
  8865.0       1.1563646E-9   
  8870.0       1.2030843E-9   
  8875.0       1.2684404E-9   
  8880.0       1.3043031E-9   
  8885.0       1.3239875E-9   
  8890.0       1.3369024E-9   
  8895.0       1.3504383E-9   
  8900.0       1.3605402E-9   
  8905.0       1.359458E-9    
  8910.0       1.3507396E-9   
  8915.0       1.3426229E-9   
  8920.0       1.3564678E-9   
  8925.0       1.3318733E-9   
  8930.0       1.3137132E-9   
  8935.0       1.3383809E-9   
  8940.0       1.3561943E-9   
  8945.0       1.3503709E-9   
  8950.0       1.3328022E-9   
  8955.0       1.341473E-9    
  8960.0       1.3387643E-9   
  8965.0       1.3202416E-9   
  8970.0       1.3145114E-9   
  8975.0       1.3105956E-9   
  8980.0       1.2981799E-9   
  8985.0       1.2720895E-9   
  8990.0       1.2273961E-9   
  8995.0       1.2436981E-9   
  9000.0       1.236183E-9    
  9005.0       1.2027859E-9   
  9010.0       1.1501007E-9   
  9015.0       1.0827657E-9   
  9020.0       1.110473E-9    
  9025.0       1.1801424E-9   
  9030.0       1.26143E-9     
  9035.0       1.3176613E-9   
  9040.0       1.3505668E-9   
  9045.0       1.3578657E-9   
  9050.0       1.3677316E-9   
  9055.0       1.3536875E-9   
  9060.0       1.3155841E-9   
  9065.0       1.2719973E-9   
  9070.0       1.2729847E-9   
  9075.0       1.2609515E-9   
  9080.0       1.2372642E-9   
  9085.0       1.2334618E-9   
  9090.0       1.2101878E-9   
  9095.0       1.206209E-9    
  9100.0       1.2356799E-9   
  9105.0       1.2648576E-9   
  9110.0       1.2644765E-9   
  9115.0       1.2598689E-9   
  9120.0       1.2717942E-9   
  9125.0       1.2805401E-9   
  9130.0       1.2566284E-9   
  9135.0       1.2428356E-9   
  9140.0       1.2630046E-9   
  9145.0       1.2836125E-9   
  9150.0       1.2721907E-9   
  9155.0       1.2254815E-9   
  9160.0       1.2363615E-9   
  9165.0       1.2629229E-9   
  9170.0       1.2715752E-9   
  9175.0       1.2520601E-9   
  9180.0       1.2531044E-9   
  9185.0       1.2764172E-9   
  9190.0       1.2903757E-9   
  9195.0       1.2805476E-9   
  9200.0       1.2825678E-9   
  9205.0       1.2757109E-9   
  9210.0       1.2296303E-9   
  9215.0       1.1791796E-9   
  9220.0       1.1507753E-9   
  9225.0       1.1246043E-9   
  9230.0       1.0751026E-9   
  9235.0       1.1029837E-9   
  9240.0       1.1548004E-9   
  9245.0       1.1949309E-9   
  9250.0       1.2288084E-9   
  9255.0       1.2505453E-9   
  9260.0       1.2544278E-9   
  9265.0       1.284338E-9    
  9270.0       1.3234969E-9   
  9275.0       1.3432687E-9   
  9280.0       1.3263576E-9   
  9285.0       1.3353845E-9   
  9290.0       1.3285185E-9   
  9295.0       1.306722E-9    
  9300.0       1.2804631E-9   
  9305.0       1.2499208E-9   
  9310.0       1.2168271E-9   
  9315.0       1.1631746E-9   
  9320.0       1.1171208E-9   
  9325.0       1.1180199E-9   
  9330.0       1.1119304E-9   
  9335.0       1.0706159E-9   
  9340.0       1.0411942E-9   
  9345.0       1.007262E-9    
  9350.0       1.1066432E-9   
  9355.0       1.0786759E-9   
  9360.0       1.1037147E-9   
  9365.0       1.1540092E-9   
  9370.0       1.1207011E-9   
  9375.0       1.1428547E-9   
  9380.0       1.1582348E-9   
  9385.0       1.2076037E-9   
  9390.0       1.3133014E-9   
  9395.0       1.3845359E-9   
  9400.0       1.3482415E-9   
  9405.0       1.2974358E-9   
  9410.0       1.2614E-9      
  9415.0       1.2605444E-9   
  9420.0       1.2285766E-9   
  9425.0       1.193457E-9    
  9430.0       1.1254947E-9   
  9435.0       1.1549819E-9   
  9440.0       1.0644352E-9   
  9445.0       1.0732232E-9   
  9450.0       1.1775411E-9   
  9455.0       1.1526348E-9   
  9460.0       1.1227849E-9   
  9465.0       1.1706767E-9   
  9470.0       1.2211346E-9   
  9475.0       1.2133596E-9   
  9480.0       1.175548E-9    
  9485.0       1.186961E-9    
  9490.0       1.2333056E-9   
  9495.0       1.1496896E-9   
  9500.0       1.1096425E-9   
  9505.0       1.2021446E-9   
  9510.0       1.268589E-9    
  9515.0       1.2304799E-9   
  9520.0       1.1305408E-9   
  9525.0       1.0997206E-9   
  9530.0       1.136713E-9    
  9535.0       1.1367566E-9   
  9540.0       1.0848964E-9   
  9545.0       9.968749E-10   
  9550.0       9.918448E-10   
  9555.0       1.037939E-9    
  9560.0       1.0603035E-9   
  9565.0       1.0825447E-9   
  9570.0       1.1297844E-9   
  9575.0       1.19737E-9     
  9580.0       1.1899121E-9   
  9585.0       1.1410037E-9   
  9590.0       1.132875E-9    
  9595.0       1.1141765E-9   
  9600.0       1.1609605E-9   
  9605.0       1.1632523E-9   
  9610.0       1.1704235E-9   
  9615.0       1.1673066E-9   
  9620.0       1.1257321E-9   
  9625.0       1.1069203E-9   
  9630.0       1.1341472E-9   
  9635.0       1.1316994E-9   
  9640.0       1.1490532E-9   
  9645.0       1.1280461E-9   
  9650.0       1.1239825E-9   
  9655.0       1.1166381E-9   
  9660.0       1.0869834E-9   
  9665.0       1.0792743E-9   
  9670.0       1.116394E-9    
  9675.0       1.144801E-9    
  9680.0       1.1421245E-9   
  9685.0       1.1456235E-9   
  9690.0       1.1612253E-9   
  9695.0       1.1625001E-9   
  9700.0       1.1549993E-9   
  9705.0       1.1505221E-9   
  9710.0       1.1528366E-9   
  9715.0       1.1499564E-9   
  9720.0       1.1494606E-9   
  9725.0       1.152578E-9    
  9730.0       1.1259184E-9   
  9735.0       1.0914499E-9   
  9740.0       1.0820923E-9   
  9745.0       1.0771992E-9   
  9750.0       1.0717883E-9   
  9755.0       1.0724539E-9   
  9760.0       1.0764558E-9   
  9765.0       1.0977254E-9   
  9770.0       1.1161388E-9   
  9775.0       1.1256425E-9   
  9780.0       1.0925744E-9   
  9785.0       1.0853967E-9   
  9790.0       1.0984196E-9   
  9795.0       1.0843094E-9   
  9800.0       1.0770568E-9   
  9805.0       1.0754169E-9   
  9810.0       1.0988781E-9   
  9815.0       1.1090089E-9   
  9820.0       1.1058512E-9   
  9825.0       1.0757393E-9   
  9830.0       1.0980019E-9   
  9835.0       1.1027697E-9   
  9840.0       1.0945435E-9   
  9845.0       1.0850929E-9   
  9850.0       1.0730542E-9   
  9855.0       1.0684208E-9   
  9860.0       1.0753048E-9   
  9865.0       1.0940833E-9   
  9870.0       1.0864903E-9   
  9875.0       1.0671329E-9   
  9880.0       1.069656E-9    
  9885.0       1.0501229E-9   
  9890.0       1.0531662E-9   
  9895.0       1.0621934E-9   
  9900.0       1.0716511E-9   
  9905.0       1.0759482E-9   
  9910.0       1.0790776E-9   
  9915.0       1.0627099E-9   
  9920.0       1.0730092E-9   
  9925.0       1.0819826E-9   
  9930.0       1.0764711E-9   
  9935.0       1.0703263E-9   
  9940.0       1.0604706E-9   
  9945.0       1.0493583E-9   
  9950.0       1.0497433E-9   
  9955.0       1.0584252E-9   
  9960.0       1.0839484E-9   
  9965.0       1.0569359E-9   
  9970.0       1.0581315E-9   
  9975.0       1.063061E-9    
  9980.0       1.0352694E-9   
  9985.0       1.0542279E-9   
  9990.0       1.0708431E-9   
  9995.0       1.0563213E-9   
  10000.0      1.0335942E-9   
  10005.0      1.0404801E-9   
  10010.0      1.0399578E-9   
  10015.0      1.0211512E-9   
  10020.0      1.0058989E-9   
  10025.0      1.0003286E-9   
  10030.0      9.929981E-10   
  10035.0      9.914817E-10   
  10040.0      9.761983E-10   
  10045.0      9.628486E-10   
  10050.0      9.503399E-10   
  10055.0      9.461643E-10   
  10060.0      9.713431E-10   
  10065.0      9.614343E-10   
  10070.0      9.760983E-10   
  10075.0      9.867321E-10   
  10080.0      1.0043878E-9   
  10085.0      1.0124532E-9   
  10090.0      1.0211726E-9   
  10095.0      1.0369142E-9   
  10100.0      1.0210992E-9   
  10105.0      1.0216081E-9   
  10110.0      1.0230508E-9   
  10115.0      1.0038929E-9   
  10120.0      1.0025786E-9   
  10125.0      1.0097568E-9   
  10130.0      1.0201407E-9   
  10135.0      1.0045528E-9   
  10140.0      1.0314317E-9   
  10145.0      1.037694E-9    
  10150.0      1.0091101E-9   
  10155.0      1.0024329E-9   
  10160.0      1.0006966E-9   
  10165.0      9.992668E-10   
  10170.0      9.980946E-10   
  10175.0      9.971352E-10   
  10180.0      9.963299E-10   
  10185.0      9.956295E-10   
  10190.0      9.949874E-10   
  10195.0      9.943522E-10   
  10200.0      9.936699E-10   
  10205.0      9.929069E-10   
  10210.0      9.920534E-10   
  10215.0      9.911199E-10   
  10220.0      9.901124E-10   
  10225.0      9.890376E-10   
  10230.0      9.878987E-10   
  10235.0      9.867084E-10   
  10240.0      9.854677E-10   
  10245.0      9.841887E-10   
  10250.0      9.828731E-10   
  10255.0      9.815339E-10   
  10260.0      9.80168E-10    
  10265.0      9.787791E-10   
  10270.0      9.773646E-10   
  10275.0      9.759317E-10   
  10280.0      9.744753E-10   
  10285.0      9.730011E-10   
  10290.0      9.715101E-10   
  10295.0      9.700007E-10   
  10300.0      9.684754E-10   
  10305.0      9.669379E-10   
  10310.0      9.653953E-10   
  10315.0      9.638578E-10   
  10320.0      9.62337E-10    
  10325.0      9.608416E-10   
  10330.0      9.593819E-10   
  10335.0      9.579644E-10   
  10340.0      9.566044E-10   
  10345.0      9.553072E-10   
  10350.0      9.540857E-10   
  10355.0      9.529427E-10   
  10360.0      9.518619E-10   
  10365.0      9.508299E-10   
  10370.0      9.49824E-10    
  10375.0      9.488286E-10   
  10380.0      9.478167E-10   
  10385.0      9.467731E-10   
  10390.0      9.456794E-10   
  10395.0      9.445155E-10   
  10400.0      9.432616E-10   
  10405.0      9.41913E-10    
  10410.0      9.404753E-10   
  10415.0      9.389833E-10   
  10420.0      9.374512E-10   
  10425.0      9.359082E-10   
  10430.0      9.343791E-10   
  10435.0      9.3289E-10     
  10440.0      9.314616E-10   
  10445.0      9.3012364E-10  
  10450.0      9.2889046E-10  
  10455.0      9.2778657E-10  
  10460.0      9.268038E-10   
  10465.0      9.2593044E-10  
  10470.0      9.251527E-10   
  10475.0      9.2445207E-10  
  10480.0      9.238214E-10   
  10485.0      9.23238E-10    
  10490.0      9.226981E-10   
  10495.0      9.221799E-10   
  10500.0      9.216729E-10   
  10505.0      9.211675E-10   
  10510.0      9.20659E-10    
  10515.0      9.201452E-10   
  10520.0      9.196284E-10   
  10525.0      9.191092E-10   
  10530.0      9.1858776E-10  
  10535.0      9.18062E-10    
  10540.0      9.175303E-10   
  10545.0      9.1700075E-10  
  10550.0      9.1646263E-10  
  10555.0      9.159228E-10   
  10560.0      9.1538255E-10  
  10565.0      9.1483504E-10  
  10570.0      9.1428454E-10  
  10575.0      9.137333E-10   
  10580.0      9.1317903E-10  
  10585.0      9.126184E-10   
  10590.0      9.120565E-10   
  10595.0      9.114919E-10   
  10600.0      9.109231E-10   
  10605.0      9.1035257E-10  
  10610.0      9.097775E-10   
  10615.0      9.0919827E-10  
  10620.0      6.814834E-10   
