# WAVELENGTH   FLUX           
  1150.0       3.7209544E-10  
  1155.0       2.36941E-10    
  1160.0       6.8441516E-11  
  1165.0       6.9174874E-12  
  1170.0       0.0            
  1175.0       0.0            
  1180.0       0.0            
  1185.0       0.0            
  1190.0       0.0            
  1195.0       3.082656E-12   
  1200.0       1.9666902E-11  
  1205.0       1.5500025E-11  
  1210.0       5.591659E-11   
  1215.0       1.6752287E-10  
  1220.0       1.07544404E-10 
  1225.0       1.37537915E-11 
  1230.0       0.0            
  1235.0       0.0            
  1240.0       0.0            
  1245.0       2.4698156E-12  
  1250.0       1.5951665E-11  
  1255.0       1.1302369E-11  
  1260.0       1.1512184E-11  
  1265.0       1.7147963E-12  
  1270.0       0.0            
  1275.0       0.0            
  1280.0       0.0            
  1285.0       0.0            
  1290.0       0.0            
  1295.0       0.0            
  1300.0       2.855828E-14   
  1305.0       2.4878953E-12  
  1310.0       1.5068977E-11  
  1315.0       1.3469567E-11  
  1320.0       2.7660724E-11  
  1325.0       1.7449705E-11  
  1330.0       2.2292671E-12  
  1335.0       2.6984853E-12  
  1340.0       2.0540033E-11  
  1345.0       2.9037188E-11  
  1350.0       4.376858E-12   
  1355.0       0.0            
  1360.0       2.1816656E-13  
  1365.0       2.4815703E-12  
  1370.0       7.504836E-12   
  1375.0       4.6101755E-12  
  1380.0       1.37225075E-11 
  1385.0       1.31292945E-11 
  1390.0       3.3424032E-12  
  1395.0       2.533506E-13   
  1400.0       1.6684173E-13  
  1405.0       1.8026904E-12  
  1410.0       5.275942E-12   
  1415.0       2.5704545E-12  
  1420.0       7.174459E-13   
  1425.0       5.889544E-12   
  1430.0       2.2329697E-11  
  1435.0       1.6468313E-11  
  1440.0       1.638782E-11   
  1445.0       1.0722975E-11  
  1450.0       1.6735628E-12  
  1455.0       1.5255703E-12  
  1460.0       3.8435323E-12  
  1465.0       2.3083766E-11  
  1470.0       1.3355217E-11  
  1475.0       2.3469033E-12  
  1480.0       1.2315715E-13  
  1485.0       2.9213662E-13  
  1490.0       2.9221603E-12  
  1495.0       9.8877954E-12  
  1500.0       1.82834E-11    
  1505.0       1.419139E-11   
  1510.0       1.3677731E-11  
  1515.0       3.5084113E-11  
  1520.0       3.6292407E-11  
  1525.0       2.1180809E-11  
  1530.0       9.428681E-12   
  1535.0       1.0855894E-11  
  1540.0       1.8316591E-11  
  1545.0       1.8679143E-11  
  1550.0       1.3824416E-11  
  1555.0       2.555397E-11   
  1560.0       4.8623806E-11  
  1565.0       4.31159E-11    
  1570.0       3.6445423E-11  
  1575.0       4.0076727E-11  
  1580.0       3.4920733E-11  
  1585.0       5.9907504E-12  
  1590.0       1.2267109E-11  
  1595.0       4.0278697E-11  
  1600.0       2.7758114E-11  
  1605.0       2.829543E-11   
  1610.0       2.5514481E-11  
  1615.0       6.9042827E-12  
  1620.0       5.579148E-13   
  1625.0       0.0            
  1630.0       0.0            
  1635.0       0.0            
  1640.0       3.1184044E-12  
  1645.0       2.1347481E-11  
  1650.0       2.2324797E-11  
  1655.0       2.269566E-11   
  1660.0       1.1525342E-11  
  1665.0       1.4013312E-12  
  1670.0       4.717033E-13   
  1675.0       6.8601973E-12  
  1680.0       3.112092E-11   
  1685.0       5.1436057E-11  
  1690.0       6.796641E-11   
  1695.0       8.600031E-11   
  1700.0       1.2997761E-10  
  1705.0       1.6963998E-10  
  1710.0       1.872939E-10   
  1715.0       2.0737351E-10  
  1720.0       2.1313577E-10  
  1725.0       2.203546E-10   
  1730.0       2.5545646E-10  
  1735.0       2.6288205E-10  
  1740.0       2.588472E-10   
  1745.0       2.684667E-10   
  1750.0       3.273977E-10   
  1755.0       3.3945052E-10  
  1760.0       2.975573E-10   
  1765.0       2.8751818E-10  
  1770.0       3.3991002E-10  
  1775.0       4.1461468E-10  
  1780.0       4.353177E-10   
  1785.0       4.190821E-10   
  1790.0       4.4389672E-10  
  1795.0       4.7907195E-10  
  1800.0       4.677883E-10   
  1805.0       4.0875323E-10  
  1810.0       4.0668505E-10  
  1815.0       4.3410953E-10  
  1820.0       4.3524767E-10  
  1825.0       4.2592918E-10  
  1830.0       3.8770598E-10  
  1835.0       3.7623213E-10  
  1840.0       3.7812586E-10  
  1845.0       3.5363742E-10  
  1850.0       3.189962E-10   
  1855.0       3.2878222E-10  
  1860.0       3.653542E-10   
  1865.0       4.0057563E-10  
  1870.0       4.404726E-10   
  1875.0       4.2561174E-10  
  1880.0       4.4400064E-10  
  1885.0       4.785903E-10   
  1890.0       4.6299323E-10  
  1895.0       4.4563403E-10  
  1900.0       4.1369783E-10  
  1905.0       4.2040285E-10  
  1910.0       4.550384E-10   
  1915.0       5.009288E-10   
  1920.0       5.146382E-10   
  1925.0       4.383024E-10   
  1930.0       3.3920658E-10  
  1935.0       3.3146508E-10  
  1940.0       4.4603615E-10  
  1945.0       5.5637E-10     
  1950.0       5.9632554E-10  
  1955.0       6.117567E-10   
  1960.0       6.301943E-10   
  1965.0       6.434291E-10   
  1970.0       6.335102E-10   
  1975.0       7.0423894E-10  
  1980.0       7.043088E-10   
  1985.0       7.105097E-10   
  1990.0       6.3855476E-10  
  1995.0       5.9176875E-10  
  2000.0       6.2656436E-10  
  2005.0       6.2912986E-10  
  2010.0       5.9173183E-10  
  2015.0       6.062187E-10   
  2020.0       6.1477634E-10  
  2025.0       6.088465E-10   
  2030.0       6.12138E-10    
  2035.0       6.5060823E-10  
  2040.0       6.6402484E-10  
  2045.0       6.614402E-10   
  2050.0       7.1360684E-10  
  2055.0       7.5429474E-10  
  2060.0       7.4366224E-10  
  2065.0       7.186779E-10   
  2070.0       7.3999E-10     
  2075.0       7.995282E-10   
  2080.0       8.933758E-10   
  2085.0       9.1842445E-10  
  2090.0       8.718414E-10   
  2095.0       8.4326074E-10  
  2100.0       8.303053E-10   
  2105.0       8.0368573E-10  
  2110.0       7.870129E-10   
  2115.0       7.894072E-10   
  2120.0       7.9891427E-10  
  2125.0       8.523789E-10   
  2130.0       8.0732815E-10  
  2135.0       6.580068E-10   
  2140.0       6.0761995E-10  
  2145.0       6.8355605E-10  
  2150.0       7.512215E-10   
  2155.0       7.605351E-10   
  2160.0       7.539897E-10   
  2165.0       7.1415085E-10  
  2170.0       6.692696E-10   
  2175.0       6.3050537E-10  
  2180.0       6.5122824E-10  
  2185.0       7.369581E-10   
  2190.0       8.2487395E-10  
  2195.0       8.7908547E-10  
  2200.0       9.36023E-10    
  2205.0       9.301494E-10   
  2210.0       8.319374E-10   
  2215.0       7.313901E-10   
  2220.0       6.97184E-10    
  2225.0       6.839519E-10   
  2230.0       6.907566E-10   
  2235.0       7.4826456E-10  
  2240.0       8.04258E-10    
  2245.0       7.39945E-10    
  2250.0       6.7175154E-10  
  2255.0       6.6661665E-10  
  2260.0       6.593548E-10   
  2265.0       6.502214E-10   
  2270.0       6.3684563E-10  
  2275.0       6.284401E-10   
  2280.0       6.639767E-10   
  2285.0       7.200294E-10   
  2290.0       8.008817E-10   
  2295.0       7.4902157E-10  
  2300.0       6.53389E-10    
  2305.0       6.2675964E-10  
  2310.0       6.8157235E-10  
  2315.0       7.0108136E-10  
  2320.0       6.8424805E-10  
  2325.0       7.0327355E-10  
  2330.0       6.8226225E-10  
  2335.0       6.1859773E-10  
  2340.0       5.275589E-10   
  2345.0       4.6252988E-10  
  2350.0       4.175112E-10   
  2355.0       5.48342E-10    
  2360.0       7.0294254E-10  
  2365.0       6.7865324E-10  
  2370.0       7.171429E-10   
  2375.0       7.987573E-10   
  2380.0       7.0378947E-10  
  2385.0       5.353506E-10   
  2390.0       4.948213E-10   
  2395.0       5.697831E-10   
  2400.0       5.5418686E-10  
  2405.0       4.9339755E-10  
  2410.0       4.973437E-10   
  2415.0       5.710391E-10   
  2420.0       6.9278433E-10  
  2425.0       8.960946E-10   
  2430.0       1.0473047E-9   
  2435.0       1.0160486E-9   
  2440.0       1.0407684E-9   
  2445.0       1.0250332E-9   
  2450.0       9.058947E-10   
  2455.0       7.8466833E-10  
  2460.0       8.0540896E-10  
  2465.0       9.17074E-10    
  2470.0       8.967517E-10   
  2475.0       7.9185947E-10  
  2480.0       7.719198E-10   
  2485.0       7.592731E-10   
  2490.0       7.4353257E-10  
  2495.0       8.085743E-10   
  2500.0       1.0463111E-9   
  2505.0       1.153063E-9    
  2510.0       1.0153951E-9   
  2515.0       8.717381E-10   
  2520.0       7.886358E-10   
  2525.0       7.5264583E-10  
  2530.0       7.1901396E-10  
  2535.0       7.385292E-10   
  2540.0       7.5845924E-10  
  2545.0       7.5396156E-10  
  2550.0       7.746664E-10   
  2555.0       8.628964E-10   
  2560.0       8.8612173E-10  
  2565.0       8.981686E-10   
  2570.0       1.0049278E-9   
  2575.0       1.0301816E-9   
  2580.0       9.396288E-10   
  2585.0       9.258803E-10   
  2590.0       9.558089E-10   
  2595.0       9.5176E-10     
  2600.0       8.3677437E-10  
  2605.0       7.942998E-10   
  2610.0       7.4201E-10     
  2615.0       7.195931E-10   
  2620.0       8.479074E-10   
  2625.0       9.014463E-10   
  2630.0       8.644418E-10   
  2635.0       9.491425E-10   
  2640.0       1.3212194E-9   
  2645.0       1.5797347E-9   
  2650.0       1.6418665E-9   
  2655.0       1.6735817E-9   
  2660.0       1.6244499E-9   
  2665.0       1.436136E-9    
  2670.0       1.3588047E-9   
  2675.0       1.3477245E-9   
  2680.0       1.3646055E-9   
  2685.0       1.3484698E-9   
  2690.0       1.2970723E-9   
  2695.0       1.2050881E-9   
  2700.0       1.1896977E-9   
  2705.0       1.2756174E-9   
  2710.0       1.3516175E-9   
  2715.0       1.3717317E-9   
  2720.0       1.2990028E-9   
  2725.0       1.2598973E-9   
  2730.0       1.2923307E-9   
  2735.0       1.298505E-9    
  2740.0       1.1432778E-9   
  2745.0       9.555847E-10   
  2750.0       8.994338E-10   
  2755.0       9.0688673E-10  
  2760.0       9.871046E-10   
  2765.0       1.0680035E-9   
  2770.0       1.174157E-9    
  2775.0       1.2828081E-9   
  2780.0       1.2514413E-9   
  2785.0       1.1921174E-9   
  2790.0       1.0936633E-9   
  2795.0       8.311293E-10   
  2800.0       5.6585886E-10  
  2805.0       6.032E-10      
  2810.0       8.751935E-10   
  2815.0       1.1983053E-9   
  2820.0       1.4271782E-9   
  2825.0       1.5426215E-9   
  2830.0       1.5678141E-9   
  2835.0       1.522047E-9    
  2840.0       1.4435625E-9   
  2845.0       1.3490826E-9   
  2850.0       1.313127E-9    
  2855.0       1.2598202E-9   
  2860.0       1.3728649E-9   
  2865.0       1.4796023E-9   
  2870.0       1.4417918E-9   
  2875.0       1.4106234E-9   
  2880.0       1.4292512E-9   
  2885.0       1.4891234E-9   
  2890.0       1.462688E-9    
  2895.0       1.446909E-9    
  2900.0       1.5783287E-9   
  2905.0       1.7418691E-9   
  2910.0       1.789905E-9    
  2915.0       1.8051765E-9   
  2920.0       1.8188725E-9   
  2925.0       1.7293919E-9   
  2930.0       1.6541564E-9   
  2935.0       1.714126E-9    
  2940.0       1.7676584E-9   
  2945.0       1.7467258E-9   
  2950.0       1.7005792E-9   
  2955.0       1.7542432E-9   
  2960.0       1.8884163E-9   
  2965.0       1.8483549E-9   
  2970.0       1.7122118E-9   
  2975.0       1.6736924E-9   
  2980.0       1.6952136E-9   
  2985.0       1.6453856E-9   
  2990.0       1.7238614E-9   
  2995.0       1.8110411E-9   
  3000.0       1.8364854E-9   
  3005.0       1.805822E-9    
  3010.0       1.9170194E-9   
  3015.0       1.9388675E-9   
  3020.0       1.8539086E-9   
  3025.0       1.8306346E-9   
  3030.0       1.8408062E-9   
  3035.0       1.8273857E-9   
  3040.0       1.8169801E-9   
  3045.0       1.8748898E-9   
  3050.0       1.8697506E-9   
  3055.0       1.8692492E-9   
  3060.0       1.7989022E-9   
  3065.0       1.8204307E-9   
  3070.0       1.8974446E-9   
  3075.0       1.9029227E-9   
  3080.0       1.8986894E-9   
  3085.0       1.9505506E-9   
  3090.0       1.9217938E-9   
  3095.0       1.8791944E-9   
  3100.0       1.9030442E-9   
  3105.0       1.9464197E-9   
  3110.0       1.9848325E-9   
  3115.0       1.9667066E-9   
  3120.0       1.8103697E-9   
  3125.0       1.7143991E-9   
  3130.0       1.7840528E-9   
  3135.0       1.8806938E-9   
  3140.0       1.9969792E-9   
  3145.0       2.0096258E-9   
  3150.0       1.954264E-9    
  3155.0       1.9768813E-9   
  3160.0       2.1423858E-9   
  3165.0       2.0690265E-9   
  3170.0       2.054229E-9    
  3175.0       2.1015027E-9   
  3180.0       2.0169746E-9   
  3185.0       1.9279855E-9   
  3190.0       2.0034385E-9   
  3195.0       2.0521387E-9   
  3200.0       2.1046833E-9   
  3205.0       2.1562219E-9   
  3210.0       2.176835E-9    
  3215.0       2.124904E-9    
  3220.0       2.0235922E-9   
  3225.0       1.9240378E-9   
  3230.0       1.8797577E-9   
  3235.0       1.924235E-9    
  3240.0       2.0359876E-9   
  3245.0       2.1620203E-9   
  3250.0       2.223872E-9    
  3255.0       2.179687E-9    
  3260.0       2.1053466E-9   
  3265.0       2.0813147E-9   
  3270.0       2.084438E-9    
  3275.0       2.0766375E-9   
  3280.0       2.0855908E-9   
  3285.0       2.1453874E-9   
  3290.0       2.237624E-9    
  3295.0       2.32344E-9     
  3300.0       2.3658542E-9   
  3305.0       2.3472555E-9   
  3310.0       2.297035E-9    
  3315.0       2.2505122E-9   
  3320.0       2.2125664E-9   
  3325.0       2.1791497E-9   
  3330.0       2.1541384E-9   
  3335.0       2.1430162E-9   
  3340.0       2.14625E-9     
  3345.0       2.1613984E-9   
  3350.0       2.1829336E-9   
  3355.0       2.1980755E-9   
  3360.0       2.1802598E-9   
  3365.0       2.1250706E-9   
  3370.0       2.0973494E-9   
  3375.0       2.148054E-9    
  3380.0       2.223578E-9    
  3385.0       2.2551538E-9   
  3390.0       2.2412487E-9   
  3395.0       2.2161306E-9   
  3400.0       2.2427376E-9   
  3405.0       2.3490199E-9   
  3410.0       2.277398E-9    
  3415.0       2.232745E-9    
  3420.0       2.2504545E-9   
  3425.0       2.2782989E-9   
  3430.0       2.2869864E-9   
  3435.0       2.26921E-9     
  3440.0       2.2436744E-9   
  3445.0       2.2311664E-9   
  3450.0       2.2335727E-9   
  3455.0       2.2470816E-9   
  3460.0       2.2712752E-9   
  3465.0       2.2969306E-9   
  3470.0       2.2896873E-9   
  3475.0       2.2334954E-9   
  3480.0       2.183374E-9    
  3485.0       2.1877542E-9   
  3490.0       2.2082691E-9   
  3495.0       2.2009605E-9   
  3500.0       2.1941993E-9   
  3505.0       2.2310709E-9   
  3510.0       2.3221414E-9   
  3515.0       2.363791E-9    
  3520.0       2.332634E-9    
  3525.0       2.3016025E-9   
  3530.0       2.3170208E-9   
  3535.0       2.4041882E-9   
  3540.0       2.4790192E-9   
  3545.0       2.491096E-9    
  3550.0       2.4740594E-9   
  3555.0       2.451133E-9    
  3560.0       2.4135756E-9   
  3565.0       2.338018E-9    
  3570.0       2.2791053E-9   
  3575.0       2.2616742E-9   
  3580.0       2.2224407E-9   
  3585.0       2.1967852E-9   
  3590.0       2.243243E-9    
  3595.0       2.3227353E-9   
  3600.0       2.364007E-9    
  3605.0       2.3261724E-9   
  3610.0       2.2797086E-9   
  3615.0       2.3121212E-9   
  3620.0       2.3972104E-9   
  3625.0       2.4561375E-9   
  3630.0       2.399718E-9    
  3635.0       2.3663702E-9   
  3640.0       2.4316813E-9   
  3645.0       2.482597E-9    
  3650.0       2.5234037E-9   
  3655.0       2.60041E-9     
  3660.0       2.6299372E-9   
  3665.0       2.604162E-9    
  3670.0       2.5792508E-9   
  3675.0       2.543199E-9    
  3680.0       2.5196232E-9   
  3685.0       2.5232902E-9   
  3690.0       2.566663E-9    
  3695.0       2.6587008E-9   
  3700.0       2.707309E-9    
  3705.0       2.5927573E-9   
  3710.0       2.6130997E-9   
  3715.0       2.7905072E-9   
  3720.0       2.8530818E-9   
  3725.0       2.9142495E-9   
  3730.0       2.9147897E-9   
  3735.0       2.842705E-9    
  3740.0       3.0451448E-9   
  3745.0       2.945056E-9    
  3750.0       2.7775064E-9   
  3755.0       3.1850576E-9   
  3760.0       3.4653884E-9   
  3765.0       3.2662968E-9   
  3770.0       3.00036E-9     
  3775.0       3.4500967E-9   
  3780.0       4.1346215E-9   
  3785.0       4.237148E-9    
  3790.0       3.815475E-9    
  3795.0       3.2271874E-9   
  3800.0       3.1783927E-9   
  3805.0       3.8631818E-9   
  3810.0       4.5387427E-9   
  3815.0       4.751192E-9    
  3820.0       4.6115054E-9   
  3825.0       4.0876698E-9   
  3830.0       3.362631E-9    
  3835.0       2.8975036E-9   
  3840.0       3.309445E-9    
  3845.0       4.180549E-9    
  3850.0       4.868837E-9    
  3855.0       5.1534577E-9   
  3860.0       5.2553357E-9   
  3865.0       5.3298046E-9   
  3870.0       5.251943E-9    
  3875.0       4.91462E-9     
  3880.0       4.340107E-9    
  3885.0       3.5646808E-9   
  3890.0       3.1751615E-9   
  3895.0       3.720163E-9    
  3900.0       4.4321093E-9   
  3905.0       4.7485478E-9   
  3910.0       5.0734372E-9   
  3915.0       5.229204E-9    
  3920.0       5.0989906E-9   
  3925.0       4.528659E-9    
  3930.0       3.6991605E-9   
  3935.0       3.4992638E-9   
  3940.0       4.1278616E-9   
  3945.0       4.661057E-9    
  3950.0       4.898202E-9    
  3955.0       4.7681916E-9   
  3960.0       4.185536E-9    
  3965.0       3.2573375E-9   
  3970.0       2.8023752E-9   
  3975.0       3.3817473E-9   
  3980.0       4.2645625E-9   
  3985.0       4.896048E-9    
  3990.0       5.2593783E-9   
  3995.0       5.4310494E-9   
  4000.0       5.496834E-9    
  4005.0       5.5455076E-9   
  4010.0       5.6357243E-9   
  4015.0       5.7528866E-9   
  4020.0       5.823249E-9    
  4025.0       5.773261E-9    
  4030.0       5.6941913E-9   
  4035.0       5.7346345E-9   
  4040.0       5.821024E-9    
  4045.0       5.8094085E-9   
  4050.0       5.788815E-9    
  4055.0       5.7101444E-9   
  4060.0       5.6328457E-9   
  4065.0       5.5396896E-9   
  4070.0       5.4345204E-9   
  4075.0       5.2681215E-9   
  4080.0       5.1500693E-9   
  4085.0       5.0572724E-9   
  4090.0       4.7491784E-9   
  4095.0       4.0983346E-9   
  4100.0       3.5304857E-9   
  4105.0       3.6603334E-9   
  4110.0       4.242952E-9    
  4115.0       4.752707E-9    
  4120.0       5.056374E-9    
  4125.0       5.2073434E-9   
  4130.0       5.3177476E-9   
  4135.0       5.4635203E-9   
  4140.0       5.6169562E-9   
  4145.0       5.6659695E-9   
  4150.0       5.6614353E-9   
  4155.0       5.6373537E-9   
  4160.0       5.639614E-9    
  4165.0       5.6091367E-9   
  4170.0       5.4831872E-9   
  4175.0       5.367371E-9    
  4180.0       5.4008162E-9   
  4185.0       5.5160605E-9   
  4190.0       5.60162E-9     
  4195.0       5.5715814E-9   
  4200.0       5.5131255E-9   
  4205.0       5.5556115E-9   
  4210.0       5.613442E-9    
  4215.0       5.608294E-9    
  4220.0       5.5611253E-9   
  4225.0       5.446631E-9    
  4230.0       5.4101315E-9   
  4235.0       5.3936624E-9   
  4240.0       5.424415E-9    
  4245.0       5.423175E-9    
  4250.0       5.4237854E-9   
  4255.0       5.470002E-9    
  4260.0       5.4888463E-9   
  4265.0       5.481881E-9    
  4270.0       5.4005906E-9   
  4275.0       5.3812794E-9   
  4280.0       5.407573E-9    
  4285.0       5.3045914E-9   
  4290.0       5.160885E-9    
  4295.0       5.035682E-9    
  4300.0       4.8923163E-9   
  4305.0       4.844637E-9    
  4310.0       4.866361E-9    
  4315.0       4.8886863E-9   
  4320.0       4.868818E-9    
  4325.0       4.7231064E-9   
  4330.0       4.3709303E-9   
  4335.0       3.7440433E-9   
  4340.0       3.2487393E-9   
  4345.0       3.4576397E-9   
  4350.0       4.0406043E-9   
  4355.0       4.5700044E-9   
  4360.0       4.948261E-9    
  4365.0       5.140655E-9    
  4370.0       5.1696967E-9   
  4375.0       5.1763878E-9   
  4380.0       5.18029E-9     
  4385.0       5.13182E-9     
  4390.0       5.130799E-9    
  4395.0       5.1056586E-9   
  4400.0       5.1223976E-9   
  4405.0       5.2002984E-9   
  4410.0       5.2337583E-9   
  4415.0       5.20192E-9     
  4420.0       5.2156475E-9   
  4425.0       5.2687645E-9   
  4430.0       5.306469E-9    
  4435.0       5.2906226E-9   
  4440.0       5.2746416E-9   
  4445.0       5.252365E-9    
  4450.0       5.246407E-9    
  4455.0       5.1591207E-9   
  4460.0       5.1077795E-9   
  4465.0       5.102991E-9    
  4470.0       5.147894E-9    
  4475.0       5.1830087E-9   
  4480.0       5.140457E-9    
  4485.0       5.1605453E-9   
  4490.0       5.2048854E-9   
  4495.0       5.2604703E-9   
  4500.0       5.329552E-9    
  4505.0       5.3836793E-9   
  4510.0       5.375212E-9    
  4515.0       5.310822E-9    
  4520.0       5.1778466E-9   
  4525.0       5.075788E-9    
  4530.0       5.0360534E-9   
  4535.0       5.121293E-9    
  4540.0       5.1687947E-9   
  4545.0       5.080625E-9    
  4550.0       4.9620996E-9   
  4555.0       4.963188E-9    
  4560.0       5.023838E-9    
  4565.0       5.0881073E-9   
  4570.0       5.1246305E-9   
  4575.0       5.10789E-9     
  4580.0       5.0405373E-9   
  4585.0       4.9824918E-9   
  4590.0       5.0059983E-9   
  4595.0       5.0690443E-9   
  4600.0       5.1124736E-9   
  4605.0       5.148982E-9    
  4610.0       5.163929E-9    
  4615.0       5.129657E-9    
  4620.0       5.101033E-9    
  4625.0       5.0929634E-9   
  4630.0       5.088696E-9    
  4635.0       5.1038866E-9   
  4640.0       5.1148636E-9   
  4645.0       5.071033E-9    
  4650.0       5.0432876E-9   
  4655.0       5.0784332E-9   
  4660.0       5.0683635E-9   
  4665.0       4.99016E-9     
  4670.0       4.9498396E-9   
  4675.0       4.9921884E-9   
  4680.0       5.0388964E-9   
  4685.0       5.0589724E-9   
  4690.0       5.0502815E-9   
  4695.0       5.0023137E-9   
  4700.0       4.9224407E-9   
  4705.0       4.8754583E-9   
  4710.0       4.8767834E-9   
  4715.0       4.916977E-9    
  4720.0       4.960601E-9    
  4725.0       4.9445E-9      
  4730.0       4.868802E-9    
  4735.0       4.838087E-9    
  4740.0       4.861875E-9    
  4745.0       4.8831224E-9   
  4750.0       4.84719E-9     
  4755.0       4.7891056E-9   
  4760.0       4.751058E-9    
  4765.0       4.7159108E-9   
  4770.0       4.7322564E-9   
  4775.0       4.7693365E-9   
  4780.0       4.78401E-9     
  4785.0       4.7709086E-9   
  4790.0       4.7590074E-9   
  4795.0       4.7619095E-9   
  4800.0       4.7312105E-9   
  4805.0       4.6828412E-9   
  4810.0       4.661244E-9    
  4815.0       4.6493214E-9   
  4820.0       4.6024544E-9   
  4825.0       4.5634496E-9   
  4830.0       4.522713E-9    
  4835.0       4.483847E-9    
  4840.0       4.4178545E-9   
  4845.0       4.266793E-9    
  4850.0       3.9428913E-9   
  4855.0       3.410538E-9    
  4860.0       3.0056517E-9   
  4865.0       3.1125067E-9   
  4870.0       3.4799097E-9   
  4875.0       3.811062E-9    
  4880.0       4.0586112E-9   
  4885.0       4.1838737E-9   
  4890.0       4.259645E-9    
  4895.0       4.364517E-9    
  4900.0       4.4361204E-9   
  4905.0       4.4568074E-9   
  4910.0       4.4147064E-9   
  4915.0       4.3789488E-9   
  4920.0       4.32488E-9     
  4925.0       4.33841E-9     
  4930.0       4.397568E-9    
  4935.0       4.4060045E-9   
  4940.0       4.4305226E-9   
  4945.0       4.4828043E-9   
  4950.0       4.4810964E-9   
  4955.0       4.444621E-9    
  4960.0       4.4372976E-9   
  4965.0       4.452039E-9    
  4970.0       4.445293E-9    
  4975.0       4.415662E-9    
  4980.0       4.3445514E-9   
  4985.0       4.324322E-9    
  4990.0       4.356503E-9    
  4995.0       4.346823E-9    
  5000.0       4.321321E-9    
  5005.0       4.2658055E-9   
  5010.0       4.224926E-9    
  5015.0       4.1695314E-9   
  5020.0       4.156245E-9    
  5025.0       4.221697E-9    
  5030.0       4.276941E-9    
  5035.0       4.254234E-9    
  5040.0       4.201187E-9    
  5045.0       4.214228E-9    
  5050.0       4.245794E-9    
  5055.0       4.294523E-9    
  5060.0       4.3506585E-9   
  5065.0       4.316402E-9    
  5070.0       4.234984E-9    
  5075.0       4.1720387E-9   
  5080.0       4.1366963E-9   
  5085.0       4.1626915E-9   
  5090.0       4.2207464E-9   
  5095.0       4.2220103E-9   
  5100.0       4.1840846E-9   
  5105.0       4.1975103E-9   
  5110.0       4.2011523E-9   
  5115.0       4.215021E-9    
  5120.0       4.201042E-9    
  5125.0       4.1523553E-9   
  5130.0       4.0935477E-9   
  5135.0       4.061553E-9    
  5140.0       4.0582138E-9   
  5145.0       4.0907175E-9   
  5150.0       4.1012886E-9   
  5155.0       4.0834576E-9   
  5160.0       4.0441375E-9   
  5165.0       3.908603E-9    
  5170.0       3.8166164E-9   
  5175.0       3.891836E-9    
  5180.0       3.9592813E-9   
  5185.0       3.921984E-9    
  5190.0       3.871329E-9    
  5195.0       3.875575E-9    
  5200.0       3.902076E-9    
  5205.0       3.8970067E-9   
  5210.0       3.934346E-9    
  5215.0       3.9835113E-9   
  5220.0       3.9738066E-9   
  5225.0       3.8890606E-9   
  5230.0       3.8480126E-9   
  5235.0       3.86876E-9     
  5240.0       3.91735E-9     
  5245.0       3.961331E-9    
  5250.0       3.9694643E-9   
  5255.0       3.931419E-9    
  5260.0       3.845404E-9    
  5265.0       3.7107553E-9   
  5270.0       3.655109E-9    
  5275.0       3.698805E-9    
  5280.0       3.7812296E-9   
  5285.0       3.8632937E-9   
  5290.0       3.938148E-9    
  5295.0       3.932202E-9    
  5300.0       3.904357E-9    
  5305.0       3.8962447E-9   
  5310.0       3.880657E-9    
  5315.0       3.854737E-9    
  5320.0       3.822906E-9    
  5325.0       3.762167E-9    
  5330.0       3.7340913E-9   
  5335.0       3.73121E-9     
  5340.0       3.7421515E-9   
  5345.0       3.7903862E-9   
  5350.0       3.8358943E-9   
  5355.0       3.864852E-9    
  5360.0       3.8391637E-9   
  5365.0       3.7661896E-9   
  5370.0       3.7142718E-9   
  5375.0       3.728377E-9    
  5380.0       3.751125E-9    
  5385.0       3.776004E-9    
  5390.0       3.7650127E-9   
  5395.0       3.713228E-9    
  5400.0       3.6775618E-9   
  5405.0       3.6491077E-9   
  5410.0       3.655587E-9    
  5415.0       3.6847845E-9   
  5420.0       3.7092838E-9   
  5425.0       3.705935E-9    
  5430.0       3.6801875E-9   
  5435.0       3.687574E-9    
  5440.0       3.7239847E-9   
  5445.0       3.7068337E-9   
  5450.0       3.7071104E-9   
  5455.0       3.7017582E-9   
  5460.0       3.6940386E-9   
  5465.0       3.6770607E-9   
  5470.0       3.663647E-9    
  5475.0       3.6456544E-9   
  5480.0       3.642651E-9    
  5485.0       3.6563939E-9   
  5490.0       3.6531729E-9   
  5495.0       3.6520766E-9   
  5500.0       3.6521022E-9   
  5505.0       3.6203116E-9   
  5510.0       3.6004846E-9   
  5515.0       3.626996E-9    
  5520.0       3.647032E-9    
  5525.0       3.595872E-9    
  5530.0       3.5628727E-9   
  5535.0       3.578614E-9    
  5540.0       3.6037409E-9   
  5545.0       3.613864E-9    
  5550.0       3.625442E-9    
  5555.0       3.604243E-9    
  5560.0       3.5666519E-9   
  5565.0       3.5571823E-9   
  5570.0       3.5498153E-9   
  5575.0       3.5518872E-9   
  5580.0       3.5243288E-9   
  5585.0       3.4709833E-9   
  5590.0       3.4229088E-9   
  5595.0       3.413872E-9    
  5600.0       3.421343E-9    
  5605.0       3.4738028E-9   
  5610.0       3.5057197E-9   
  5615.0       3.4758332E-9   
  5620.0       3.4614203E-9   
  5625.0       3.4715326E-9   
  5630.0       3.4846255E-9   
  5635.0       3.4819811E-9   
  5640.0       3.4710779E-9   
  5645.0       3.4633658E-9   
  5650.0       3.4620642E-9   
  5655.0       3.4168324E-9   
  5660.0       3.3749228E-9   
  5665.0       3.372214E-9    
  5670.0       3.3900216E-9   
  5675.0       3.4153829E-9   
  5680.0       3.403257E-9    
  5685.0       3.379456E-9    
  5690.0       3.384011E-9    
  5695.0       3.3923833E-9   
  5700.0       3.3828875E-9   
  5705.0       3.3525283E-9   
  5710.0       3.3238456E-9   
  5715.0       3.3288277E-9   
  5720.0       3.3434246E-9   
  5725.0       3.3805316E-9   
  5730.0       3.3892222E-9   
  5735.0       3.3706755E-9   
  5740.0       3.3555831E-9   
  5745.0       3.3384187E-9   
  5750.0       3.3128327E-9   
  5755.0       3.2853E-9      
  5760.0       3.2783658E-9   
  5765.0       3.2914822E-9   
  5770.0       3.3109624E-9   
  5775.0       3.3068048E-9   
  5780.0       3.2834282E-9   
  5785.0       3.2693495E-9   
  5790.0       3.2707672E-9   
  5795.0       3.2630858E-9   
  5800.0       3.268951E-9    
  5805.0       3.2756928E-9   
  5810.0       3.2800302E-9   
  5815.0       3.2891563E-9   
  5820.0       3.2911285E-9   
  5825.0       3.2866037E-9   
  5830.0       3.2708372E-9   
  5835.0       3.2524388E-9   
  5840.0       3.2471543E-9   
  5845.0       3.2450347E-9   
  5850.0       3.2334027E-9   
  5855.0       3.1985565E-9   
  5860.0       3.200081E-9    
  5865.0       3.2283647E-9   
  5870.0       3.244317E-9    
  5875.0       3.2335554E-9   
  5880.0       3.1878569E-9   
  5885.0       3.114098E-9    
  5890.0       3.0415745E-9   
  5895.0       3.0444458E-9   
  5900.0       3.1049334E-9   
  5905.0       3.1529481E-9   
  5910.0       3.1494318E-9   
  5915.0       3.1408809E-9   
  5920.0       3.1467355E-9   
  5925.0       3.1286302E-9   
  5930.0       3.1025758E-9   
  5935.0       3.10447E-9     
  5940.0       3.108479E-9    
  5945.0       3.0769365E-9   
  5950.0       3.053963E-9    
  5955.0       3.0537017E-9   
  5960.0       3.0669043E-9   
  5965.0       3.072214E-9    
  5970.0       3.0703085E-9   
  5975.0       3.0536875E-9   
  5980.0       3.0607976E-9   
  5985.0       3.0506722E-9   
  5990.0       3.0408953E-9   
  5995.0       3.052168E-9    
  6000.0       3.0314875E-9   
  6005.0       2.998231E-9    
  6010.0       2.9809808E-9   
  6015.0       2.969536E-9    
  6020.0       2.9688434E-9   
  6025.0       2.9741283E-9   
  6030.0       2.9982858E-9   
  6035.0       3.0139429E-9   
  6040.0       2.9918452E-9   
  6045.0       2.9812366E-9   
  6050.0       2.9757674E-9   
  6055.0       2.9688307E-9   
  6060.0       2.9666218E-9   
  6065.0       2.9634435E-9   
  6070.0       2.9615128E-9   
  6075.0       2.9471325E-9   
  6080.0       2.9417009E-9   
  6085.0       2.940138E-9    
  6090.0       2.9305451E-9   
  6095.0       2.912733E-9    
  6100.0       2.8978935E-9   
  6105.0       2.9048555E-9   
  6110.0       2.9145206E-9   
  6115.0       2.9038103E-9   
  6120.0       2.877619E-9    
  6125.0       2.8773133E-9   
  6130.0       2.8765177E-9   
  6135.0       2.8430487E-9   
  6140.0       2.823012E-9    
  6145.0       2.8232663E-9   
  6150.0       2.8260931E-9   
  6155.0       2.8177862E-9   
  6160.0       2.7972995E-9   
  6165.0       2.795882E-9    
  6170.0       2.8075642E-9   
  6175.0       2.8309406E-9   
  6180.0       2.8504783E-9   
  6185.0       2.8447618E-9   
  6190.0       2.8340312E-9   
  6195.0       2.849154E-9    
  6200.0       2.8596794E-9   
  6205.0       2.8539757E-9   
  6210.0       2.8329428E-9   
  6215.0       2.8150844E-9   
  6220.0       2.805996E-9    
  6225.0       2.8000997E-9   
  6230.0       2.7823612E-9   
  6235.0       2.7586418E-9   
  6240.0       2.7430196E-9   
  6245.0       2.7297593E-9   
  6250.0       2.7325373E-9   
  6255.0       2.74167E-9     
  6260.0       2.7521156E-9   
  6265.0       2.7552092E-9   
  6270.0       2.7442912E-9   
  6275.0       2.7039688E-9   
  6280.0       2.6701543E-9   
  6285.0       2.6990887E-9   
  6290.0       2.7200373E-9   
  6295.0       2.7104972E-9   
  6300.0       2.6846083E-9   
  6305.0       2.6907383E-9   
  6310.0       2.6977398E-9   
  6315.0       2.68907E-9     
  6320.0       2.68354E-9     
  6325.0       2.6995846E-9   
  6330.0       2.7004645E-9   
  6335.0       2.6869096E-9   
  6340.0       2.6763236E-9   
  6345.0       2.6508231E-9   
  6350.0       2.6555544E-9   
  6355.0       2.6717926E-9   
  6360.0       2.6738898E-9   
  6365.0       2.6634805E-9   
  6370.0       2.6540936E-9   
  6375.0       2.6601252E-9   
  6380.0       2.6570735E-9   
  6385.0       2.6563514E-9   
  6390.0       2.6428777E-9   
  6395.0       2.622909E-9    
  6400.0       2.6159177E-9   
  6405.0       2.6046958E-9   
  6410.0       2.5938012E-9   
  6415.0       2.5829392E-9   
  6420.0       2.5859226E-9   
  6425.0       2.5886502E-9   
  6430.0       2.579183E-9    
  6435.0       2.584615E-9    
  6440.0       2.590494E-9    
  6445.0       2.588496E-9    
  6450.0       2.5665112E-9   
  6455.0       2.5297942E-9   
  6460.0       2.5141655E-9   
  6465.0       2.525912E-9    
  6470.0       2.5347735E-9   
  6475.0       2.5343918E-9   
  6480.0       2.5257083E-9   
  6485.0       2.5018587E-9   
  6490.0       2.4601157E-9   
  6495.0       2.447569E-9    
  6500.0       2.4880176E-9   
  6505.0       2.5158404E-9   
  6510.0       2.518727E-9    
  6515.0       2.4990567E-9   
  6520.0       2.4889257E-9   
  6525.0       2.4729625E-9   
  6530.0       2.4497882E-9   
  6535.0       2.4299358E-9   
  6540.0       2.4053715E-9   
  6545.0       2.3395839E-9   
  6550.0       2.1978885E-9   
  6555.0       1.9675022E-9   
  6560.0       1.7417371E-9   
  6565.0       1.7969662E-9   
  6570.0       2.0248994E-9   
  6575.0       2.1940723E-9   
  6580.0       2.294132E-9    
  6585.0       2.339931E-9    
  6590.0       2.362028E-9    
  6595.0       2.3893942E-9   
  6600.0       2.422299E-9    
  6605.0       2.439915E-9    
  6610.0       2.4539044E-9   
  6615.0       2.4567428E-9   
  6620.0       2.4476607E-9   
  6625.0       2.4437479E-9   
  6630.0       2.426964E-9    
  6635.0       2.4137066E-9   
  6640.0       2.4109839E-9   
  6645.0       2.4075166E-9   
  6650.0       2.4121274E-9   
  6655.0       2.4079692E-9   
  6660.0       2.3978806E-9   
  6665.0       2.39593E-9     
  6670.0       2.403453E-9    
  6675.0       2.3938556E-9   
  6680.0       2.3801312E-9   
  6685.0       2.3844955E-9   
  6690.0       2.3907223E-9   
  6695.0       2.389473E-9    
  6700.0       2.3776747E-9   
  6705.0       2.3768545E-9   
  6710.0       2.3806481E-9   
  6715.0       2.3624558E-9   
  6720.0       2.3483733E-9   
  6725.0       2.3500664E-9   
  6730.0       2.351701E-9    
  6735.0       2.3516082E-9   
  6740.0       2.3490394E-9   
  6745.0       2.337588E-9    
  6750.0       2.3205526E-9   
  6755.0       2.3115363E-9   
  6760.0       2.312953E-9    
  6765.0       2.3175526E-9   
  6770.0       2.314948E-9    
  6775.0       2.316074E-9    
  6780.0       2.3107325E-9   
  6785.0       2.3022684E-9   
  6790.0       2.2994986E-9   
  6795.0       2.2956428E-9   
  6800.0       2.2925568E-9   
  6805.0       2.2853404E-9   
  6810.0       2.2865936E-9   
  6815.0       2.2913704E-9   
  6820.0       2.288929E-9    
  6825.0       2.278249E-9    
  6830.0       2.2676496E-9   
  6835.0       2.2580915E-9   
  6840.0       2.2548254E-9   
  6845.0       2.247709E-9    
  6850.0       2.2450595E-9   
  6855.0       2.2472193E-9   
  6860.0       2.2501419E-9   
  6865.0       2.2488518E-9   
  6870.0       2.2409121E-9   
  6875.0       2.2284576E-9   
  6880.0       2.2162745E-9   
  6885.0       2.208802E-9    
  6890.0       2.2070554E-9   
  6895.0       2.208666E-9    
  6900.0       2.209733E-9    
  6905.0       2.2077868E-9   
  6910.0       2.2032394E-9   
  6915.0       2.1985216E-9   
  6920.0       2.1956248E-9   
  6925.0       2.1945368E-9   
  6930.0       2.193749E-9    
  6935.0       2.191525E-9    
  6940.0       2.1877664E-9   
  6945.0       2.1834483E-9   
  6950.0       2.1791942E-9   
  6955.0       2.1754492E-9   
  6960.0       2.171841E-9    
  6965.0       2.1677566E-9   
  6970.0       2.1629043E-9   
  6975.0       2.1595254E-9   
  6980.0       2.1456905E-9   
  6985.0       2.1410005E-9   
  6990.0       2.1298718E-9   
  6995.0       2.1274307E-9   
  7000.0       2.1190505E-9   
  7005.0       2.1095004E-9   
  7010.0       2.1153366E-9   
  7015.0       2.1186803E-9   
  7020.0       2.1260935E-9   
  7025.0       2.1191786E-9   
  7030.0       2.1103936E-9   
  7035.0       2.094742E-9    
  7040.0       2.0846858E-9   
  7045.0       2.083851E-9    
  7050.0       2.0925766E-9   
  7055.0       2.101808E-9    
  7060.0       2.0997915E-9   
  7065.0       2.0922173E-9   
  7070.0       2.0887432E-9   
  7075.0       2.0873794E-9   
  7080.0       2.0873234E-9   
  7085.0       2.086381E-9    
  7090.0       2.0824749E-9   
  7095.0       2.0865085E-9   
  7100.0       2.076798E-9    
  7105.0       2.067942E-9    
  7110.0       2.0544935E-9   
  7115.0       2.0373696E-9   
  7120.0       2.0393205E-9   
  7125.0       2.0540802E-9   
  7130.0       2.0651525E-9   
  7135.0       2.074217E-9    
  7140.0       2.0717599E-9   
  7145.0       2.0560178E-9   
  7150.0       2.0577717E-9   
  7155.0       2.0688626E-9   
  7160.0       2.053965E-9    
  7165.0       2.0173934E-9   
  7170.0       1.9854494E-9   
  7175.0       1.9619544E-9   
  7180.0       1.940335E-9    
  7185.0       1.912694E-9    
  7190.0       1.9160251E-9   
  7195.0       1.9314452E-9   
  7200.0       1.9377462E-9   
  7205.0       1.957934E-9    
  7210.0       2.0000546E-9   
  7215.0       2.021171E-9    
  7220.0       2.0148008E-9   
  7225.0       2.0038138E-9   
  7230.0       1.9705408E-9   
  7235.0       1.9407336E-9   
  7240.0       1.9310278E-9   
  7245.0       1.924494E-9    
  7250.0       1.93032E-9     
  7255.0       1.953622E-9    
  7260.0       1.9754884E-9   
  7265.0       1.9830688E-9   
  7270.0       1.969301E-9    
  7275.0       1.937237E-9    
  7280.0       1.933445E-9    
  7285.0       1.9063664E-9   
  7290.0       1.8796185E-9   
  7295.0       1.89869E-9     
  7300.0       1.9109918E-9   
  7305.0       1.9066853E-9   
  7310.0       1.89898E-9     
  7315.0       1.8997652E-9   
  7320.0       1.9050637E-9   
  7325.0       1.909907E-9    
  7330.0       1.9158573E-9   
  7335.0       1.928583E-9    
  7340.0       1.931442E-9    
  7345.0       1.9245878E-9   
  7350.0       1.910903E-9    
  7355.0       1.9059194E-9   
  7360.0       1.891166E-9    
  7365.0       1.8829402E-9   
  7370.0       1.881298E-9    
  7375.0       1.8817243E-9   
  7380.0       1.8764228E-9   
  7385.0       1.8542322E-9   
  7390.0       1.8520869E-9   
  7395.0       1.8711594E-9   
  7400.0       1.8790498E-9   
  7405.0       1.8638653E-9   
  7410.0       1.8494393E-9   
  7415.0       1.8518544E-9   
  7420.0       1.8569959E-9   
  7425.0       1.8595859E-9   
  7430.0       1.8548802E-9   
  7435.0       1.8467415E-9   
  7440.0       1.8389145E-9   
  7445.0       1.8336364E-9   
  7450.0       1.8408534E-9   
  7455.0       1.8507307E-9   
  7460.0       1.8490371E-9   
  7465.0       1.8482911E-9   
  7470.0       1.8462974E-9   
  7475.0       1.8414706E-9   
  7480.0       1.8379802E-9   
  7485.0       1.8352023E-9   
  7490.0       1.829484E-9    
  7495.0       1.8227019E-9   
  7500.0       1.8165756E-9   
  7505.0       1.8053322E-9   
  7510.0       1.7975064E-9   
  7515.0       1.8009809E-9   
  7520.0       1.805938E-9    
  7525.0       1.8002884E-9   
  7530.0       1.7936062E-9   
  7535.0       1.7962877E-9   
  7540.0       1.8035125E-9   
  7545.0       1.8080726E-9   
  7550.0       1.8078476E-9   
  7555.0       1.8025639E-9   
  7560.0       1.7913666E-9   
  7565.0       1.7799093E-9   
  7570.0       1.7752471E-9   
  7575.0       1.7802635E-9   
  7580.0       1.7911184E-9   
  7585.0       1.7994268E-9   
  7590.0       1.7983101E-9   
  7595.0       1.7876098E-9   
  7600.0       1.7736709E-9   
  7605.0       1.7643563E-9   
  7610.0       1.7637415E-9   
  7615.0       1.7693045E-9   
  7620.0       1.7735553E-9   
  7625.0       1.7695425E-9   
  7630.0       1.7556553E-9   
  7635.0       1.7362118E-9   
  7640.0       1.7184499E-9   
  7645.0       1.7080319E-9   
  7650.0       1.7058935E-9   
  7655.0       1.7086299E-9   
  7660.0       1.7115199E-9   
  7665.0       1.7118075E-9   
  7670.0       1.7100019E-9   
  7675.0       1.7085765E-9   
  7680.0       1.7093479E-9   
  7685.0       1.7115781E-9   
  7690.0       1.7124496E-9   
  7695.0       1.7095083E-9   
  7700.0       1.7030267E-9   
  7705.0       1.6964365E-9   
  7710.0       1.6945477E-9   
  7715.0       1.6992354E-9   
  7720.0       1.7080095E-9   
  7725.0       1.7167993E-9   
  7730.0       1.7214589E-9   
  7735.0       1.718453E-9    
  7740.0       1.7079941E-9   
  7745.0       1.6975866E-9   
  7750.0       1.6985122E-9   
  7755.0       1.7073379E-9   
  7760.0       1.7102116E-9   
  7765.0       1.693519E-9    
  7770.0       1.6545089E-9   
  7775.0       1.6342163E-9   
  7780.0       1.644819E-9    
  7785.0       1.6531378E-9   
  7790.0       1.6590228E-9   
  7795.0       1.6660587E-9   
  7800.0       1.6742988E-9   
  7805.0       1.6797649E-9   
  7810.0       1.6772391E-9   
  7815.0       1.6723145E-9   
  7820.0       1.6653389E-9   
  7825.0       1.6575985E-9   
  7830.0       1.6504693E-9   
  7835.0       1.6517255E-9   
  7840.0       1.6606571E-9   
  7845.0       1.6665305E-9   
  7850.0       1.6657785E-9   
  7855.0       1.6625744E-9   
  7860.0       1.6589901E-9   
  7865.0       1.6536472E-9   
  7870.0       1.6477365E-9   
  7875.0       1.6384156E-9   
  7880.0       1.6333433E-9   
  7885.0       1.6378351E-9   
  7890.0       1.6446118E-9   
  7895.0       1.6517109E-9   
  7900.0       1.656175E-9    
  7905.0       1.6527334E-9   
  7910.0       1.6366922E-9   
  7915.0       1.6124687E-9   
  7920.0       1.594236E-9    
  7925.0       1.5948708E-9   
  7930.0       1.6042884E-9   
  7935.0       1.6138808E-9   
  7940.0       1.6119148E-9   
  7945.0       1.599048E-9    
  7950.0       1.5909476E-9   
  7955.0       1.5933296E-9   
  7960.0       1.6082845E-9   
  7965.0       1.6239222E-9   
  7970.0       1.6338164E-9   
  7975.0       1.6293424E-9   
  7980.0       1.6118243E-9   
  7985.0       1.5921994E-9   
  7990.0       1.5791285E-9   
  7995.0       1.5755685E-9   
  8000.0       1.5721041E-9   
  8005.0       1.5715546E-9   
  8010.0       1.5701372E-9   
  8015.0       1.5746136E-9   
  8020.0       1.5774992E-9   
  8025.0       1.571092E-9    
  8030.0       1.5655033E-9   
  8035.0       1.5656433E-9   
  8040.0       1.5632181E-9   
  8045.0       1.5518203E-9   
  8050.0       1.5491541E-9   
  8055.0       1.5530479E-9   
  8060.0       1.5588941E-9   
  8065.0       1.5623315E-9   
  8070.0       1.5623313E-9   
  8075.0       1.5546952E-9   
  8080.0       1.5523365E-9   
  8085.0       1.5537257E-9   
  8090.0       1.555598E-9    
  8095.0       1.5481796E-9   
  8100.0       1.5458425E-9   
  8105.0       1.5526523E-9   
  8110.0       1.5561744E-9   
  8115.0       1.5504744E-9   
  8120.0       1.5432386E-9   
  8125.0       1.5363811E-9   
  8130.0       1.5243984E-9   
  8135.0       1.5140477E-9   
  8140.0       1.5067096E-9   
  8145.0       1.4979712E-9   
  8150.0       1.4883716E-9   
  8155.0       1.4759619E-9   
  8160.0       1.4588972E-9   
  8165.0       1.4524808E-9   
  8170.0       1.4631061E-9   
  8175.0       1.4495521E-9   
  8180.0       1.437304E-9    
  8185.0       1.4475088E-9   
  8190.0       1.4491431E-9   
  8195.0       1.4330268E-9   
  8200.0       1.4396172E-9   
  8205.0       1.4855639E-9   
  8210.0       1.5148822E-9   
  8215.0       1.5086805E-9   
  8220.0       1.4674878E-9   
  8225.0       1.3961906E-9   
  8230.0       1.3615645E-9   
  8235.0       1.422047E-9    
  8240.0       1.4788288E-9   
  8245.0       1.4858644E-9   
  8250.0       1.4741709E-9   
  8255.0       1.4649139E-9   
  8260.0       1.479208E-9    
  8265.0       1.4967412E-9   
  8270.0       1.4903566E-9   
  8275.0       1.4627323E-9   
  8280.0       1.4449659E-9   
  8285.0       1.4436606E-9   
  8290.0       1.4504592E-9   
  8295.0       1.4596525E-9   
  8300.0       1.4595499E-9   
  8305.0       1.4522986E-9   
  8310.0       1.4482672E-9   
  8315.0       1.4485417E-9   
  8320.0       1.4471369E-9   
  8325.0       1.4504818E-9   
  8330.0       1.4362075E-9   
  8335.0       1.4215333E-9   
  8340.0       1.4246532E-9   
  8345.0       1.4380732E-9   
  8350.0       1.4511047E-9   
  8355.0       1.4556523E-9   
  8360.0       1.460896E-9    
  8365.0       1.4659413E-9   
  8370.0       1.4639007E-9   
  8375.0       1.4609915E-9   
  8380.0       1.4581564E-9   
  8385.0       1.4496051E-9   
  8390.0       1.4466538E-9   
  8395.0       1.4589465E-9   
  8400.0       1.4717997E-9   
  8405.0       1.4650499E-9   
  8410.0       1.4474544E-9   
  8415.0       1.4403881E-9   
  8420.0       1.4490587E-9   
  8425.0       1.4523122E-9   
  8430.0       1.445124E-9    
  8435.0       1.4324287E-9   
  8440.0       1.4209408E-9   
  8445.0       1.4031831E-9   
  8450.0       1.413396E-9    
  8455.0       1.4343664E-9   
  8460.0       1.4375592E-9   
  8465.0       1.4185637E-9   
  8470.0       1.4132655E-9   
  8475.0       1.4318369E-9   
  8480.0       1.4556213E-9   
  8485.0       1.460742E-9    
  8490.0       1.4278959E-9   
  8495.0       1.3451322E-9   
  8500.0       1.2949793E-9   
  8505.0       1.3415387E-9   
  8510.0       1.3966339E-9   
  8515.0       1.4171627E-9   
  8520.0       1.4224458E-9   
  8525.0       1.4229649E-9   
  8530.0       1.410088E-9    
  8535.0       1.3571143E-9   
  8540.0       1.2472228E-9   
  8545.0       1.209719E-9    
  8550.0       1.2541728E-9   
  8555.0       1.3262584E-9   
  8560.0       1.387893E-9    
  8565.0       1.4172902E-9   
  8570.0       1.4194272E-9   
  8575.0       1.418137E-9    
  8580.0       1.4142179E-9   
  8585.0       1.3971813E-9   
  8590.0       1.3681856E-9   
  8595.0       1.3286977E-9   
  8600.0       1.3235156E-9   
  8605.0       1.3491984E-9   
  8610.0       1.3787733E-9   
  8615.0       1.4137747E-9   
  8620.0       1.4424248E-9   
  8625.0       1.459868E-9    
  8630.0       1.4620244E-9   
  8635.0       1.4637538E-9   
  8640.0       1.4534876E-9   
  8645.0       1.4307291E-9   
  8650.0       1.3937682E-9   
  8655.0       1.3410623E-9   
  8660.0       1.2565216E-9   
  8665.0       1.2077486E-9   
  8670.0       1.2445632E-9   
  8675.0       1.307868E-9    
  8680.0       1.3612091E-9   
  8685.0       1.3786402E-9   
  8690.0       1.3777216E-9   
  8695.0       1.398562E-9    
  8700.0       1.4248156E-9   
  8705.0       1.4283016E-9   
  8710.0       1.4164049E-9   
  8715.0       1.3984403E-9   
  8720.0       1.383163E-9    
  8725.0       1.3695053E-9   
  8730.0       1.351495E-9    
  8735.0       1.3159004E-9   
  8740.0       1.2698023E-9   
  8745.0       1.2225267E-9   
  8750.0       1.1963669E-9   
  8755.0       1.219762E-9    
  8760.0       1.2551646E-9   
  8765.0       1.2779615E-9   
  8770.0       1.2935808E-9   
  8775.0       1.3025315E-9   
  8780.0       1.313933E-9    
  8785.0       1.3268836E-9   
  8790.0       1.3356957E-9   
  8795.0       1.3349395E-9   
  8800.0       1.3381449E-9   
  8805.0       1.3766462E-9   
  8810.0       1.3874983E-9   
  8815.0       1.3982526E-9   
  8820.0       1.3809203E-9   
  8825.0       1.3709963E-9   
  8830.0       1.3658208E-9   
  8835.0       1.3495255E-9   
  8840.0       1.3324515E-9   
  8845.0       1.3098297E-9   
  8850.0       1.2678846E-9   
  8855.0       1.210876E-9    
  8860.0       1.1422857E-9   
  8865.0       1.1448775E-9   
  8870.0       1.2102768E-9   
  8875.0       1.2621054E-9   
  8880.0       1.2879366E-9   
  8885.0       1.3135162E-9   
  8890.0       1.3274828E-9   
  8895.0       1.3394211E-9   
  8900.0       1.3467456E-9   
  8905.0       1.3451E-9      
  8910.0       1.3357203E-9   
  8915.0       1.3426323E-9   
  8920.0       1.3393621E-9   
  8925.0       1.3169066E-9   
  8930.0       1.3280489E-9   
  8935.0       1.3448552E-9   
  8940.0       1.3482316E-9   
  8945.0       1.3410636E-9   
  8950.0       1.3361875E-9   
  8955.0       1.3357916E-9   
  8960.0       1.3297519E-9   
  8965.0       1.3037783E-9   
  8970.0       1.3105316E-9   
  8975.0       1.3134837E-9   
  8980.0       1.2919941E-9   
  8985.0       1.2400386E-9   
  8990.0       1.2044703E-9   
  8995.0       1.2201249E-9   
  9000.0       1.1933471E-9   
  9005.0       1.1481198E-9   
  9010.0       1.084065E-9    
  9015.0       1.057913E-9    
  9020.0       1.1312699E-9   
  9025.0       1.2022292E-9   
  9030.0       1.2844917E-9   
  9035.0       1.3337071E-9   
  9040.0       1.3616446E-9   
  9045.0       1.3775652E-9   
  9050.0       1.363761E-9    
  9055.0       1.333999E-9    
  9060.0       1.2680237E-9   
  9065.0       1.2721268E-9   
  9070.0       1.2627661E-9   
  9075.0       1.2356371E-9   
  9080.0       1.2227158E-9   
  9085.0       1.2110799E-9   
  9090.0       1.2021065E-9   
  9095.0       1.219273E-9    
  9100.0       1.2506833E-9   
  9105.0       1.2700366E-9   
  9110.0       1.2664283E-9   
  9115.0       1.2763001E-9   
  9120.0       1.2924386E-9   
  9125.0       1.2786833E-9   
  9130.0       1.2507851E-9   
  9135.0       1.2425431E-9   
  9140.0       1.2734245E-9   
  9145.0       1.2727894E-9   
  9150.0       1.2359462E-9   
  9155.0       1.2227762E-9   
  9160.0       1.2581801E-9   
  9165.0       1.2678623E-9   
  9170.0       1.243841E-9    
  9175.0       1.2301943E-9   
  9180.0       1.2536615E-9   
  9185.0       1.2640329E-9   
  9190.0       1.2734007E-9   
  9195.0       1.2693645E-9   
  9200.0       1.2634476E-9   
  9205.0       1.245659E-9    
  9210.0       1.188269E-9    
  9215.0       1.1365825E-9   
  9220.0       1.1148871E-9   
  9225.0       1.0494728E-9   
  9230.0       1.0324384E-9   
  9235.0       1.0903782E-9   
  9240.0       1.1520124E-9   
  9245.0       1.1863845E-9   
  9250.0       1.2336013E-9   
  9255.0       1.2528607E-9   
  9260.0       1.2466314E-9   
  9265.0       1.2731867E-9   
  9270.0       1.3159992E-9   
  9275.0       1.3127318E-9   
  9280.0       1.3094935E-9   
  9285.0       1.3150632E-9   
  9290.0       1.3097021E-9   
  9295.0       1.2765292E-9   
  9300.0       1.2459667E-9   
  9305.0       1.2408002E-9   
  9310.0       1.2098592E-9   
  9315.0       1.1664221E-9   
  9320.0       1.1669686E-9   
  9325.0       1.1833143E-9   
  9330.0       1.2057423E-9   
  9335.0       1.202484E-9    
  9340.0       1.1994641E-9   
  9345.0       1.2018807E-9   
  9350.0       1.219049E-9    
  9355.0       1.1700684E-9   
  9360.0       1.1693357E-9   
  9365.0       1.1528868E-9   
  9370.0       1.124626E-9    
  9375.0       1.1367876E-9   
  9380.0       1.1540933E-9   
  9385.0       1.2067277E-9   
  9390.0       1.2698236E-9   
  9395.0       1.3012736E-9   
  9400.0       1.2721939E-9   
  9405.0       1.2241937E-9   
  9410.0       1.1984819E-9   
  9415.0       1.1791554E-9   
  9420.0       1.1468254E-9   
  9425.0       1.0922725E-9   
  9430.0       1.0815032E-9   
  9435.0       1.0887903E-9   
  9440.0       1.0557736E-9   
  9445.0       1.098123E-9    
  9450.0       1.138922E-9    
  9455.0       1.1187464E-9   
  9460.0       1.1198832E-9   
  9465.0       1.1579889E-9   
  9470.0       1.1624466E-9   
  9475.0       1.1446505E-9   
  9480.0       1.1291754E-9   
  9485.0       1.1506879E-9   
  9490.0       1.1285362E-9   
  9495.0       1.08226E-9     
  9500.0       1.0783698E-9   
  9505.0       1.1428323E-9   
  9510.0       1.1669871E-9   
  9515.0       1.1225321E-9   
  9520.0       1.0949085E-9   
  9525.0       1.0909329E-9   
  9530.0       1.0823256E-9   
  9535.0       1.069334E-9    
  9540.0       1.0246923E-9   
  9545.0       9.876139E-10   
  9550.0       1.0114926E-9   
  9555.0       1.0387197E-9   
  9560.0       1.0803372E-9   
  9565.0       1.0779333E-9   
  9570.0       1.1253196E-9   
  9575.0       1.1365588E-9   
  9580.0       1.1174879E-9   
  9585.0       1.0928984E-9   
  9590.0       1.0671497E-9   
  9595.0       1.0798793E-9   
  9600.0       1.0835677E-9   
  9605.0       1.0771803E-9   
  9610.0       1.0881002E-9   
  9615.0       1.0802172E-9   
  9620.0       1.0687733E-9   
  9625.0       1.0771334E-9   
  9630.0       1.0864054E-9   
  9635.0       1.0819202E-9   
  9640.0       1.0846255E-9   
  9645.0       1.0925424E-9   
  9650.0       1.0719484E-9   
  9655.0       1.0572342E-9   
  9660.0       1.049487E-9    
  9665.0       1.0634331E-9   
  9670.0       1.0868005E-9   
  9675.0       1.084499E-9    
  9680.0       1.0765089E-9   
  9685.0       1.0811526E-9   
  9690.0       1.0795621E-9   
  9695.0       1.0810225E-9   
  9700.0       1.0752199E-9   
  9705.0       1.0910434E-9   
  9710.0       1.0867602E-9   
  9715.0       1.0864836E-9   
  9720.0       1.0806047E-9   
  9725.0       1.05718E-9     
  9730.0       1.0491128E-9   
  9735.0       1.0377632E-9   
  9740.0       1.0359864E-9   
  9745.0       1.04113E-9     
  9750.0       1.0277164E-9   
  9755.0       1.0272819E-9   
  9760.0       1.0420741E-9   
  9765.0       1.0436402E-9   
  9770.0       1.0533385E-9   
  9775.0       1.0458715E-9   
  9780.0       1.0483105E-9   
  9785.0       1.0259522E-9   
  9790.0       1.0251634E-9   
  9795.0       1.0234545E-9   
  9800.0       1.0306928E-9   
  9805.0       1.0463764E-9   
  9810.0       1.0519684E-9   
  9815.0       1.0505351E-9   
  9820.0       1.0477959E-9   
  9825.0       1.0312999E-9   
  9830.0       1.0384399E-9   
  9835.0       1.0207803E-9   
  9840.0       1.008056E-9    
  9845.0       1.0096258E-9   
  9850.0       1.0057494E-9   
  9855.0       1.0059644E-9   
  9860.0       1.0109638E-9   
  9865.0       1.0290164E-9   
  9870.0       1.0199129E-9   
  9875.0       1.0242055E-9   
  9880.0       1.0344678E-9   
  9885.0       1.0237635E-9   
  9890.0       1.0179089E-9   
  9895.0       1.0169033E-9   
  9900.0       1.0238673E-9   
  9905.0       1.0216017E-9   
  9910.0       1.0201692E-9   
  9915.0       1.0243849E-9   
  9920.0       1.0230852E-9   
  9925.0       1.0118312E-9   
  9930.0       1.0200963E-9   
  9935.0       1.0192531E-9   
  9940.0       9.891544E-10   
  9945.0       9.984733E-10   
  9950.0       1.0048075E-9   
  9955.0       9.810348E-10   
  9960.0       9.916893E-10   
  9965.0       9.974471E-10   
  9970.0       1.0079165E-9   
  9975.0       1.0051893E-9   
  9980.0       1.0032689E-9   
  9985.0       9.815471E-10   
  9990.0       9.862821E-10   
  9995.0       9.805512E-10   
  10000.0      9.772564E-10   
  10005.0      9.786372E-10   
  10010.0      9.687864E-10   
  10015.0      9.525578E-10   
  10020.0      9.512946E-10   
  10025.0      9.112386E-10   
  10030.0      8.9278546E-10  
  10035.0      9.185212E-10   
  10040.0      8.952923E-10   
  10045.0      8.2824203E-10  
  10050.0      8.008583E-10   
  10055.0      8.059878E-10   
  10060.0      8.8562463E-10  
  10065.0      9.01997E-10    
  10070.0      9.036664E-10   
  10075.0      9.151705E-10   
  10080.0      9.20065E-10    
  10085.0      9.446333E-10   
  10090.0      9.541388E-10   
  10095.0      9.381511E-10   
  10100.0      9.269524E-10   
  10105.0      9.2490554E-10  
  10110.0      9.238131E-10   
  10115.0      9.2312075E-10  
  10120.0      9.23762E-10    
  10125.0      9.2627933E-10  
  10130.0      9.302092E-10   
  10135.0      9.347052E-10   
  10140.0      9.389002E-10   
  10145.0      9.421992E-10   
  10150.0      9.446787E-10   
  10155.0      9.466786E-10   
  10160.0      9.485334E-10   
  10165.0      9.501963E-10   
  10170.0      9.506635E-10   
  10175.0      9.485541E-10   
  10180.0      9.425579E-10   
  10185.0      9.323896E-10   
  10190.0      9.204388E-10   
  10195.0      9.1012337E-10  
  10200.0      9.048106E-10   
  10205.0      9.063118E-10   
  10210.0      9.123814E-10   
  10215.0      9.1922703E-10  
  10220.0      9.230234E-10   
  10225.0      9.213285E-10   
  10230.0      9.1526303E-10  
  10235.0      9.0731095E-10  
  10240.0      9.000446E-10   
  10245.0      8.9544855E-10  
  10250.0      8.940066E-10   
  10255.0      8.9561114E-10  
  10260.0      9.0006425E-10  
  10265.0      9.0672475E-10  
  10270.0      9.138019E-10   
  10275.0      9.190725E-10   
  10280.0      9.203859E-10   
  10285.0      9.1668145E-10  
  10290.0      9.097686E-10   
  10295.0      9.025685E-10   
  10300.0      8.979822E-10   
  10305.0      8.9770386E-10  
  10310.0      9.002737E-10   
  10315.0      9.0303387E-10  
  10320.0      9.033055E-10   
  10325.0      8.995364E-10   
  10330.0      8.930736E-10   
  10335.0      8.8638746E-10  
  10340.0      8.819611E-10   
  10345.0      8.8139207E-10  
  10350.0      8.839191E-10   
  10355.0      8.8788243E-10  
  10360.0      8.915759E-10   
  10365.0      8.9371405E-10  
  10370.0      8.940948E-10   
  10375.0      8.9293806E-10  
  10380.0      8.9051244E-10  
  10385.0      8.8722063E-10  
  10390.0      8.8380003E-10  
  10395.0      8.81121E-10    
  10400.0      8.800024E-10   
  10405.0      8.8063273E-10  
  10410.0      8.815528E-10   
  10415.0      8.8068025E-10  
  10420.0      8.759855E-10   
  10425.0      8.6663676E-10  
  10430.0      8.549075E-10   
  10435.0      8.4426177E-10  
  10440.0      8.3813473E-10  
  10445.0      8.3848767E-10  
  10450.0      8.4344104E-10  
  10455.0      8.4963203E-10  
  10460.0      8.536893E-10   
  10465.0      8.5358326E-10  
  10470.0      8.5076673E-10  
  10475.0      8.480343E-10   
  10480.0      8.4818697E-10  
  10485.0      8.5271445E-10  
  10490.0      8.597117E-10   
  10495.0      8.6596763E-10  
  10500.0      8.6827684E-10  
  10505.0      8.647905E-10   
  10510.0      8.57152E-10    
  10515.0      8.483647E-10   
  10520.0      8.414647E-10   
  10525.0      8.384478E-10   
  10530.0      8.386349E-10   
  10535.0      8.403089E-10   
  10540.0      8.4169055E-10  
  10545.0      8.414295E-10   
  10550.0      8.392885E-10   
  10555.0      8.354516E-10   
  10560.0      8.301513E-10   
  10565.0      8.237035E-10   
  10570.0      8.166383E-10   
  10575.0      8.0955875E-10  
  10580.0      8.0305657E-10  
  10585.0      7.97609E-10    
  10590.0      7.9334606E-10  
  10595.0      7.9027546E-10  
  10600.0      7.8837936E-10  
  10605.0      7.87584E-10    
  10610.0      7.876633E-10   
  10615.0      7.8832696E-10  
  10620.0      5.91791E-10    
