# WAVELENGTH   FLUX  
  1150.0       0.0   
  1155.0       0.0   
  1160.0       0.0   
  1165.0       0.0   
  1170.0       0.0   
  1175.0       0.0   
  1180.0       0.0   
  1185.0       0.0   
  1190.0       0.0   
  1195.0       0.0   
  1200.0       0.0   
  1205.0       0.0   
  1210.0       0.0   
  1215.0       0.0   
  1220.0       0.0   
  1225.0       0.0   
  1230.0       0.0   
  1235.0       0.0   
  1240.0       0.0   
  1245.0       0.0   
  1250.0       0.0   
  1255.0       0.0   
  1260.0       0.0   
  1265.0       0.0   
  1270.0       0.0   
  1275.0       0.0   
  1280.0       0.0   
  1285.0       0.0   
  1290.0       0.0   
  1295.0       0.0   
  1300.0       0.0   
  1305.0       0.0   
  1310.0       0.0   
  1315.0       0.0   
  1320.0       0.0   
  1325.0       0.0   
  1330.0       0.0   
  1335.0       0.0   
  1340.0       0.0   
  1345.0       0.0   
  1350.0       0.0   
  1355.0       0.0   
  1360.0       0.0   
  1365.0       0.0   
  1370.0       0.0   
  1375.0       0.0   
  1380.0       0.0   
  1385.0       0.0   
  1390.0       0.0   
  1395.0       0.0   
  1400.0       0.0   
  1405.0       0.0   
  1410.0       0.0   
  1415.0       0.0   
  1420.0       0.0   
  1425.0       0.0   
  1430.0       0.0   
  1435.0       0.0   
  1440.0       0.0   
  1445.0       0.0   
  1450.0       0.0   
  1455.0       0.0   
  1460.0       0.0   
  1465.0       0.0   
  1470.0       0.0   
  1475.0       0.0   
  1480.0       0.0   
  1485.0       0.0   
  1490.0       0.0   
  1495.0       0.0   
  1500.0       0.0   
  1505.0       0.0   
  1510.0       0.0   
  1515.0       0.0   
  1520.0       0.0   
  1525.0       0.0   
  1530.0       0.0   
  1535.0       0.0   
  1540.0       0.0   
  1545.0       0.0   
  1550.0       0.0   
  1555.0       0.0   
  1560.0       0.0   
  1565.0       0.0   
  1570.0       0.0   
  1575.0       0.0   
  1580.0       0.0   
  1585.0       0.0   
  1590.0       0.0   
  1595.0       0.0   
  1600.0       0.0   
  1605.0       0.0   
  1610.0       0.0   
  1615.0       0.0   
  1620.0       0.0   
  1625.0       0.0   
  1630.0       0.0   
  1635.0       0.0   
  1640.0       0.0   
  1645.0       0.0   
  1650.0       0.0   
  1655.0       0.0   
  1660.0       0.0   
  1665.0       0.0   
  1670.0       0.0   
  1675.0       0.0   
  1680.0       0.0   
  1685.0       0.0   
  1690.0       0.0   
  1695.0       0.0   
  1700.0       0.0   
  1705.0       0.0   
  1710.0       0.0   
  1715.0       0.0   
  1720.0       0.0   
  1725.0       0.0   
  1730.0       0.0   
  1735.0       0.0   
  1740.0       0.0   
  1745.0       0.0   
  1750.0       0.0   
  1755.0       0.0   
  1760.0       0.0   
  1765.0       0.0   
  1770.0       0.0   
  1775.0       0.0   
  1780.0       0.0   
  1785.0       0.0   
  1790.0       0.0   
  1795.0       0.0   
  1800.0       0.0   
  1805.0       0.0   
  1810.0       0.0   
  1815.0       0.0   
  1820.0       0.0   
  1825.0       0.0   
  1830.0       0.0   
  1835.0       0.0   
  1840.0       0.0   
  1845.0       0.0   
  1850.0       0.0   
  1855.0       0.0   
  1860.0       0.0   
  1865.0       0.0   
  1870.0       0.0   
  1875.0       0.0   
  1880.0       0.0   
  1885.0       0.0   
  1890.0       0.0   
  1895.0       0.0   
  1900.0       0.0   
  1905.0       0.0   
  1910.0       0.0   
  1915.0       0.0   
  1920.0       0.0   
  1925.0       0.0   
  1930.0       0.0   
  1935.0       0.0   
  1940.0       0.0   
  1945.0       0.0   
  1950.0       0.0   
  1955.0       0.0   
  1960.0       0.0   
  1965.0       0.0   
  1970.0       0.0   
  1975.0       0.0   
  1980.0       0.0   
  1985.0       0.0   
  1990.0       0.0   
  1995.0       0.0   
  2000.0       0.0   
  2005.0       0.0   
  2010.0       0.0   
  2015.0       0.0   
  2020.0       0.0   
  2025.0       0.0   
  2030.0       0.0   
  2035.0       0.0   
  2040.0       0.0   
  2045.0       0.0   
  2050.0       0.0   
  2055.0       0.0   
  2060.0       0.0   
  2065.0       0.0   
  2070.0       0.0   
  2075.0       0.0   
  2080.0       0.0   
  2085.0       0.0   
  2090.0       0.0   
  2095.0       0.0   
  2100.0       0.0   
  2105.0       0.0   
  2110.0       0.0   
  2115.0       0.0   
  2120.0       0.0   
  2125.0       0.0   
  2130.0       0.0   
  2135.0       0.0   
  2140.0       0.0   
  2145.0       0.0   
  2150.0       4.590538E-16
  2155.0       3.6660365E-15
  2160.0       6.870892E-15
  2165.0       7.786871E-15
  2170.0       1.0993846E-14
  2175.0       1.4198714E-14
  2180.0       1.4655638E-14
  2185.0       1.41966085E-14
  2190.0       1.09896435E-14
  2195.0       6.866708E-15
  2200.0       9.138964E-16
  2205.0       0.0   
  2210.0       0.0   
  2215.0       0.0   
  2220.0       0.0   
  2225.0       0.0   
  2230.0       0.0   
  2235.0       0.0   
  2240.0       0.0   
  2245.0       0.0   
  2250.0       4.590066E-15
  2255.0       3.7577404E-14
  2260.0       8.0630374E-14
  2265.0       1.2413823E-13
  2270.0       1.6306222E-13
  2275.0       1.8916047E-13
  2280.0       2.0243296E-13
  2285.0       1.9463425E-13
  2290.0       1.6118609E-13
  2295.0       9.750672E-14
  2300.0       1.2795806E-14
  2305.0       0.0   
  2310.0       0.0   
  2315.0       0.0   
  2320.0       0.0   
  2325.0       0.0   
  2330.0       0.0   
  2335.0       0.0   
  2340.0       0.0   
  2345.0       0.0   
  2350.0       6.6090715E-14
  2355.0       5.434879E-13
  2360.0       1.1920584E-12
  2365.0       1.9358723E-12
  2370.0       2.745165E-12
  2375.0       3.5878733E-12
  2380.0       4.434233E-12
  2385.0       5.2549232E-12
  2390.0       6.0197277E-12
  2395.0       6.6938317E-12
  2400.0       7.2483877E-12
  2405.0       7.6669174E-12
  2410.0       7.954017E-12
  2415.0       8.121118E-12
  2420.0       8.185183E-12
  2425.0       8.161328E-12
  2430.0       8.064661E-12
  2435.0       7.912124E-12
  2440.0       7.71701E-12
  2445.0       7.4980785E-12
  2450.0       7.26633E-12
  2455.0       7.040551E-12
  2460.0       6.8330975E-12
  2465.0       6.654959E-12
  2470.0       6.5175825E-12
  2475.0       6.4351783E-12
  2480.0       6.421475E-12
  2485.0       6.4856323E-12
  2490.0       6.641403E-12
  2495.0       6.902974E-12
  2500.0       7.281328E-12
  2505.0       7.781057E-12
  2510.0       8.387022E-12
  2515.0       9.080445E-12
  2520.0       9.8393585E-12
  2525.0       1.0639492E-11
  2530.0       1.1460658E-11
  2535.0       1.2279542E-11
  2540.0       1.3078715E-11
  2545.0       1.3834366E-11
  2550.0       1.4525435E-11
  2555.0       1.5143236E-11
  2560.0       1.570426E-11
  2565.0       1.6239184E-11
  2570.0       1.6778244E-11
  2575.0       1.7353492E-11
  2580.0       1.7995173E-11
  2585.0       1.8734889E-11
  2590.0       1.9599626E-11
  2595.0       2.0619197E-11
  2600.0       2.182702E-11
  2605.0       2.3238163E-11
  2610.0       2.4831132E-11
  2615.0       2.6571106E-11
  2620.0       2.8424131E-11
  2625.0       3.0354594E-11
  2630.0       3.2329018E-11
  2635.0       3.4312986E-11
  2640.0       3.62663E-11
  2645.0       3.8159125E-11
  2650.0       3.9954803E-11
  2655.0       4.162782E-11
  2660.0       4.3167515E-11
  2665.0       4.4577616E-11
  2670.0       4.5857165E-11
  2675.0       4.70103E-11
  2680.0       4.803298E-11
  2685.0       4.892728E-11
  2690.0       4.969625E-11
  2695.0       5.0337807E-11
  2700.0       5.0855323E-11
  2705.0       5.1257817E-11
  2710.0       5.156923E-11
  2715.0       5.1818848E-11
  2720.0       5.203912E-11
  2725.0       5.2262597E-11
  2730.0       5.2519614E-11
  2735.0       5.28425E-11
  2740.0       5.3264317E-11
  2745.0       5.3817156E-11
  2750.0       5.452719E-11
  2755.0       5.5407467E-11
  2760.0       5.641508E-11
  2765.0       5.7491803E-11
  2770.0       5.857589E-11
  2775.0       5.9604495E-11
  2780.0       6.0513115E-11
  2785.0       6.1241186E-11
  2790.0       6.172515E-11
  2795.0       6.1906875E-11
  2800.0       6.172537E-11
  2805.0       6.118241E-11
  2810.0       6.0433214E-11
  2815.0       5.969035E-11
  2820.0       5.9168816E-11
  2825.0       5.9089324E-11
  2830.0       5.966628E-11
  2835.0       6.111633E-11
  2840.0       6.366048E-11
  2845.0       6.7513765E-11
  2850.0       7.288473E-11
  2855.0       7.9885036E-11
  2860.0       8.837834E-11
  2865.0       9.813776E-11
  2870.0       1.0891753E-10
  2875.0       1.2048001E-10
  2880.0       1.3258476E-10
  2885.0       1.4498992E-10
  2890.0       1.5745412E-10
  2895.0       1.6973871E-10
  2900.0       1.816061E-10
  2905.0       1.9282757E-10
  2910.0       2.0321839E-10
  2915.0       2.1260584E-10
  2920.0       2.2082038E-10
  2925.0       2.2769031E-10
  2930.0       2.330462E-10
  2935.0       2.3671384E-10
  2940.0       2.3852362E-10
  2945.0       2.3830452E-10
  2950.0       2.3590327E-10
  2955.0       2.3130534E-10
  2960.0       2.2488547E-10
  2965.0       2.1715879E-10
  2970.0       2.086582E-10
  2975.0       1.9991363E-10
  2980.0       1.9145785E-10
  2985.0       1.8382276E-10
  2990.0       1.7753715E-10
  2995.0       1.7313502E-10
  3000.0       1.7113133E-10
  3005.0       1.7185264E-10
  3010.0       1.7515975E-10
  3015.0       1.8073011E-10
  3020.0       1.8821829E-10
  3025.0       1.9728419E-10
  3030.0       2.0758545E-10
  3035.0       2.187801E-10
  3040.0       2.3052688E-10
  3045.0       2.424806E-10
  3050.0       2.5430483E-10
  3055.0       2.6573832E-10
  3060.0       2.7669136E-10
  3065.0       2.8713942E-10
  3070.0       2.970738E-10
  3075.0       3.0648045E-10
  3080.0       3.1534525E-10
  3085.0       3.236537E-10
  3090.0       3.3139635E-10
  3095.0       3.385554E-10
  3100.0       3.4512426E-10
  3105.0       3.5112155E-10
  3110.0       3.5664854E-10
  3115.0       3.6183462E-10
  3120.0       3.6681283E-10
  3125.0       3.7171652E-10
  3130.0       3.766802E-10
  3135.0       3.818371E-10
  3140.0       3.8731973E-10
  3145.0       3.9325893E-10
  3150.0       3.9978473E-10
  3155.0       4.091148E-10
  3160.0       4.340104E-10
  3165.0       4.7122345E-10
  3170.0       4.925808E-10
  3175.0       4.871853E-10
  3180.0       4.695171E-10
  3185.0       4.5842155E-10
  3190.0       4.6085072E-10
  3195.0       4.7897414E-10
  3200.0       5.1659604E-10
  3205.0       5.1995686E-10
  3210.0       4.926176E-10
  3215.0       4.4575563E-10
  3220.0       4.0114662E-10
  3225.0       3.815328E-10
  3230.0       3.9908174E-10
  3235.0       4.5104162E-10
  3240.0       5.071369E-10
  3245.0       5.429099E-10
  3250.0       5.748635E-10
  3255.0       6.179832E-10
  3260.0       6.435304E-10
  3265.0       6.281522E-10
  3270.0       6.0634786E-10
  3275.0       6.1596617E-10
  3280.0       6.4524114E-10
  3285.0       6.7162914E-10
  3290.0       6.945199E-10
  3295.0       7.1380507E-10
  3300.0       7.0861583E-10
  3305.0       6.674497E-10
  3310.0       6.238644E-10
  3315.0       6.111581E-10
  3320.0       6.168936E-10
  3325.0       6.188444E-10
  3330.0       6.1568317E-10
  3335.0       6.129898E-10
  3340.0       6.1202704E-10
  3345.0       6.099487E-10
  3350.0       5.9863214E-10
  3355.0       5.7391036E-10
  3360.0       5.471497E-10
  3365.0       5.336838E-10
  3370.0       5.4321414E-10
  3375.0       5.771205E-10
  3380.0       6.2098093E-10
  3385.0       6.5805433E-10
  3390.0       6.8125333E-10
  3395.0       6.9059963E-10
  3400.0       6.9460204E-10
  3405.0       7.0099887E-10
  3410.0       7.073321E-10
  3415.0       7.071856E-10
  3420.0       6.943853E-10
  3425.0       6.6678596E-10
  3430.0       6.3251326E-10
  3435.0       6.0397065E-10
  3440.0       5.942052E-10
  3445.0       6.099038E-10
  3450.0       6.403488E-10
  3455.0       6.6820166E-10
  3460.0       6.767214E-10
  3465.0       6.599235E-10
  3470.0       6.386563E-10
  3475.0       6.3514755E-10
  3480.0       6.4876354E-10
  3485.0       6.716771E-10
  3490.0       7.005275E-10
  3495.0       7.339195E-10
  3500.0       7.6962836E-10
  3505.0       7.981673E-10
  3510.0       7.9381435E-10
  3515.0       7.475895E-10
  3520.0       7.091082E-10
  3525.0       7.245622E-10
  3530.0       7.7225937E-10
  3535.0       8.096748E-10
  3540.0       8.0955626E-10
  3545.0       7.6435674E-10
  3550.0       7.006714E-10
  3555.0       6.4757705E-10
  3560.0       6.0755395E-10
  3565.0       5.73726E-10
  3570.0       5.4279703E-10
  3575.0       5.2209664E-10
  3580.0       5.4082605E-10
  3585.0       6.159152E-10
  3590.0       7.105842E-10
  3595.0       7.774881E-10
  3600.0       7.970804E-10
  3605.0       7.7779916E-10
  3610.0       7.707057E-10
  3615.0       8.1418927E-10
  3620.0       8.7290064E-10
  3625.0       9.015226E-10
  3630.0       9.0336894E-10
  3635.0       9.03131E-10
  3640.0       9.2990626E-10
  3645.0       9.974025E-10
  3650.0       1.0763084E-9
  3655.0       1.1298109E-9
  3660.0       1.1446969E-9
  3665.0       1.1241558E-9
  3670.0       1.0898568E-9
  3675.0       1.0656108E-9
  3680.0       1.0625534E-9
  3685.0       1.0783228E-9
  3690.0       1.0885081E-9
  3695.0       1.0705695E-9
  3700.0       1.0285841E-9
  3705.0       9.776651E-10
  3710.0       9.339813E-10
  3715.0       9.015858E-10
  3720.0       8.540299E-10
  3725.0       7.7397816E-10
  3730.0       6.9759526E-10
  3735.0       6.6607864E-10
  3740.0       6.7969363E-10
  3745.0       7.2374917E-10
  3750.0       7.8623247E-10
  3755.0       8.567052E-10
  3760.0       9.2478614E-10
  3765.0       9.813406E-10
  3770.0       1.0204431E-9
  3775.0       1.0344848E-9
  3780.0       1.0097367E-9
  3785.0       9.453703E-10
  3790.0       8.796061E-10
  3795.0       8.4598695E-10
  3800.0       8.2682816E-10
  3805.0       7.9049833E-10
  3810.0       7.218258E-10
  3815.0       6.2567096E-10
  3820.0       5.4085036E-10
  3825.0       5.0342464E-10
  3830.0       5.0880594E-10
  3835.0       5.364797E-10
  3840.0       5.6537874E-10
  3845.0       5.797112E-10
  3850.0       5.773323E-10
  3855.0       5.661446E-10
  3860.0       5.6658184E-10
  3865.0       5.9446204E-10
  3870.0       6.420863E-10
  3875.0       7.012279E-10
  3880.0       7.8470636E-10
  3885.0       8.9903096E-10
  3890.0       1.0128827E-9
  3895.0       1.0911002E-9
  3900.0       1.1201106E-9
  3905.0       1.0793676E-9
  3910.0       1.0493483E-9
  3915.0       9.913068E-10
  3920.0       8.911627E-10
  3925.0       7.651475E-10
  3930.0       6.671592E-10
  3935.0       6.5525824E-10
  3940.0       7.383585E-10
  3945.0       8.7593066E-10
  3950.0       9.893392E-10
  3955.0       1.0131341E-9
  3960.0       9.669378E-10
  3965.0       9.2407937E-10
  3970.0       9.556388E-10
  3975.0       1.1003454E-9
  3980.0       1.3237047E-9
  3985.0       1.5522698E-9
  3990.0       1.7340905E-9
  3995.0       1.8472345E-9
  4000.0       1.9040547E-9
  4005.0       1.9374262E-9
  4010.0       1.9696438E-9
  4015.0       2.006121E-9
  4020.0       2.0416926E-9
  4025.0       2.0618827E-9
  4030.0       2.051203E-9
  4035.0       2.0110928E-9
  4040.0       1.9662392E-9
  4045.0       1.9394906E-9
  4050.0       1.92646E-9
  4055.0       1.9100046E-9
  4060.0       1.8844766E-9
  4065.0       1.8593767E-9
  4070.0       1.8565348E-9
  4075.0       1.8958513E-9
  4080.0       1.9710242E-9
  4085.0       2.053753E-9
  4090.0       2.1140103E-9
  4095.0       2.1308386E-9
  4100.0       2.1061637E-9
  4105.0       2.0624615E-9
  4110.0       2.0222546E-9
  4115.0       1.9973672E-9
  4120.0       1.9865927E-9
  4125.0       1.9771125E-9
  4130.0       1.9575979E-9
  4135.0       1.9278088E-9
  4140.0       1.8937192E-9
  4145.0       1.8660797E-9
  4150.0       1.8594246E-9
  4155.0       1.873223E-9
  4160.0       1.8825594E-9
  4165.0       1.8698185E-9
  4170.0       1.8491622E-9
  4175.0       1.8433295E-9
  4180.0       1.8596671E-9
  4185.0       1.8912751E-9
  4190.0       1.925844E-9
  4195.0       1.9575914E-9
  4200.0       1.9924284E-9
  4205.0       2.0391346E-9
  4210.0       2.0948356E-9
  4215.0       2.1446047E-9
  4220.0       2.1755922E-9
  4225.0       2.185913E-9
  4230.0       2.190894E-9
  4235.0       2.2130646E-9
  4240.0       2.2535223E-9
  4245.0       2.2963218E-9
  4250.0       2.3300541E-9
  4255.0       2.3415596E-9
  4260.0       2.3196094E-9
  4265.0       2.2743896E-9
  4270.0       2.2293938E-9
  4275.0       2.200228E-9
  4280.0       2.1816633E-9
  4285.0       2.1444926E-9
  4290.0       2.056091E-9
  4295.0       1.9277608E-9
  4300.0       1.8464617E-9
  4305.0       1.8972242E-9
  4310.0       2.0651791E-9
  4315.0       2.2779085E-9
  4320.0       2.4638938E-9
  4325.0       2.575357E-9
  4330.0       2.6259726E-9
  4335.0       2.6568592E-9
  4340.0       2.6807965E-9
  4345.0       2.7006704E-9
  4350.0       2.7287594E-9
  4355.0       2.762642E-9
  4360.0       2.7764635E-9
  4365.0       2.746659E-9
  4370.0       2.668467E-9
  4375.0       2.561363E-9
  4380.0       2.4744533E-9
  4385.0       2.44757E-9
  4390.0       2.474873E-9
  4395.0       2.532043E-9
  4400.0       2.5981048E-9
  4405.0       2.6592228E-9
  4410.0       2.7168827E-9
  4415.0       2.7730136E-9
  4420.0       2.8157514E-9
  4425.0       2.840627E-9
  4430.0       2.867023E-9
  4435.0       2.9081348E-9
  4440.0       2.9421003E-9
  4445.0       2.9404306E-9
  4450.0       2.905651E-9
  4455.0       2.8657896E-9
  4460.0       2.862206E-9
  4465.0       2.9232818E-9
  4470.0       3.0266896E-9
  4475.0       3.1232825E-9
  4480.0       3.179955E-9
  4485.0       3.1945246E-9
  4490.0       3.2066025E-9
  4495.0       3.2624048E-9
  4500.0       3.3587169E-9
  4505.0       3.4501686E-9
  4510.0       3.4837635E-9
  4515.0       3.4277072E-9
  4520.0       3.3045835E-9
  4525.0       3.1776282E-9
  4530.0       3.1051626E-9
  4535.0       3.1112903E-9
  4540.0       3.175703E-9
  4545.0       3.2516727E-9
  4550.0       3.29763E-9
  4555.0       3.3027487E-9
  4560.0       3.288286E-9
  4565.0       3.2805487E-9
  4570.0       3.289589E-9
  4575.0       3.3068812E-9
  4580.0       3.317075E-9
  4585.0       3.311752E-9
  4590.0       3.2951444E-9
  4595.0       3.2833585E-9
  4600.0       3.2997933E-9
  4605.0       3.358584E-9
  4610.0       3.4449141E-9
  4615.0       3.529471E-9
  4620.0       3.5903867E-9
  4625.0       3.6061059E-9
  4630.0       3.5570353E-9
  4635.0       3.4543528E-9
  4640.0       3.353169E-9
  4645.0       3.3034304E-9
  4650.0       3.29846E-9
  4655.0       3.3026994E-9
  4660.0       3.2988965E-9
  4665.0       3.2905467E-9
  4670.0       3.2926568E-9
  4675.0       3.3176204E-9
  4680.0       3.3501082E-9
  4685.0       3.3607035E-9
  4690.0       3.3413432E-9
  4695.0       3.305371E-9
  4700.0       3.2775844E-9
  4705.0       3.2832252E-9
  4710.0       3.324869E-9
  4715.0       3.3808192E-9
  4720.0       3.4229688E-9
  4725.0       3.437826E-9
  4730.0       3.4422245E-9
  4735.0       3.4625276E-9
  4740.0       3.5025747E-9
  4745.0       3.5443255E-9
  4750.0       3.5622958E-9
  4755.0       3.5447827E-9
  4760.0       3.515225E-9
  4765.0       3.507589E-9
  4770.0       3.5280607E-9
  4775.0       3.5652628E-9
  4780.0       3.6087022E-9
  4785.0       3.6457546E-9
  4790.0       3.6659673E-9
  4795.0       3.6697627E-9
  4800.0       3.6683472E-9
  4805.0       3.6738577E-9
  4810.0       3.688308E-9
  4815.0       3.7041523E-9
  4820.0       3.7115762E-9
  4825.0       3.7042895E-9
  4830.0       3.6834964E-9
  4835.0       3.654268E-9
  4840.0       3.615901E-9
  4845.0       3.5619154E-9
  4850.0       3.4893943E-9
  4855.0       3.4035592E-9
  4860.0       3.3246497E-9
  4865.0       3.2810452E-9
  4870.0       3.2871925E-9
  4875.0       3.3391534E-9
  4880.0       3.4165881E-9
  4885.0       3.491357E-9
  4890.0       3.5463166E-9
  4895.0       3.5763899E-9
  4900.0       3.5750325E-9
  4905.0       3.5437089E-9
  4910.0       3.5065288E-9
  4915.0       3.4837593E-9
  4920.0       3.4738257E-9
  4925.0       3.4754863E-9
  4930.0       3.4983882E-9
  4935.0       3.5476013E-9
  4940.0       3.6094523E-9
  4945.0       3.6618801E-9
  4950.0       3.6906396E-9
  4955.0       3.6921213E-9
  4960.0       3.6748589E-9
  4965.0       3.6484407E-9
  4970.0       3.6107872E-9
  4975.0       3.5620726E-9
  4980.0       3.5166179E-9
  4985.0       3.4864232E-9
  4990.0       3.4675522E-9
  4995.0       3.447398E-9
  5000.0       3.4165506E-9
  5005.0       3.378826E-9
  5010.0       3.3530732E-9
  5015.0       3.356321E-9
  5020.0       3.3864502E-9
  5025.0       3.4248682E-9
  5030.0       3.4506953E-9
  5035.0       3.4567431E-9
  5040.0       3.454214E-9
  5045.0       3.4623264E-9
  5050.0       3.4933934E-9
  5055.0       3.536424E-9
  5060.0       3.558276E-9
  5065.0       3.537354E-9
  5070.0       3.4917174E-9
  5075.0       3.4570724E-9
  5080.0       3.4509702E-9
  5085.0       3.4689245E-9
  5090.0       3.4946446E-9
  5095.0       3.5107812E-9
  5100.0       3.5129808E-9
  5105.0       3.5084884E-9
  5110.0       3.4991365E-9
  5115.0       3.4810017E-9
  5120.0       3.4522756E-9
  5125.0       3.4131116E-9
  5130.0       3.3724663E-9
  5135.0       3.3447378E-9
  5140.0       3.3347631E-9
  5145.0       3.3342304E-9
  5150.0       3.3197656E-9
  5155.0       3.2700782E-9
  5160.0       3.1943646E-9
  5165.0       3.120193E-9
  5170.0       3.0739102E-9
  5175.0       3.074865E-9
  5180.0       3.120929E-9
  5185.0       3.1920264E-9
  5190.0       3.2637213E-9
  5195.0       3.316047E-9
  5200.0       3.3432355E-9
  5205.0       3.3544307E-9
  5210.0       3.3654877E-9
  5215.0       3.3860148E-9
  5220.0       3.4136465E-9
  5225.0       3.442166E-9
  5230.0       3.4721128E-9
  5235.0       3.5069254E-9
  5240.0       3.5364098E-9
  5245.0       3.5410812E-9
  5250.0       3.5061731E-9
  5255.0       3.4298913E-9
  5260.0       3.340277E-9
  5265.0       3.2845293E-9
  5270.0       3.3004879E-9
  5275.0       3.3934748E-9
  5280.0       3.5162844E-9
  5285.0       3.6094507E-9
  5290.0       3.6550862E-9
  5295.0       3.670632E-9
  5300.0       3.6862544E-9
  5305.0       3.7185286E-9
  5310.0       3.7458037E-9
  5315.0       3.7316834E-9
  5320.0       3.6688004E-9
  5325.0       3.583987E-9
  5330.0       3.5229808E-9
  5335.0       3.5244392E-9
  5340.0       3.5873915E-9
  5345.0       3.6742702E-9
  5350.0       3.740811E-9
  5355.0       3.761603E-9
  5360.0       3.740469E-9
  5365.0       3.705823E-9
  5370.0       3.6925938E-9
  5375.0       3.7073664E-9
  5380.0       3.7173213E-9
  5385.0       3.6872534E-9
  5390.0       3.6130186E-9
  5395.0       3.5232628E-9
  5400.0       3.466217E-9
  5405.0       3.4729923E-9
  5410.0       3.5296148E-9
  5415.0       3.5973884E-9
  5420.0       3.6368686E-9
  5425.0       3.632245E-9
  5430.0       3.6121268E-9
  5435.0       3.6122496E-9
  5440.0       3.6356262E-9
  5445.0       3.6681218E-9
  5450.0       3.696361E-9
  5455.0       3.7071335E-9
  5460.0       3.6921315E-9
  5465.0       3.654483E-9
  5470.0       3.610076E-9
  5475.0       3.579024E-9
  5480.0       3.5734378E-9
  5485.0       3.5925516E-9
  5490.0       3.6245094E-9
  5495.0       3.6523715E-9
  5500.0       3.660169E-9
  5505.0       3.645508E-9
  5510.0       3.6255239E-9
  5515.0       3.6171526E-9
  5520.0       3.6208647E-9
  5525.0       3.629623E-9
  5530.0       3.6410734E-9
  5535.0       3.6578287E-9
  5540.0       3.6820043E-9
  5545.0       3.7124062E-9
  5550.0       3.7436108E-9
  5555.0       3.7651566E-9
  5560.0       3.76411E-9
  5565.0       3.7379806E-9
  5570.0       3.705349E-9
  5575.0       3.6820094E-9
  5580.0       3.656524E-9
  5585.0       3.6187313E-9
  5590.0       3.587675E-9
  5595.0       3.585616E-9
  5600.0       3.612172E-9
  5605.0       3.6515497E-9
  5610.0       3.6850283E-9
  5615.0       3.6995018E-9
  5620.0       3.6903802E-9
  5625.0       3.6695287E-9
  5630.0       3.667349E-9
  5635.0       3.696033E-9
  5640.0       3.7239252E-9
  5645.0       3.717049E-9
  5650.0       3.6810104E-9
  5655.0       3.6423633E-9
  5660.0       3.6156174E-9
  5665.0       3.6092587E-9
  5670.0       3.640711E-9
  5675.0       3.7043073E-9
  5680.0       3.746549E-9
  5685.0       3.7282897E-9
  5690.0       3.6757088E-9
  5695.0       3.6300671E-9
  5700.0       3.5985201E-9
  5705.0       3.5789476E-9
  5710.0       3.5911272E-9
  5715.0       3.6480778E-9
  5720.0       3.7224333E-9
  5725.0       3.778434E-9
  5730.0       3.803692E-9
  5735.0       3.7976386E-9
  5740.0       3.766508E-9
  5745.0       3.725411E-9
  5750.0       3.6922894E-9
  5755.0       3.6801044E-9
  5760.0       3.6892136E-9
  5765.0       3.707294E-9
  5770.0       3.718095E-9
  5775.0       3.7116135E-9
  5780.0       3.6901495E-9
  5785.0       3.666763E-9
  5790.0       3.6571317E-9
  5795.0       3.6698007E-9
  5800.0       3.7025423E-9
  5805.0       3.7451144E-9
  5810.0       3.7850856E-9
  5815.0       3.815888E-9
  5820.0       3.837907E-9
  5825.0       3.853742E-9
  5830.0       3.8637724E-9
  5835.0       3.862761E-9
  5840.0       3.8443844E-9
  5845.0       3.8091597E-9
  5850.0       3.7672803E-9
  5855.0       3.7344137E-9
  5860.0       3.7193895E-9
  5865.0       3.7156802E-9
  5870.0       3.7052699E-9
  5875.0       3.6698138E-9
  5880.0       3.6070467E-9
  5885.0       3.5371026E-9
  5890.0       3.490323E-9
  5895.0       3.4903604E-9
  5900.0       3.5393488E-9
  5905.0       3.6157843E-9
  5910.0       3.6882897E-9
  5915.0       3.734439E-9
  5920.0       3.750251E-9
  5925.0       3.7465853E-9
  5930.0       3.7383656E-9
  5935.0       3.733124E-9
  5940.0       3.7297267E-9
  5945.0       3.725563E-9
  5950.0       3.722325E-9
  5955.0       3.7256958E-9
  5960.0       3.7393333E-9
  5965.0       3.759063E-9
  5970.0       3.7735317E-9
  5975.0       3.7730556E-9
  5980.0       3.7568904E-9
  5985.0       3.7334593E-9
  5990.0       3.7145058E-9
  5995.0       3.705364E-9
  6000.0       3.6993666E-9
  6005.0       3.6790406E-9
  6010.0       3.6696066E-9
  6015.0       3.658351E-9
  6020.0       3.6313126E-9
  6025.0       3.6483427E-9
  6030.0       3.734385E-9
  6035.0       3.8031516E-9
  6040.0       3.8121355E-9
  6045.0       3.848072E-9
  6050.0       3.8169112E-9
  6055.0       3.785231E-9
  6060.0       3.7548533E-9
  6065.0       3.745846E-9
  6070.0       3.771471E-9
  6075.0       3.7562984E-9
  6080.0       3.7233303E-9
  6085.0       3.6808465E-9
  6090.0       3.6465275E-9
  6095.0       3.6526409E-9
  6100.0       3.662835E-9
  6105.0       3.6493084E-9
  6110.0       3.674737E-9
  6115.0       3.691523E-9
  6120.0       3.6680854E-9
  6125.0       3.6466297E-9
  6130.0       3.6337868E-9
  6135.0       3.5957237E-9
  6140.0       3.6073204E-9
  6145.0       3.6407333E-9
  6150.0       3.6217662E-9
  6155.0       3.5972414E-9
  6160.0       3.5387138E-9
  6165.0       3.5110934E-9
  6170.0       3.537943E-9
  6175.0       3.5769576E-9
  6180.0       3.6280108E-9
  6185.0       3.656942E-9
  6190.0       3.6418555E-9
  6195.0       3.686297E-9
  6200.0       3.7197336E-9
  6205.0       3.728772E-9
  6210.0       3.6679115E-9
  6215.0       3.5925798E-9
  6220.0       3.5887593E-9
  6225.0       3.6173982E-9
  6230.0       3.5748284E-9
  6235.0       3.5545482E-9
  6240.0       3.5199446E-9
  6245.0       3.4942564E-9
  6250.0       3.4788705E-9
  6255.0       3.4648506E-9
  6260.0       3.505963E-9
  6265.0       3.587018E-9
  6270.0       3.6220724E-9
  6275.0       3.6102814E-9
  6280.0       3.5751802E-9
  6285.0       3.6058494E-9
  6290.0       3.6378016E-9
  6295.0       3.5918195E-9
  6300.0       3.5544585E-9
  6305.0       3.57458E-9
  6310.0       3.5831074E-9
  6315.0       3.5325116E-9
  6320.0       3.5442111E-9
  6325.0       3.6291117E-9
  6330.0       3.6359176E-9
  6335.0       3.6155263E-9
  6340.0       3.6006995E-9
  6345.0       3.597382E-9
  6350.0       3.611496E-9
  6355.0       3.5871284E-9
  6360.0       3.542613E-9
  6365.0       3.576195E-9
  6370.0       3.659747E-9
  6375.0       3.712144E-9
  6380.0       3.7069867E-9
  6385.0       3.7004173E-9
  6390.0       3.6848053E-9
  6395.0       3.661181E-9
  6400.0       3.6480428E-9
  6405.0       3.6385437E-9
  6410.0       3.6250245E-9
  6415.0       3.6164838E-9
  6420.0       3.628812E-9
  6425.0       3.6612962E-9
  6430.0       3.6451837E-9
  6435.0       3.654998E-9
  6440.0       3.6652115E-9
  6445.0       3.6453807E-9
  6450.0       3.5930086E-9
  6455.0       3.586548E-9
  6460.0       3.5896834E-9
  6465.0       3.589907E-9
  6470.0       3.5949022E-9
  6475.0       3.5683456E-9
  6480.0       3.5417735E-9
  6485.0       3.5109256E-9
  6490.0       3.469388E-9
  6495.0       3.415461E-9
  6500.0       3.4725698E-9
  6505.0       3.5564045E-9
  6510.0       3.5919665E-9
  6515.0       3.574957E-9
  6520.0       3.5764245E-9
  6525.0       3.5692087E-9
  6530.0       3.573302E-9
  6535.0       3.5997154E-9
  6540.0       3.6228789E-9
  6545.0       3.58889E-9
  6550.0       3.505709E-9
  6555.0       3.403995E-9
  6560.0       3.2613525E-9
  6565.0       3.2465688E-9
  6570.0       3.3770646E-9
  6575.0       3.4564867E-9
  6580.0       3.5147814E-9
  6585.0       3.5208436E-9
  6590.0       3.4996142E-9
  6595.0       3.4926388E-9
  6600.0       3.524979E-9
  6605.0       3.5557266E-9
  6610.0       3.5668968E-9
  6615.0       3.6022039E-9
  6620.0       3.6134526E-9
  6625.0       3.5832453E-9
  6630.0       3.5339338E-9
  6635.0       3.5366103E-9
  6640.0       3.5623222E-9
  6645.0       3.5636978E-9
  6650.0       3.5782277E-9
  6655.0       3.598765E-9
  6660.0       3.550077E-9
  6665.0       3.4951122E-9
  6670.0       3.5048486E-9
  6675.0       3.5224546E-9
  6680.0       3.5547303E-9
  6685.0       3.598396E-9
  6690.0       3.6340444E-9
  6695.0       3.6021532E-9
  6700.0       3.5728247E-9
  6705.0       3.5565284E-9
  6710.0       3.5263845E-9
  6715.0       3.469839E-9
  6720.0       3.4879022E-9
  6725.0       3.5498935E-9
  6730.0       3.558815E-9
  6735.0       3.5470278E-9
  6740.0       3.5269567E-9
  6745.0       3.506035E-9
  6750.0       3.4836654E-9
  6755.0       3.4768788E-9
  6760.0       3.5235224E-9
  6765.0       3.545028E-9
  6770.0       3.5453893E-9
  6775.0       3.5774148E-9
  6780.0       3.5827898E-9
  6785.0       3.54149E-9
  6790.0       3.5422287E-9
  6795.0       3.5491219E-9
  6800.0       3.5357748E-9
  6805.0       3.5164012E-9
  6810.0       3.5396432E-9
  6815.0       3.54299E-9
  6820.0       3.5437877E-9
  6825.0       3.545361E-9
  6830.0       3.5482302E-9
  6835.0       3.5389776E-9
  6840.0       3.5220273E-9
  6845.0       3.5104673E-9
  6850.0       3.50893E-9
  6855.0       3.5149288E-9
  6860.0       3.5175594E-9
  6865.0       3.5070304E-9
  6870.0       3.4855498E-9
  6875.0       3.4670669E-9
  6880.0       3.4636725E-9
  6885.0       3.478114E-9
  6890.0       3.5001602E-9
  6895.0       3.5138699E-9
  6900.0       3.509193E-9
  6905.0       3.4896401E-9
  6910.0       3.4683922E-9
  6915.0       3.4582122E-9
  6920.0       3.4608831E-9
  6925.0       3.4648606E-9
  6930.0       3.4600527E-9
  6935.0       3.4442227E-9
  6940.0       3.4250465E-9
  6945.0       3.4132515E-9
  6950.0       3.4154584E-9
  6955.0       3.4293217E-9
  6960.0       3.4424386E-9
  6965.0       3.4443952E-9
  6970.0       3.4297736E-9
  6975.0       3.3798004E-9
  6980.0       3.3364032E-9
  6985.0       3.368183E-9
  6990.0       3.37696E-9
  6995.0       3.3672398E-9
  7000.0       3.3475307E-9
  7005.0       3.352714E-9
  7010.0       3.3578165E-9
  7015.0       3.3298384E-9
  7020.0       3.3323329E-9
  7025.0       3.3257281E-9
  7030.0       3.3473408E-9
  7035.0       3.357556E-9
  7040.0       3.3907595E-9
  7045.0       3.4244083E-9
  7050.0       3.4178125E-9
  7055.0       3.3992245E-9
  7060.0       3.3926473E-9
  7065.0       3.3815915E-9
  7070.0       3.3902765E-9
  7075.0       3.421871E-9
  7080.0       3.4206613E-9
  7085.0       3.372953E-9
  7090.0       3.341513E-9
  7095.0       3.3338825E-9
  7100.0       3.3338508E-9
  7105.0       3.3257463E-9
  7110.0       3.3410588E-9
  7115.0       3.3379235E-9
  7120.0       3.3311922E-9
  7125.0       3.3132463E-9
  7130.0       3.2963177E-9
  7135.0       3.3161998E-9
  7140.0       3.3114973E-9
  7145.0       3.3073884E-9
  7150.0       3.2999037E-9
  7155.0       3.3178644E-9
  7160.0       3.3083893E-9
  7165.0       3.2853633E-9
  7170.0       3.274895E-9
  7175.0       3.2493004E-9
  7180.0       3.218648E-9
  7185.0       3.1705847E-9
  7190.0       3.1469818E-9
  7195.0       3.1546914E-9
  7200.0       3.1520881E-9
  7205.0       3.1337781E-9
  7210.0       3.1565808E-9
  7215.0       3.1949325E-9
  7220.0       3.234788E-9
  7225.0       3.2600969E-9
  7230.0       3.2780814E-9
  7235.0       3.257951E-9
  7240.0       3.2246414E-9
  7245.0       3.2073006E-9
  7250.0       3.2059522E-9
  7255.0       3.21881E-9
  7260.0       3.2230254E-9
  7265.0       3.2306333E-9
  7270.0       3.247038E-9
  7275.0       3.2079706E-9
  7280.0       3.1652834E-9
  7285.0       3.1079475E-9
  7290.0       3.070462E-9
  7295.0       3.1090577E-9
  7300.0       3.1391123E-9
  7305.0       3.1478464E-9
  7310.0       3.1540182E-9
  7315.0       3.1826957E-9
  7320.0       3.1937315E-9
  7325.0       3.1960736E-9
  7330.0       3.1969987E-9
  7335.0       3.2297427E-9
  7340.0       3.261055E-9
  7345.0       3.2276188E-9
  7350.0       3.1919822E-9
  7355.0       3.1730936E-9
  7360.0       3.1915781E-9
  7365.0       3.2096188E-9
  7370.0       3.2271534E-9
  7375.0       3.2459564E-9
  7380.0       3.2229437E-9
  7385.0       3.150008E-9
  7390.0       3.1129854E-9
  7395.0       3.129704E-9
  7400.0       3.130795E-9
  7405.0       3.140679E-9
  7410.0       3.1234957E-9
  7415.0       3.1047964E-9
  7420.0       3.1093281E-9
  7425.0       3.1659975E-9
  7430.0       3.2206742E-9
  7435.0       3.2488816E-9
  7440.0       3.2438585E-9
  7445.0       3.2185357E-9
  7450.0       3.211662E-9
  7455.0       3.201951E-9
  7460.0       3.175298E-9
  7465.0       3.1863583E-9
  7470.0       3.2109966E-9
  7475.0       3.1942469E-9
  7480.0       3.1898E-9
  7485.0       3.1786354E-9
  7490.0       3.155687E-9
  7495.0       3.144104E-9
  7500.0       3.1823553E-9
  7505.0       3.2046605E-9
  7510.0       3.2188505E-9
  7515.0       3.2407137E-9
  7520.0       3.2432856E-9
  7525.0       3.2166199E-9
  7530.0       3.2158358E-9
  7535.0       3.2469913E-9
  7540.0       3.2610135E-9
  7545.0       3.2580902E-9
  7550.0       3.246522E-9
  7555.0       3.2413856E-9
  7560.0       3.2364522E-9
  7565.0       3.2323535E-9
  7570.0       3.2283525E-9
  7575.0       3.2242842E-9
  7580.0       3.2208607E-9
  7585.0       3.2176402E-9
  7590.0       3.2139773E-9
  7595.0       3.2105736E-9
  7600.0       3.2081033E-9
  7605.0       3.2053813E-9
  7610.0       3.20203E-9
  7615.0       3.1984073E-9
  7620.0       3.1947849E-9
  7625.0       3.191193E-9
  7630.0       3.1876017E-9
  7635.0       3.1840177E-9
  7640.0       3.1804377E-9
  7645.0       3.176856E-9
  7650.0       3.173274E-9
  7655.0       3.169677E-9
  7660.0       3.1660936E-9
  7665.0       3.1624836E-9
  7670.0       3.1586929E-9
  7675.0       3.1544631E-9
  7680.0       3.150553E-9
  7685.0       3.147827E-9
  7690.0       3.1458187E-9
  7695.0       3.1422867E-9
  7700.0       3.1380423E-9
  7705.0       3.1336407E-9
  7710.0       3.1295573E-9
  7715.0       3.1258955E-9
  7720.0       3.1224583E-9
  7725.0       3.1196181E-9
  7730.0       3.1222875E-9
  7735.0       3.1301748E-9
  7740.0       3.1196887E-9
  7745.0       3.1011096E-9
  7750.0       3.1151657E-9
  7755.0       3.182009E-9
  7760.0       3.2062513E-9
  7765.0       3.1908196E-9
  7770.0       3.1405034E-9
  7775.0       3.0920075E-9
  7780.0       3.0744922E-9
  7785.0       3.095013E-9
  7790.0       3.1379725E-9
  7795.0       3.1664131E-9
  7800.0       3.1758356E-9
  7805.0       3.144704E-9
  7810.0       3.0856047E-9
  7815.0       3.0786376E-9
  7820.0       3.094702E-9
  7825.0       3.1126735E-9
  7830.0       3.1024563E-9
  7835.0       3.0931566E-9
  7840.0       3.1234328E-9
  7845.0       3.1416965E-9
  7850.0       3.1467728E-9
  7855.0       3.1388172E-9
  7860.0       3.1366814E-9
  7865.0       3.1094514E-9
  7870.0       3.0840765E-9
  7875.0       3.0698326E-9
  7880.0       3.076316E-9
  7885.0       3.0780312E-9
  7890.0       3.0497007E-9
  7895.0       2.9844571E-9
  7900.0       2.9488743E-9
  7905.0       2.9458662E-9
  7910.0       2.956686E-9
  7915.0       2.9659628E-9
  7920.0       2.98144E-9
  7925.0       2.961003E-9
  7930.0       2.917842E-9
  7935.0       2.8767908E-9
  7940.0       2.8551725E-9
  7945.0       2.8608858E-9
  7950.0       2.8952767E-9
  7955.0       2.913771E-9
  7960.0       2.922198E-9
  7965.0       2.9096283E-9
  7970.0       2.9142044E-9
  7975.0       2.933941E-9
  7980.0       2.945859E-9
  7985.0       2.9642235E-9
  7990.0       2.9560934E-9
  7995.0       2.9207512E-9
  8000.0       2.8888782E-9
  8005.0       2.8995506E-9
  8010.0       2.8999292E-9
  8015.0       2.9176277E-9
  8020.0       2.9186236E-9
  8025.0       2.8953941E-9
  8030.0       2.8923612E-9
  8035.0       2.9145937E-9
  8040.0       2.895612E-9
  8045.0       2.8623504E-9
  8050.0       2.860808E-9
  8055.0       2.894028E-9
  8060.0       2.9133953E-9
  8065.0       2.877221E-9
  8070.0       2.848799E-9
  8075.0       2.8293676E-9
  8080.0       2.8217964E-9
  8085.0       2.8077445E-9
  8090.0       2.7946714E-9
  8095.0       2.7728753E-9
  8100.0       2.78046E-9
  8105.0       2.7817655E-9
  8110.0       2.7782237E-9
  8115.0       2.7742404E-9
  8120.0       2.7976503E-9
  8125.0       2.8231348E-9
  8130.0       2.8212106E-9
  8135.0       2.8139773E-9
  8140.0       2.8108027E-9
  8145.0       2.8035236E-9
  8150.0       2.8010445E-9
  8155.0       2.8110407E-9
  8160.0       2.7960998E-9
  8165.0       2.7788474E-9
  8170.0       2.797234E-9
  8175.0       2.7937623E-9
  8180.0       2.764381E-9
  8185.0       2.7423936E-9
  8190.0       2.756184E-9
  8195.0       2.7540588E-9
  8200.0       2.7694138E-9
  8205.0       2.7994462E-9
  8210.0       2.8071818E-9
  8215.0       2.809569E-9
  8220.0       2.7873457E-9
  8225.0       2.7554536E-9
  8230.0       2.7288756E-9
  8235.0       2.7732638E-9
  8240.0       2.8197584E-9
  8245.0       2.8465341E-9
  8250.0       2.8585576E-9
  8255.0       2.8378444E-9
  8260.0       2.84551E-9
  8265.0       2.8523794E-9
  8270.0       2.822971E-9
  8275.0       2.805928E-9
  8280.0       2.8304679E-9
  8285.0       2.8354668E-9
  8290.0       2.822746E-9
  8295.0       2.8015403E-9
  8300.0       2.7846814E-9
  8305.0       2.7705835E-9
  8310.0       2.7637561E-9
  8315.0       2.7735418E-9
  8320.0       2.7530065E-9
  8325.0       2.7382148E-9
  8330.0       2.7205662E-9
  8335.0       2.7131781E-9
  8340.0       2.7124873E-9
  8345.0       2.726298E-9
  8350.0       2.7335398E-9
  8355.0       2.7437934E-9
  8360.0       2.7362164E-9
  8365.0       2.7315408E-9
  8370.0       2.7448805E-9
  8375.0       2.7595766E-9
  8380.0       2.749716E-9
  8385.0       2.728361E-9
  8390.0       2.7359726E-9
  8395.0       2.7554237E-9
  8400.0       2.7501281E-9
  8405.0       2.7414813E-9
  8410.0       2.7309544E-9
  8415.0       2.7138056E-9
  8420.0       2.7130922E-9
  8425.0       2.6961613E-9
  8430.0       2.6784468E-9
  8435.0       2.670531E-9
  8440.0       2.6929148E-9
  8445.0       2.7295761E-9
  8450.0       2.7731981E-9
  8455.0       2.798778E-9
  8460.0       2.796231E-9
  8465.0       2.7628038E-9
  8470.0       2.7527072E-9
  8475.0       2.768928E-9
  8480.0       2.7818974E-9
  8485.0       2.7708256E-9
  8490.0       2.71532E-9
  8495.0       2.5744975E-9
  8500.0       2.4784468E-9
  8505.0       2.5626132E-9
  8510.0       2.642125E-9
  8515.0       2.6641762E-9
  8520.0       2.6777043E-9
  8525.0       2.6390123E-9
  8530.0       2.509117E-9
  8535.0       2.3290725E-9
  8540.0       2.117446E-9
  8545.0       2.1236726E-9
  8550.0       2.3613715E-9
  8555.0       2.5452465E-9
  8560.0       2.630552E-9
  8565.0       2.664467E-9
  8570.0       2.6557925E-9
  8575.0       2.636734E-9
  8580.0       2.6295488E-9
  8585.0       2.6229556E-9
  8590.0       2.6174793E-9
  8595.0       2.612799E-9
  8600.0       2.6014113E-9
  8605.0       2.5830287E-9
  8610.0       2.560125E-9
  8615.0       2.558822E-9
  8620.0       2.5670497E-9
  8625.0       2.5925255E-9
  8630.0       2.6286646E-9
  8635.0       2.6660605E-9
  8640.0       2.6793452E-9
  8645.0       2.6427587E-9
  8650.0       2.5425573E-9
  8655.0       2.403926E-9
  8660.0       2.2249558E-9
  8665.0       2.2077085E-9
  8670.0       2.3855409E-9
  8675.0       2.502741E-9
  8680.0       2.6009919E-9
  8685.0       2.6284286E-9
  8690.0       2.6125442E-9
  8695.0       2.6271998E-9
  8700.0       2.6260394E-9
  8705.0       2.6422915E-9
  8710.0       2.6534448E-9
  8715.0       2.6670959E-9
  8720.0       2.6784075E-9
  8725.0       2.6527014E-9
  8730.0       2.6394915E-9
  8735.0       2.6227405E-9
  8740.0       2.6108389E-9
  8745.0       2.6180558E-9
  8750.0       2.6035452E-9
  8755.0       2.5835571E-9
  8760.0       2.576394E-9
  8765.0       2.5621854E-9
  8770.0       2.5547067E-9
  8775.0       2.5701705E-9
  8780.0       2.5821634E-9
  8785.0       2.5769842E-9
  8790.0       2.5600362E-9
  8795.0       2.5488027E-9
  8800.0       2.557469E-9
  8805.0       2.5303695E-9
  8810.0       2.5494165E-9
  8815.0       2.6090328E-9
  8820.0       2.6235922E-9
  8825.0       2.6120923E-9
  8830.0       2.6245346E-9
  8835.0       2.6144558E-9
  8840.0       2.6183125E-9
  8845.0       2.637201E-9
  8850.0       2.629225E-9
  8855.0       2.6021685E-9
  8860.0       2.5686413E-9
  8865.0       2.5377789E-9
  8870.0       2.5309714E-9
  8875.0       2.5358826E-9
  8880.0       2.5288658E-9
  8885.0       2.5440239E-9
  8890.0       2.5516675E-9
  8895.0       2.5634046E-9
  8900.0       2.576748E-9
  8905.0       2.5916067E-9
  8910.0       2.593914E-9
  8915.0       2.6051807E-9
  8920.0       2.5931302E-9
  8925.0       2.5770144E-9
  8930.0       2.5730291E-9
  8935.0       2.5734428E-9
  8940.0       2.5551863E-9
  8945.0       2.5276912E-9
  8950.0       2.53914E-9
  8955.0       2.5590101E-9
  8960.0       2.5600868E-9
  8965.0       2.5414781E-9
  8970.0       2.537325E-9
  8975.0       2.533814E-9
  8980.0       2.5245002E-9
  8985.0       2.5006919E-9
  8990.0       2.4896352E-9
  8995.0       2.5187035E-9
  9000.0       2.5112368E-9
  9005.0       2.5062377E-9
  9010.0       2.4888118E-9
  9015.0       2.4834277E-9
  9020.0       2.506889E-9
  9025.0       2.5292832E-9
  9030.0       2.571268E-9
  9035.0       2.5982987E-9
  9040.0       2.6073739E-9
  9045.0       2.5961808E-9
  9050.0       2.572785E-9
  9055.0       2.5415092E-9
  9060.0       2.5200948E-9
  9065.0       2.5016003E-9
  9070.0       2.473683E-9
  9075.0       2.461889E-9
  9080.0       2.4451954E-9
  9085.0       2.4289262E-9
  9090.0       2.4194318E-9
  9095.0       2.429963E-9
  9100.0       2.4281017E-9
  9105.0       2.4221247E-9
  9110.0       2.4159394E-9
  9115.0       2.400523E-9
  9120.0       2.3915603E-9
  9125.0       2.3935827E-9
  9130.0       2.3784177E-9
  9135.0       2.3553226E-9
  9140.0       2.3361755E-9
  9145.0       2.323741E-9
  9150.0       2.31693E-9
  9155.0       2.3155216E-9
  9160.0       2.3336628E-9
  9165.0       2.3325428E-9
  9170.0       2.3061102E-9
  9175.0       2.3066293E-9
  9180.0       2.3349256E-9
  9185.0       2.3551772E-9
  9190.0       2.357144E-9
  9195.0       2.363126E-9
  9200.0       2.3611733E-9
  9205.0       2.357756E-9
  9210.0       2.3366304E-9
  9215.0       2.3356534E-9
  9220.0       2.3602913E-9
  9225.0       2.366743E-9
  9230.0       2.3549052E-9
  9235.0       2.3397846E-9
  9240.0       2.3151212E-9
  9245.0       2.2853752E-9
  9250.0       2.265317E-9
  9255.0       2.2618076E-9
  9260.0       2.2833004E-9
  9265.0       2.3185283E-9
  9270.0       2.3631466E-9
  9275.0       2.3861235E-9
  9280.0       2.3750997E-9
  9285.0       2.3763143E-9
  9290.0       2.3526532E-9
  9295.0       2.322876E-9
  9300.0       2.2948834E-9
  9305.0       2.2565165E-9
  9310.0       2.217441E-9
  9315.0       2.1622282E-9
  9320.0       2.1374746E-9
  9325.0       2.121948E-9
  9330.0       2.1309774E-9
  9335.0       2.105664E-9
  9340.0       2.0962807E-9
  9345.0       2.1193665E-9
  9350.0       2.169547E-9
  9355.0       2.1465776E-9
  9360.0       2.2008193E-9
  9365.0       2.2281355E-9
  9370.0       2.239816E-9
  9375.0       2.283831E-9
  9380.0       2.3276303E-9
  9385.0       2.4009974E-9
  9390.0       2.466097E-9
  9395.0       2.4907914E-9
  9400.0       2.4533093E-9
  9405.0       2.3727484E-9
  9410.0       2.2777438E-9
  9415.0       2.2247857E-9
  9420.0       2.1669173E-9
  9425.0       2.0969582E-9
  9430.0       2.0674897E-9
  9435.0       2.0848858E-9
  9440.0       2.042041E-9
  9445.0       2.1030264E-9
  9450.0       2.1474371E-9
  9455.0       2.1520663E-9
  9460.0       2.1594628E-9
  9465.0       2.2133912E-9
  9470.0       2.2331583E-9
  9475.0       2.207974E-9
  9480.0       2.1775153E-9
  9485.0       2.2160782E-9
  9490.0       2.2021998E-9
  9495.0       2.1460393E-9
  9500.0       2.145833E-9
  9505.0       2.2330606E-9
  9510.0       2.3003268E-9
  9515.0       2.2960782E-9
  9520.0       2.3020874E-9
  9525.0       2.3422293E-9
  9530.0       2.38063E-9
  9535.0       2.3555484E-9
  9540.0       2.3156297E-9
  9545.0       2.255246E-9
  9550.0       2.2300455E-9
  9555.0       2.1762314E-9
  9560.0       2.2169488E-9
  9565.0       2.1956894E-9
  9570.0       2.2175506E-9
  9575.0       2.2322155E-9
  9580.0       2.2061248E-9
  9585.0       2.1704416E-9
  9590.0       2.16976E-9
  9595.0       2.182329E-9
  9600.0       2.2063598E-9
  9605.0       2.2186601E-9
  9610.0       2.2431208E-9
  9615.0       2.2760511E-9
  9620.0       2.2529834E-9
  9625.0       2.2653552E-9
  9630.0       2.260831E-9
  9635.0       2.238109E-9
  9640.0       2.2384026E-9
  9645.0       2.2238567E-9
  9650.0       2.2325295E-9
  9655.0       2.233727E-9
  9660.0       2.2361273E-9
  9665.0       2.2524518E-9
  9670.0       2.2604139E-9
  9675.0       2.2387039E-9
  9680.0       2.2176665E-9
  9685.0       2.221575E-9
  9690.0       2.2160127E-9
  9695.0       2.2178022E-9
  9700.0       2.200448E-9
  9705.0       2.2260045E-9
  9710.0       2.2502038E-9
  9715.0       2.261367E-9
  9720.0       2.2689661E-9
  9725.0       2.2649984E-9
  9730.0       2.2280302E-9
  9735.0       2.196135E-9
  9740.0       2.1794377E-9
  9745.0       2.1584405E-9
  9750.0       2.1272692E-9
  9755.0       2.1404434E-9
  9760.0       2.1554054E-9
  9765.0       2.1629074E-9
  9770.0       2.1734212E-9
  9775.0       2.184581E-9
  9780.0       2.201915E-9
  9785.0       2.1906141E-9
  9790.0       2.2032662E-9
  9795.0       2.2349569E-9
  9800.0       2.256984E-9
  9805.0       2.2368596E-9
  9810.0       2.2436477E-9
  9815.0       2.2071265E-9
  9820.0       2.1760913E-9
  9825.0       2.1746576E-9
  9830.0       2.1698394E-9
  9835.0       2.1743016E-9
  9840.0       2.1908872E-9
  9845.0       2.187648E-9
  9850.0       2.1926698E-9
  9855.0       2.1487139E-9
  9860.0       2.130525E-9
  9865.0       2.1468238E-9
  9870.0       2.1451185E-9
  9875.0       2.1406565E-9
  9880.0       2.1622162E-9
  9885.0       2.1823188E-9
  9890.0       2.1940212E-9
  9895.0       2.1925397E-9
  9900.0       2.2275704E-9
  9905.0       2.2360742E-9
  9910.0       2.2598565E-9
  9915.0       2.2291937E-9
  9920.0       2.2326123E-9
  9925.0       2.218871E-9
  9930.0       2.2187305E-9
  9935.0       2.2307025E-9
  9940.0       2.1887527E-9
  9945.0       2.1961422E-9
  9950.0       2.187955E-9
  9955.0       2.2124815E-9
  9960.0       2.1905637E-9
  9965.0       2.2274427E-9
  9970.0       2.2421713E-9
  9975.0       2.2629212E-9
  9980.0       2.2285613E-9
  9985.0       2.1851994E-9
  9990.0       2.1551483E-9
  9995.0       2.1723934E-9
  10000.0      2.245255E-9
  10005.0      2.2512296E-9
  10010.0      2.24042E-9
  10015.0      2.2284583E-9
  10020.0      2.2192095E-9
  10025.0      2.215042E-9
  10030.0      2.2144395E-9
  10035.0      2.2143622E-9
  10040.0      2.2117848E-9
  10045.0      2.2051072E-9
  10050.0      2.1964597E-9
  10055.0      2.1894186E-9
  10060.0      2.187509E-9
  10065.0      2.192427E-9
  10070.0      2.2010893E-9
  10075.0      2.2085642E-9
  10080.0      2.2099549E-9
  10085.0      2.2021993E-9
  10090.0      2.1870494E-9
  10095.0      2.1681363E-9
  10100.0      2.1491722E-9
  10105.0      2.1330233E-9
  10110.0      2.1203592E-9
  10115.0      2.110987E-9
  10120.0      2.1046376E-9
  10125.0      2.1008772E-9
  10130.0      2.0989481E-9
  10135.0      2.0979516E-9
  10140.0      2.0970046E-9
  10145.0      2.0954862E-9
  10150.0      2.093433E-9
  10155.0      2.0911608E-9
  10160.0      2.0889697E-9
  10165.0      2.0867799E-9
  10170.0      2.0835562E-9
  10175.0      2.0778816E-9
  10180.0      2.0684163E-9
  10185.0      2.0549675E-9
  10190.0      2.040294E-9
  10195.0      2.0283126E-9
  10200.0      2.0228519E-9
  10205.0      2.0258808E-9
  10210.0      2.0345923E-9
  10215.0      2.0442945E-9
  10220.0      2.0502868E-9
  10225.0      2.0494826E-9
  10230.0      2.0430018E-9
  10235.0      2.0335797E-9
  10240.0      2.0240347E-9
  10245.0      2.0164035E-9
  10250.0      2.0106856E-9
  10255.0      2.006102E-9
  10260.0      2.0018256E-9
  10265.0      1.9973392E-9
  10270.0      1.9929187E-9
  10275.0      1.9891442E-9
  10280.0      1.9866118E-9
  10285.0      1.9856947E-9
  10290.0      1.986187E-9
  10295.0      1.987653E-9
  10300.0      1.9896236E-9
  10305.0      1.991416E-9
  10310.0      1.991819E-9
  10315.0      1.9894153E-9
  10320.0      1.9828947E-9
  10325.0      1.972253E-9
  10330.0      1.9608821E-9
  10335.0      1.9534736E-9
  10340.0      1.954614E-9
  10345.0      1.966502E-9
  10350.0      1.9851296E-9
  10355.0      2.0041095E-9
  10360.0      2.0170297E-9
  10365.0      2.0197333E-9
  10370.0      2.01391E-9
  10375.0      2.0035114E-9
  10380.0      1.992615E-9
  10385.0      1.9845203E-9
  10390.0      1.9804351E-9
  10395.0      1.9807898E-9
  10400.0      1.9858553E-9
  10405.0      1.9952395E-9
  10410.0      2.0068132E-9
  10415.0      2.0177906E-9
  10420.0      2.0253632E-9
  10425.0      2.027333E-9
  10430.0      2.0230182E-9
  10435.0      2.0123387E-9
  10440.0      1.9953845E-9
  10445.0      1.9734698E-9
  10450.0      1.9510153E-9
  10455.0      1.933658E-9
  10460.0      1.9268853E-9
  10465.0      1.9335427E-9
  10470.0      1.9495858E-9
  10475.0      1.9683266E-9
  10480.0      1.9830406E-9
  10485.0      1.9893331E-9
  10490.0      1.9888229E-9
  10495.0      1.985462E-9
  10500.0      1.9832798E-9
  10505.0      1.9848507E-9
  10510.0      1.9889301E-9
  10515.0      1.9928166E-9
  10520.0      1.9937627E-9
  10525.0      1.9900201E-9
  10530.0      1.9824624E-9
  10535.0      1.9729571E-9
  10540.0      1.963432E-9
  10545.0      1.955434E-9
  10550.0      1.9494892E-9
  10555.0      1.9457551E-9
  10560.0      1.9443003E-9
  10565.0      1.9447761E-9
  10570.0      1.9458164E-9
  10575.0      1.9456274E-9
  10580.0      1.942477E-9
  10585.0      1.9355908E-9
  10590.0      1.9266397E-9
  10595.0      1.918239E-9
  10600.0      1.9130315E-9
  10605.0      1.9127608E-9
  10610.0      1.9168958E-9
  10615.0      1.9240327E-9
  10620.0      1.4482797E-9
