# WAVELENGTH   FLUX           
  1150.0       0.0            
  1155.0       0.0            
  1160.0       0.0            
  1165.0       0.0            
  1170.0       0.0            
  1175.0       0.0            
  1180.0       0.0            
  1185.0       0.0            
  1190.0       0.0            
  1195.0       0.0            
  1200.0       0.0            
  1205.0       0.0            
  1210.0       0.0            
  1215.0       0.0            
  1220.0       0.0            
  1225.0       0.0            
  1230.0       0.0            
  1235.0       0.0            
  1240.0       0.0            
  1245.0       0.0            
  1250.0       0.0            
  1255.0       0.0            
  1260.0       0.0            
  1265.0       0.0            
  1270.0       0.0            
  1275.0       0.0            
  1280.0       0.0            
  1285.0       0.0            
  1290.0       0.0            
  1295.0       0.0            
  1300.0       0.0            
  1305.0       0.0            
  1310.0       0.0            
  1315.0       0.0            
  1320.0       0.0            
  1325.0       0.0            
  1330.0       0.0            
  1335.0       0.0            
  1340.0       0.0            
  1345.0       0.0            
  1350.0       0.0            
  1355.0       0.0            
  1360.0       0.0            
  1365.0       0.0            
  1370.0       0.0            
  1375.0       0.0            
  1380.0       0.0            
  1385.0       0.0            
  1390.0       0.0            
  1395.0       0.0            
  1400.0       0.0            
  1405.0       0.0            
  1410.0       0.0            
  1415.0       0.0            
  1420.0       0.0            
  1425.0       0.0            
  1430.0       0.0            
  1435.0       0.0            
  1440.0       0.0            
  1445.0       0.0            
  1450.0       0.0            
  1455.0       0.0            
  1460.0       0.0            
  1465.0       0.0            
  1470.0       0.0            
  1475.0       0.0            
  1480.0       0.0            
  1485.0       0.0            
  1490.0       0.0            
  1495.0       0.0            
  1500.0       0.0            
  1505.0       0.0            
  1510.0       0.0            
  1515.0       0.0            
  1520.0       0.0            
  1525.0       0.0            
  1530.0       0.0            
  1535.0       0.0            
  1540.0       0.0            
  1545.0       0.0            
  1550.0       0.0            
  1555.0       0.0            
  1560.0       0.0            
  1565.0       0.0            
  1570.0       0.0            
  1575.0       0.0            
  1580.0       0.0            
  1585.0       0.0            
  1590.0       0.0            
  1595.0       0.0            
  1600.0       0.0            
  1605.0       0.0            
  1610.0       0.0            
  1615.0       0.0            
  1620.0       0.0            
  1625.0       0.0            
  1630.0       0.0            
  1635.0       0.0            
  1640.0       0.0            
  1645.0       0.0            
  1650.0       0.0            
  1655.0       0.0            
  1660.0       0.0            
  1665.0       0.0            
  1670.0       0.0            
  1675.0       0.0            
  1680.0       0.0            
  1685.0       0.0            
  1690.0       0.0            
  1695.0       0.0            
  1700.0       0.0            
  1705.0       0.0            
  1710.0       0.0            
  1715.0       0.0            
  1720.0       0.0            
  1725.0       0.0            
  1730.0       0.0            
  1735.0       0.0            
  1740.0       0.0            
  1745.0       0.0            
  1750.0       4.5510466E-16  
  1755.0       3.1779516E-15  
  1760.0       4.085567E-15   
  1765.0       6.8084106E-15  
  1770.0       7.716025E-15   
  1775.0       1.0438874E-14  
  1780.0       1.0891399E-14  
  1785.0       1.0436319E-14  
  1790.0       7.258396E-15   
  1795.0       3.627937E-15   
  1800.0       4.525476E-16   
  1805.0       0.0            
  1810.0       0.0            
  1815.0       0.0            
  1820.0       0.0            
  1825.0       0.0            
  1830.0       0.0            
  1835.0       0.0            
  1840.0       0.0            
  1845.0       0.0            
  1850.0       3.1852443E-15  
  1855.0       2.6340443E-14  
  1860.0       5.810947E-14   
  1865.0       9.0328515E-14  
  1870.0       1.1845967E-13  
  1875.0       1.3705981E-13  
  1880.0       1.4703622E-13  
  1885.0       1.4248622E-13  
  1890.0       1.170585E-13   
  1895.0       6.9393215E-14  
  1900.0       9.05228E-15    
  1905.0       0.0            
  1910.0       0.0            
  1915.0       0.0            
  1920.0       0.0            
  1925.0       0.0            
  1930.0       0.0            
  1935.0       0.0            
  1940.0       0.0            
  1945.0       0.0            
  1950.0       4.8227007E-14  
  1955.0       3.9781454E-13  
  1960.0       8.8390563E-13  
  1965.0       1.4666536E-12  
  1970.0       2.133345E-12   
  1975.0       2.872641E-12   
  1980.0       3.6745563E-12  
  1985.0       4.5331937E-12  
  1990.0       5.436293E-12   
  1995.0       6.374786E-12   
  2000.0       7.3368716E-12  
  2005.0       8.323017E-12   
  2010.0       9.350016E-12   
  2015.0       1.0442377E-11  
  2020.0       1.1625517E-11  
  2025.0       1.2924394E-11  
  2030.0       1.4362612E-11  
  2035.0       1.5969647E-11  
  2040.0       1.7766844E-11  
  2045.0       1.9781447E-11  
  2050.0       2.2037946E-11  
  2055.0       2.45481E-11    
  2060.0       2.7297862E-11  
  2065.0       3.0267237E-11  
  2070.0       3.3427226E-11  
  2075.0       3.6756004E-11  
  2080.0       4.0224088E-11  
  2085.0       4.3808294E-11  
  2090.0       4.7485998E-11  
  2095.0       5.1229458E-11  
  2100.0       5.501297E-11   
  2105.0       5.881316E-11   
  2110.0       6.2619174E-11  
  2115.0       6.641579E-11   
  2120.0       7.019235E-11   
  2125.0       7.39312E-11    
  2130.0       7.762469E-11   
  2135.0       8.125703E-11   
  2140.0       8.4814315E-11  
  2145.0       8.829E-11      
  2150.0       9.166793E-11   
  2155.0       9.493406E-11   
  2160.0       9.807654E-11   
  2165.0       1.0108438E-10  
  2170.0       1.03944096E-10 
  2175.0       1.06646476E-10 
  2180.0       1.091753E-10   
  2185.0       1.1151931E-10  
  2190.0       1.13666486E-10 
  2195.0       1.15603714E-10 
  2200.0       1.1731986E-10  
  2205.0       1.1881E-10     
  2210.0       1.20086E-10    
  2215.0       1.2116316E-10  
  2220.0       1.220617E-10   
  2225.0       1.227973E-10   
  2230.0       1.233882E-10   
  2235.0       1.2385455E-10  
  2240.0       1.242124E-10   
  2245.0       1.2447982E-10  
  2250.0       1.246739E-10   
  2255.0       1.2480668E-10  
  2260.0       1.248703E-10   
  2265.0       1.248496E-10   
  2270.0       1.2472509E-10  
  2275.0       1.2448623E-10  
  2280.0       1.2411411E-10  
  2285.0       1.23593E-10    
  2290.0       1.2290857E-10  
  2295.0       1.220458E-10   
  2300.0       1.2098822E-10  
  2305.0       1.1973024E-10  
  2310.0       1.182847E-10   
  2315.0       1.1667507E-10  
  2320.0       1.1492148E-10  
  2325.0       1.1305001E-10  
  2330.0       1.11078605E-10 
  2335.0       1.09033525E-10 
  2340.0       1.069378E-10   
  2345.0       1.0481308E-10  
  2350.0       1.0268314E-10  
  2355.0       1.00588204E-10 
  2360.0       9.861202E-11   
  2365.0       9.6855975E-11  
  2370.0       9.5417084E-11  
  2375.0       9.4398996E-11  
  2380.0       9.3903295E-11  
  2385.0       9.402885E-11   
  2390.0       9.4876676E-11  
  2395.0       9.654611E-11   
  2400.0       9.9135575E-11  
  2405.0       1.02660394E-10 
  2410.0       1.0695581E-10  
  2415.0       1.1177516E-10  
  2420.0       1.1686692E-10  
  2425.0       1.2198366E-10  
  2430.0       1.2687455E-10  
  2435.0       1.3128755E-10  
  2440.0       1.3497609E-10  
  2445.0       1.3768571E-10  
  2450.0       1.3917852E-10  
  2455.0       1.3932627E-10  
  2460.0       1.3829331E-10  
  2465.0       1.363506E-10   
  2470.0       1.337854E-10   
  2475.0       1.3087721E-10  
  2480.0       1.27914E-10    
  2485.0       1.251794E-10   
  2490.0       1.2295721E-10  
  2495.0       1.2153027E-10  
  2500.0       1.2117474E-10  
  2505.0       1.2205797E-10  
  2510.0       1.2406975E-10  
  2515.0       1.2699088E-10  
  2520.0       1.305993E-10   
  2525.0       1.346634E-10   
  2530.0       1.3895858E-10  
  2535.0       1.4325742E-10  
  2540.0       1.4733208E-10  
  2545.0       1.5095875E-10  
  2550.0       1.5392164E-10  
  2555.0       1.561512E-10   
  2560.0       1.579361E-10   
  2565.0       1.5971302E-10  
  2570.0       1.6192908E-10  
  2575.0       1.6503093E-10  
  2580.0       1.6946367E-10  
  2585.0       1.7568039E-10  
  2590.0       1.8412384E-10  
  2595.0       1.9524037E-10  
  2600.0       2.0945803E-10  
  2605.0       2.2696187E-10  
  2610.0       2.473286E-10   
  2615.0       2.6990132E-10  
  2620.0       2.9399513E-10  
  2625.0       3.1892897E-10  
  2630.0       3.4402317E-10  
  2635.0       3.685899E-10   
  2640.0       3.91952E-10    
  2645.0       4.1342332E-10  
  2650.0       4.323427E-10   
  2655.0       4.4822626E-10  
  2660.0       4.6106796E-10  
  2665.0       4.710384E-10   
  2670.0       4.7832915E-10  
  2675.0       4.8313287E-10  
  2680.0       4.856429E-10   
  2685.0       4.860475E-10   
  2690.0       4.845419E-10   
  2695.0       4.813151E-10   
  2700.0       4.765566E-10   
  2705.0       4.704425E-10   
  2710.0       4.63102E-10    
  2715.0       4.546522E-10   
  2720.0       4.4520534E-10  
  2725.0       4.3488058E-10  
  2730.0       4.2378756E-10  
  2735.0       4.120396E-10   
  2740.0       3.9975318E-10  
  2745.0       3.8703937E-10  
  2750.0       3.7402378E-10  
  2755.0       3.6089476E-10  
  2760.0       3.4802997E-10  
  2765.0       3.35871E-10    
  2770.0       3.248731E-10   
  2775.0       3.1548741E-10  
  2780.0       3.0816488E-10  
  2785.0       3.033618E-10   
  2790.0       3.0153077E-10  
  2795.0       3.0311847E-10  
  2800.0       3.0856562E-10  
  2805.0       3.181436E-10   
  2810.0       3.316919E-10   
  2815.0       3.488884E-10   
  2820.0       3.6939224E-10  
  2825.0       3.928655E-10   
  2830.0       4.1896697E-10  
  2835.0       4.473567E-10   
  2840.0       4.7769755E-10  
  2845.0       5.0964777E-10  
  2850.0       5.428667E-10   
  2855.0       5.7700417E-10  
  2860.0       6.116793E-10   
  2865.0       6.4649897E-10  
  2870.0       6.810756E-10   
  2875.0       7.1501255E-10  
  2880.0       7.4792195E-10  
  2885.0       7.7940754E-10  
  2890.0       8.0908014E-10  
  2895.0       8.3654556E-10  
  2900.0       8.6142365E-10  
  2905.0       8.8341623E-10  
  2910.0       9.0246755E-10  
  2915.0       9.1860386E-10  
  2920.0       9.318628E-10   
  2925.0       9.422824E-10   
  2930.0       9.499029E-10   
  2935.0       9.547607E-10   
  2940.0       9.568908E-10   
  2945.0       9.563327E-10   
  2950.0       9.53141E-10    
  2955.0       9.475091E-10   
  2960.0       9.400043E-10   
  2965.0       9.313388E-10   
  2970.0       9.2223534E-10  
  2975.0       9.134185E-10   
  2980.0       9.0561636E-10  
  2985.0       8.995506E-10   
  2990.0       8.9595E-10     
  2995.0       8.9553526E-10  
  3000.0       8.990012E-10   
  3005.0       9.067402E-10   
  3010.0       9.183468E-10   
  3015.0       9.33116E-10    
  3020.0       9.503103E-10   
  3025.0       9.691924E-10   
  3030.0       9.890289E-10   
  3035.0       1.0090777E-9   
  3040.0       1.0286013E-9   
  3045.0       1.0468661E-9   
  3050.0       1.0631561E-9   
  3055.0       1.0769733E-9   
  3060.0       1.0883865E-9   
  3065.0       1.0976859E-9   
  3070.0       1.1051767E-9   
  3075.0       1.1111728E-9   
  3080.0       1.1159816E-9   
  3085.0       1.119911E-9    
  3090.0       1.123273E-9    
  3095.0       1.1263737E-9   
  3100.0       1.1295204E-9   
  3105.0       1.1329678E-9   
  3110.0       1.1368387E-9   
  3115.0       1.1412162E-9   
  3120.0       1.1461657E-9   
  3125.0       1.1517637E-9   
  3130.0       1.1580772E-9   
  3135.0       1.1651853E-9   
  3140.0       1.1731532E-9   
  3145.0       1.1820538E-9   
  3150.0       1.1919535E-9   
  3155.0       1.2106193E-9   
  3160.0       1.266163E-9    
  3165.0       1.2694074E-9   
  3170.0       1.2778831E-9   
  3175.0       1.3066184E-9   
  3180.0       1.3339173E-9   
  3185.0       1.3412705E-9   
  3190.0       1.3439725E-9   
  3195.0       1.3689011E-9   
  3200.0       1.4422062E-9   
  3205.0       1.4563551E-9   
  3210.0       1.4171323E-9   
  3215.0       1.3341287E-9   
  3220.0       1.2592207E-9   
  3225.0       1.2421077E-9   
  3230.0       1.2777522E-9   
  3235.0       1.339781E-9    
  3240.0       1.4020349E-9   
  3245.0       1.450306E-9    
  3250.0       1.4993502E-9   
  3255.0       1.5659546E-9   
  3260.0       1.6428707E-9   
  3265.0       1.7057036E-9   
  3270.0       1.7128762E-9   
  3275.0       1.6528852E-9   
  3280.0       1.6069938E-9   
  3285.0       1.6476932E-9   
  3290.0       1.7323607E-9   
  3295.0       1.791162E-9    
  3300.0       1.8007708E-9   
  3305.0       1.7681148E-9   
  3310.0       1.7290878E-9   
  3315.0       1.7136376E-9   
  3320.0       1.7095938E-9   
  3325.0       1.6970568E-9   
  3330.0       1.6787345E-9   
  3335.0       1.669369E-9    
  3340.0       1.689722E-9    
  3345.0       1.7413023E-9   
  3350.0       1.7712555E-9   
  3355.0       1.731938E-9    
  3360.0       1.6445278E-9   
  3365.0       1.5594699E-9   
  3370.0       1.5319918E-9   
  3375.0       1.5865042E-9   
  3380.0       1.6653641E-9   
  3385.0       1.7092444E-9   
  3390.0       1.7344354E-9   
  3395.0       1.7682944E-9   
  3400.0       1.790921E-9    
  3405.0       1.7795312E-9   
  3410.0       1.7530877E-9   
  3415.0       1.7400115E-9   
  3420.0       1.7489699E-9   
  3425.0       1.7650195E-9   
  3430.0       1.7351993E-9   
  3435.0       1.6327183E-9   
  3440.0       1.5348438E-9   
  3445.0       1.5224528E-9   
  3450.0       1.5808067E-9   
  3455.0       1.657892E-9    
  3460.0       1.7031774E-9   
  3465.0       1.6901308E-9   
  3470.0       1.6502443E-9   
  3475.0       1.6225014E-9   
  3480.0       1.6091213E-9   
  3485.0       1.6051145E-9   
  3490.0       1.6241669E-9   
  3495.0       1.6792662E-9   
  3500.0       1.7604146E-9   
  3505.0       1.8020715E-9   
  3510.0       1.6179724E-9   
  3515.0       1.614668E-9    
  3520.0       1.5797282E-9   
  3525.0       1.5310665E-9   
  3530.0       1.5903541E-9   
  3535.0       1.6855504E-9   
  3540.0       1.7481832E-9   
  3545.0       1.7372149E-9   
  3550.0       1.6572771E-9   
  3555.0       1.5609257E-9   
  3560.0       1.4905515E-9   
  3565.0       1.4003624E-9   
  3570.0       1.3284778E-9   
  3575.0       1.2826995E-9   
  3580.0       1.1606336E-9   
  3585.0       1.1323983E-9   
  3590.0       1.347253E-9    
  3595.0       1.6354774E-9   
  3600.0       1.7637962E-9   
  3605.0       1.679606E-9    
  3610.0       1.5427714E-9   
  3615.0       1.547528E-9    
  3620.0       1.6122036E-9   
  3625.0       1.7549509E-9   
  3630.0       1.7437266E-9   
  3635.0       1.6800598E-9   
  3640.0       1.7459245E-9   
  3645.0       1.7468443E-9   
  3650.0       1.806876E-9    
  3655.0       2.0029558E-9   
  3660.0       2.130831E-9    
  3665.0       2.1112303E-9   
  3670.0       2.062563E-9    
  3675.0       2.0439623E-9   
  3680.0       1.956404E-9    
  3685.0       1.9224735E-9   
  3690.0       1.995809E-9    
  3695.0       2.1067306E-9   
  3700.0       2.1178599E-9   
  3705.0       1.9772017E-9   
  3710.0       1.9780904E-9   
  3715.0       2.084085E-9    
  3720.0       1.908854E-9    
  3725.0       1.8243815E-9   
  3730.0       1.7562155E-9   
  3735.0       1.5865098E-9   
  3740.0       1.6234902E-9   
  3745.0       1.6347769E-9   
  3750.0       1.6750261E-9   
  3755.0       1.8760464E-9   
  3760.0       1.8656043E-9   
  3765.0       1.9052278E-9   
  3770.0       2.0736943E-9   
  3775.0       2.2595243E-9   
  3780.0       2.3568532E-9   
  3785.0       2.2383242E-9   
  3790.0       1.9556994E-9   
  3795.0       1.8200392E-9   
  3800.0       1.8969302E-9   
  3805.0       2.0585844E-9   
  3810.0       2.0221032E-9   
  3815.0       1.7925965E-9   
  3820.0       1.5068604E-9   
  3825.0       1.3293594E-9   
  3830.0       1.2491156E-9   
  3835.0       1.2270619E-9   
  3840.0       1.3097851E-9   
  3845.0       1.4230078E-9   
  3850.0       1.398098E-9    
  3855.0       1.3287674E-9   
  3860.0       1.2909321E-9   
  3865.0       1.3232769E-9   
  3870.0       1.3066306E-9   
  3875.0       1.3561435E-9   
  3880.0       1.4538828E-9   
  3885.0       1.6901242E-9   
  3890.0       1.9807151E-9   
  3895.0       2.2104396E-9   
  3900.0       2.2650883E-9   
  3905.0       2.2449664E-9   
  3910.0       2.2817808E-9   
  3915.0       2.2512305E-9   
  3920.0       2.00853E-9     
  3925.0       1.6065184E-9   
  3930.0       1.1430357E-9   
  3935.0       9.822774E-10   
  3940.0       1.3123319E-9   
  3945.0       1.7721385E-9   
  3950.0       2.128983E-9    
  3955.0       2.1866433E-9   
  3960.0       1.8530616E-9   
  3965.0       1.3257E-9      
  3970.0       1.2162552E-9   
  3975.0       1.7306174E-9   
  3980.0       2.3465758E-9   
  3985.0       2.6958977E-9   
  3990.0       2.8514469E-9   
  3995.0       2.9296194E-9   
  4000.0       3.0099987E-9   
  4005.0       3.067864E-9    
  4010.0       3.1562937E-9   
  4015.0       3.245007E-9    
  4020.0       3.2687684E-9   
  4025.0       3.2520575E-9   
  4030.0       3.2079688E-9   
  4035.0       3.2322287E-9   
  4040.0       3.246703E-9    
  4045.0       3.1258516E-9   
  4050.0       3.152757E-9    
  4055.0       3.0906466E-9   
  4060.0       3.0053684E-9   
  4065.0       3.0228477E-9   
  4070.0       3.0990632E-9   
  4075.0       3.095168E-9    
  4080.0       3.1987997E-9   
  4085.0       3.379748E-9    
  4090.0       3.4458092E-9   
  4095.0       3.312512E-9    
  4100.0       3.1223757E-9   
  4105.0       3.150134E-9    
  4110.0       3.2829166E-9   
  4115.0       3.337825E-9    
  4120.0       3.2987977E-9   
  4125.0       3.22809E-9     
  4130.0       3.1485683E-9   
  4135.0       3.1444019E-9   
  4140.0       3.1384522E-9   
  4145.0       3.0702618E-9   
  4150.0       3.0397371E-9   
  4155.0       3.043069E-9    
  4160.0       3.1205114E-9   
  4165.0       3.1339014E-9   
  4170.0       3.0227747E-9   
  4175.0       2.9084022E-9   
  4180.0       2.9261493E-9   
  4185.0       3.0016114E-9   
  4190.0       3.0218466E-9   
  4195.0       2.9592278E-9   
  4200.0       2.9343286E-9   
  4205.0       3.037768E-9    
  4210.0       3.1516834E-9   
  4215.0       3.1860232E-9   
  4220.0       3.2102385E-9   
  4225.0       3.0890785E-9   
  4230.0       3.1498149E-9   
  4235.0       3.2341092E-9   
  4240.0       3.2738112E-9   
  4245.0       3.3010914E-9   
  4250.0       3.2118037E-9   
  4255.0       3.1657788E-9   
  4260.0       3.1616476E-9   
  4265.0       3.1887073E-9   
  4270.0       3.074363E-9    
  4275.0       3.01304E-9     
  4280.0       3.0540017E-9   
  4285.0       2.9843115E-9   
  4290.0       2.8502685E-9   
  4295.0       2.66552E-9     
  4300.0       2.3658E-9      
  4305.0       2.2215094E-9   
  4310.0       2.3927504E-9   
  4315.0       2.9526745E-9   
  4320.0       3.3256895E-9   
  4325.0       3.2901202E-9   
  4330.0       3.4291103E-9   
  4335.0       3.472016E-9    
  4340.0       3.311425E-9    
  4345.0       3.4060998E-9   
  4350.0       3.499081E-9    
  4355.0       3.527543E-9    
  4360.0       3.651176E-9    
  4365.0       3.732405E-9    
  4370.0       3.6367538E-9   
  4375.0       3.4950134E-9   
  4380.0       3.3385756E-9   
  4385.0       3.146595E-9    
  4390.0       3.2620169E-9   
  4395.0       3.4334657E-9   
  4400.0       3.4816023E-9   
  4405.0       3.4504801E-9   
  4410.0       3.5639542E-9   
  4415.0       3.682658E-9    
  4420.0       3.7261034E-9   
  4425.0       3.7112153E-9   
  4430.0       3.6958026E-9   
  4435.0       3.7094792E-9   
  4440.0       3.7934953E-9   
  4445.0       3.8160657E-9   
  4450.0       3.7934402E-9   
  4455.0       3.6461465E-9   
  4460.0       3.578016E-9    
  4465.0       3.6881613E-9   
  4470.0       3.8439727E-9   
  4475.0       3.9797143E-9   
  4480.0       3.967947E-9    
  4485.0       3.9564627E-9   
  4490.0       3.9181725E-9   
  4495.0       3.931023E-9    
  4500.0       4.039303E-9    
  4505.0       4.168121E-9    
  4510.0       4.1411297E-9   
  4515.0       4.0250727E-9   
  4520.0       3.9379087E-9   
  4525.0       3.770433E-9    
  4530.0       3.642674E-9    
  4535.0       3.7156764E-9   
  4540.0       3.8169645E-9   
  4545.0       3.8054426E-9   
  4550.0       3.787468E-9    
  4555.0       3.8973793E-9   
  4560.0       4.015259E-9    
  4565.0       4.043637E-9    
  4570.0       4.073815E-9    
  4575.0       4.063533E-9    
  4580.0       3.9547126E-9   
  4585.0       3.891582E-9    
  4590.0       3.8954684E-9   
  4595.0       3.887609E-9    
  4600.0       3.8936863E-9   
  4605.0       3.987416E-9    
  4610.0       4.0911967E-9   
  4615.0       4.115593E-9    
  4620.0       4.145699E-9    
  4625.0       4.1424504E-9   
  4630.0       4.131003E-9    
  4635.0       4.05731E-9     
  4640.0       3.996333E-9    
  4645.0       3.91143E-9     
  4650.0       3.9090384E-9   
  4655.0       3.970233E-9    
  4660.0       4.006872E-9    
  4665.0       3.870021E-9    
  4670.0       3.8180636E-9   
  4675.0       3.9297774E-9   
  4680.0       3.9431662E-9   
  4685.0       3.9420613E-9   
  4690.0       3.9581973E-9   
  4695.0       3.9363854E-9   
  4700.0       3.8480774E-9   
  4705.0       3.7866568E-9   
  4710.0       3.82268E-9     
  4715.0       3.942859E-9    
  4720.0       4.053788E-9    
  4725.0       4.012288E-9    
  4730.0       3.8790686E-9   
  4735.0       3.8893013E-9   
  4740.0       3.9781876E-9   
  4745.0       4.0807184E-9   
  4750.0       4.0963246E-9   
  4755.0       4.0290775E-9   
  4760.0       3.9608254E-9   
  4765.0       3.8885317E-9   
  4770.0       3.97737E-9     
  4775.0       4.113566E-9    
  4780.0       4.1164196E-9   
  4785.0       4.0158907E-9   
  4790.0       3.976782E-9    
  4795.0       4.062269E-9    
  4800.0       4.067892E-9    
  4805.0       4.0223522E-9   
  4810.0       4.02471E-9     
  4815.0       4.102311E-9    
  4820.0       4.1027133E-9   
  4825.0       4.035224E-9    
  4830.0       4.019431E-9    
  4835.0       4.0159236E-9   
  4840.0       3.959816E-9    
  4845.0       3.9598866E-9   
  4850.0       3.9353485E-9   
  4855.0       3.7169143E-9   
  4860.0       3.4437238E-9   
  4865.0       3.5097507E-9   
  4870.0       3.6559842E-9   
  4875.0       3.760366E-9    
  4880.0       3.858799E-9    
  4885.0       3.8095482E-9   
  4890.0       3.7950794E-9   
  4895.0       3.9897756E-9   
  4900.0       4.0818184E-9   
  4905.0       4.032048E-9    
  4910.0       3.9080827E-9   
  4915.0       3.838386E-9    
  4920.0       3.706789E-9    
  4925.0       3.7869587E-9   
  4930.0       3.9490975E-9   
  4935.0       3.8729318E-9   
  4940.0       3.8827683E-9   
  4945.0       4.030176E-9    
  4950.0       4.062791E-9    
  4955.0       3.975166E-9    
  4960.0       3.9209667E-9   
  4965.0       3.9552526E-9   
  4970.0       3.940334E-9    
  4975.0       3.930364E-9    
  4980.0       3.7657846E-9   
  4985.0       3.7062784E-9   
  4990.0       3.823752E-9    
  4995.0       3.849842E-9    
  5000.0       3.8018255E-9   
  5005.0       3.6917196E-9   
  5010.0       3.6234944E-9   
  5015.0       3.5525172E-9   
  5020.0       3.5937704E-9   
  5025.0       3.6825443E-9   
  5030.0       3.7893746E-9   
  5035.0       3.7823096E-9   
  5040.0       3.6421062E-9   
  5045.0       3.7192385E-9   
  5050.0       3.810029E-9    
  5055.0       3.906988E-9    
  5060.0       3.969721E-9    
  5065.0       3.8716483E-9   
  5070.0       3.813102E-9    
  5075.0       3.7705226E-9   
  5080.0       3.705431E-9    
  5085.0       3.76671E-9     
  5090.0       3.8895998E-9   
  5095.0       3.853001E-9    
  5100.0       3.75757E-9     
  5105.0       3.7561283E-9   
  5110.0       3.778722E-9    
  5115.0       3.8797143E-9   
  5120.0       3.8663375E-9   
  5125.0       3.7016359E-9   
  5130.0       3.6681078E-9   
  5135.0       3.708476E-9    
  5140.0       3.638216E-9    
  5145.0       3.606881E-9    
  5150.0       3.6354824E-9   
  5155.0       3.6821701E-9   
  5160.0       3.66637E-9     
  5165.0       3.368399E-9    
  5170.0       3.164276E-9    
  5175.0       3.368155E-9    
  5180.0       3.496294E-9    
  5185.0       3.4177554E-9   
  5190.0       3.4977943E-9   
  5195.0       3.5747298E-9   
  5200.0       3.633926E-9    
  5205.0       3.6071048E-9   
  5210.0       3.6259242E-9   
  5215.0       3.6930152E-9   
  5220.0       3.6775711E-9   
  5225.0       3.5514405E-9   
  5230.0       3.550623E-9    
  5235.0       3.6724892E-9   
  5240.0       3.782836E-9    
  5245.0       3.7651104E-9   
  5250.0       3.6698122E-9   
  5255.0       3.6684955E-9   
  5260.0       3.5968035E-9   
  5265.0       3.3505585E-9   
  5270.0       3.3123255E-9   
  5275.0       3.5108916E-9   
  5280.0       3.6740517E-9   
  5285.0       3.7635157E-9   
  5290.0       3.846749E-9    
  5295.0       3.7698014E-9   
  5300.0       3.7247978E-9   
  5305.0       3.827764E-9    
  5310.0       3.8716417E-9   
  5315.0       3.8244514E-9   
  5320.0       3.7485752E-9   
  5325.0       3.6062497E-9   
  5330.0       3.5591603E-9   
  5335.0       3.6723131E-9   
  5340.0       3.6849008E-9   
  5345.0       3.6977108E-9   
  5350.0       3.7732706E-9   
  5355.0       3.8687715E-9   
  5360.0       3.864953E-9    
  5365.0       3.756952E-9    
  5370.0       3.687557E-9    
  5375.0       3.75742E-9     
  5380.0       3.80905E-9     
  5385.0       3.782198E-9    
  5390.0       3.7074845E-9   
  5395.0       3.610298E-9    
  5400.0       3.5737677E-9   
  5405.0       3.5340397E-9   
  5410.0       3.5745742E-9   
  5415.0       3.699807E-9    
  5420.0       3.740057E-9    
  5425.0       3.7220245E-9   
  5430.0       3.6536603E-9   
  5435.0       3.655563E-9    
  5440.0       3.7591494E-9   
  5445.0       3.749674E-9    
  5450.0       3.7361843E-9   
  5455.0       3.7372123E-9   
  5460.0       3.7466696E-9   
  5465.0       3.7098726E-9   
  5470.0       3.6632286E-9   
  5475.0       3.581005E-9    
  5480.0       3.5652112E-9   
  5485.0       3.6391494E-9   
  5490.0       3.676195E-9    
  5495.0       3.7029577E-9   
  5500.0       3.704936E-9    
  5505.0       3.6650543E-9   
  5510.0       3.618893E-9    
  5515.0       3.623264E-9    
  5520.0       3.6950512E-9   
  5525.0       3.6762244E-9   
  5530.0       3.6467647E-9   
  5535.0       3.6687047E-9   
  5540.0       3.6893981E-9   
  5545.0       3.708371E-9    
  5550.0       3.7427164E-9   
  5555.0       3.7187733E-9   
  5560.0       3.6624066E-9   
  5565.0       3.635565E-9    
  5570.0       3.6183991E-9   
  5575.0       3.6348946E-9   
  5580.0       3.6316599E-9   
  5585.0       3.5493994E-9   
  5590.0       3.472683E-9    
  5595.0       3.51572E-9     
  5600.0       3.5324375E-9   
  5605.0       3.5978396E-9   
  5610.0       3.6757244E-9   
  5615.0       3.5918002E-9   
  5620.0       3.5504748E-9   
  5625.0       3.572439E-9    
  5630.0       3.6073244E-9   
  5635.0       3.6172807E-9   
  5640.0       3.5897478E-9   
  5645.0       3.579822E-9    
  5650.0       3.5823893E-9   
  5655.0       3.5178909E-9   
  5660.0       3.4602259E-9   
  5665.0       3.4879704E-9   
  5670.0       3.5639702E-9   
  5675.0       3.6374102E-9   
  5680.0       3.5997487E-9   
  5685.0       3.5327348E-9   
  5690.0       3.546519E-9    
  5695.0       3.575367E-9    
  5700.0       3.5405177E-9   
  5705.0       3.4535954E-9   
  5710.0       3.408606E-9    
  5715.0       3.4787648E-9   
  5720.0       3.5804513E-9   
  5725.0       3.6309973E-9   
  5730.0       3.6190921E-9   
  5735.0       3.6265733E-9   
  5740.0       3.6255885E-9   
  5745.0       3.5841519E-9   
  5750.0       3.54779E-9     
  5755.0       3.5298136E-9   
  5760.0       3.533451E-9    
  5765.0       3.5722592E-9   
  5770.0       3.6138874E-9   
  5775.0       3.573727E-9    
  5780.0       3.4845882E-9   
  5785.0       3.4412868E-9   
  5790.0       3.4918304E-9   
  5795.0       3.5423178E-9   
  5800.0       3.5618695E-9   
  5805.0       3.5557786E-9   
  5810.0       3.5592802E-9   
  5815.0       3.5696348E-9   
  5820.0       3.61846E-9     
  5825.0       3.638506E-9    
  5830.0       3.6402361E-9   
  5835.0       3.6274816E-9   
  5840.0       3.6129904E-9   
  5845.0       3.5912238E-9   
  5850.0       3.543657E-9    
  5855.0       3.4664402E-9   
  5860.0       3.4640852E-9   
  5865.0       3.5186727E-9   
  5870.0       3.5720464E-9   
  5875.0       3.5710153E-9   
  5880.0       3.5058094E-9   
  5885.0       3.368339E-9    
  5890.0       3.1804945E-9   
  5895.0       3.1827865E-9   
  5900.0       3.3633096E-9   
  5905.0       3.4856436E-9   
  5910.0       3.4993357E-9   
  5915.0       3.4771552E-9   
  5920.0       3.4730778E-9   
  5925.0       3.4761443E-9   
  5930.0       3.4491097E-9   
  5935.0       3.4614225E-9   
  5940.0       3.4862944E-9   
  5945.0       3.4700491E-9   
  5950.0       3.428861E-9    
  5955.0       3.43692E-9     
  5960.0       3.4798167E-9   
  5965.0       3.4722727E-9   
  5970.0       3.4632797E-9   
  5975.0       3.4343748E-9   
  5980.0       3.4121173E-9   
  5985.0       3.3862297E-9   
  5990.0       3.415905E-9    
  5995.0       3.4409375E-9   
  6000.0       3.4238001E-9   
  6005.0       3.3648504E-9   
  6010.0       3.349643E-9    
  6015.0       3.334222E-9    
  6020.0       3.3188368E-9   
  6025.0       3.3272682E-9   
  6030.0       3.3731566E-9   
  6035.0       3.4102696E-9   
  6040.0       3.4052057E-9   
  6045.0       3.4197012E-9   
  6050.0       3.4112035E-9   
  6055.0       3.3968306E-9   
  6060.0       3.3856145E-9   
  6065.0       3.3827423E-9   
  6070.0       3.3988188E-9   
  6075.0       3.3700562E-9   
  6080.0       3.3321614E-9   
  6085.0       3.3153194E-9   
  6090.0       3.3148748E-9   
  6095.0       3.3109664E-9   
  6100.0       3.295383E-9    
  6105.0       3.2930274E-9   
  6110.0       3.3217638E-9   
  6115.0       3.3269631E-9   
  6120.0       3.275813E-9    
  6125.0       3.259491E-9    
  6130.0       3.2560263E-9   
  6135.0       3.2091199E-9   
  6140.0       3.2017937E-9   
  6145.0       3.23446E-9     
  6150.0       3.2543785E-9   
  6155.0       3.2334209E-9   
  6160.0       3.1569252E-9   
  6165.0       3.1201968E-9   
  6170.0       3.154314E-9    
  6175.0       3.215471E-9    
  6180.0       3.2623269E-9   
  6185.0       3.2588692E-9   
  6190.0       3.2261491E-9   
  6195.0       3.2533332E-9   
  6200.0       3.283956E-9    
  6205.0       3.2989638E-9   
  6210.0       3.271339E-9    
  6215.0       3.2133913E-9   
  6220.0       3.2003402E-9   
  6225.0       3.2171183E-9   
  6230.0       3.1919851E-9   
  6235.0       3.181469E-9    
  6240.0       3.1702787E-9   
  6245.0       3.1389977E-9   
  6250.0       3.1280383E-9   
  6255.0       3.0999816E-9   
  6260.0       3.1097216E-9   
  6265.0       3.15444E-9     
  6270.0       3.1940584E-9   
  6275.0       3.1885359E-9   
  6280.0       3.1367147E-9   
  6285.0       3.165835E-9    
  6290.0       3.1970653E-9   
  6295.0       3.1614829E-9   
  6300.0       3.1195257E-9   
  6305.0       3.138365E-9    
  6310.0       3.1477696E-9   
  6315.0       3.0904979E-9   
  6320.0       3.0831728E-9   
  6325.0       3.1476761E-9   
  6330.0       3.1705545E-9   
  6335.0       3.1493357E-9   
  6340.0       3.1405452E-9   
  6345.0       3.1550456E-9   
  6350.0       3.1826122E-9   
  6355.0       3.1617828E-9   
  6360.0       3.1152256E-9   
  6365.0       3.121107E-9    
  6370.0       3.1692882E-9   
  6375.0       3.1897152E-9   
  6380.0       3.1646186E-9   
  6385.0       3.1656044E-9   
  6390.0       3.1658511E-9   
  6395.0       3.1287064E-9   
  6400.0       3.106638E-9    
  6405.0       3.1021485E-9   
  6410.0       3.0945724E-9   
  6415.0       3.0875034E-9   
  6420.0       3.0837588E-9   
  6425.0       3.1005547E-9   
  6430.0       3.100846E-9    
  6435.0       3.1050462E-9   
  6440.0       3.1118088E-9   
  6445.0       3.1244283E-9   
  6450.0       3.0843699E-9   
  6455.0       3.0705438E-9   
  6460.0       3.078253E-9    
  6465.0       3.07296E-9     
  6470.0       3.0835348E-9   
  6475.0       3.0738663E-9   
  6480.0       3.0754392E-9   
  6485.0       3.0618295E-9   
  6490.0       3.0104048E-9   
  6495.0       2.9264455E-9   
  6500.0       2.9816825E-9   
  6505.0       3.0889957E-9   
  6510.0       3.1152396E-9   
  6515.0       3.09109E-9     
  6520.0       3.0851963E-9   
  6525.0       3.0997955E-9   
  6530.0       3.0926133E-9   
  6535.0       3.090746E-9    
  6540.0       3.0982983E-9   
  6545.0       3.080239E-9    
  6550.0       3.0233067E-9   
  6555.0       2.9151308E-9   
  6560.0       2.6805833E-9   
  6565.0       2.6262055E-9   
  6570.0       2.848223E-9    
  6575.0       2.974972E-9    
  6580.0       3.0226706E-9   
  6585.0       3.0304808E-9   
  6590.0       3.0152205E-9   
  6595.0       3.0032852E-9   
  6600.0       3.031009E-9    
  6605.0       3.042841E-9    
  6610.0       3.0306746E-9   
  6615.0       3.048429E-9    
  6620.0       3.045987E-9    
  6625.0       3.025223E-9    
  6630.0       2.9890572E-9   
  6635.0       2.9606122E-9   
  6640.0       2.969731E-9    
  6645.0       2.9799307E-9   
  6650.0       3.0050966E-9   
  6655.0       3.0162717E-9   
  6660.0       2.986314E-9    
  6665.0       2.960717E-9    
  6670.0       2.9726026E-9   
  6675.0       2.9657188E-9   
  6680.0       2.9541398E-9   
  6685.0       2.979955E-9    
  6690.0       2.9987424E-9   
  6695.0       2.975399E-9    
  6700.0       2.9532012E-9   
  6705.0       2.9417926E-9   
  6710.0       2.9258502E-9   
  6715.0       2.8897476E-9   
  6720.0       2.8985718E-9   
  6725.0       2.9329226E-9   
  6730.0       2.9400764E-9   
  6735.0       2.9202456E-9   
  6740.0       2.9082599E-9   
  6745.0       2.8963916E-9   
  6750.0       2.8920264E-9   
  6755.0       2.9001919E-9   
  6760.0       2.925001E-9    
  6765.0       2.9236904E-9   
  6770.0       2.9009182E-9   
  6775.0       2.9064469E-9   
  6780.0       2.911545E-9    
  6785.0       2.8999634E-9   
  6790.0       2.9102862E-9   
  6795.0       2.9156475E-9   
  6800.0       2.879175E-9    
  6805.0       2.8585383E-9   
  6810.0       2.8690785E-9   
  6815.0       2.8805422E-9   
  6820.0       2.878712E-9    
  6825.0       2.8745364E-9   
  6830.0       2.8735136E-9   
  6835.0       2.867919E-9    
  6840.0       2.86358E-9     
  6845.0       2.8600082E-9   
  6850.0       2.8561304E-9   
  6855.0       2.8522613E-9   
  6860.0       2.8486051E-9   
  6865.0       2.8443823E-9   
  6870.0       2.8398173E-9   
  6875.0       2.8359264E-9   
  6880.0       2.832428E-9    
  6885.0       2.8289346E-9   
  6890.0       2.825407E-9    
  6895.0       2.8220153E-9   
  6900.0       2.8186802E-9   
  6905.0       2.8153273E-9   
  6910.0       2.8119822E-9   
  6915.0       2.8092164E-9   
  6920.0       2.8071026E-9   
  6925.0       2.8045093E-9   
  6930.0       2.8015277E-9   
  6935.0       2.7984814E-9   
  6940.0       2.7956895E-9   
  6945.0       2.7934626E-9   
  6950.0       2.791176E-9    
  6955.0       2.7890774E-9   
  6960.0       2.7870357E-9   
  6965.0       2.7851146E-9   
  6970.0       2.7819629E-9   
  6975.0       2.7600136E-9   
  6980.0       2.7328768E-9   
  6985.0       2.7595477E-9   
  6990.0       2.7738534E-9   
  6995.0       2.7758387E-9   
  7000.0       2.7541618E-9   
  7005.0       2.7190947E-9   
  7010.0       2.7242142E-9   
  7015.0       2.7093905E-9   
  7020.0       2.6993106E-9   
  7025.0       2.7052762E-9   
  7030.0       2.7284732E-9   
  7035.0       2.7350364E-9   
  7040.0       2.7452924E-9   
  7045.0       2.7751865E-9   
  7050.0       2.7724898E-9   
  7055.0       2.7505027E-9   
  7060.0       2.7495102E-9   
  7065.0       2.7425102E-9   
  7070.0       2.737312E-9    
  7075.0       2.758641E-9    
  7080.0       2.7570362E-9   
  7085.0       2.7178433E-9   
  7090.0       2.7005298E-9   
  7095.0       2.715246E-9    
  7100.0       2.7389149E-9   
  7105.0       2.7470852E-9   
  7110.0       2.7337497E-9   
  7115.0       2.7155256E-9   
  7120.0       2.7106206E-9   
  7125.0       2.7071136E-9   
  7130.0       2.7051466E-9   
  7135.0       2.7120794E-9   
  7140.0       2.7186062E-9   
  7145.0       2.7054576E-9   
  7150.0       2.6935045E-9   
  7155.0       2.7065141E-9   
  7160.0       2.7012517E-9   
  7165.0       2.6827478E-9   
  7170.0       2.6788265E-9   
  7175.0       2.6717895E-9   
  7180.0       2.6449862E-9   
  7185.0       2.6096714E-9   
  7190.0       2.6048323E-9   
  7195.0       2.6151759E-9   
  7200.0       2.6263913E-9   
  7205.0       2.6271425E-9   
  7210.0       2.6388498E-9   
  7215.0       2.6559666E-9   
  7220.0       2.658511E-9    
  7225.0       2.6516749E-9   
  7230.0       2.6530798E-9   
  7235.0       2.6438012E-9   
  7240.0       2.6472682E-9   
  7245.0       2.6412093E-9   
  7250.0       2.640238E-9    
  7255.0       2.6393963E-9   
  7260.0       2.6324365E-9   
  7265.0       2.6207168E-9   
  7270.0       2.622076E-9    
  7275.0       2.6109592E-9   
  7280.0       2.6017357E-9   
  7285.0       2.5897764E-9   
  7290.0       2.5723674E-9   
  7295.0       2.5900275E-9   
  7300.0       2.6044422E-9   
  7305.0       2.596241E-9    
  7310.0       2.5871625E-9   
  7315.0       2.5908482E-9   
  7320.0       2.593591E-9    
  7325.0       2.59871E-9     
  7330.0       2.5914053E-9   
  7335.0       2.6063005E-9   
  7340.0       2.6243987E-9   
  7345.0       2.6139695E-9   
  7350.0       2.5901994E-9   
  7355.0       2.5748357E-9   
  7360.0       2.5764302E-9   
  7365.0       2.5825782E-9   
  7370.0       2.5926532E-9   
  7375.0       2.609193E-9    
  7380.0       2.596728E-9    
  7385.0       2.5478808E-9   
  7390.0       2.5218263E-9   
  7395.0       2.553123E-9    
  7400.0       2.5712366E-9   
  7405.0       2.564796E-9    
  7410.0       2.533868E-9    
  7415.0       2.5108702E-9   
  7420.0       2.5203106E-9   
  7425.0       2.5371798E-9   
  7430.0       2.5784492E-9   
  7435.0       2.5923426E-9   
  7440.0       2.57985E-9     
  7445.0       2.5485651E-9   
  7450.0       2.553293E-9    
  7455.0       2.575996E-9    
  7460.0       2.5615239E-9   
  7465.0       2.5536353E-9   
  7470.0       2.5766564E-9   
  7475.0       2.5659683E-9   
  7480.0       2.5586582E-9   
  7485.0       2.5502755E-9   
  7490.0       2.535523E-9    
  7495.0       2.5044276E-9   
  7500.0       2.5173188E-9   
  7505.0       2.5250513E-9   
  7510.0       2.500908E-9    
  7515.0       2.510148E-9    
  7520.0       2.527039E-9    
  7525.0       2.5080193E-9   
  7530.0       2.5011697E-9   
  7535.0       2.5160536E-9   
  7540.0       2.5283444E-9   
  7545.0       2.5197089E-9   
  7550.0       2.5089018E-9   
  7555.0       2.505254E-9    
  7560.0       2.5019817E-9   
  7565.0       2.4990363E-9   
  7570.0       2.4962548E-9   
  7575.0       2.4931268E-9   
  7580.0       2.4904272E-9   
  7585.0       2.4880502E-9   
  7590.0       2.4853621E-9   
  7595.0       2.4825333E-9   
  7600.0       2.4801359E-9   
  7605.0       2.4780005E-9   
  7610.0       2.475723E-9    
  7615.0       2.4732918E-9   
  7620.0       2.4708464E-9   
  7625.0       2.4683977E-9   
  7630.0       2.465949E-9    
  7635.0       2.463501E-9    
  7640.0       2.4610596E-9   
  7645.0       2.458642E-9    
  7650.0       2.456241E-9    
  7655.0       2.4538622E-9   
  7660.0       2.4515183E-9   
  7665.0       2.449188E-9    
  7670.0       2.4467766E-9   
  7675.0       2.44417E-9     
  7680.0       2.4417148E-9   
  7685.0       2.4399065E-9   
  7690.0       2.4384827E-9   
  7695.0       2.4364208E-9   
  7700.0       2.4341518E-9   
  7705.0       2.431536E-9    
  7710.0       2.4291273E-9   
  7715.0       2.4270737E-9   
  7720.0       2.4251163E-9   
  7725.0       2.4233189E-9   
  7730.0       2.4266285E-9   
  7735.0       2.4404332E-9   
  7740.0       2.4320828E-9   
  7745.0       2.3977198E-9   
  7750.0       2.3829774E-9   
  7755.0       2.4150115E-9   
  7760.0       2.426925E-9    
  7765.0       2.4363684E-9   
  7770.0       2.4250109E-9   
  7775.0       2.4078448E-9   
  7780.0       2.4022393E-9   
  7785.0       2.4059041E-9   
  7790.0       2.4093376E-9   
  7795.0       2.4053668E-9   
  7800.0       2.3983093E-9   
  7805.0       2.4045759E-9   
  7810.0       2.3965057E-9   
  7815.0       2.4064504E-9   
  7820.0       2.4234947E-9   
  7825.0       2.4209674E-9   
  7830.0       2.3910864E-9   
  7835.0       2.3591638E-9   
  7840.0       2.3803444E-9   
  7845.0       2.4005844E-9   
  7850.0       2.398848E-9    
  7855.0       2.3929556E-9   
  7860.0       2.3966764E-9   
  7865.0       2.392574E-9    
  7870.0       2.386922E-9    
  7875.0       2.3734321E-9   
  7880.0       2.3624378E-9   
  7885.0       2.3680524E-9   
  7890.0       2.363923E-9    
  7895.0       2.3484665E-9   
  7900.0       2.3421682E-9   
  7905.0       2.3400009E-9   
  7910.0       2.3295421E-9   
  7915.0       2.3071836E-9   
  7920.0       2.2948574E-9   
  7925.0       2.2986284E-9   
  7930.0       2.282318E-9    
  7935.0       2.265132E-9    
  7940.0       2.257962E-9    
  7945.0       2.2528188E-9   
  7950.0       2.2695263E-9   
  7955.0       2.2989222E-9   
  7960.0       2.3099491E-9   
  7965.0       2.3059965E-9   
  7970.0       2.3072917E-9   
  7975.0       2.3103832E-9   
  7980.0       2.3091073E-9   
  7985.0       2.305863E-9    
  7990.0       2.300064E-9    
  7995.0       2.2821665E-9   
  8000.0       2.2491833E-9   
  8005.0       2.258329E-9    
  8010.0       2.2684299E-9   
  8015.0       2.2761684E-9   
  8020.0       2.2695932E-9   
  8025.0       2.2581246E-9   
  8030.0       2.2516498E-9   
  8035.0       2.2692923E-9   
  8040.0       2.2659645E-9   
  8045.0       2.2378075E-9   
  8050.0       2.2223923E-9   
  8055.0       2.2444224E-9   
  8060.0       2.2655555E-9   
  8065.0       2.262695E-9    
  8070.0       2.2483273E-9   
  8075.0       2.2342277E-9   
  8080.0       2.2358717E-9   
  8085.0       2.225476E-9    
  8090.0       2.2168272E-9   
  8095.0       2.1999704E-9   
  8100.0       2.1970197E-9   
  8105.0       2.2113977E-9   
  8110.0       2.211735E-9    
  8115.0       2.2048268E-9   
  8120.0       2.2068585E-9   
  8125.0       2.2105944E-9   
  8130.0       2.2041295E-9   
  8135.0       2.196695E-9    
  8140.0       2.1951767E-9   
  8145.0       2.1896767E-9   
  8150.0       2.1802014E-9   
  8155.0       2.175262E-9    
  8160.0       2.1691196E-9   
  8165.0       2.1548987E-9   
  8170.0       2.1613213E-9   
  8175.0       2.1589424E-9   
  8180.0       2.1510371E-9   
  8185.0       2.1444992E-9   
  8190.0       2.1446436E-9   
  8195.0       2.1352522E-9   
  8200.0       2.138792E-9    
  8205.0       2.1613746E-9   
  8210.0       2.163243E-9    
  8215.0       2.1546935E-9   
  8220.0       2.1354434E-9   
  8225.0       2.1190505E-9   
  8230.0       2.10522E-9     
  8235.0       2.1246023E-9   
  8240.0       2.1443685E-9   
  8245.0       2.153178E-9    
  8250.0       2.1550226E-9   
  8255.0       2.1480686E-9   
  8260.0       2.1488333E-9   
  8265.0       2.1451014E-9   
  8270.0       2.1354933E-9   
  8275.0       2.1195232E-9   
  8280.0       2.1191273E-9   
  8285.0       2.1208426E-9   
  8290.0       2.113684E-9    
  8295.0       2.1126243E-9   
  8300.0       2.1163764E-9   
  8305.0       2.1023652E-9   
  8310.0       2.0944377E-9   
  8315.0       2.0971693E-9   
  8320.0       2.0938513E-9   
  8325.0       2.087803E-9    
  8330.0       2.077822E-9    
  8335.0       2.0781E-9      
  8340.0       2.0765525E-9   
  8345.0       2.0818414E-9   
  8350.0       2.0892423E-9   
  8355.0       2.0956796E-9   
  8360.0       2.0898996E-9   
  8365.0       2.0860096E-9   
  8370.0       2.0873665E-9   
  8375.0       2.0944064E-9   
  8380.0       2.0885327E-9   
  8385.0       2.0795698E-9   
  8390.0       2.0769808E-9   
  8395.0       2.0823463E-9   
  8400.0       2.085066E-9    
  8405.0       2.0757585E-9   
  8410.0       2.0736117E-9   
  8415.0       2.0706423E-9   
  8420.0       2.079765E-9    
  8425.0       2.0757813E-9   
  8430.0       2.0700768E-9   
  8435.0       2.0521838E-9   
  8440.0       2.0390252E-9   
  8445.0       2.0469508E-9   
  8450.0       2.0674387E-9   
  8455.0       2.0783437E-9   
  8460.0       2.0767659E-9   
  8465.0       2.068156E-9    
  8470.0       2.0518673E-9   
  8475.0       2.0621207E-9   
  8480.0       2.0722306E-9   
  8485.0       2.0734867E-9   
  8490.0       2.0564848E-9   
  8495.0       1.9547253E-9   
  8500.0       1.8460354E-9   
  8505.0       1.9387107E-9   
  8510.0       2.0237703E-9   
  8515.0       2.008647E-9    
  8520.0       2.014128E-9    
  8525.0       2.0180762E-9   
  8530.0       2.0020527E-9   
  8535.0       1.9105504E-9   
  8540.0       1.6900507E-9   
  8545.0       1.6133335E-9   
  8550.0       1.8148064E-9   
  8555.0       1.963544E-9    
  8560.0       2.0039135E-9   
  8565.0       2.0165745E-9   
  8570.0       2.0221111E-9   
  8575.0       2.0232316E-9   
  8580.0       2.0223918E-9   
  8585.0       2.0151247E-9   
  8590.0       2.0148958E-9   
  8595.0       2.0084048E-9   
  8600.0       2.0030968E-9   
  8605.0       2.0132085E-9   
  8610.0       2.0059996E-9   
  8615.0       1.997406E-9    
  8620.0       2.0034412E-9   
  8625.0       2.0071453E-9   
  8630.0       2.0194897E-9   
  8635.0       2.0186846E-9   
  8640.0       2.0099455E-9   
  8645.0       1.9998003E-9   
  8650.0       1.971477E-9    
  8655.0       1.9069952E-9   
  8660.0       1.7483383E-9   
  8665.0       1.6599364E-9   
  8670.0       1.8211479E-9   
  8675.0       1.9203714E-9   
  8680.0       1.95644E-9     
  8685.0       1.96896E-9     
  8690.0       1.9539004E-9   
  8695.0       1.9727886E-9   
  8700.0       1.9902162E-9   
  8705.0       1.9980704E-9   
  8710.0       1.9858255E-9   
  8715.0       1.9793962E-9   
  8720.0       1.99925E-9     
  8725.0       1.9917106E-9   
  8730.0       1.9741795E-9   
  8735.0       1.9673998E-9   
  8740.0       1.9516477E-9   
  8745.0       1.9549877E-9   
  8750.0       1.9426531E-9   
  8755.0       1.9340927E-9   
  8760.0       1.9545126E-9   
  8765.0       1.961247E-9    
  8770.0       1.9565811E-9   
  8775.0       1.9497985E-9   
  8780.0       1.953079E-9    
  8785.0       1.9529318E-9   
  8790.0       1.9308262E-9   
  8795.0       1.9162174E-9   
  8800.0       1.926012E-9    
  8805.0       1.8850368E-9   
  8810.0       1.8606079E-9   
  8815.0       1.9132775E-9   
  8820.0       1.9253579E-9   
  8825.0       1.9155348E-9   
  8830.0       1.920778E-9    
  8835.0       1.9142927E-9   
  8840.0       1.8953235E-9   
  8845.0       1.9092579E-9   
  8850.0       1.9083117E-9   
  8855.0       1.9093036E-9   
  8860.0       1.879605E-9    
  8865.0       1.8538042E-9   
  8870.0       1.8680544E-9   
  8875.0       1.8913853E-9   
  8880.0       1.8906074E-9   
  8885.0       1.9062445E-9   
  8890.0       1.9045265E-9   
  8895.0       1.896465E-9    
  8900.0       1.8988064E-9   
  8905.0       1.9094772E-9   
  8910.0       1.9029258E-9   
  8915.0       1.8917703E-9   
  8920.0       1.8917796E-9   
  8925.0       1.8683282E-9   
  8930.0       1.8600623E-9   
  8935.0       1.8701687E-9   
  8940.0       1.885142E-9    
  8945.0       1.8619074E-9   
  8950.0       1.849937E-9    
  8955.0       1.8625215E-9   
  8960.0       1.868028E-9    
  8965.0       1.8382772E-9   
  8970.0       1.8248566E-9   
  8975.0       1.8366433E-9   
  8980.0       1.8281123E-9   
  8985.0       1.783286E-9    
  8990.0       1.7539555E-9   
  8995.0       1.7942889E-9   
  9000.0       1.7838544E-9   
  9005.0       1.7629029E-9   
  9010.0       1.7361955E-9   
  9015.0       1.7137872E-9   
  9020.0       1.7443477E-9   
  9025.0       1.7784383E-9   
  9030.0       1.8311943E-9   
  9035.0       1.8641126E-9   
  9040.0       1.8883737E-9   
  9045.0       1.8989492E-9   
  9050.0       1.883196E-9    
  9055.0       1.8490887E-9   
  9060.0       1.8285063E-9   
  9065.0       1.7973439E-9   
  9070.0       1.7845162E-9   
  9075.0       1.7612093E-9   
  9080.0       1.7489782E-9   
  9085.0       1.7396534E-9   
  9090.0       1.7188732E-9   
  9095.0       1.7326991E-9   
  9100.0       1.7421266E-9   
  9105.0       1.7664261E-9   
  9110.0       1.770146E-9    
  9115.0       1.7725825E-9   
  9120.0       1.7693028E-9   
  9125.0       1.7711722E-9   
  9130.0       1.7658843E-9   
  9135.0       1.7502523E-9   
  9140.0       1.7805724E-9   
  9145.0       1.7538986E-9   
  9150.0       1.7333307E-9   
  9155.0       1.7356885E-9   
  9160.0       1.7483038E-9   
  9165.0       1.755736E-9    
  9170.0       1.7380892E-9   
  9175.0       1.7177816E-9   
  9180.0       1.7408383E-9   
  9185.0       1.7667853E-9   
  9190.0       1.7712359E-9   
  9195.0       1.7661956E-9   
  9200.0       1.7799456E-9   
  9205.0       1.7789065E-9   
  9210.0       1.7480073E-9   
  9215.0       1.7307282E-9   
  9220.0       1.7379921E-9   
  9225.0       1.7195121E-9   
  9230.0       1.7112272E-9   
  9235.0       1.7189106E-9   
  9240.0       1.7124303E-9   
  9245.0       1.7117556E-9   
  9250.0       1.7083278E-9   
  9255.0       1.7163398E-9   
  9260.0       1.7240384E-9   
  9265.0       1.7460734E-9   
  9270.0       1.7739071E-9   
  9275.0       1.7880328E-9   
  9280.0       1.7766362E-9   
  9285.0       1.7866422E-9   
  9290.0       1.7692628E-9   
  9295.0       1.7431725E-9   
  9300.0       1.7077048E-9   
  9305.0       1.6953443E-9   
  9310.0       1.6546491E-9   
  9315.0       1.6179056E-9   
  9320.0       1.6114006E-9   
  9325.0       1.6429288E-9   
  9330.0       1.6665008E-9   
  9335.0       1.6490902E-9   
  9340.0       1.6355463E-9   
  9345.0       1.6172796E-9   
  9350.0       1.6446434E-9   
  9355.0       1.584606E-9    
  9360.0       1.594327E-9    
  9365.0       1.6050866E-9   
  9370.0       1.6005346E-9   
  9375.0       1.6396826E-9   
  9380.0       1.6763769E-9   
  9385.0       1.7258298E-9   
  9390.0       1.7932955E-9   
  9395.0       1.834108E-9    
  9400.0       1.8129553E-9   
  9405.0       1.7654548E-9   
  9410.0       1.7025994E-9   
  9415.0       1.6564186E-9   
  9420.0       1.624194E-9    
  9425.0       1.5817422E-9   
  9430.0       1.5612328E-9   
  9435.0       1.587556E-9    
  9440.0       1.5326443E-9   
  9445.0       1.574957E-9    
  9450.0       1.6201713E-9   
  9455.0       1.5808044E-9   
  9460.0       1.5934433E-9   
  9465.0       1.6394024E-9   
  9470.0       1.6695565E-9   
  9475.0       1.6563462E-9   
  9480.0       1.6325014E-9   
  9485.0       1.6493357E-9   
  9490.0       1.6523194E-9   
  9495.0       1.6052054E-9   
  9500.0       1.5914088E-9   
  9505.0       1.6321471E-9   
  9510.0       1.6808872E-9   
  9515.0       1.652811E-9    
  9520.0       1.6141756E-9   
  9525.0       1.621119E-9    
  9530.0       1.6402316E-9   
  9535.0       1.6384633E-9   
  9540.0       1.6271923E-9   
  9545.0       1.5814703E-9   
  9550.0       1.5789868E-9   
  9555.0       1.5423922E-9   
  9560.0       1.6043167E-9   
  9565.0       1.6123806E-9   
  9570.0       1.6250276E-9   
  9575.0       1.6480415E-9   
  9580.0       1.6369223E-9   
  9585.0       1.6183497E-9   
  9590.0       1.5848557E-9   
  9595.0       1.5859642E-9   
  9600.0       1.6032986E-9   
  9605.0       1.6089095E-9   
  9610.0       1.6098126E-9   
  9615.0       1.6051844E-9   
  9620.0       1.5879477E-9   
  9625.0       1.5813174E-9   
  9630.0       1.5554138E-9   
  9635.0       1.5708244E-9   
  9640.0       1.573646E-9    
  9645.0       1.5716867E-9   
  9650.0       1.5781821E-9   
  9655.0       1.566188E-9    
  9660.0       1.5666677E-9   
  9665.0       1.587899E-9    
  9670.0       1.6184148E-9   
  9675.0       1.6217943E-9   
  9680.0       1.6088446E-9   
  9685.0       1.6091475E-9   
  9690.0       1.6179774E-9   
  9695.0       1.6048411E-9   
  9700.0       1.5790436E-9   
  9705.0       1.5841897E-9   
  9710.0       1.6046446E-9   
  9715.0       1.5898939E-9   
  9720.0       1.5821555E-9   
  9725.0       1.5881026E-9   
  9730.0       1.5748933E-9   
  9735.0       1.5628913E-9   
  9740.0       1.5510467E-9   
  9745.0       1.5542851E-9   
  9750.0       1.5405854E-9   
  9755.0       1.5339161E-9   
  9760.0       1.543247E-9    
  9765.0       1.5386878E-9   
  9770.0       1.5578993E-9   
  9775.0       1.5706234E-9   
  9780.0       1.5829357E-9   
  9785.0       1.5503485E-9   
  9790.0       1.5237341E-9   
  9795.0       1.52855E-9     
  9800.0       1.5448952E-9   
  9805.0       1.5319462E-9   
  9810.0       1.533085E-9    
  9815.0       1.5325837E-9   
  9820.0       1.5421358E-9   
  9825.0       1.5305248E-9   
  9830.0       1.5372164E-9   
  9835.0       1.5409461E-9   
  9840.0       1.533465E-9    
  9845.0       1.5235427E-9   
  9850.0       1.5332333E-9   
  9855.0       1.5247124E-9   
  9860.0       1.5225576E-9   
  9865.0       1.5309044E-9   
  9870.0       1.5109716E-9   
  9875.0       1.509167E-9    
  9880.0       1.5009346E-9   
  9885.0       1.5075091E-9   
  9890.0       1.4879663E-9   
  9895.0       1.4885162E-9   
  9900.0       1.5384058E-9   
  9905.0       1.5429095E-9   
  9910.0       1.5367696E-9   
  9915.0       1.5142094E-9   
  9920.0       1.4948525E-9   
  9925.0       1.4868087E-9   
  9930.0       1.4769319E-9   
  9935.0       1.4729967E-9   
  9940.0       1.4634718E-9   
  9945.0       1.5111213E-9   
  9950.0       1.5159546E-9   
  9955.0       1.5185655E-9   
  9960.0       1.4949941E-9   
  9965.0       1.5108393E-9   
  9970.0       1.495717E-9    
  9975.0       1.5010226E-9   
  9980.0       1.450414E-9    
  9985.0       1.4649875E-9   
  9990.0       1.4831018E-9   
  9995.0       1.4995746E-9   
  10000.0      1.488261E-9    
  10005.0      1.4853453E-9   
  10010.0      1.4834578E-9   
  10015.0      1.4811447E-9   
  10020.0      1.4795415E-9   
  10025.0      1.4793179E-9   
  10030.0      1.4799397E-9   
  10035.0      1.4804E-9      
  10040.0      1.4797007E-9   
  10045.0      1.4773445E-9   
  10050.0      1.4741567E-9   
  10055.0      1.4714693E-9   
  10060.0      1.4705913E-9   
  10065.0      1.472099E-9    
  10070.0      1.4747044E-9   
  10075.0      1.4763839E-9   
  10080.0      1.4751403E-9   
  10085.0      1.469873E-9    
  10090.0      1.461845E-9    
  10095.0      1.4532161E-9   
  10100.0      1.4461645E-9   
  10105.0      1.442036E-9    
  10110.0      1.4400189E-9   
  10115.0      1.4384772E-9   
  10120.0      1.4357793E-9   
  10125.0      1.4311333E-9   
  10130.0      1.425941E-9    
  10135.0      1.4224351E-9   
  10140.0      1.4228174E-9   
  10145.0      1.4279825E-9   
  10150.0      1.4354473E-9   
  10155.0      1.4414335E-9   
  10160.0      1.4421939E-9   
  10165.0      1.4355586E-9   
  10170.0      1.4234965E-9   
  10175.0      1.4095427E-9   
  10180.0      1.3973122E-9   
  10185.0      1.3894271E-9   
  10190.0      1.3859892E-9   
  10195.0      1.386112E-9    
  10200.0      1.3888207E-9   
  10205.0      1.3930375E-9   
  10210.0      1.3974605E-9   
  10215.0      1.4007026E-9   
  10220.0      1.4014289E-9   
  10225.0      1.3989292E-9   
  10230.0      1.3941036E-9   
  10235.0      1.3884766E-9   
  10240.0      1.3836015E-9   
  10245.0      1.3806728E-9   
  10250.0      1.3799709E-9   
  10255.0      1.3814232E-9   
  10260.0      1.384884E-9    
  10265.0      1.389885E-9    
  10270.0      1.39509E-9     
  10275.0      1.3988518E-9   
  10280.0      1.3995421E-9   
  10285.0      1.3962471E-9   
  10290.0      1.3898915E-9   
  10295.0      1.3820903E-9   
  10300.0      1.3744998E-9   
  10305.0      1.3683625E-9   
  10310.0      1.3638511E-9   
  10315.0      1.3607296E-9   
  10320.0      1.3587331E-9   
  10325.0      1.3577091E-9   
  10330.0      1.3577913E-9   
  10335.0      1.3592216E-9   
  10340.0      1.3622294E-9   
  10345.0      1.3666653E-9   
  10350.0      1.3714508E-9   
  10355.0      1.3751337E-9   
  10360.0      1.3763035E-9   
  10365.0      1.3742487E-9   
  10370.0      1.3700818E-9   
  10375.0      1.3656102E-9   
  10380.0      1.3626354E-9   
  10385.0      1.3621708E-9   
  10390.0      1.3631765E-9   
  10395.0      1.3638254E-9   
  10400.0      1.3622783E-9   
  10405.0      1.3574921E-9   
  10410.0      1.3504265E-9   
  10415.0      1.3428264E-9   
  10420.0      1.3364543E-9   
  10425.0      1.3324252E-9   
  10430.0      1.3301642E-9   
  10435.0      1.3284595E-9   
  10440.0      1.3260946E-9   
  10445.0      1.3224067E-9   
  10450.0      1.3182222E-9   
  10455.0      1.3149242E-9   
  10460.0      1.3139007E-9   
  10465.0      1.3159572E-9   
  10470.0      1.3204048E-9   
  10475.0      1.3259832E-9   
  10480.0      1.3313879E-9   
  10485.0      1.3354601E-9   
  10490.0      1.3374252E-9   
  10495.0      1.3366552E-9   
  10500.0      1.3325896E-9   
  10505.0      1.3251935E-9   
  10510.0      1.3157492E-9   
  10515.0      1.3060569E-9   
  10520.0      1.2979215E-9   
  10525.0      1.2926438E-9   
  10530.0      1.2902253E-9   
  10535.0      1.2901621E-9   
  10540.0      1.2918928E-9   
  10545.0      1.2946724E-9   
  10550.0      1.2973314E-9   
  10555.0      1.2985161E-9   
  10560.0      1.2969318E-9   
  10565.0      1.291937E-9    
  10570.0      1.2845962E-9   
  10575.0      1.2766271E-9   
  10580.0      1.2697664E-9   
  10585.0      1.2651248E-9   
  10590.0      1.2622666E-9   
  10595.0      1.2601383E-9   
  10600.0      1.257665E-9    
  10605.0      1.25407E-9     
  10610.0      1.2493889E-9   
  10615.0      1.243965E-9    
  10620.0      9.292839E-10   
