# WAVELENGTH   FLUX  
  1150.0       0.0   
  1155.0       0.0   
  1160.0       0.0   
  1165.0       0.0   
  1170.0       0.0   
  1175.0       0.0   
  1180.0       0.0   
  1185.0       0.0   
  1190.0       0.0   
  1195.0       0.0   
  1200.0       0.0   
  1205.0       0.0   
  1210.0       0.0   
  1215.0       0.0   
  1220.0       0.0   
  1225.0       0.0   
  1230.0       0.0   
  1235.0       0.0   
  1240.0       0.0   
  1245.0       0.0   
  1250.0       0.0   
  1255.0       0.0   
  1260.0       0.0   
  1265.0       0.0   
  1270.0       0.0   
  1275.0       0.0   
  1280.0       0.0   
  1285.0       0.0   
  1290.0       0.0   
  1295.0       0.0   
  1300.0       0.0   
  1305.0       0.0   
  1310.0       0.0   
  1315.0       0.0   
  1320.0       0.0   
  1325.0       0.0   
  1330.0       0.0   
  1335.0       0.0   
  1340.0       0.0   
  1345.0       0.0   
  1350.0       0.0   
  1355.0       0.0   
  1360.0       0.0   
  1365.0       0.0   
  1370.0       0.0   
  1375.0       0.0   
  1380.0       0.0   
  1385.0       0.0   
  1390.0       0.0   
  1395.0       0.0   
  1400.0       0.0   
  1405.0       0.0   
  1410.0       0.0   
  1415.0       0.0   
  1420.0       0.0   
  1425.0       0.0   
  1430.0       0.0   
  1435.0       0.0   
  1440.0       0.0   
  1445.0       0.0   
  1450.0       0.0   
  1455.0       0.0   
  1460.0       0.0   
  1465.0       0.0   
  1470.0       0.0   
  1475.0       0.0   
  1480.0       0.0   
  1485.0       0.0   
  1490.0       0.0   
  1495.0       0.0   
  1500.0       0.0   
  1505.0       0.0   
  1510.0       0.0   
  1515.0       0.0   
  1520.0       0.0   
  1525.0       0.0   
  1530.0       0.0   
  1535.0       0.0   
  1540.0       0.0   
  1545.0       0.0   
  1550.0       0.0   
  1555.0       0.0   
  1560.0       0.0   
  1565.0       0.0   
  1570.0       0.0   
  1575.0       0.0   
  1580.0       0.0   
  1585.0       0.0   
  1590.0       0.0   
  1595.0       0.0   
  1600.0       0.0   
  1605.0       0.0   
  1610.0       0.0   
  1615.0       0.0   
  1620.0       0.0   
  1625.0       0.0   
  1630.0       0.0   
  1635.0       0.0   
  1640.0       0.0   
  1645.0       0.0   
  1650.0       0.0   
  1655.0       0.0   
  1660.0       0.0   
  1665.0       0.0   
  1670.0       0.0   
  1675.0       0.0   
  1680.0       0.0   
  1685.0       0.0   
  1690.0       0.0   
  1695.0       0.0   
  1700.0       0.0   
  1705.0       0.0   
  1710.0       0.0   
  1715.0       0.0   
  1720.0       0.0   
  1725.0       0.0   
  1730.0       0.0   
  1735.0       0.0   
  1740.0       0.0   
  1745.0       0.0   
  1750.0       0.0   
  1755.0       0.0   
  1760.0       0.0   
  1765.0       0.0   
  1770.0       0.0   
  1775.0       0.0   
  1780.0       0.0   
  1785.0       0.0   
  1790.0       0.0   
  1795.0       0.0   
  1800.0       0.0   
  1805.0       0.0   
  1810.0       0.0   
  1815.0       0.0   
  1820.0       0.0   
  1825.0       0.0   
  1830.0       0.0   
  1835.0       0.0   
  1840.0       0.0   
  1845.0       0.0   
  1850.0       0.0   
  1855.0       0.0   
  1860.0       0.0   
  1865.0       0.0   
  1870.0       0.0   
  1875.0       0.0   
  1880.0       0.0   
  1885.0       0.0   
  1890.0       0.0   
  1895.0       0.0   
  1900.0       0.0   
  1905.0       0.0   
  1910.0       0.0   
  1915.0       0.0   
  1920.0       0.0   
  1925.0       0.0   
  1930.0       0.0   
  1935.0       0.0   
  1940.0       0.0   
  1945.0       0.0   
  1950.0       0.0   
  1955.0       0.0   
  1960.0       0.0   
  1965.0       0.0   
  1970.0       0.0   
  1975.0       0.0   
  1980.0       0.0   
  1985.0       0.0   
  1990.0       0.0   
  1995.0       0.0   
  2000.0       0.0   
  2005.0       0.0   
  2010.0       0.0   
  2015.0       0.0   
  2020.0       0.0   
  2025.0       0.0   
  2030.0       0.0   
  2035.0       0.0   
  2040.0       0.0   
  2045.0       0.0   
  2050.0       0.0   
  2055.0       0.0   
  2060.0       0.0   
  2065.0       0.0   
  2070.0       0.0   
  2075.0       0.0   
  2080.0       0.0   
  2085.0       0.0   
  2090.0       0.0   
  2095.0       0.0   
  2100.0       0.0   
  2105.0       0.0   
  2110.0       0.0   
  2115.0       0.0   
  2120.0       0.0   
  2125.0       0.0   
  2130.0       0.0   
  2135.0       0.0   
  2140.0       0.0   
  2145.0       0.0   
  2150.0       0.0   
  2155.0       0.0   
  2160.0       0.0   
  2165.0       0.0   
  2170.0       0.0   
  2175.0       0.0   
  2180.0       0.0   
  2185.0       0.0   
  2190.0       0.0   
  2195.0       0.0   
  2200.0       0.0   
  2205.0       0.0   
  2210.0       0.0   
  2215.0       0.0   
  2220.0       0.0   
  2225.0       0.0   
  2230.0       0.0   
  2235.0       0.0   
  2240.0       0.0   
  2245.0       0.0   
  2250.0       0.0   
  2255.0       0.0   
  2260.0       0.0   
  2265.0       0.0   
  2270.0       0.0   
  2275.0       0.0   
  2280.0       0.0   
  2285.0       0.0   
  2290.0       0.0   
  2295.0       0.0   
  2300.0       0.0   
  2305.0       0.0   
  2310.0       0.0   
  2315.0       0.0   
  2320.0       0.0   
  2325.0       0.0   
  2330.0       0.0   
  2335.0       0.0   
  2340.0       0.0   
  2345.0       0.0   
  2350.0       0.0   
  2355.0       0.0   
  2360.0       0.0   
  2365.0       0.0   
  2370.0       0.0   
  2375.0       0.0   
  2380.0       0.0   
  2385.0       0.0   
  2390.0       0.0   
  2395.0       0.0   
  2400.0       0.0   
  2405.0       0.0   
  2410.0       0.0   
  2415.0       0.0   
  2420.0       0.0   
  2425.0       0.0   
  2430.0       0.0   
  2435.0       0.0   
  2440.0       0.0   
  2445.0       0.0   
  2450.0       0.0   
  2455.0       0.0   
  2460.0       0.0   
  2465.0       0.0   
  2470.0       0.0   
  2475.0       0.0   
  2480.0       0.0   
  2485.0       0.0   
  2490.0       0.0   
  2495.0       0.0   
  2500.0       0.0   
  2505.0       0.0   
  2510.0       0.0   
  2515.0       0.0   
  2520.0       0.0   
  2525.0       0.0   
  2530.0       0.0   
  2535.0       0.0   
  2540.0       0.0   
  2545.0       0.0   
  2550.0       0.0   
  2555.0       0.0   
  2560.0       0.0   
  2565.0       0.0   
  2570.0       0.0   
  2575.0       0.0   
  2580.0       0.0   
  2585.0       0.0   
  2590.0       0.0   
  2595.0       0.0   
  2600.0       0.0   
  2605.0       0.0   
  2610.0       0.0   
  2615.0       0.0   
  2620.0       0.0   
  2625.0       0.0   
  2630.0       0.0   
  2635.0       0.0   
  2640.0       0.0   
  2645.0       0.0   
  2650.0       0.0   
  2655.0       0.0   
  2660.0       0.0   
  2665.0       0.0   
  2670.0       0.0   
  2675.0       0.0   
  2680.0       0.0   
  2685.0       0.0   
  2690.0       0.0   
  2695.0       0.0   
  2700.0       0.0   
  2705.0       0.0   
  2710.0       0.0   
  2715.0       4.3289474E-16
  2720.0       3.0254875E-15
  2725.0       3.4567927E-15
  2730.0       3.456791E-15
  2735.0       3.4567914E-15
  2740.0       3.0239034E-15
  2745.0       4.3131238E-16
  2750.0       0.0   
  2755.0       0.0   
  2760.0       0.0   
  2765.0       0.0   
  2770.0       0.0   
  2775.0       0.0   
  2780.0       0.0   
  2785.0       0.0   
  2790.0       0.0   
  2795.0       0.0   
  2800.0       8.6574147E-16
  2805.0       6.9166652E-15
  2810.0       1.38302455E-14
  2815.0       2.0310967E-14
  2820.0       2.463197E-14
  2825.0       3.0248438E-14
  2830.0       3.1111103E-14
  2835.0       3.02454E-14
  2840.0       2.4194498E-14
  2845.0       1.5982346E-14
  2850.0       2.156705E-15
  2855.0       0.0   
  2860.0       0.0   
  2865.0       0.0   
  2870.0       0.0   
  2875.0       0.0   
  2880.0       0.0   
  2885.0       0.0   
  2890.0       0.0   
  2895.0       0.0   
  2900.0       9.955408E-15
  2905.0       8.1704635E-14
  2910.0       1.759052E-13
  2915.0       2.688042E-13
  2920.0       3.5305694E-13
  2925.0       4.14403E-13
  2930.0       4.433365E-13
  2935.0       4.2516639E-13
  2940.0       3.512517E-13
  2945.0       2.1078815E-13
  2950.0       2.7607479E-14
  2955.0       0.0   
  2960.0       0.0   
  2965.0       0.0   
  2970.0       0.0   
  2975.0       0.0   
  2980.0       0.0   
  2985.0       0.0   
  2990.0       0.0   
  2995.0       0.0   
  3000.0       1.441288E-13
  3005.0       1.1892464E-12
  3010.0       2.6368946E-12
  3015.0       4.349839E-12
  3020.0       6.2874515E-12
  3025.0       8.408696E-12
  3030.0       1.0675532E-11
  3035.0       1.3051685E-11
  3040.0       1.5494798E-11
  3045.0       1.796768E-11
  3050.0       2.0428912E-11
  3055.0       2.2849951E-11
  3060.0       2.5213049E-11
  3065.0       2.7507044E-11
  3070.0       2.9722422E-11
  3075.0       3.1853027E-11
  3080.0       3.388469E-11
  3085.0       3.5809262E-11
  3090.0       3.7618825E-11
  3095.0       3.93018E-11
  3100.0       4.085298E-11
  3105.0       4.2273646E-11
  3110.0       4.361056E-11
  3115.0       4.4914673E-11
  3120.0       4.6245483E-11
  3125.0       4.7659345E-11
  3130.0       4.9211975E-11
  3135.0       5.0961214E-11
  3140.0       5.2962842E-11
  3145.0       5.5272946E-11
  3150.0       5.794778E-11
  3155.0       5.864067E-11
  3160.0       5.4300606E-11
  3165.0       9.636468E-11
  3170.0       1.1600115E-10
  3175.0       9.119759E-11
  3180.0       5.957028E-11
  3185.0       7.71335E-11
  3190.0       7.808029E-11
  3195.0       4.8234312E-11
  3200.0       2.6602538E-11
  3205.0       4.642791E-11
  3210.0       1.01128286E-10
  3215.0       1.789194E-10
  3220.0       2.0429056E-10
  3225.0       1.2687486E-10
  3230.0       2.9288932E-11
  3235.0       4.2650926E-12
  3240.0       1.6489457E-11
  3245.0       3.014587E-11
  3250.0       3.195385E-11
  3255.0       2.9031333E-11
  3260.0       3.4078313E-11
  3265.0       5.1119407E-11
  3270.0       5.9561314E-11
  3275.0       4.546023E-11
  3280.0       3.5851502E-11
  3285.0       5.753824E-11
  3290.0       9.5296715E-11
  3295.0       1.2234284E-10
  3300.0       1.2530026E-10
  3305.0       1.0567241E-10
  3310.0       8.912893E-11
  3315.0       1.01685625E-10
  3320.0       1.4559474E-10
  3325.0       2.0260683E-10
  3330.0       2.264687E-10
  3335.0       1.8555214E-10
  3340.0       1.1367337E-10
  3345.0       5.969597E-11
  3350.0       4.5460885E-11
  3355.0       7.0680996E-11
  3360.0       1.0635265E-10
  3365.0       1.26279E-10
  3370.0       1.3869095E-10
  3375.0       1.5869892E-10
  3380.0       1.8449474E-10
  3385.0       2.0753395E-10
  3390.0       2.1954173E-10
  3395.0       2.1404953E-10
  3400.0       1.8893268E-10
  3405.0       1.482579E-10
  3410.0       1.0799832E-10
  3415.0       8.396164E-11
  3420.0       7.982333E-11
  3425.0       9.4888014E-11
  3430.0       1.2880998E-10
  3435.0       1.7703654E-10
  3440.0       2.2297643E-10
  3445.0       2.4663668E-10
  3450.0       2.3277522E-10
  3455.0       1.8593885E-10
  3460.0       1.5559538E-10
  3465.0       1.7723435E-10
  3470.0       2.0701457E-10
  3475.0       2.0010217E-10
  3480.0       1.872241E-10
  3485.0       2.0196475E-10
  3490.0       2.1082672E-10
  3495.0       1.90919E-10
  3500.0       2.1167823E-10
  3505.0       3.17151E-10
  3510.0       3.952081E-10
  3515.0       3.4334188E-10
  3520.0       2.4063676E-10
  3525.0       1.9787391E-10
  3530.0       2.232896E-10
  3535.0       2.806377E-10
  3540.0       3.254781E-10
  3545.0       3.3124598E-10
  3550.0       3.2135392E-10
  3555.0       3.169864E-10
  3560.0       2.868207E-10
  3565.0       2.1385654E-10
  3570.0       1.6927848E-10
  3575.0       2.1172142E-10
  3580.0       2.7903327E-10
  3585.0       2.9366376E-10
  3590.0       2.6044558E-10
  3595.0       2.1393619E-10
  3600.0       1.8094509E-10
  3605.0       1.7658455E-10
  3610.0       1.955205E-10
  3615.0       2.2469636E-10
  3620.0       2.5042657E-10
  3625.0       2.607044E-10
  3630.0       2.4891478E-10
  3635.0       2.2008516E-10
  3640.0       2.0330419E-10
  3645.0       2.1773047E-10
  3650.0       2.3404176E-10
  3655.0       2.2497468E-10
  3660.0       2.1633247E-10
  3665.0       2.3684815E-10
  3670.0       2.6911062E-10
  3675.0       2.8614822E-10
  3680.0       2.8340594E-10
  3685.0       2.651265E-10
  3690.0       2.3579513E-10
  3695.0       2.0728715E-10
  3700.0       2.0910022E-10
  3705.0       2.484143E-10
  3710.0       2.5869093E-10
  3715.0       1.8490887E-10
  3720.0       7.63732E-11
  3725.0       8.771057E-12
  3730.0       1.0190438E-11
  3735.0       8.227158E-11
  3740.0       1.623302E-10
  3745.0       1.9792953E-10
  3750.0       2.1548541E-10
  3755.0       2.5213862E-10
  3760.0       2.9480546E-10
  3765.0       3.2347414E-10
  3770.0       3.5128914E-10
  3775.0       3.9078998E-10
  3780.0       4.1882434E-10
  3785.0       4.0902665E-10
  3790.0       3.643106E-10
  3795.0       3.0747122E-10
  3800.0       2.8146593E-10
  3805.0       3.0990316E-10
  3810.0       3.4747147E-10
  3815.0       3.4426642E-10
  3820.0       3.0713798E-10
  3825.0       2.6054392E-10
  3830.0       2.1775283E-10
  3835.0       1.9406904E-10
  3840.0       2.207542E-10
  3845.0       3.0653485E-10
  3850.0       3.8598388E-10
  3855.0       3.9498552E-10
  3860.0       3.4802364E-10
  3865.0       2.9306294E-10
  3870.0       2.8282224E-10
  3875.0       3.3161793E-10
  3880.0       3.5530523E-10
  3885.0       2.9728456E-10
  3890.0       2.656953E-10
  3895.0       3.5519196E-10
  3900.0       4.5208903E-10
  3905.0       4.0509127E-10
  3910.0       3.9575293E-10
  3915.0       4.402896E-10
  3920.0       4.9016347E-10
  3925.0       5.03544E-10
  3930.0       4.790335E-10
  3935.0       4.4193335E-10
  3940.0       4.0314074E-10
  3945.0       3.6019177E-10
  3950.0       3.3051653E-10
  3955.0       3.3186864E-10
  3960.0       3.5629216E-10
  3965.0       4.0234707E-10
  3970.0       4.9058385E-10
  3975.0       6.1584177E-10
  3980.0       7.208305E-10
  3985.0       7.5890005E-10
  3990.0       7.486531E-10
  3995.0       7.412014E-10
  4000.0       7.8262735E-10
  4005.0       8.7289964E-10
  4010.0       9.572891E-10
  4015.0       9.685562E-10
  4020.0       8.8251917E-10
  4025.0       7.429837E-10
  4030.0       6.357271E-10
  4035.0       6.358696E-10
  4040.0       7.6071455E-10
  4045.0       9.554647E-10
  4050.0       1.1233587E-9
  4055.0       1.1807159E-9
  4060.0       1.1036055E-9
  4065.0       9.383141E-10
  4070.0       7.728559E-10
  4075.0       6.85731E-10
  4080.0       7.002469E-10
  4085.0       7.7614276E-10
  4090.0       8.434142E-10
  4095.0       8.501072E-10
  4100.0       7.932357E-10
  4105.0       7.158544E-10
  4110.0       6.7289035E-10
  4115.0       6.894498E-10
  4120.0       7.4742046E-10
  4125.0       8.0311346E-10
  4130.0       8.1930274E-10
  4135.0       7.89641E-10
  4140.0       7.3868633E-10
  4145.0       6.996245E-10
  4150.0       6.909929E-10
  4155.0       7.0910133E-10
  4160.0       7.368712E-10
  4165.0       7.589579E-10
  4170.0       7.7036433E-10
  4175.0       7.7336054E-10
  4180.0       7.7050605E-10
  4185.0       7.625181E-10
  4190.0       7.523307E-10
  4195.0       7.47616E-10
  4200.0       7.54099E-10
  4205.0       7.6693385E-10
  4210.0       7.652689E-10
  4215.0       7.2416406E-10
  4220.0       6.3604505E-10
  4225.0       5.256935E-10
  4230.0       4.4486226E-10
  4235.0       4.3995538E-10
  4240.0       5.1802157E-10
  4245.0       6.3686595E-10
  4250.0       7.2701745E-10
  4255.0       7.337767E-10
  4260.0       6.5339767E-10
  4265.0       5.364653E-10
  4270.0       4.552636E-10
  4275.0       4.6121157E-10
  4280.0       5.5591637E-10
  4285.0       6.9137773E-10
  4290.0       8.0065476E-10
  4295.0       8.380949E-10
  4300.0       8.0667284E-10
  4305.0       7.536655E-10
  4310.0       7.3981926E-10
  4315.0       7.9994644E-10
  4320.0       9.167359E-10
  4325.0       1.0285005E-9
  4330.0       1.07079E-9
  4335.0       1.0220248E-9
  4340.0       9.21263E-10
  4345.0       8.444876E-10
  4350.0       8.5184215E-10
  4355.0       9.424617E-10
  4360.0       1.0556015E-9
  4365.0       1.1157427E-9
  4370.0       1.0877185E-9
  4375.0       1.0018503E-9
  4380.0       9.2842495E-10
  4385.0       9.2403135E-10
  4390.0       9.915484E-10
  4395.0       1.0858755E-9
  4400.0       1.1528156E-9
  4405.0       1.1680591E-9
  4410.0       1.1483619E-9
  4415.0       1.1317424E-9
  4420.0       1.1454883E-9
  4425.0       1.192361E-9
  4430.0       1.2566256E-9
  4435.0       1.3190317E-9
  4440.0       1.368952E-9
  4445.0       1.4051018E-9
  4450.0       1.4327294E-9
  4455.0       1.4622246E-9
  4460.0       1.5037641E-9
  4465.0       1.5584409E-9
  4470.0       1.6143428E-9
  4475.0       1.6535119E-9
  4480.0       1.6725638E-9
  4485.0       1.6972587E-9
  4490.0       1.7710355E-9
  4495.0       1.9172959E-9
  4500.0       2.1016267E-9
  4505.0       2.2369684E-9
  4510.0       2.2406612E-9
  4515.0       2.1007627E-9
  4520.0       1.898251E-9
  4525.0       1.760625E-9
  4530.0       1.7712576E-9
  4535.0       1.9077966E-9
  4540.0       2.0667874E-9
  4545.0       2.146098E-9
  4550.0       2.1189042E-9
  4555.0       2.045354E-9
  4560.0       2.0127888E-9
  4565.0       2.0602762E-9
  4570.0       2.156556E-9
  4575.0       2.2385458E-9
  4580.0       2.26571E-9
  4585.0       2.2452917E-9
  4590.0       2.2131064E-9
  4595.0       2.1938884E-9
  4600.0       2.1886462E-9
  4605.0       2.1900328E-9
  4610.0       2.1997653E-9
  4615.0       2.2269027E-9
  4620.0       2.2676105E-9
  4625.0       2.2938205E-9
  4630.0       2.2733604E-9
  4635.0       2.20199E-9
  4640.0       2.116045E-9
  4645.0       2.0705215E-9
  4650.0       2.096158E-9
  4655.0       2.1758273E-9
  4660.0       2.2612754E-9
  4665.0       2.3085966E-9
  4670.0       2.3039615E-9
  4675.0       2.262538E-9
  4680.0       2.2070097E-9
  4685.0       2.155782E-9
  4690.0       2.1263964E-9
  4695.0       2.1379045E-9
  4700.0       2.199523E-9
  4705.0       2.2924396E-9
  4710.0       2.3677327E-9
  4715.0       2.376957E-9
  4720.0       2.3167752E-9
  4725.0       2.244242E-9
  4730.0       2.2426252E-9
  4735.0       2.356964E-9
  4740.0       2.5482896E-9
  4745.0       2.7097773E-9
  4750.0       2.7354028E-9
  4755.0       2.5865619E-9
  4760.0       2.312591E-9
  4765.0       2.0174775E-9
  4770.0       1.8009699E-9
  4775.0       1.714948E-9
  4780.0       1.7542671E-9
  4785.0       1.8735504E-9
  4790.0       2.0102089E-9
  4795.0       2.1055226E-9
  4800.0       2.1258577E-9
  4805.0       2.0765103E-9
  4810.0       2.000438E-9
  4815.0       1.9539457E-9
  4820.0       1.9729849E-9
  4825.0       2.0520965E-9
  4830.0       2.1510085E-9
  4835.0       2.2231923E-9
  4840.0       2.2435265E-9
  4845.0       2.2160993E-9
  4850.0       2.1648516E-9
  4855.0       2.1196265E-9
  4860.0       2.1073598E-9
  4865.0       2.1447406E-9
  4870.0       2.2294864E-9
  4875.0       2.336718E-9
  4880.0       2.428411E-9
  4885.0       2.4787359E-9
  4890.0       2.501803E-9
  4895.0       2.546378E-9
  4900.0       2.6539662E-9
  4905.0       2.8183413E-9
  4910.0       2.9807803E-9
  4915.0       3.0731635E-9
  4920.0       3.0831164E-9
  4925.0       3.0734049E-9
  4930.0       3.1298724E-9
  4935.0       3.2798757E-9
  4940.0       3.4497347E-9
  4945.0       3.5012633E-9
  4950.0       3.3315408E-9
  4955.0       2.9591447E-9
  4960.0       2.520166E-9
  4965.0       2.185704E-9
  4970.0       2.062491E-9
  4975.0       2.140357E-9
  4980.0       2.3183166E-9
  4985.0       2.4792974E-9
  4990.0       2.5500253E-9
  4995.0       2.5168059E-9
  5000.0       2.4070632E-9
  5005.0       2.261986E-9
  5010.0       2.121605E-9
  5015.0       2.0230067E-9
  5020.0       1.9982367E-9
  5025.0       2.063105E-9
  5030.0       2.2062765E-9
  5035.0       2.3888962E-9
  5040.0       2.5586233E-9
  5045.0       2.6757128E-9
  5050.0       2.7288072E-9
  5055.0       2.7363627E-9
  5060.0       2.7312648E-9
  5065.0       2.737919E-9
  5070.0       2.7595823E-9
  5075.0       2.779749E-9
  5080.0       2.7795797E-9
  5085.0       2.7535483E-9
  5090.0       2.7124036E-9
  5095.0       2.673585E-9
  5100.0       2.648131E-9
  5105.0       2.63689E-9
  5110.0       2.6384366E-9
  5115.0       2.6555116E-9
  5120.0       2.6905183E-9
  5125.0       2.7352849E-9
  5130.0       2.7710436E-9
  5135.0       2.7859914E-9
  5140.0       2.7910758E-9
  5145.0       2.8118543E-9
  5150.0       2.856329E-9
  5155.0       2.8841658E-9
  5160.0       2.8159126E-9
  5165.0       2.5972868E-9
  5170.0       2.2664552E-9
  5175.0       1.954435E-9
  5180.0       1.8083102E-9
  5185.0       1.885854E-9
  5190.0       2.1045268E-9
  5195.0       2.3071063E-9
  5200.0       2.392867E-9
  5205.0       2.3949864E-9
  5210.0       2.4451094E-9
  5215.0       2.6532463E-9
  5220.0       3.0009373E-9
  5225.0       3.3509446E-9
  5230.0       3.5617806E-9
  5235.0       3.5957288E-9
  5240.0       3.53405E-9
  5245.0       3.4934795E-9
  5250.0       3.5202015E-9
  5255.0       3.5659413E-9
  5260.0       3.5615553E-9
  5265.0       3.4996237E-9
  5270.0       3.4501424E-9
  5275.0       3.4977483E-9
  5280.0       3.6573469E-9
  5285.0       3.855409E-9
  5290.0       3.994622E-9
  5295.0       4.030019E-9
  5300.0       3.99163E-9
  5305.0       3.9408588E-9
  5310.0       3.9057024E-9
  5315.0       3.8664902E-9
  5320.0       3.800574E-9
  5325.0       3.7275436E-9
  5330.0       3.7059773E-9
  5335.0       3.78217E-9
  5340.0       3.9394865E-9
  5345.0       4.1033936E-9
  5350.0       4.2050674E-9
  5355.0       4.237564E-9
  5360.0       4.256199E-9
  5365.0       4.322014E-9
  5370.0       4.435938E-9
  5375.0       4.534861E-9
  5380.0       4.5496105E-9
  5385.0       4.4704387E-9
  5390.0       4.362451E-9
  5395.0       4.3163935E-9
  5400.0       4.3739323E-9
  5405.0       4.4949875E-9
  5410.0       4.59627E-9
  5415.0       4.6198796E-9
  5420.0       4.5752016E-9
  5425.0       4.523135E-9
  5430.0       4.5147464E-9
  5435.0       4.5376973E-9
  5440.0       4.520765E-9
  5445.0       4.3851185E-9
  5450.0       4.1058468E-9
  5455.0       3.7414623E-9
  5460.0       3.406681E-9
  5465.0       3.2100054E-9
  5470.0       3.1984189E-9
  5475.0       3.3394214E-9
  5480.0       3.5435819E-9
  5485.0       3.711415E-9
  5490.0       3.7781946E-9
  5495.0       3.731901E-9
  5500.0       3.6040335E-9
  5505.0       3.4463126E-9
  5510.0       3.3062773E-9
  5515.0       3.2114793E-9
  5520.0       3.1655147E-9
  5525.0       3.1524805E-9
  5530.0       3.1466598E-9
  5535.0       3.126962E-9
  5540.0       3.0900735E-9
  5545.0       3.0571308E-9
  5550.0       3.0702352E-9
  5555.0       3.1730472E-9
  5560.0       3.38346E-9
  5565.0       3.6739654E-9
  5570.0       3.9719814E-9
  5575.0       4.1831636E-9
  5580.0       4.2309454E-9
  5585.0       4.0965866E-9
  5590.0       3.8359205E-9
  5595.0       3.5601206E-9
  5600.0       3.3859997E-9
  5605.0       3.3769338E-9
  5610.0       3.505356E-9
  5615.0       3.667413E-9
  5620.0       3.749955E-9
  5625.0       3.7045245E-9
  5630.0       3.579813E-9
  5635.0       3.4885939E-9
  5640.0       3.5248142E-9
  5645.0       3.6901202E-9
  5650.0       3.893053E-9
  5655.0       4.019033E-9
  5660.0       4.0135983E-9
  5665.0       3.919071E-9
  5670.0       3.83686E-9
  5675.0       3.8428416E-9
  5680.0       3.937034E-9
  5685.0       4.061133E-9
  5690.0       4.1572084E-9
  5695.0       4.2155457E-9
  5700.0       4.26968E-9
  5705.0       4.346689E-9
  5710.0       4.4306128E-9
  5715.0       4.475387E-9
  5720.0       4.450937E-9
  5725.0       4.3804254E-9
  5730.0       4.331288E-9
  5735.0       4.3626005E-9
  5740.0       4.47788E-9
  5745.0       4.6232707E-9
  5750.0       4.726129E-9
  5755.0       4.741333E-9
  5760.0       4.671875E-9
  5765.0       4.5559165E-9
  5770.0       4.4421897E-9
  5775.0       4.37588E-9
  5780.0       4.3917723E-9
  5785.0       4.5038284E-9
  5790.0       4.6884012E-9
  5795.0       4.8735274E-9
  5800.0       4.9625593E-9
  5805.0       4.8850226E-9
  5810.0       4.646027E-9
  5815.0       4.337397E-9
  5820.0       4.089549E-9
  5825.0       3.992629E-9
  5830.0       4.039677E-9
  5835.0       4.1364165E-9
  5840.0       4.1654564E-9
  5845.0       4.0624197E-9
  5850.0       3.8548604E-9
  5855.0       3.6307948E-9
  5860.0       3.4612389E-9
  5865.0       3.340491E-9
  5870.0       3.1860068E-9
  5875.0       2.9012428E-9
  5880.0       2.4638989E-9
  5885.0       1.9706152E-9
  5890.0       1.5918489E-9
  5895.0       1.4700019E-9
  5900.0       1.6290246E-9
  5905.0       1.9557944E-9
  5910.0       2.2737303E-9
  5915.0       2.45958E-9
  5920.0       2.510551E-9
  5925.0       2.518504E-9
  5930.0       2.5823452E-9
  5935.0       2.7262075E-9
  5940.0       2.8854008E-9
  5945.0       2.9694907E-9
  5950.0       2.9422242E-9
  5955.0       2.8481415E-9
  5960.0       2.7753955E-9
  5965.0       2.7899214E-9
  5970.0       2.8938973E-9
  5975.0       3.041032E-9
  5980.0       3.1832077E-9
  5985.0       3.3023273E-9
  5990.0       3.406275E-9
  5995.0       3.5019256E-9
  6000.0       3.5783048E-9
  6005.0       3.618602E-9
  6010.0       3.6258017E-9
  6015.0       3.631962E-9
  6020.0       3.6803465E-9
  6025.0       3.793357E-9
  6030.0       3.953348E-9
  6035.0       4.1145807E-9
  6040.0       4.2352877E-9
  6045.0       4.301346E-9
  6050.0       4.326178E-9
  6055.0       4.3321133E-9
  6060.0       4.3321084E-9
  6065.0       4.3259627E-9
  6070.0       4.311865E-9
  6075.0       4.2954227E-9
  6080.0       4.2907993E-9
  6085.0       4.3122492E-9
  6090.0       4.36026E-9
  6095.0       4.4193578E-9
  6100.0       4.463374E-9
  6105.0       4.4698396E-9
  6110.0       4.437509E-9
  6115.0       4.395669E-9
  6120.0       4.395193E-9
  6125.0       4.47884E-9
  6130.0       4.641059E-9
  6135.0       4.8107016E-9
  6140.0       4.8732023E-9
  6145.0       4.72953E-9
  6150.0       4.364839E-9
  6155.0       3.868409E-9
  6160.0       3.3872993E-9
  6165.0       3.043239E-9
  6170.0       2.8695344E-9
  6175.0       2.8083629E-9
  6180.0       2.7680818E-9
  6185.0       2.6969231E-9
  6190.0       2.606274E-9
  6195.0       2.5385571E-9
  6200.0       2.5161182E-9
  6205.0       2.5145168E-9
  6210.0       2.4845412E-9
  6215.0       2.4015978E-9
  6220.0       2.2903344E-9
  6225.0       2.2068898E-9
  6230.0       2.1965259E-9
  6235.0       2.2613469E-9
  6240.0       2.3659952E-9
  6245.0       2.4713291E-9
  6250.0       2.5634412E-9
  6255.0       2.6550904E-9
  6260.0       2.76386E-9
  6265.0       2.890068E-9
  6270.0       3.0161909E-9
  6275.0       3.1245904E-9
  6280.0       3.2153642E-9
  6285.0       3.3087504E-9
  6290.0       3.4310923E-9
  6295.0       3.5956838E-9
  6300.0       3.7938293E-9
  6305.0       4.0029318E-9
  6310.0       4.2020747E-9
  6315.0       4.3859996E-9
  6320.0       4.5671906E-9
  6325.0       4.7641118E-9
  6330.0       4.984005E-9
  6335.0       5.2112727E-9
  6340.0       5.4093077E-9
  6345.0       5.535871E-9
  6350.0       5.564156E-9
  6355.0       5.496182E-9
  6360.0       5.359404E-9
  6365.0       5.190557E-9
  6370.0       5.023742E-9
  6375.0       4.891244E-9
  6380.0       4.830713E-9
  6385.0       4.883678E-9
  6390.0       5.0750155E-9
  6395.0       5.385907E-9
  6400.0       5.7445817E-9
  6405.0       6.052228E-9
  6410.0       6.2333356E-9
  6415.0       6.2800734E-9
  6420.0       6.2564E-9
  6425.0       6.2534995E-9
  6430.0       6.330434E-9
  6435.0       6.4816836E-9
  6440.0       6.6512857E-9
  6445.0       6.7810513E-9
  6450.0       6.8543073E-9
  6455.0       6.900856E-9
  6460.0       6.9642003E-9
  6465.0       7.060413E-9
  6470.0       7.1612014E-9
  6475.0       7.2152266E-9
  6480.0       7.1934867E-9
  6485.0       7.1247475E-9
  6490.0       7.090401E-9
  6495.0       7.181807E-9
  6500.0       7.443935E-9
  6505.0       7.84068E-9
  6510.0       8.269045E-9
  6515.0       8.615413E-9
  6520.0       8.819259E-9
  6525.0       8.898243E-9
  6530.0       8.921839E-9
  6535.0       8.951624E-9
  6540.0       8.98705E-9
  6545.0       8.964065E-9
  6550.0       8.811113E-9
  6555.0       8.513938E-9
  6560.0       8.142561E-9
  6565.0       7.82108E-9
  6570.0       7.656918E-9
  6575.0       7.67819E-9
  6580.0       7.826292E-9
  6585.0       7.9985485E-9
  6590.0       8.103155E-9
  6595.0       8.093527E-9
  6600.0       7.97082E-9
  6605.0       7.764544E-9
  6610.0       7.519392E-9
  6615.0       7.2873108E-9
  6620.0       7.114166E-9
  6625.0       7.017983E-9
  6630.0       6.970137E-9
  6635.0       6.905419E-9
  6640.0       6.7711956E-9
  6645.0       6.573594E-9
  6650.0       6.38324E-9
  6655.0       6.2861902E-9
  6660.0       6.3030545E-9
  6665.0       6.3539365E-9
  6670.0       6.3114016E-9
  6675.0       6.10481E-9
  6680.0       5.791885E-9
  6685.0       5.534242E-9
  6690.0       5.4771343E-9
  6695.0       5.6194547E-9
  6700.0       5.7996044E-9
  6705.0       5.809788E-9
  6710.0       5.552889E-9
  6715.0       5.1285154E-9
  6720.0       4.771478E-9
  6725.0       4.6750994E-9
  6730.0       4.852255E-9
  6735.0       5.1403157E-9
  6740.0       5.3316613E-9
  6745.0       5.330662E-9
  6750.0       5.214528E-9
  6755.0       5.1425233E-9
  6760.0       5.2096816E-9
  6765.0       5.370893E-9
  6770.0       5.485558E-9
  6775.0       5.4410907E-9
  6780.0       5.2508926E-9
  6785.0       5.037445E-9
  6790.0       4.926091E-9
  6795.0       4.9494835E-9
  6800.0       5.0361857E-9
  6805.0       5.085906E-9
  6810.0       5.0650963E-9
  6815.0       5.0319433E-9
  6820.0       5.0715343E-9
  6825.0       5.2109193E-9
  6830.0       5.3848366E-9
  6835.0       5.4798037E-9
  6840.0       5.4279337E-9
  6845.0       5.27138E-9
  6850.0       5.134791E-9
  6855.0       5.1394773E-9
  6860.0       5.3183147E-9
  6865.0       5.588149E-9
  6870.0       5.8070704E-9
  6875.0       5.8728777E-9
  6880.0       5.7940155E-9
  6885.0       5.682333E-9
  6890.0       5.6791665E-9
  6895.0       5.860848E-9
  6900.0       6.1832215E-9
  6905.0       6.5120664E-9
  6910.0       6.7189663E-9
  6915.0       6.775181E-9
  6920.0       6.7785435E-9
  6925.0       6.890148E-9
  6930.0       7.215012E-9
  6935.0       7.711602E-9
  6940.0       8.210694E-9
  6945.0       8.5293985E-9
  6950.0       8.5997796E-9
  6955.0       8.522354E-9
  6960.0       8.495257E-9
  6965.0       8.660873E-9
  6970.0       8.999611E-9
  6975.0       9.353547E-9
  6980.0       9.553569E-9
  6985.0       9.555438E-9
  6990.0       9.475724E-9
  6995.0       9.485321E-9
  7000.0       9.661897E-9
  7005.0       9.9340545E-9
  7010.0       1.0160779E-8
  7015.0       1.0282689E-8
  7020.0       1.0409281E-8
  7025.0       1.0732992E-8
  7030.0       1.1326904E-8
  7035.0       1.2010373E-8
  7040.0       1.24063035E-8
  7045.0       1.2179686E-8
  7050.0       1.1306285E-8
  7055.0       1.0138684E-8
  7060.0       9.186445E-9
  7065.0       8.7823695E-9
  7070.0       8.870363E-9
  7075.0       9.064345E-9
  7080.0       8.955304E-9
  7085.0       8.431821E-9
  7090.0       7.747431E-9
  7095.0       7.307967E-9
  7100.0       7.3540662E-9
  7105.0       7.765577E-9
  7110.0       8.140154E-9
  7115.0       8.090991E-9
  7120.0       7.517737E-9
  7125.0       6.657506E-9
  7130.0       5.9151515E-9
  7135.0       5.600995E-9
  7140.0       5.7533502E-9
  7145.0       6.167594E-9
  7150.0       6.569155E-9
  7155.0       6.7868333E-9
  7160.0       6.826042E-9
  7165.0       6.8199917E-9
  7170.0       6.9104598E-9
  7175.0       7.146135E-9
  7180.0       7.462118E-9
  7185.0       7.729847E-9
  7190.0       7.8416935E-9
  7195.0       7.783254E-9
  7200.0       7.6507405E-9
  7205.0       7.597124E-9
  7210.0       7.73686E-9
  7215.0       8.0735285E-9
  7220.0       8.496614E-9
  7225.0       8.855553E-9
  7230.0       9.069251E-9
  7235.0       9.183638E-9
  7240.0       9.326861E-9
  7245.0       9.604365E-9
  7250.0       1.0012851E-8
  7255.0       1.0438375E-8
  7260.0       1.0748673E-8
  7265.0       1.0899309E-8
  7270.0       1.0959351E-8
  7275.0       1.1045313E-8
  7280.0       1.12241025E-8
  7285.0       1.1463436E-8
  7290.0       1.1674421E-8
  7295.0       1.1808795E-8
  7300.0       1.1913318E-8
  7305.0       1.209668E-8
  7310.0       1.2439352E-8
  7315.0       1.29176305E-8
  7320.0       1.34085045E-8
  7325.0       1.3773094E-8
  7330.0       1.3948499E-8
  7335.0       1.3977901E-8
  7340.0       1.3970317E-8
  7345.0       1.4027552E-8
  7350.0       1.4189272E-8
  7355.0       1.4433094E-8
  7360.0       1.4708393E-8
  7365.0       1.4969107E-8
  7370.0       1.5186737E-8
  7375.0       1.5347977E-8
  7380.0       1.5454797E-8
  7385.0       1.5530189E-8
  7390.0       1.5615242E-8
  7395.0       1.574819E-8
  7400.0       1.5935658E-8
  7405.0       1.6139305E-8
  7410.0       1.62966E-8
  7415.0       1.636614E-8
  7420.0       1.6359015E-8
  7425.0       1.6327418E-8
  7430.0       1.6320042E-8
  7435.0       1.6340351E-8
  7440.0       1.6346442E-8
  7445.0       1.6297351E-8
  7450.0       1.6204028E-8
  7455.0       1.61341E-8
  7460.0       1.6166467E-8
  7465.0       1.6328425E-8
  7470.0       1.6563877E-8
  7475.0       1.6770084E-8
  7480.0       1.687067E-8
  7485.0       1.6865961E-8
  7490.0       1.6827293E-8
  7495.0       1.6842252E-8
  7500.0       1.6949596E-8
  7505.0       1.7112889E-8
  7510.0       1.7250892E-8
  7515.0       1.7294202E-8
  7520.0       1.7231715E-8
  7525.0       1.7119484E-8
  7530.0       1.7045881E-8
  7535.0       1.7076012E-8
  7540.0       1.7211052E-8
  7545.0       1.7393132E-8
  7550.0       1.7549363E-8
  7555.0       1.7645158E-8
  7560.0       1.7701785E-8
  7565.0       1.775091E-8
  7570.0       1.7763673E-8
  7575.0       1.7628823E-8
  7580.0       1.7219598E-8
  7585.0       1.6518818E-8
  7590.0       1.570509E-8
  7595.0       1.5084526E-8
  7600.0       1.4885274E-8
  7605.0       1.5076488E-8
  7610.0       1.5359555E-8
  7615.0       1.5366052E-8
  7620.0       1.4942783E-8
  7625.0       1.4280151E-8
  7630.0       1.3743728E-8
  7635.0       1.35598235E-8
  7640.0       1.3608664E-8
  7645.0       1.3500714E-8
  7650.0       1.2916346E-8
  7655.0       1.1926736E-8
  7660.0       1.0990887E-8
  7665.0       1.06263665E-8
  7670.0       1.10117755E-8
  7675.0       1.18190115E-8
  7680.0       1.2432453E-8
  7685.0       1.2412316E-8
  7690.0       1.1811393E-8
  7695.0       1.1122883E-8
  7700.0       1.0932331E-8
  7705.0       1.1518735E-8
  7710.0       1.2680065E-8
  7715.0       1.3902529E-8
  7720.0       1.4699936E-8
  7725.0       1.4865146E-8
  7730.0       1.4514917E-8
  7735.0       1.39516985E-8
  7740.0       1.3460678E-8
  7745.0       1.3181616E-8
  7750.0       1.3097879E-8
  7755.0       1.31041435E-8
  7760.0       1.3094322E-8
  7765.0       1.30274325E-8
  7770.0       1.2950086E-8
  7775.0       1.2959394E-8
  7780.0       1.3126732E-8
  7785.0       1.3433759E-8
  7790.0       1.3767084E-8
  7795.0       1.398648E-8
  7800.0       1.4029112E-8
  7805.0       1.3961266E-8
  7810.0       1.3917881E-8
  7815.0       1.398111E-8
  7820.0       1.4098451E-8
  7825.0       1.4115403E-8
  7830.0       1.3917206E-8
  7835.0       1.3561196E-8
  7840.0       1.3262588E-8
  7845.0       1.3242864E-8
  7850.0       1.3559445E-8
  7855.0       1.4048567E-8
  7860.0       1.4445523E-8
  7865.0       1.459387E-8
  7870.0       1.4551644E-8
  7875.0       1.451745E-8
  7880.0       1.4649748E-8
  7885.0       1.4923355E-8
  7890.0       1.51495E-8
  7895.0       1.5147474E-8
  7900.0       1.4906028E-8
  7905.0       1.4598261E-8
  7910.0       1.4453067E-8
  7915.0       1.4586117E-8
  7920.0       1.4923472E-8
  7925.0       1.5280353E-8
  7930.0       1.5508261E-8
  7935.0       1.5581321E-8
  7940.0       1.5577058E-8
  7945.0       1.5585403E-8
  7950.0       1.562776E-8
  7955.0       1.5657983E-8
  7960.0       1.5623357E-8
  7965.0       1.5516195E-8
  7970.0       1.5378117E-8
  7975.0       1.5262716E-8
  7980.0       1.5194539E-8
  7985.0       1.5167462E-8
  7990.0       1.5174352E-8
  7995.0       1.523149E-8
  8000.0       1.5373507E-8
  8005.0       1.5618639E-8
  8010.0       1.593311E-8
  8015.0       1.6234054E-8
  8020.0       1.643334E-8
  8025.0       1.6496173E-8
  8030.0       1.6473049E-8
  8035.0       1.64775E-8
  8040.0       1.6616783E-8
  8045.0       1.6916667E-8
  8050.0       1.7300673E-8
  8055.0       1.7638332E-8
  8060.0       1.782776E-8
  8065.0       1.7856939E-8
  8070.0       1.7801277E-8
  8075.0       1.7759923E-8
  8080.0       1.7786043E-8
  8085.0       1.7863707E-8
  8090.0       1.793658E-8
  8095.0       1.7957456E-8
  8100.0       1.792143E-8
  8105.0       1.7862911E-8
  8110.0       1.783653E-8
  8115.0       1.789784E-8
  8120.0       1.8084032E-8
  8125.0       1.8387043E-8
  8130.0       1.8730367E-8
  8135.0       1.8983538E-8
  8140.0       1.9037822E-8
  8145.0       1.8892061E-8
  8150.0       1.8674793E-8
  8155.0       1.8559074E-8
  8160.0       1.8603284E-8
  8165.0       1.8652365E-8
  8170.0       1.8421456E-8
  8175.0       1.771854E-8
  8180.0       1.6642545E-8
  8185.0       1.5598195E-8
  8190.0       1.5073395E-8
  8195.0       1.5317909E-8
  8200.0       1.6184275E-8
  8205.0       1.7239799E-8
  8210.0       1.8049E-8
  8215.0       1.8429088E-8
  8220.0       1.850082E-8
  8225.0       1.851075E-8
  8230.0       1.8612344E-8
  8235.0       1.8779115E-8
  8240.0       1.8878854E-8
  8245.0       1.8822648E-8
  8250.0       1.865419E-8
  8255.0       1.8504059E-8
  8260.0       1.8474845E-8
  8265.0       1.856717E-8
  8270.0       1.8690894E-8
  8275.0       1.8741394E-8
  8280.0       1.8673912E-8
  8285.0       1.8517E-8
  8290.0       1.8335802E-8
  8295.0       1.818684E-8
  8300.0       1.809516E-8
  8305.0       1.8057968E-8
  8310.0       1.805789E-8
  8315.0       1.8071377E-8
  8320.0       1.8070283E-8
  8325.0       1.8028027E-8
  8330.0       1.7930187E-8
  8335.0       1.7784847E-8
  8340.0       1.7628173E-8
  8345.0       1.751045E-8
  8350.0       1.7471613E-8
  8355.0       1.7516243E-8
  8360.0       1.7603663E-8
  8365.0       1.7662254E-8
  8370.0       1.7627697E-8
  8375.0       1.7490326E-8
  8380.0       1.7309258E-8
  8385.0       1.7184577E-8
  8390.0       1.7197983E-8
  8395.0       1.7354486E-8
  8400.0       1.7567634E-8
  8405.0       1.7705986E-8
  8410.0       1.7666279E-8
  8415.0       1.7429937E-8
  8420.0       1.706897E-8
  8425.0       1.6700861E-8
  8430.0       1.6424066E-8
  8435.0       1.627361E-8
  8440.0       1.6216513E-8
  8445.0       1.618078E-8
  8450.0       1.6099579E-8
  8455.0       1.5950224E-8
  8460.0       1.5770532E-8
  8465.0       1.5641604E-8
  8470.0       1.5639623E-8
  8475.0       1.5783241E-8
  8480.0       1.6009128E-8
  8485.0       1.6197532E-8
  8490.0       1.624167E-8
  8495.0       1.6118598E-8
  8500.0       1.5902176E-8
  8505.0       1.5707739E-8
  8510.0       1.560659E-8
  8515.0       1.5571704E-8
  8520.0       1.5505679E-8
  8525.0       1.5332423E-8
  8530.0       1.5075917E-8
  8535.0       1.4856936E-8
  8540.0       1.4813456E-8
  8545.0       1.5001685E-8
  8550.0       1.5350516E-8
  8555.0       1.5713978E-8
  8560.0       1.5971377E-8
  8565.0       1.609096E-8
  8570.0       1.6122785E-8
  8575.0       1.6138772E-8
  8580.0       1.6174985E-8
  8585.0       1.6223362E-8
  8590.0       1.6264776E-8
  8595.0       1.6293809E-8
  8600.0       1.6313844E-8
  8605.0       1.631861E-8
  8610.0       1.629409E-8
  8615.0       1.6247135E-8
  8620.0       1.6228205E-8
  8625.0       1.6305286E-8
  8630.0       1.6498662E-8
  8635.0       1.6730139E-8
  8640.0       1.6849429E-8
  8645.0       1.6743659E-8
  8650.0       1.6444266E-8
  8655.0       1.613188E-8
  8660.0       1.6025426E-8
  8665.0       1.6227538E-8
  8670.0       1.6641074E-8
  8675.0       1.7039847E-8
  8680.0       1.723479E-8
  8685.0       1.719865E-8
  8690.0       1.7065698E-8
  8695.0       1.7016315E-8
  8700.0       1.7136323E-8
  8705.0       1.7369214E-8
  8710.0       1.7587388E-8
  8715.0       1.7702982E-8
  8720.0       1.7730839E-8
  8725.0       1.776153E-8
  8730.0       1.787221E-8
  8735.0       1.8054893E-8
  8740.0       1.8218978E-8
  8745.0       1.8256953E-8
  8750.0       1.8121126E-8
  8755.0       1.7860607E-8
  8760.0       1.7594207E-8
  8765.0       1.7438964E-8
  8770.0       1.7444941E-8
  8775.0       1.7578184E-8
  8780.0       1.7755179E-8
  8785.0       1.7905093E-8
  8790.0       1.8018403E-8
  8795.0       1.8143249E-8
  8800.0       1.8331031E-8
  8805.0       1.8581751E-8
  8810.0       1.8833681E-8
  8815.0       1.9006748E-8
  8820.0       1.9070152E-8
  8825.0       1.9074522E-8
  8830.0       1.9111319E-8
  8835.0       1.92308E-8
  8840.0       1.9382783E-8
  8845.0       1.9428867E-8
  8850.0       1.9227139E-8
  8855.0       1.873348E-8
  8860.0       1.8039247E-8
  8865.0       1.7330416E-8
  8870.0       1.6797472E-8
  8875.0       1.6549512E-8
  8880.0       1.6582595E-8
  8885.0       1.6809487E-8
  8890.0       1.7120435E-8
  8895.0       1.7433937E-8
  8900.0       1.7716884E-8
  8905.0       1.7971486E-8
  8910.0       1.8204865E-8
  8915.0       1.840194E-8
  8920.0       1.8526034E-8
  8925.0       1.8543137E-8
  8930.0       1.8452992E-8
  8935.0       1.8304396E-8
  8940.0       1.8179495E-8
  8945.0       1.8149036E-8
  8950.0       1.8238191E-8
  8955.0       1.8420087E-8
  8960.0       1.8638552E-8
  8965.0       1.884304E-8
  8970.0       1.9011116E-8
  8975.0       1.914803E-8
  8980.0       1.9272345E-8
  8985.0       1.9403336E-8
  8990.0       1.9550658E-8
  8995.0       1.970488E-8
  9000.0       1.9829615E-8
  9005.0       1.9868098E-8
  9010.0       1.9773088E-8
  9015.0       1.954736E-8
  9020.0       1.9260632E-8
  9025.0       1.9022108E-8
  9030.0       1.8918513E-8
  9035.0       1.8958971E-8
  9040.0       1.9078204E-8
  9045.0       1.9193308E-8
  9050.0       1.9265666E-8
  9055.0       1.9319343E-8
  9060.0       1.9402204E-8
  9065.0       1.9524164E-8
  9070.0       1.9642021E-8
  9075.0       1.9697978E-8
  9080.0       1.9672909E-8
  9085.0       1.9606007E-8
  9090.0       1.9557936E-8
  9095.0       1.9551317E-8
  9100.0       1.9554127E-8
  9105.0       1.9519769E-8
  9110.0       1.944265E-8
  9115.0       1.9377827E-8
  9120.0       1.940241E-8
  9125.0       1.9549432E-8
  9130.0       1.9779886E-8
  9135.0       2.0016902E-8
  9140.0       2.0205407E-8
  9145.0       2.0347535E-8
  9150.0       2.048591E-8
  9155.0       2.0651544E-8
  9160.0       2.0834118E-8
  9165.0       2.0995184E-8
  9170.0       2.110147E-8
  9175.0       2.1145562E-8
  9180.0       2.113767E-8
  9185.0       2.108404E-8
  9190.0       2.0987962E-8
  9195.0       2.087056E-8
  9200.0       2.0782002E-8
  9205.0       2.0777456E-8
  9210.0       2.086329E-8
  9215.0       2.0960014E-8
  9220.0       2.0929997E-8
  9225.0       2.0660138E-8
  9230.0       2.0140895E-8
  9235.0       1.9487533E-8
  9240.0       1.888245E-8
  9245.0       1.8478286E-8
  9250.0       1.8337934E-8
  9255.0       1.8438218E-8
  9260.0       1.8715792E-8
  9265.0       1.9109535E-8
  9270.0       1.9569203E-8
  9275.0       2.0043744E-8
  9280.0       2.0477566E-8
  9285.0       2.082811E-8
  9290.0       2.1083213E-8
  9295.0       2.1254285E-8
  9300.0       2.1344553E-8
  9305.0       2.1323105E-8
  9310.0       2.1148006E-8
  9315.0       2.0822196E-8
  9320.0       2.0432436E-8
  9325.0       2.0126874E-8
  9330.0       2.0026752E-8
  9335.0       2.01361E-8
  9340.0       2.0338017E-8
  9345.0       2.0484194E-8
  9350.0       2.051148E-8
  9355.0       2.0497442E-8
  9360.0       2.0598128E-8
  9365.0       2.0909248E-8
  9370.0       2.1376424E-8
  9375.0       2.1826107E-8
  9380.0       2.2086677E-8
  9385.0       2.2109168E-8
  9390.0       2.1989505E-8
  9395.0       2.187214E-8
  9400.0       2.1826192E-8
  9405.0       2.1798286E-8
  9410.0       2.1666375E-8
  9415.0       2.1345773E-8
  9420.0       2.0861199E-8
  9425.0       2.0331015E-8
  9430.0       1.9889244E-8
  9435.0       1.9619765E-8
  9440.0       1.9535161E-8
  9445.0       1.9596289E-8
  9450.0       1.9745285E-8
  9455.0       1.9923926E-8
  9460.0       2.0083712E-8
  9465.0       2.0201435E-8
  9470.0       2.0289715E-8
  9475.0       2.0385183E-8
  9480.0       2.0508805E-8
  9485.0       2.0627608E-8
  9490.0       2.0672946E-8
  9495.0       2.0610102E-8
  9500.0       2.0509091E-8
  9505.0       2.054827E-8
  9510.0       2.091233E-8
  9515.0       2.1641108E-8
  9520.0       2.255547E-8
  9525.0       2.3331616E-8
  9530.0       2.3682786E-8
  9535.0       2.353191E-8
  9540.0       2.304899E-8
  9545.0       2.2514453E-8
  9550.0       2.2121126E-8
  9555.0       2.1870969E-8
  9560.0       2.162512E-8
  9565.0       2.1258286E-8
  9570.0       2.079099E-8
  9575.0       2.0377152E-8
  9580.0       2.0167402E-8
  9585.0       2.0183549E-8
  9590.0       2.0309928E-8
  9595.0       2.0409757E-8
  9600.0       2.0467667E-8
  9605.0       2.0615207E-8
  9610.0       2.0996623E-8
  9615.0       2.160374E-8
  9620.0       2.2223423E-8
  9625.0       2.2560146E-8
  9630.0       2.246602E-8
  9635.0       2.2075694E-8
  9640.0       2.1716035E-8
  9645.0       2.1660444E-8
  9650.0       2.1918039E-8
  9655.0       2.2213342E-8
  9660.0       2.2189953E-8
  9665.0       2.168629E-8
  9670.0       2.084889E-8
  9675.0       2.0025334E-8
  9680.0       1.953566E-8
  9685.0       1.948662E-8
  9690.0       1.975551E-8
  9695.0       2.0135722E-8
  9700.0       2.0420249E-8
  9705.0       2.028371E-8
  9710.0       2.0397916E-8
  9715.0       2.0581778E-8
  9720.0       2.0716524E-8
  9725.0       2.0714985E-8
  9730.0       2.053796E-8
  9735.0       2.0227493E-8
  9740.0       1.9896616E-8
  9745.0       1.9673935E-8
  9750.0       1.9627793E-8
  9755.0       1.9724283E-8
  9760.0       1.9852493E-8
  9765.0       1.9905636E-8
  9770.0       1.9865443E-8
  9775.0       1.982442E-8
  9780.0       1.9924062E-8
  9785.0       2.0240295E-8
  9790.0       2.0702918E-8
  9795.0       2.113252E-8
  9800.0       2.1350429E-8
  9805.0       2.1290004E-8
  9810.0       2.1031608E-8
  9815.0       2.0726187E-8
  9820.0       2.0481464E-8
  9825.0       2.0311731E-8
  9830.0       2.0180925E-8
  9835.0       2.0059389E-8
  9840.0       1.9969859E-8
  9845.0       1.9960309E-8
  9850.0       2.0021666E-8
  9855.0       2.0094172E-8
  9860.0       2.0106002E-8
  9865.0       2.003373E-8
  9870.0       1.9948027E-8
  9875.0       1.9931905E-8
  9880.0       2.0001401E-8
  9885.0       2.0080229E-8
  9890.0       2.0034435E-8
  9895.0       1.9786704E-8
  9900.0       1.9385391E-8
  9905.0       1.8979675E-8
  9910.0       1.8736193E-8
  9915.0       1.8740847E-8
  9920.0       1.896584E-8
  9925.0       1.9300156E-8
  9930.0       1.9605487E-8
  9935.0       1.9787288E-8
  9940.0       1.981982E-8
  9945.0       1.974662E-8
  9950.0       1.9675557E-8
  9955.0       1.9720842E-8
  9960.0       1.995166E-8
  9965.0       2.0347048E-8
  9970.0       2.0774168E-8
  9975.0       2.1061554E-8
  9980.0       2.1083746E-8
  9985.0       2.0823942E-8
  9990.0       2.0395335E-8
  9995.0       1.9989248E-8
  10000.0      1.9763789E-8
  10005.0      1.9570752E-8
  10010.0      1.9395655E-8
  10015.0      1.9266086E-8
  10020.0      1.9210443E-8
  10025.0      1.9245133E-8
  10030.0      1.935645E-8
  10035.0      1.9518717E-8
  10040.0      1.9705313E-8
  10045.0      1.9889287E-8
  10050.0      2.004321E-8
  10055.0      2.013947E-8
  10060.0      2.0152257E-8
  10065.0      2.007305E-8
  10070.0      1.9939137E-8
  10075.0      1.980511E-8
  10080.0      1.9725263E-8
  10085.0      1.9732605E-8
  10090.0      1.9804363E-8
  10095.0      1.9896774E-8
  10100.0      1.9965157E-8
  10105.0      1.9980058E-8
  10110.0      1.995148E-8
  10115.0      1.9904437E-8
  10120.0      1.9864558E-8
  10125.0      1.9847885E-8
  10130.0      1.9845656E-8
  10135.0      1.9839439E-8
  10140.0      1.9810987E-8
  10145.0      1.9752145E-8
  10150.0      1.9681204E-8
  10155.0      1.9626613E-8
  10160.0      1.9616035E-8
  10165.0      1.9660092E-8
  10170.0      1.9724464E-8
  10175.0      1.9757817E-8
  10180.0      1.9709876E-8
  10185.0      1.9559304E-8
  10190.0      1.9360096E-8
  10195.0      1.9195054E-8
  10200.0      1.9146063E-8
  10205.0      1.9256087E-8
  10210.0      1.9467018E-8
  10215.0      1.9682076E-8
  10220.0      1.9804055E-8
  10225.0      1.9772905E-8
  10230.0      1.9624864E-8
  10235.0      1.9433145E-8
  10240.0      1.9272298E-8
  10245.0      1.9193665E-8
  10250.0      1.9188388E-8
  10255.0      1.9224215E-8
  10260.0      1.9267471E-8
  10265.0      1.929239E-8
  10270.0      1.9293502E-8
  10275.0      1.9273443E-8
  10280.0      1.9235621E-8
  10285.0      1.9185448E-8
  10290.0      1.913338E-8
  10295.0      1.909171E-8
  10300.0      1.9072235E-8
  10305.0      1.9080336E-8
  10310.0      1.9104155E-8
  10315.0      1.9125366E-8
  10320.0      1.9126341E-8
  10325.0      1.910243E-8
  10330.0      1.9082991E-8
  10335.0      1.9110482E-8
  10340.0      1.9225718E-8
  10345.0      1.9440042E-8
  10350.0      1.9687896E-8
  10355.0      1.9874422E-8
  10360.0      1.9906459E-8
  10365.0      1.9738287E-8
  10370.0      1.9447668E-8
  10375.0      1.915967E-8
  10380.0      1.8999307E-8
  10385.0      1.9043009E-8
  10390.0      1.9240908E-8
  10395.0      1.9494484E-8
  10400.0      1.9703572E-8
  10405.0      1.9800016E-8
  10410.0      1.9798396E-8
  10415.0      1.9745334E-8
  10420.0      1.9688992E-8
  10425.0      1.9662144E-8
  10430.0      1.9657591E-8
  10435.0      1.9652791E-8
  10440.0      1.962464E-8
  10445.0      1.9561812E-8
  10450.0      1.9483231E-8
  10455.0      1.9419371E-8
  10460.0      1.9401119E-8
  10465.0      1.9450235E-8
  10470.0      1.956506E-8
  10475.0      1.9735065E-8
  10480.0      1.994819E-8
  10485.0      2.0186015E-8
  10490.0      2.041411E-8
  10495.0      2.059172E-8
  10500.0      2.0679629E-8
  10505.0      2.0659321E-8
  10510.0      2.056607E-8
  10515.0      2.0456033E-8
  10520.0      2.0385045E-8
  10525.0      2.0385638E-8
  10530.0      2.0429985E-8
  10535.0      2.0467022E-8
  10540.0      2.0445578E-8
  10545.0      2.033859E-8
  10550.0      2.018067E-8
  10555.0      2.0030335E-8
  10560.0      1.9945922E-8
  10565.0      1.9960558E-8
  10570.0      2.0041771E-8
  10575.0      2.0131704E-8
  10580.0      2.01724E-8
  10585.0      2.0127638E-8
  10590.0      2.0018478E-8
  10595.0      1.9887825E-8
  10600.0      1.977955E-8
  10605.0      1.97245E-8
  10610.0      1.9719767E-8
  10615.0      1.974942E-8
  10620.0      1.4839889E-8
