# WAVELENGTH   FLUX           
  1150.0       1.5398807E-11  
  1155.0       1.5279791E-11  
  1160.0       2.0966744E-12  
  1165.0       0.0            
  1170.0       0.0            
  1175.0       0.0            
  1180.0       0.0            
  1185.0       0.0            
  1190.0       0.0            
  1195.0       7.8843486E-13  
  1200.0       7.311706E-12   
  1205.0       2.1867232E-11  
  1210.0       3.9759727E-11  
  1215.0       2.9775127E-11  
  1220.0       4.587563E-12   
  1225.0       9.5305105E-14  
  1230.0       0.0            
  1235.0       0.0            
  1240.0       2.851166E-13   
  1245.0       1.7038309E-12  
  1250.0       2.828356E-13   
  1255.0       0.0            
  1260.0       0.0            
  1265.0       0.0            
  1270.0       0.0            
  1275.0       0.0            
  1280.0       0.0            
  1285.0       0.0            
  1290.0       4.557578E-14   
  1295.0       5.083175E-13   
  1300.0       1.8395459E-12  
  1305.0       2.5308087E-12  
  1310.0       3.8132217E-13  
  1315.0       0.0            
  1320.0       0.0            
  1325.0       0.0            
  1330.0       0.0            
  1335.0       0.0            
  1340.0       0.0            
  1345.0       1.5546933E-13  
  1350.0       9.293617E-13   
  1355.0       1.5432194E-13  
  1360.0       0.0            
  1365.0       0.0            
  1370.0       1.7020062E-13  
  1375.0       1.0174911E-12  
  1380.0       1.6896723E-13  
  1385.0       0.0            
  1390.0       0.0            
  1395.0       0.0            
  1400.0       0.0            
  1405.0       0.0            
  1410.0       0.0            
  1415.0       0.0            
  1420.0       1.5097232E-13  
  1425.0       1.1996834E-12  
  1430.0       2.1844631E-12  
  1435.0       2.0310472E-12  
  1440.0       1.8402413E-12  
  1445.0       3.4262799E-12  
  1450.0       4.0980236E-12  
  1455.0       2.7313427E-12  
  1460.0       2.1434575E-12  
  1465.0       3.0460536E-12  
  1470.0       2.4128074E-12  
  1475.0       1.1732387E-12  
  1480.0       3.5650112E-13  
  1485.0       3.5479738E-13  
  1490.0       2.061768E-12   
  1495.0       1.5600054E-12  
  1500.0       2.321869E-12   
  1505.0       3.0301402E-12  
  1510.0       3.7517992E-12  
  1515.0       1.5967566E-12  
  1520.0       2.4786174E-12  
  1525.0       3.1913363E-12  
  1530.0       5.4159142E-12  
  1535.0       5.132654E-12   
  1540.0       5.5649482E-12  
  1545.0       6.702758E-12   
  1550.0       6.428895E-12   
  1555.0       4.9084833E-12  
  1560.0       5.4362075E-12  
  1565.0       6.5543174E-12  
  1570.0       8.828102E-12   
  1575.0       7.602297E-12   
  1580.0       6.6527235E-12  
  1585.0       1.07994854E-11 
  1590.0       3.539006E-11   
  1595.0       7.831476E-11   
  1600.0       4.0473753E-11  
  1605.0       1.2020375E-11  
  1610.0       8.68482E-12    
  1615.0       8.444976E-12   
  1620.0       6.9249793E-12  
  1625.0       6.146961E-12   
  1630.0       7.986582E-12   
  1635.0       7.544501E-12   
  1640.0       7.550159E-12   
  1645.0       7.8014956E-12  
  1650.0       1.0784776E-11  
  1655.0       1.4238193E-11  
  1660.0       1.4761995E-11  
  1665.0       1.176357E-11   
  1670.0       1.3501622E-11  
  1675.0       1.6074165E-11  
  1680.0       1.3717062E-11  
  1685.0       1.41488305E-11 
  1690.0       1.8261751E-11  
  1695.0       2.3021843E-11  
  1700.0       2.8336855E-11  
  1705.0       3.4776352E-11  
  1710.0       4.318346E-11   
  1715.0       5.184157E-11   
  1720.0       5.319682E-11   
  1725.0       5.782711E-11   
  1730.0       5.74177E-11    
  1735.0       5.5993103E-11  
  1740.0       6.373177E-11   
  1745.0       7.9725164E-11  
  1750.0       9.575162E-11   
  1755.0       1.0279001E-10  
  1760.0       1.0293442E-10  
  1765.0       1.1775264E-10  
  1770.0       1.4526366E-10  
  1775.0       1.645836E-10   
  1780.0       1.6213288E-10  
  1785.0       1.4938871E-10  
  1790.0       1.5416872E-10  
  1795.0       1.7249506E-10  
  1800.0       1.6792792E-10  
  1805.0       1.57948E-10    
  1810.0       1.703204E-10   
  1815.0       1.7998618E-10  
  1820.0       1.919818E-10   
  1825.0       1.9134322E-10  
  1830.0       1.871268E-10   
  1835.0       1.704074E-10   
  1840.0       1.4296142E-10  
  1845.0       1.270905E-10   
  1850.0       1.401242E-10   
  1855.0       1.6113759E-10  
  1860.0       1.8352111E-10  
  1865.0       2.1059861E-10  
  1870.0       2.1780193E-10  
  1875.0       2.2074384E-10  
  1880.0       2.3736604E-10  
  1885.0       2.3857744E-10  
  1890.0       2.2940162E-10  
  1895.0       2.163918E-10   
  1900.0       2.1913209E-10  
  1905.0       2.3729949E-10  
  1910.0       2.5937724E-10  
  1915.0       2.7439737E-10  
  1920.0       2.5203598E-10  
  1925.0       1.9793626E-10  
  1930.0       1.7379788E-10  
  1935.0       2.2801917E-10  
  1940.0       3.0767827E-10  
  1945.0       3.388337E-10   
  1950.0       3.3491285E-10  
  1955.0       3.1531333E-10  
  1960.0       2.8340624E-10  
  1965.0       2.2040766E-10  
  1970.0       2.4216842E-10  
  1975.0       3.17413E-10    
  1980.0       3.2036163E-10  
  1985.0       3.2254344E-10  
  1990.0       2.6883482E-10  
  1995.0       2.2054901E-10  
  2000.0       3.0628883E-10  
  2005.0       3.3179232E-10  
  2010.0       3.1775452E-10  
  2015.0       3.9418277E-10  
  2020.0       3.8484793E-10  
  2025.0       3.4172454E-10  
  2030.0       3.0387726E-10  
  2035.0       3.383181E-10   
  2040.0       3.902934E-10   
  2045.0       3.9700676E-10  
  2050.0       4.070437E-10   
  2055.0       4.320352E-10   
  2060.0       4.6206977E-10  
  2065.0       4.2974305E-10  
  2070.0       4.839389E-10   
  2075.0       5.131129E-10   
  2080.0       5.3008165E-10  
  2085.0       5.569687E-10   
  2090.0       5.354112E-10   
  2095.0       4.8075455E-10  
  2100.0       4.5912846E-10  
  2105.0       4.989739E-10   
  2110.0       5.561513E-10   
  2115.0       6.0366867E-10  
  2120.0       5.7022304E-10  
  2125.0       6.269387E-10   
  2130.0       6.410763E-10   
  2135.0       5.5290406E-10  
  2140.0       5.243004E-10   
  2145.0       5.783627E-10   
  2150.0       6.127411E-10   
  2155.0       6.197354E-10   
  2160.0       6.0319805E-10  
  2165.0       5.392164E-10   
  2170.0       5.386496E-10   
  2175.0       4.4580561E-10  
  2180.0       4.4236861E-10  
  2185.0       5.234606E-10   
  2190.0       6.1186106E-10  
  2195.0       6.7374345E-10  
  2200.0       7.034613E-10   
  2205.0       6.9569034E-10  
  2210.0       6.417801E-10   
  2215.0       5.217144E-10   
  2220.0       4.735465E-10   
  2225.0       4.883765E-10   
  2230.0       5.044964E-10   
  2235.0       6.0042404E-10  
  2240.0       6.479889E-10   
  2245.0       5.996381E-10   
  2250.0       6.1558E-10     
  2255.0       6.142091E-10   
  2260.0       5.898773E-10   
  2265.0       5.596907E-10   
  2270.0       5.268186E-10   
  2275.0       4.9388427E-10  
  2280.0       5.1679105E-10  
  2285.0       5.50112E-10    
  2290.0       6.015882E-10   
  2295.0       5.6512434E-10  
  2300.0       5.4128774E-10  
  2305.0       5.242038E-10   
  2310.0       6.1238825E-10  
  2315.0       6.1634453E-10  
  2320.0       5.522626E-10   
  2325.0       5.750707E-10   
  2330.0       5.7283717E-10  
  2335.0       5.354089E-10   
  2340.0       4.2753112E-10  
  2345.0       4.4577822E-10  
  2350.0       4.5787327E-10  
  2355.0       4.7214044E-10  
  2360.0       4.669481E-10   
  2365.0       3.7545306E-10  
  2370.0       4.2501608E-10  
  2375.0       5.080147E-10   
  2380.0       5.0920757E-10  
  2385.0       4.1526313E-10  
  2390.0       3.457093E-10   
  2395.0       3.813111E-10   
  2400.0       3.639464E-10   
  2405.0       3.4104627E-10  
  2410.0       2.8612598E-10  
  2415.0       2.9298267E-10  
  2420.0       3.6210374E-10  
  2425.0       4.964049E-10   
  2430.0       5.643207E-10   
  2435.0       5.690091E-10   
  2440.0       5.8426847E-10  
  2445.0       6.303418E-10   
  2450.0       6.33E-10       
  2455.0       5.777614E-10   
  2460.0       5.792166E-10   
  2465.0       5.692299E-10   
  2470.0       5.4914E-10     
  2475.0       5.3275867E-10  
  2480.0       5.4316107E-10  
  2485.0       5.431836E-10   
  2490.0       4.9258025E-10  
  2495.0       4.4783838E-10  
  2500.0       5.435078E-10   
  2505.0       5.9284877E-10  
  2510.0       5.717555E-10   
  2515.0       5.375916E-10   
  2520.0       4.2755888E-10  
  2525.0       3.7477388E-10  
  2530.0       4.0376055E-10  
  2535.0       4.151873E-10   
  2540.0       4.5650927E-10  
  2545.0       4.6437326E-10  
  2550.0       4.7948334E-10  
  2555.0       5.621346E-10   
  2560.0       6.308017E-10   
  2565.0       6.908016E-10   
  2570.0       7.5455E-10     
  2575.0       7.831553E-10   
  2580.0       7.2416884E-10  
  2585.0       6.669138E-10   
  2590.0       6.7201245E-10  
  2595.0       6.908784E-10   
  2600.0       6.04833E-10    
  2605.0       5.752362E-10   
  2610.0       5.777132E-10   
  2615.0       5.681523E-10   
  2620.0       6.452241E-10   
  2625.0       6.745729E-10   
  2630.0       6.521887E-10   
  2635.0       7.652433E-10   
  2640.0       1.0517242E-9   
  2645.0       1.228706E-9    
  2650.0       1.283527E-9    
  2655.0       1.3488348E-9   
  2660.0       1.3381983E-9   
  2665.0       1.2067372E-9   
  2670.0       1.1423883E-9   
  2675.0       1.1921382E-9   
  2680.0       1.2088677E-9   
  2685.0       1.1724564E-9   
  2690.0       1.1368024E-9   
  2695.0       1.0935488E-9   
  2700.0       1.1805766E-9   
  2705.0       1.224144E-9    
  2710.0       1.1406858E-9   
  2715.0       1.0724209E-9   
  2720.0       1.0483925E-9   
  2725.0       1.0498986E-9   
  2730.0       1.1384718E-9   
  2735.0       1.1272911E-9   
  2740.0       9.593311E-10   
  2745.0       7.272556E-10   
  2750.0       6.7000094E-10  
  2755.0       7.155414E-10   
  2760.0       8.1442786E-10  
  2765.0       9.1256946E-10  
  2770.0       9.723834E-10   
  2775.0       1.0557737E-9   
  2780.0       1.0061603E-9   
  2785.0       8.6397955E-10  
  2790.0       7.3508444E-10  
  2795.0       5.320888E-10   
  2800.0       4.0051856E-10  
  2805.0       4.5543713E-10  
  2810.0       6.843917E-10   
  2815.0       1.1077331E-9   
  2820.0       1.7154157E-9   
  2825.0       1.8693236E-9   
  2830.0       1.5575689E-9   
  2835.0       1.3691235E-9   
  2840.0       1.3079181E-9   
  2845.0       1.302721E-9    
  2850.0       1.2098268E-9   
  2855.0       1.0936821E-9   
  2860.0       1.2479322E-9   
  2865.0       1.3612366E-9   
  2870.0       1.3650402E-9   
  2875.0       1.4867874E-9   
  2880.0       1.4869201E-9   
  2885.0       1.4899949E-9   
  2890.0       1.4766635E-9   
  2895.0       1.4390558E-9   
  2900.0       1.5178395E-9   
  2905.0       1.6920859E-9   
  2910.0       1.8222988E-9   
  2915.0       1.9430935E-9   
  2920.0       1.8054193E-9   
  2925.0       1.5753101E-9   
  2930.0       1.538906E-9    
  2935.0       1.623926E-9    
  2940.0       1.7163179E-9   
  2945.0       1.8107772E-9   
  2950.0       1.7109772E-9   
  2955.0       1.729303E-9    
  2960.0       1.8773718E-9   
  2965.0       1.8627953E-9   
  2970.0       1.7994743E-9   
  2975.0       1.8238004E-9   
  2980.0       1.8237166E-9   
  2985.0       1.7274813E-9   
  2990.0       1.7655307E-9   
  2995.0       1.8003196E-9   
  3000.0       1.6772554E-9   
  3005.0       1.6578722E-9   
  3010.0       1.7561019E-9   
  3015.0       1.7104669E-9   
  3020.0       1.666761E-9    
  3025.0       1.7970632E-9   
  3030.0       1.7724233E-9   
  3035.0       1.8148543E-9   
  3040.0       1.919932E-9    
  3045.0       1.8959985E-9   
  3050.0       1.8835078E-9   
  3055.0       1.8289738E-9   
  3060.0       1.7297741E-9   
  3065.0       1.7029604E-9   
  3070.0       1.7468396E-9   
  3075.0       1.766882E-9    
  3080.0       1.812882E-9    
  3085.0       1.8797082E-9   
  3090.0       1.7953999E-9   
  3095.0       1.7289048E-9   
  3100.0       1.709275E-9    
  3105.0       1.8014181E-9   
  3110.0       1.9149302E-9   
  3115.0       1.9391444E-9   
  3120.0       1.8288746E-9   
  3125.0       1.8227755E-9   
  3130.0       1.8861328E-9   
  3135.0       1.900709E-9    
  3140.0       1.9060196E-9   
  3145.0       1.9607342E-9   
  3150.0       1.9637316E-9   
  3155.0       1.9055146E-9   
  3160.0       1.9888622E-9   
  3165.0       2.0621793E-9   
  3170.0       2.1301696E-9   
  3175.0       2.1161284E-9   
  3180.0       2.1067386E-9   
  3185.0       2.1344595E-9   
  3190.0       2.1126532E-9   
  3195.0       2.1916962E-9   
  3200.0       2.4307665E-9   
  3205.0       2.4510503E-9   
  3210.0       2.4120936E-9   
  3215.0       2.3697295E-9   
  3220.0       2.295401E-9    
  3225.0       2.1789348E-9   
  3230.0       2.1095417E-9   
  3235.0       2.1570976E-9   
  3240.0       2.2431645E-9   
  3245.0       2.2832147E-9   
  3250.0       2.324542E-9    
  3255.0       2.4288012E-9   
  3260.0       2.5593452E-9   
  3265.0       2.6460263E-9   
  3270.0       2.6366285E-9   
  3275.0       2.531569E-9    
  3280.0       2.4456877E-9   
  3285.0       2.4824303E-9   
  3290.0       2.6017322E-9   
  3295.0       2.7141753E-9   
  3300.0       2.749224E-9    
  3305.0       2.6848492E-9   
  3310.0       2.6012736E-9   
  3315.0       2.5797102E-9   
  3320.0       2.603197E-9    
  3325.0       2.622011E-9    
  3330.0       2.602694E-9    
  3335.0       2.5449E-9      
  3340.0       2.5128573E-9   
  3345.0       2.551157E-9    
  3350.0       2.591588E-9    
  3355.0       2.5597204E-9   
  3360.0       2.478893E-9    
  3365.0       2.4040059E-9   
  3370.0       2.3714708E-9   
  3375.0       2.393801E-9    
  3380.0       2.4431734E-9   
  3385.0       2.4918758E-9   
  3390.0       2.549834E-9    
  3395.0       2.6209246E-9   
  3400.0       2.6569429E-9   
  3405.0       2.6224578E-9   
  3410.0       2.5678102E-9   
  3415.0       2.5548836E-9   
  3420.0       2.5875868E-9   
  3425.0       2.633505E-9    
  3430.0       2.6282756E-9   
  3435.0       2.540542E-9    
  3440.0       2.4527016E-9   
  3445.0       2.4452276E-9   
  3450.0       2.4810922E-9   
  3455.0       2.5020295E-9   
  3460.0       2.5129099E-9   
  3465.0       2.5293625E-9   
  3470.0       2.5299587E-9   
  3475.0       2.4950326E-9   
  3480.0       2.448435E-9    
  3485.0       2.422307E-9    
  3490.0       2.4258795E-9   
  3495.0       2.456007E-9    
  3500.0       2.5009332E-9   
  3505.0       2.5456817E-9   
  3510.0       2.5748172E-9   
  3515.0       2.577068E-9    
  3520.0       2.5539924E-9   
  3525.0       2.5255917E-9   
  3530.0       2.5448694E-9   
  3535.0       2.639607E-9    
  3540.0       2.740848E-9    
  3545.0       2.779221E-9    
  3550.0       2.7792293E-9   
  3555.0       2.7732423E-9   
  3560.0       2.7214586E-9   
  3565.0       2.5947913E-9   
  3570.0       2.4649336E-9   
  3575.0       2.40335E-9     
  3580.0       2.3810927E-9   
  3585.0       2.3657434E-9   
  3590.0       2.4135047E-9   
  3595.0       2.5522353E-9   
  3600.0       2.649595E-9    
  3605.0       2.5899165E-9   
  3610.0       2.458942E-9    
  3615.0       2.439423E-9    
  3620.0       2.506004E-9    
  3625.0       2.5778288E-9   
  3630.0       2.62898E-9     
  3635.0       2.6560347E-9   
  3640.0       2.656263E-9    
  3645.0       2.6446223E-9   
  3650.0       2.6807125E-9   
  3655.0       2.7947304E-9   
  3660.0       2.8978024E-9   
  3665.0       2.9031146E-9   
  3670.0       2.848091E-9    
  3675.0       2.799843E-9    
  3680.0       2.777189E-9    
  3685.0       2.7843647E-9   
  3690.0       2.836134E-9    
  3695.0       2.9183342E-9   
  3700.0       2.9341891E-9   
  3705.0       2.8309766E-9   
  3710.0       2.7487324E-9   
  3715.0       2.8143299E-9   
  3720.0       2.929911E-9    
  3725.0       2.974643E-9    
  3730.0       2.9911733E-9   
  3735.0       3.022742E-9    
  3740.0       2.9559837E-9   
  3745.0       2.7515086E-9   
  3750.0       2.7079066E-9   
  3755.0       3.0163687E-9   
  3760.0       3.2656637E-9   
  3765.0       3.1135048E-9   
  3770.0       2.987621E-9    
  3775.0       3.3122696E-9   
  3780.0       3.7288497E-9   
  3785.0       3.763475E-9    
  3790.0       3.4485714E-9   
  3795.0       3.0581957E-9   
  3800.0       2.9580611E-9   
  3805.0       3.3236625E-9   
  3810.0       3.7645496E-9   
  3815.0       3.8480765E-9   
  3820.0       3.5950771E-9   
  3825.0       3.1925456E-9   
  3830.0       2.8024707E-9   
  3835.0       2.5895988E-9   
  3840.0       2.7509437E-9   
  3845.0       3.3191354E-9   
  3850.0       3.8717576E-9   
  3855.0       4.027414E-9    
  3860.0       3.96042E-9     
  3865.0       3.9544865E-9   
  3870.0       4.012448E-9    
  3875.0       3.996605E-9    
  3880.0       3.7143029E-9   
  3885.0       3.1609306E-9   
  3890.0       2.8495508E-9   
  3895.0       3.1749803E-9   
  3900.0       3.7189365E-9   
  3905.0       3.9879935E-9   
  3910.0       4.0988604E-9   
  3915.0       4.2166604E-9   
  3920.0       4.0253036E-9   
  3925.0       3.3081313E-9   
  3930.0       2.5969338E-9   
  3935.0       2.469598E-9    
  3940.0       2.8616294E-9   
  3945.0       3.4656944E-9   
  3950.0       3.990292E-9    
  3955.0       4.1499835E-9   
  3960.0       3.6717056E-9   
  3965.0       2.6476483E-9   
  3970.0       2.0827484E-9   
  3975.0       2.7331712E-9   
  3980.0       3.81497E-9     
  3985.0       4.3611017E-9   
  3990.0       4.471163E-9    
  3995.0       4.532832E-9    
  4000.0       4.5896233E-9   
  4005.0       4.5955724E-9   
  4010.0       4.641902E-9    
  4015.0       4.789951E-9    
  4020.0       4.881071E-9    
  4025.0       4.793221E-9    
  4030.0       4.71476E-9     
  4035.0       4.8212803E-9   
  4040.0       4.9455937E-9   
  4045.0       4.8899143E-9   
  4050.0       4.725885E-9    
  4055.0       4.6023323E-9   
  4060.0       4.5875734E-9   
  4065.0       4.6612643E-9   
  4070.0       4.6678554E-9   
  4075.0       4.522054E-9    
  4080.0       4.438182E-9    
  4085.0       4.539019E-9    
  4090.0       4.43018E-9     
  4095.0       3.8484025E-9   
  4100.0       3.3765157E-9   
  4105.0       3.5795487E-9   
  4110.0       4.1251638E-9   
  4115.0       4.494742E-9    
  4120.0       4.6003654E-9   
  4125.0       4.555579E-9    
  4130.0       4.541776E-9    
  4135.0       4.670878E-9    
  4140.0       4.825003E-9    
  4145.0       4.868585E-9    
  4150.0       4.845882E-9    
  4155.0       4.833321E-9    
  4160.0       4.8081956E-9   
  4165.0       4.7331006E-9   
  4170.0       4.6376614E-9   
  4175.0       4.5792645E-9   
  4180.0       4.6130713E-9   
  4185.0       4.734647E-9    
  4190.0       4.7949693E-9   
  4195.0       4.6983724E-9   
  4200.0       4.6246322E-9   
  4205.0       4.7376174E-9   
  4210.0       4.8861257E-9   
  4215.0       4.880659E-9    
  4220.0       4.7530944E-9   
  4225.0       4.6122883E-9   
  4230.0       4.5372563E-9   
  4235.0       4.558969E-9    
  4240.0       4.619915E-9    
  4245.0       4.6538395E-9   
  4250.0       4.657244E-9    
  4255.0       4.646015E-9    
  4260.0       4.623809E-9    
  4265.0       4.6008233E-9   
  4270.0       4.615521E-9    
  4275.0       4.677063E-9    
  4280.0       4.6919135E-9   
  4285.0       4.580146E-9    
  4290.0       4.399718E-9    
  4295.0       4.2379E-9      
  4300.0       4.1210817E-9   
  4305.0       4.0682133E-9   
  4310.0       4.138151E-9    
  4315.0       4.3445803E-9   
  4320.0       4.5385526E-9   
  4325.0       4.5254005E-9   
  4330.0       4.1700603E-9   
  4335.0       3.5400916E-9   
  4340.0       3.1539724E-9   
  4345.0       3.4137797E-9   
  4350.0       3.9763E-9      
  4355.0       4.3729496E-9   
  4360.0       4.5569126E-9   
  4365.0       4.628852E-9    
  4370.0       4.6361746E-9   
  4375.0       4.6005355E-9   
  4380.0       4.544811E-9    
  4385.0       4.4928847E-9   
  4390.0       4.4670294E-9   
  4395.0       4.484445E-9    
  4400.0       4.548619E-9    
  4405.0       4.639153E-9    
  4410.0       4.6898907E-9   
  4415.0       4.6644244E-9   
  4420.0       4.6456514E-9   
  4425.0       4.701916E-9    
  4430.0       4.748334E-9    
  4435.0       4.706244E-9    
  4440.0       4.6638737E-9   
  4445.0       4.6989714E-9   
  4450.0       4.6978483E-9   
  4455.0       4.565361E-9    
  4460.0       4.4449497E-9   
  4465.0       4.4816133E-9   
  4470.0       4.584271E-9    
  4475.0       4.6270205E-9   
  4480.0       4.632692E-9    
  4485.0       4.658212E-9    
  4490.0       4.6959587E-9   
  4495.0       4.7280344E-9   
  4500.0       4.776493E-9    
  4505.0       4.851565E-9    
  4510.0       4.891737E-9    
  4515.0       4.8342175E-9   
  4520.0       4.6888955E-9   
  4525.0       4.5200115E-9   
  4530.0       4.453577E-9    
  4535.0       4.5497464E-9   
  4540.0       4.642896E-9    
  4545.0       4.5836392E-9   
  4550.0       4.4871005E-9   
  4555.0       4.4998725E-9   
  4560.0       4.5825175E-9   
  4565.0       4.644028E-9    
  4570.0       4.65201E-9     
  4575.0       4.6107718E-9   
  4580.0       4.5559725E-9   
  4585.0       4.5223048E-9   
  4590.0       4.5133772E-9   
  4595.0       4.526108E-9    
  4600.0       4.5697153E-9   
  4605.0       4.6411492E-9   
  4610.0       4.6933124E-9   
  4615.0       4.6876956E-9   
  4620.0       4.65231E-9     
  4625.0       4.6287485E-9   
  4630.0       4.6259023E-9   
  4635.0       4.6300292E-9   
  4640.0       4.6051913E-9   
  4645.0       4.5419126E-9   
  4650.0       4.516348E-9    
  4655.0       4.5732502E-9   
  4660.0       4.5958184E-9   
  4665.0       4.4943502E-9   
  4670.0       4.407877E-9    
  4675.0       4.4744377E-9   
  4680.0       4.5994595E-9   
  4685.0       4.647074E-9    
  4690.0       4.6114317E-9   
  4695.0       4.5380393E-9   
  4700.0       4.47105E-9     
  4705.0       4.4462034E-9   
  4710.0       4.480427E-9    
  4715.0       4.5570396E-9   
  4720.0       4.592803E-9    
  4725.0       4.533065E-9    
  4730.0       4.461032E-9    
  4735.0       4.463882E-9    
  4740.0       4.5015796E-9   
  4745.0       4.5074136E-9   
  4750.0       4.475441E-9    
  4755.0       4.423754E-9    
  4760.0       4.3700985E-9   
  4765.0       4.336657E-9    
  4770.0       4.3566515E-9   
  4775.0       4.4327875E-9   
  4780.0       4.480008E-9    
  4785.0       4.4355577E-9   
  4790.0       4.379503E-9    
  4795.0       4.393867E-9    
  4800.0       4.424271E-9    
  4805.0       4.405119E-9    
  4810.0       4.3791597E-9   
  4815.0       4.3959325E-9   
  4820.0       4.412317E-9    
  4825.0       4.3744013E-9   
  4830.0       4.2964725E-9   
  4835.0       4.223168E-9    
  4840.0       4.200142E-9    
  4845.0       4.1877217E-9   
  4850.0       3.9413677E-9   
  4855.0       3.3647978E-9   
  4860.0       2.9382374E-9   
  4865.0       3.0915914E-9   
  4870.0       3.5480345E-9   
  4875.0       3.8829806E-9   
  4880.0       4.0057344E-9   
  4885.0       3.9931223E-9   
  4890.0       4.0032497E-9   
  4895.0       4.135759E-9    
  4900.0       4.2720694E-9   
  4905.0       4.2759236E-9   
  4910.0       4.1833763E-9   
  4915.0       4.0920867E-9   
  4920.0       4.0798525E-9   
  4925.0       4.165265E-9    
  4930.0       4.240981E-9    
  4935.0       4.219296E-9    
  4940.0       4.1841015E-9   
  4945.0       4.2259334E-9   
  4950.0       4.2818233E-9   
  4955.0       4.2755355E-9   
  4960.0       4.251361E-9    
  4965.0       4.2617327E-9   
  4970.0       4.258767E-9    
  4975.0       4.1958303E-9   
  4980.0       4.131271E-9    
  4985.0       4.1283488E-9   
  4990.0       4.1563326E-9   
  4995.0       4.163807E-9    
  5000.0       4.1417283E-9   
  5005.0       4.0969392E-9   
  5010.0       4.034812E-9    
  5015.0       3.976401E-9    
  5020.0       3.9823376E-9   
  5025.0       4.0722017E-9   
  5030.0       4.123496E-9    
  5035.0       4.0415373E-9   
  5040.0       3.9436374E-9   
  5045.0       3.9655026E-9   
  5050.0       4.0757726E-9   
  5055.0       4.18535E-9     
  5060.0       4.2276738E-9   
  5065.0       4.174546E-9    
  5070.0       4.071299E-9    
  5075.0       3.985669E-9    
  5080.0       3.969592E-9    
  5085.0       4.03157E-9     
  5090.0       4.0864037E-9   
  5095.0       4.060923E-9    
  5100.0       4.0046766E-9   
  5105.0       3.9886165E-9   
  5110.0       4.014469E-9    
  5115.0       4.0493604E-9   
  5120.0       4.0443062E-9   
  5125.0       3.975348E-9    
  5130.0       3.8965435E-9   
  5135.0       3.864242E-9    
  5140.0       3.8646277E-9   
  5145.0       3.8761803E-9   
  5150.0       3.9240993E-9   
  5155.0       3.997103E-9    
  5160.0       3.94921E-9     
  5165.0       3.7092818E-9   
  5170.0       3.5283532E-9   
  5175.0       3.6234287E-9   
  5180.0       3.8043004E-9   
  5185.0       3.8377364E-9   
  5190.0       3.788449E-9    
  5195.0       3.7842387E-9   
  5200.0       3.8116545E-9   
  5205.0       3.825238E-9    
  5210.0       3.8433523E-9   
  5215.0       3.8792654E-9   
  5220.0       3.8685837E-9   
  5225.0       3.773665E-9    
  5230.0       3.7022612E-9   
  5235.0       3.752576E-9    
  5240.0       3.8522656E-9   
  5245.0       3.90031E-9     
  5250.0       3.893064E-9    
  5255.0       3.8527714E-9   
  5260.0       3.7702517E-9   
  5265.0       3.6510721E-9   
  5270.0       3.5726067E-9   
  5275.0       3.6054284E-9   
  5280.0       3.727609E-9    
  5285.0       3.869794E-9    
  5290.0       3.935942E-9    
  5295.0       3.8794243E-9   
  5300.0       3.8035783E-9   
  5305.0       3.8089953E-9   
  5310.0       3.8416346E-9   
  5315.0       3.8216106E-9   
  5320.0       3.7592858E-9   
  5325.0       3.6976922E-9   
  5330.0       3.6697623E-9   
  5335.0       3.6869419E-9   
  5340.0       3.7185075E-9   
  5345.0       3.737667E-9    
  5350.0       3.7666608E-9   
  5355.0       3.8164703E-9   
  5360.0       3.8223464E-9   
  5365.0       3.7411056E-9   
  5370.0       3.6600445E-9   
  5375.0       3.6664325E-9   
  5380.0       3.7160743E-9   
  5385.0       3.7349883E-9   
  5390.0       3.7064296E-9   
  5395.0       3.646541E-9    
  5400.0       3.5959924E-9   
  5405.0       3.588701E-9    
  5410.0       3.617779E-9    
  5415.0       3.656798E-9    
  5420.0       3.6709273E-9   
  5425.0       3.6489565E-9   
  5430.0       3.6457808E-9   
  5435.0       3.7005337E-9   
  5440.0       3.7477355E-9   
  5445.0       3.7222339E-9   
  5450.0       3.6649108E-9   
  5455.0       3.6396228E-9   
  5460.0       3.660396E-9    
  5465.0       3.7058991E-9   
  5470.0       3.7176466E-9   
  5475.0       3.6636822E-9   
  5480.0       3.61393E-9     
  5485.0       3.6321306E-9   
  5490.0       3.6655283E-9   
  5495.0       3.6506012E-9   
  5500.0       3.6136125E-9   
  5505.0       3.6015604E-9   
  5510.0       3.6218697E-9   
  5515.0       3.6554995E-9   
  5520.0       3.6584926E-9   
  5525.0       3.6092507E-9   
  5530.0       3.5661853E-9   
  5535.0       3.5822938E-9   
  5540.0       3.6176826E-9   
  5545.0       3.6209558E-9   
  5550.0       3.6044032E-9   
  5555.0       3.593268E-9    
  5560.0       3.581639E-9    
  5565.0       3.5625667E-9   
  5570.0       3.5577317E-9   
  5575.0       3.57552E-9     
  5580.0       3.562718E-9    
  5585.0       3.4819092E-9   
  5590.0       3.398003E-9    
  5595.0       3.3863663E-9   
  5600.0       3.444707E-9    
  5605.0       3.529392E-9    
  5610.0       3.5711418E-9   
  5615.0       3.5338996E-9   
  5620.0       3.488837E-9    
  5625.0       3.5021228E-9   
  5630.0       3.522576E-9    
  5635.0       3.495305E-9    
  5640.0       3.47209E-9     
  5645.0       3.5011647E-9   
  5650.0       3.5154941E-9   
  5655.0       3.4561938E-9   
  5660.0       3.400298E-9    
  5665.0       3.4248715E-9   
  5670.0       3.4703556E-9   
  5675.0       3.4621332E-9   
  5680.0       3.4252874E-9   
  5685.0       3.408289E-9    
  5690.0       3.4168424E-9   
  5695.0       3.4326142E-9   
  5700.0       3.4222358E-9   
  5705.0       3.3757834E-9   
  5710.0       3.3553385E-9   
  5715.0       3.4071308E-9   
  5720.0       3.4662022E-9   
  5725.0       3.464284E-9    
  5730.0       3.4355123E-9   
  5735.0       3.428834E-9    
  5740.0       3.4278795E-9   
  5745.0       3.405436E-9    
  5750.0       3.3738081E-9   
  5755.0       3.3551268E-9   
  5760.0       3.355276E-9    
  5765.0       3.3699783E-9   
  5770.0       3.3857572E-9   
  5775.0       3.3897845E-9   
  5780.0       3.3800782E-9   
  5785.0       3.3631733E-9   
  5790.0       3.3563907E-9   
  5795.0       3.369793E-9    
  5800.0       3.3847096E-9   
  5805.0       3.3825034E-9   
  5810.0       3.3733487E-9   
  5815.0       3.3740097E-9   
  5820.0       3.3887606E-9   
  5825.0       3.4123688E-9   
  5830.0       3.428446E-9    
  5835.0       3.4240821E-9   
  5840.0       3.4057215E-9   
  5845.0       3.3808594E-9   
  5850.0       3.341739E-9    
  5855.0       3.291355E-9    
  5860.0       3.2744008E-9   
  5865.0       3.3202077E-9   
  5870.0       3.376527E-9    
  5875.0       3.3786374E-9   
  5880.0       3.3136422E-9   
  5885.0       3.2107963E-9   
  5890.0       3.1530294E-9   
  5895.0       3.194146E-9    
  5900.0       3.2622756E-9   
  5905.0       3.2788074E-9   
  5910.0       3.27193E-9     
  5915.0       3.2860215E-9   
  5920.0       3.299622E-9    
  5925.0       3.2849337E-9   
  5930.0       3.2654497E-9   
  5935.0       3.2666279E-9   
  5940.0       3.267206E-9    
  5945.0       3.2458058E-9   
  5950.0       3.2276504E-9   
  5955.0       3.238642E-9    
  5960.0       3.259022E-9    
  5965.0       3.2604337E-9   
  5970.0       3.2393093E-9   
  5975.0       3.2073282E-9   
  5980.0       3.1888943E-9   
  5985.0       3.197565E-9    
  5990.0       3.2074037E-9   
  5995.0       3.1935292E-9   
  6000.0       3.1790317E-9   
  6005.0       3.2090715E-9   
  6010.0       3.1996674E-9   
  6015.0       3.1836007E-9   
  6020.0       3.1587608E-9   
  6025.0       3.1788312E-9   
  6030.0       3.207062E-9    
  6035.0       3.228638E-9    
  6040.0       3.2438805E-9   
  6045.0       3.2060306E-9   
  6050.0       3.1928375E-9   
  6055.0       3.181989E-9    
  6060.0       3.1817222E-9   
  6065.0       3.1818057E-9   
  6070.0       3.1773424E-9   
  6075.0       3.1706247E-9   
  6080.0       3.1449343E-9   
  6085.0       3.1453242E-9   
  6090.0       3.1381584E-9   
  6095.0       3.1301173E-9   
  6100.0       3.1039837E-9   
  6105.0       3.0980782E-9   
  6110.0       3.1195948E-9   
  6115.0       3.1073777E-9   
  6120.0       3.0948333E-9   
  6125.0       3.0887533E-9   
  6130.0       3.0825935E-9   
  6135.0       3.042667E-9    
  6140.0       3.006182E-9    
  6145.0       3.0269511E-9   
  6150.0       3.0386818E-9   
  6155.0       3.0171141E-9   
  6160.0       2.977692E-9    
  6165.0       2.9690135E-9   
  6170.0       2.9859475E-9   
  6175.0       3.025852E-9    
  6180.0       3.0523493E-9   
  6185.0       3.0541585E-9   
  6190.0       3.0361937E-9   
  6195.0       3.0426348E-9   
  6200.0       3.058417E-9    
  6205.0       3.0644973E-9   
  6210.0       3.0561875E-9   
  6215.0       3.0296108E-9   
  6220.0       3.0101694E-9   
  6225.0       3.0067684E-9   
  6230.0       2.9941254E-9   
  6235.0       2.9792118E-9   
  6240.0       2.9616798E-9   
  6245.0       2.944754E-9    
  6250.0       2.9500615E-9   
  6255.0       2.9583977E-9   
  6260.0       2.9928544E-9   
  6265.0       3.0119343E-9   
  6270.0       3.0052059E-9   
  6275.0       2.952749E-9    
  6280.0       2.897919E-9    
  6285.0       2.9317724E-9   
  6290.0       2.9593523E-9   
  6295.0       2.9385683E-9   
  6300.0       2.9167249E-9   
  6305.0       2.9260978E-9   
  6310.0       2.940843E-9    
  6315.0       2.9236675E-9   
  6320.0       2.913568E-9    
  6325.0       2.939908E-9    
  6330.0       2.9567646E-9   
  6335.0       2.9292118E-9   
  6340.0       2.906626E-9    
  6345.0       2.9140712E-9   
  6350.0       2.9319154E-9   
  6355.0       2.9309069E-9   
  6360.0       2.9096099E-9   
  6365.0       2.9061196E-9   
  6370.0       2.9155045E-9   
  6375.0       2.920272E-9    
  6380.0       2.9195313E-9   
  6385.0       2.9141527E-9   
  6390.0       2.9076959E-9   
  6395.0       2.8913842E-9   
  6400.0       2.873038E-9    
  6405.0       2.8654712E-9   
  6410.0       2.8491827E-9   
  6415.0       2.8550264E-9   
  6420.0       2.8528262E-9   
  6425.0       2.8585703E-9   
  6430.0       2.8566196E-9   
  6435.0       2.847329E-9    
  6440.0       2.8498528E-9   
  6445.0       2.8563423E-9   
  6450.0       2.8450773E-9   
  6455.0       2.815853E-9    
  6460.0       2.7947575E-9   
  6465.0       2.8019274E-9   
  6470.0       2.8159832E-9   
  6475.0       2.8137201E-9   
  6480.0       2.8055227E-9   
  6485.0       2.790768E-9    
  6490.0       2.759762E-9    
  6495.0       2.714065E-9    
  6500.0       2.7405518E-9   
  6505.0       2.8147775E-9   
  6510.0       2.844187E-9    
  6515.0       2.8239837E-9   
  6520.0       2.8047105E-9   
  6525.0       2.809732E-9    
  6530.0       2.8026803E-9   
  6535.0       2.7806517E-9   
  6540.0       2.7626808E-9   
  6545.0       2.7225633E-9   
  6550.0       2.6177491E-9   
  6555.0       2.3935247E-9   
  6560.0       2.1202191E-9   
  6565.0       2.0877924E-9   
  6570.0       2.3685847E-9   
  6575.0       2.5881135E-9   
  6580.0       2.6730083E-9   
  6585.0       2.7027458E-9   
  6590.0       2.7138236E-9   
  6595.0       2.7290996E-9   
  6600.0       2.7633122E-9   
  6605.0       2.7593963E-9   
  6610.0       2.7659017E-9   
  6615.0       2.779179E-9    
  6620.0       2.7798759E-9   
  6625.0       2.7584341E-9   
  6630.0       2.7242422E-9   
  6635.0       2.7001474E-9   
  6640.0       2.7086353E-9   
  6645.0       2.720929E-9    
  6650.0       2.7233777E-9   
  6655.0       2.710714E-9    
  6660.0       2.6976696E-9   
  6665.0       2.689175E-9    
  6670.0       2.6965956E-9   
  6675.0       2.6776348E-9   
  6680.0       2.6781246E-9   
  6685.0       2.693051E-9    
  6690.0       2.6965614E-9   
  6695.0       2.6899825E-9   
  6700.0       2.6812277E-9   
  6705.0       2.6736955E-9   
  6710.0       2.6660494E-9   
  6715.0       2.6466476E-9   
  6720.0       2.632096E-9    
  6725.0       2.6495597E-9   
  6730.0       2.6675442E-9   
  6735.0       2.6673261E-9   
  6740.0       2.6581244E-9   
  6745.0       2.6457008E-9   
  6750.0       2.6295548E-9   
  6755.0       2.6165736E-9   
  6760.0       2.6171791E-9   
  6765.0       2.6144351E-9   
  6770.0       2.6083837E-9   
  6775.0       2.6143885E-9   
  6780.0       2.6193057E-9   
  6785.0       2.6079332E-9   
  6790.0       2.5985158E-9   
  6795.0       2.593311E-9    
  6800.0       2.5894062E-9   
  6805.0       2.5896307E-9   
  6810.0       2.5854854E-9   
  6815.0       2.5826115E-9   
  6820.0       2.5826803E-9   
  6825.0       2.5783862E-9   
  6830.0       2.5727551E-9   
  6835.0       2.5641669E-9   
  6840.0       2.559977E-9    
  6845.0       2.5565547E-9   
  6850.0       2.5528688E-9   
  6855.0       2.5491909E-9   
  6860.0       2.5454627E-9   
  6865.0       2.5417741E-9   
  6870.0       2.5382525E-9   
  6875.0       2.534761E-9    
  6880.0       2.5312292E-9   
  6885.0       2.5278233E-9   
  6890.0       2.5245426E-9   
  6895.0       2.5213258E-9   
  6900.0       2.5180675E-9   
  6905.0       2.5147984E-9   
  6910.0       2.5115636E-9   
  6915.0       2.5088107E-9   
  6920.0       2.5064473E-9   
  6925.0       2.5039206E-9   
  6930.0       2.5015885E-9   
  6935.0       2.4992635E-9   
  6940.0       2.497454E-9    
  6945.0       2.4962366E-9   
  6950.0       2.4947675E-9   
  6955.0       2.493137E-9    
  6960.0       2.4914606E-9   
  6965.0       2.4895992E-9   
  6970.0       2.4867246E-9   
  6975.0       2.4700013E-9   
  6980.0       2.457284E-9    
  6985.0       2.4598643E-9   
  6990.0       2.4528364E-9   
  6995.0       2.446821E-9    
  7000.0       2.4259907E-9   
  7005.0       2.412861E-9    
  7010.0       2.4205227E-9   
  7015.0       2.416737E-9    
  7020.0       2.411382E-9    
  7025.0       2.419413E-9    
  7030.0       2.4314597E-9   
  7035.0       2.433338E-9    
  7040.0       2.4311317E-9   
  7045.0       2.4369429E-9   
  7050.0       2.4331506E-9   
  7055.0       2.429276E-9    
  7060.0       2.4292734E-9   
  7065.0       2.4312032E-9   
  7070.0       2.4262288E-9   
  7075.0       2.4168965E-9   
  7080.0       2.4053024E-9   
  7085.0       2.3956368E-9   
  7090.0       2.3884223E-9   
  7095.0       2.3875226E-9   
  7100.0       2.393993E-9    
  7105.0       2.4005522E-9   
  7110.0       2.3654838E-9   
  7115.0       2.3530153E-9   
  7120.0       2.3628857E-9   
  7125.0       2.3788966E-9   
  7130.0       2.386578E-9    
  7135.0       2.3948856E-9   
  7140.0       2.413894E-9    
  7145.0       2.3936928E-9   
  7150.0       2.377163E-9    
  7155.0       2.3879985E-9   
  7160.0       2.3817355E-9   
  7165.0       2.3291093E-9   
  7170.0       2.2907722E-9   
  7175.0       2.2619668E-9   
  7180.0       2.2210258E-9   
  7185.0       2.1877216E-9   
  7190.0       2.1805369E-9   
  7195.0       2.1973023E-9   
  7200.0       2.215687E-9    
  7205.0       2.2361921E-9   
  7210.0       2.2928217E-9   
  7215.0       2.337816E-9    
  7220.0       2.3367566E-9   
  7225.0       2.3301052E-9   
  7230.0       2.3106637E-9   
  7235.0       2.27139E-9     
  7240.0       2.2571898E-9   
  7245.0       2.2588662E-9   
  7250.0       2.2674527E-9   
  7255.0       2.2683748E-9   
  7260.0       2.2807576E-9   
  7265.0       2.275799E-9    
  7270.0       2.2686426E-9   
  7275.0       2.239257E-9    
  7280.0       2.2254432E-9   
  7285.0       2.217082E-9    
  7290.0       2.1902762E-9   
  7295.0       2.2125737E-9   
  7300.0       2.2411595E-9   
  7305.0       2.227561E-9    
  7310.0       2.2153308E-9   
  7315.0       2.2244733E-9   
  7320.0       2.2326452E-9   
  7325.0       2.2416777E-9   
  7330.0       2.2452988E-9   
  7335.0       2.264561E-9    
  7340.0       2.27369E-9     
  7345.0       2.2699835E-9   
  7350.0       2.2500966E-9   
  7355.0       2.235179E-9    
  7360.0       2.2331907E-9   
  7365.0       2.2360118E-9   
  7370.0       2.2418778E-9   
  7375.0       2.2404998E-9   
  7380.0       2.2307243E-9   
  7385.0       2.1944024E-9   
  7390.0       2.1793123E-9   
  7395.0       2.194302E-9    
  7400.0       2.207511E-9    
  7405.0       2.188215E-9    
  7410.0       2.156832E-9    
  7415.0       2.160051E-9    
  7420.0       2.1677498E-9   
  7425.0       2.180025E-9    
  7430.0       2.2010658E-9   
  7435.0       2.2068498E-9   
  7440.0       2.1978206E-9   
  7445.0       2.1695328E-9   
  7450.0       2.1623758E-9   
  7455.0       2.1775637E-9   
  7460.0       2.176366E-9    
  7465.0       2.1686881E-9   
  7470.0       2.1701543E-9   
  7475.0       2.1701843E-9   
  7480.0       2.1675284E-9   
  7485.0       2.1708477E-9   
  7490.0       2.1610291E-9   
  7495.0       2.1376938E-9   
  7500.0       2.140443E-9    
  7505.0       2.1337672E-9   
  7510.0       2.118208E-9    
  7515.0       2.1213484E-9   
  7520.0       2.1313056E-9   
  7525.0       2.1247726E-9   
  7530.0       2.1195579E-9   
  7535.0       2.123051E-9    
  7540.0       2.1375222E-9   
  7545.0       2.1361617E-9   
  7550.0       2.129164E-9    
  7555.0       2.1259823E-9   
  7560.0       2.1225937E-9   
  7565.0       2.119522E-9    
  7570.0       2.116426E-9    
  7575.0       2.1129463E-9   
  7580.0       2.1095905E-9   
  7585.0       2.1065072E-9   
  7590.0       2.1033668E-9   
  7595.0       2.1002051E-9   
  7600.0       2.0972077E-9   
  7605.0       2.0946145E-9   
  7610.0       2.091947E-9    
  7615.0       2.0891802E-9   
  7620.0       2.0864146E-9   
  7625.0       2.0836584E-9   
  7630.0       2.0809117E-9   
  7635.0       2.078174E-9    
  7640.0       2.075447E-9    
  7645.0       2.0727162E-9   
  7650.0       2.0699904E-9   
  7655.0       2.0672735E-9   
  7660.0       2.0645519E-9   
  7665.0       2.0618356E-9   
  7670.0       2.0590132E-9   
  7675.0       2.0559132E-9   
  7680.0       2.052773E-9    
  7685.0       2.0501323E-9   
  7690.0       2.0476516E-9   
  7695.0       2.0447235E-9   
  7700.0       2.0415314E-9   
  7705.0       2.0385709E-9   
  7710.0       2.0363262E-9   
  7715.0       2.0352875E-9   
  7720.0       2.0335817E-9   
  7725.0       2.0310074E-9   
  7730.0       2.0315956E-9   
  7735.0       2.0388577E-9   
  7740.0       2.034964E-9    
  7745.0       2.0098525E-9   
  7750.0       1.9975335E-9   
  7755.0       2.0098718E-9   
  7760.0       2.0191766E-9   
  7765.0       2.010878E-9    
  7770.0       1.9816597E-9   
  7775.0       1.9451993E-9   
  7780.0       1.9590858E-9   
  7785.0       1.9854793E-9   
  7790.0       1.9950235E-9   
  7795.0       1.9946909E-9   
  7800.0       1.9847723E-9   
  7805.0       1.9826651E-9   
  7810.0       1.9890192E-9   
  7815.0       1.996824E-9    
  7820.0       1.9997008E-9   
  7825.0       1.9878976E-9   
  7830.0       1.9745827E-9   
  7835.0       1.956885E-9    
  7840.0       1.9593096E-9   
  7845.0       1.9657145E-9   
  7850.0       1.9630055E-9   
  7855.0       1.9620372E-9   
  7860.0       1.963318E-9    
  7865.0       1.9635515E-9   
  7870.0       1.951069E-9    
  7875.0       1.9508557E-9   
  7880.0       1.9487696E-9   
  7885.0       1.9522968E-9   
  7890.0       1.950437E-9    
  7895.0       1.9420834E-9   
  7900.0       1.9381312E-9   
  7905.0       1.9394386E-9   
  7910.0       1.9358342E-9   
  7915.0       1.9308828E-9   
  7920.0       1.920142E-9    
  7925.0       1.9126336E-9   
  7930.0       1.8964947E-9   
  7935.0       1.8873896E-9   
  7940.0       1.8907718E-9   
  7945.0       1.896257E-9    
  7950.0       1.9040245E-9   
  7955.0       1.9015498E-9   
  7960.0       1.9024549E-9   
  7965.0       1.9072206E-9   
  7970.0       1.9076984E-9   
  7975.0       1.908517E-9    
  7980.0       1.9069706E-9   
  7985.0       1.9150266E-9   
  7990.0       1.910388E-9    
  7995.0       1.892495E-9    
  8000.0       1.8737578E-9   
  8005.0       1.873781E-9    
  8010.0       1.8812394E-9   
  8015.0       1.8821238E-9   
  8020.0       1.8807005E-9   
  8025.0       1.873157E-9    
  8030.0       1.8701567E-9   
  8035.0       1.8644941E-9   
  8040.0       1.8670494E-9   
  8045.0       1.8549444E-9   
  8050.0       1.8487282E-9   
  8055.0       1.8550393E-9   
  8060.0       1.8720259E-9   
  8065.0       1.8736968E-9   
  8070.0       1.863952E-9    
  8075.0       1.8629964E-9   
  8080.0       1.8622527E-9   
  8085.0       1.8562403E-9   
  8090.0       1.8483509E-9   
  8095.0       1.8467052E-9   
  8100.0       1.8448276E-9   
  8105.0       1.8444978E-9   
  8110.0       1.8573505E-9   
  8115.0       1.8599503E-9   
  8120.0       1.8559267E-9   
  8125.0       1.8529196E-9   
  8130.0       1.8362923E-9   
  8135.0       1.8209521E-9   
  8140.0       1.8124197E-9   
  8145.0       1.7914166E-9   
  8150.0       1.7843794E-9   
  8155.0       1.7767622E-9   
  8160.0       1.752269E-9    
  8165.0       1.7333875E-9   
  8170.0       1.7481087E-9   
  8175.0       1.7551557E-9   
  8180.0       1.7325135E-9   
  8185.0       1.738334E-9    
  8190.0       1.7416057E-9   
  8195.0       1.7181903E-9   
  8200.0       1.7268387E-9   
  8205.0       1.7811915E-9   
  8210.0       1.8182821E-9   
  8215.0       1.8013768E-9   
  8220.0       1.7591536E-9   
  8225.0       1.687734E-9    
  8230.0       1.6334112E-9   
  8235.0       1.6885927E-9   
  8240.0       1.772979E-9    
  8245.0       1.7896763E-9   
  8250.0       1.780086E-9    
  8255.0       1.7628495E-9   
  8260.0       1.765135E-9    
  8265.0       1.7831792E-9   
  8270.0       1.7818941E-9   
  8275.0       1.743752E-9    
  8280.0       1.7289025E-9   
  8285.0       1.7284456E-9   
  8290.0       1.7286169E-9   
  8295.0       1.7323364E-9   
  8300.0       1.729688E-9    
  8305.0       1.7215874E-9   
  8310.0       1.7255678E-9   
  8315.0       1.7250311E-9   
  8320.0       1.7154925E-9   
  8325.0       1.7139481E-9   
  8330.0       1.7081835E-9   
  8335.0       1.6817018E-9   
  8340.0       1.690612E-9    
  8345.0       1.711602E-9    
  8350.0       1.729778E-9    
  8355.0       1.7320196E-9   
  8360.0       1.7304348E-9   
  8365.0       1.7331285E-9   
  8370.0       1.7343869E-9   
  8375.0       1.7328415E-9   
  8380.0       1.7318443E-9   
  8385.0       1.7224111E-9   
  8390.0       1.7129419E-9   
  8395.0       1.714244E-9    
  8400.0       1.7210784E-9   
  8405.0       1.7218901E-9   
  8410.0       1.7177175E-9   
  8415.0       1.7151194E-9   
  8420.0       1.7031916E-9   
  8425.0       1.6991856E-9   
  8430.0       1.6996441E-9   
  8435.0       1.6936331E-9   
  8440.0       1.6785575E-9   
  8445.0       1.6639404E-9   
  8450.0       1.664625E-9    
  8455.0       1.6889936E-9   
  8460.0       1.693324E-9    
  8465.0       1.6789613E-9   
  8470.0       1.6632875E-9   
  8475.0       1.6712439E-9   
  8480.0       1.6847624E-9   
  8485.0       1.6917646E-9   
  8490.0       1.6719665E-9   
  8495.0       1.5939505E-9   
  8500.0       1.5283114E-9   
  8505.0       1.5702135E-9   
  8510.0       1.6144092E-9   
  8515.0       1.6223278E-9   
  8520.0       1.6214847E-9   
  8525.0       1.6223816E-9   
  8530.0       1.6095452E-9   
  8535.0       1.5635578E-9   
  8540.0       1.446104E-9    
  8545.0       1.3500145E-9   
  8550.0       1.3985597E-9   
  8555.0       1.4917428E-9   
  8560.0       1.5724627E-9   
  8565.0       1.6045146E-9   
  8570.0       1.600879E-9    
  8575.0       1.5973428E-9   
  8580.0       1.5886725E-9   
  8585.0       1.5742092E-9   
  8590.0       1.5595115E-9   
  8595.0       1.5351085E-9   
  8600.0       1.5284632E-9   
  8605.0       1.5392153E-9   
  8610.0       1.5544436E-9   
  8615.0       1.5665278E-9   
  8620.0       1.575858E-9    
  8625.0       1.586261E-9    
  8630.0       1.5982868E-9   
  8635.0       1.6023661E-9   
  8640.0       1.5992627E-9   
  8645.0       1.5883695E-9   
  8650.0       1.5695665E-9   
  8655.0       1.5312237E-9   
  8660.0       1.4345465E-9   
  8665.0       1.3364699E-9   
  8670.0       1.3514416E-9   
  8675.0       1.4333467E-9   
  8680.0       1.4966931E-9   
  8685.0       1.5141612E-9   
  8690.0       1.5250059E-9   
  8695.0       1.5677741E-9   
  8700.0       1.5927853E-9   
  8705.0       1.6030537E-9   
  8710.0       1.5924294E-9   
  8715.0       1.5894446E-9   
  8720.0       1.5894032E-9   
  8725.0       1.5789762E-9   
  8730.0       1.5600953E-9   
  8735.0       1.5390719E-9   
  8740.0       1.5196607E-9   
  8745.0       1.490046E-9    
  8750.0       1.4619193E-9   
  8755.0       1.4645258E-9   
  8760.0       1.4956181E-9   
  8765.0       1.5165725E-9   
  8770.0       1.530224E-9    
  8775.0       1.5398408E-9   
  8780.0       1.5482575E-9   
  8785.0       1.5460998E-9   
  8790.0       1.5402954E-9   
  8795.0       1.5391097E-9   
  8800.0       1.5402193E-9   
  8805.0       1.523639E-9    
  8810.0       1.5237188E-9   
  8815.0       1.542737E-9    
  8820.0       1.5414877E-9   
  8825.0       1.5282982E-9   
  8830.0       1.5295551E-9   
  8835.0       1.5350864E-9   
  8840.0       1.5168365E-9   
  8845.0       1.5100005E-9   
  8850.0       1.4904894E-9   
  8855.0       1.4581055E-9   
  8860.0       1.4105725E-9   
  8865.0       1.3798989E-9   
  8870.0       1.4134874E-9   
  8875.0       1.4528119E-9   
  8880.0       1.4824395E-9   
  8885.0       1.476915E-9    
  8890.0       1.4938678E-9   
  8895.0       1.5051724E-9   
  8900.0       1.5120905E-9   
  8905.0       1.5143262E-9   
  8910.0       1.5023115E-9   
  8915.0       1.4944281E-9   
  8920.0       1.499374E-9    
  8925.0       1.4891375E-9   
  8930.0       1.4723696E-9   
  8935.0       1.4959034E-9   
  8940.0       1.5092424E-9   
  8945.0       1.4882545E-9   
  8950.0       1.4770792E-9   
  8955.0       1.4773498E-9   
  8960.0       1.4690925E-9   
  8965.0       1.457031E-9    
  8970.0       1.452704E-9    
  8975.0       1.4553779E-9   
  8980.0       1.4434253E-9   
  8985.0       1.4052149E-9   
  8990.0       1.3548682E-9   
  8995.0       1.3681997E-9   
  9000.0       1.3640667E-9   
  9005.0       1.3406632E-9   
  9010.0       1.3145643E-9   
  9015.0       1.2746119E-9   
  9020.0       1.2936336E-9   
  9025.0       1.3464397E-9   
  9030.0       1.4320497E-9   
  9035.0       1.5042589E-9   
  9040.0       1.5261485E-9   
  9045.0       1.5278306E-9   
  9050.0       1.5268756E-9   
  9055.0       1.5069053E-9   
  9060.0       1.4619135E-9   
  9065.0       1.4238662E-9   
  9070.0       1.4156724E-9   
  9075.0       1.3924514E-9   
  9080.0       1.3628084E-9   
  9085.0       1.3571054E-9   
  9090.0       1.3387766E-9   
  9095.0       1.3473918E-9   
  9100.0       1.3730276E-9   
  9105.0       1.3803994E-9   
  9110.0       1.3951672E-9   
  9115.0       1.427283E-9    
  9120.0       1.3993393E-9   
  9125.0       1.4095044E-9   
  9130.0       1.384271E-9    
  9135.0       1.3601477E-9   
  9140.0       1.3811475E-9   
  9145.0       1.3849136E-9   
  9150.0       1.3690551E-9   
  9155.0       1.3338436E-9   
  9160.0       1.3511883E-9   
  9165.0       1.3824004E-9   
  9170.0       1.3805769E-9   
  9175.0       1.3472333E-9   
  9180.0       1.3544156E-9   
  9185.0       1.3846123E-9   
  9190.0       1.3967401E-9   
  9195.0       1.392413E-9    
  9200.0       1.4123518E-9   
  9205.0       1.4008382E-9   
  9210.0       1.3609037E-9   
  9215.0       1.3175411E-9   
  9220.0       1.2983239E-9   
  9225.0       1.2733705E-9   
  9230.0       1.2300726E-9   
  9235.0       1.2572593E-9   
  9240.0       1.3023367E-9   
  9245.0       1.3286267E-9   
  9250.0       1.345418E-9    
  9255.0       1.3761987E-9   
  9260.0       1.4030033E-9   
  9265.0       1.4165836E-9   
  9270.0       1.4555239E-9   
  9275.0       1.4772289E-9   
  9280.0       1.4391094E-9   
  9285.0       1.4440833E-9   
  9290.0       1.4492517E-9   
  9295.0       1.4295092E-9   
  9300.0       1.3858424E-9   
  9305.0       1.343956E-9    
  9310.0       1.2971013E-9   
  9315.0       1.2529752E-9   
  9320.0       1.2255534E-9   
  9325.0       1.221227E-9    
  9330.0       1.2361182E-9   
  9335.0       1.2201286E-9   
  9340.0       1.1953475E-9   
  9345.0       1.1847059E-9   
  9350.0       1.2364282E-9   
  9355.0       1.2153096E-9   
  9360.0       1.2336676E-9   
  9365.0       1.2580785E-9   
  9370.0       1.2299457E-9   
  9375.0       1.2604392E-9   
  9380.0       1.2743688E-9   
  9385.0       1.3378717E-9   
  9390.0       1.4246504E-9   
  9395.0       1.4914104E-9   
  9400.0       1.4759982E-9   
  9405.0       1.418483E-9    
  9410.0       1.3589555E-9   
  9415.0       1.3269444E-9   
  9420.0       1.2999875E-9   
  9425.0       1.2416642E-9   
  9430.0       1.2066216E-9   
  9435.0       1.2292679E-9   
  9440.0       1.185928E-9    
  9445.0       1.1939557E-9   
  9450.0       1.272743E-9    
  9455.0       1.269895E-9    
  9460.0       1.2357118E-9   
  9465.0       1.2690746E-9   
  9470.0       1.2968407E-9   
  9475.0       1.2931257E-9   
  9480.0       1.2683208E-9   
  9485.0       1.2826811E-9   
  9490.0       1.3139649E-9   
  9495.0       1.2659049E-9   
  9500.0       1.2295073E-9   
  9505.0       1.3038997E-9   
  9510.0       1.3444211E-9   
  9515.0       1.3150374E-9   
  9520.0       1.2554718E-9   
  9525.0       1.2287111E-9   
  9530.0       1.2467339E-9   
  9535.0       1.2664416E-9   
  9540.0       1.2219983E-9   
  9545.0       1.1699111E-9   
  9550.0       1.1521634E-9   
  9555.0       1.1389718E-9   
  9560.0       1.1968914E-9   
  9565.0       1.2198099E-9   
  9570.0       1.2409364E-9   
  9575.0       1.2967147E-9   
  9580.0       1.2987286E-9   
  9585.0       1.273574E-9    
  9590.0       1.2161974E-9   
  9595.0       1.2174116E-9   
  9600.0       1.2459477E-9   
  9605.0       1.2472366E-9   
  9610.0       1.2434814E-9   
  9615.0       1.2423396E-9   
  9620.0       1.2473328E-9   
  9625.0       1.2172912E-9   
  9630.0       1.2353443E-9   
  9635.0       1.2365841E-9   
  9640.0       1.2283536E-9   
  9645.0       1.2083503E-9   
  9650.0       1.2091566E-9   
  9655.0       1.2284395E-9   
  9660.0       1.1826998E-9   
  9665.0       1.2208513E-9   
  9670.0       1.2413744E-9   
  9675.0       1.2482899E-9   
  9680.0       1.2542106E-9   
  9685.0       1.2458009E-9   
  9690.0       1.265054E-9    
  9695.0       1.2492141E-9   
  9700.0       1.244254E-9    
  9705.0       1.2413133E-9   
  9710.0       1.2351205E-9   
  9715.0       1.2107098E-9   
  9720.0       1.2151431E-9   
  9725.0       1.2396446E-9   
  9730.0       1.2186945E-9   
  9735.0       1.198222E-9    
  9740.0       1.1497435E-9   
  9745.0       1.1790093E-9   
  9750.0       1.1647519E-9   
  9755.0       1.1626348E-9   
  9760.0       1.1754874E-9   
  9765.0       1.1937689E-9   
  9770.0       1.2085656E-9   
  9775.0       1.2099515E-9   
  9780.0       1.1994903E-9   
  9785.0       1.1981801E-9   
  9790.0       1.1974505E-9   
  9795.0       1.1974427E-9   
  9800.0       1.2133363E-9   
  9805.0       1.212315E-9    
  9810.0       1.2090776E-9   
  9815.0       1.2068534E-9   
  9820.0       1.205245E-9    
  9825.0       1.2038143E-9   
  9830.0       1.2019893E-9   
  9835.0       1.199145E-9    
  9840.0       1.194689E-9    
  9845.0       1.1883357E-9   
  9850.0       1.180606E-9    
  9855.0       1.1723177E-9   
  9860.0       1.1643255E-9   
  9865.0       1.1575059E-9   
  9870.0       1.1527791E-9   
  9875.0       1.1510808E-9   
  9880.0       1.1532836E-9   
  9885.0       1.1595732E-9   
  9890.0       1.1683541E-9   
  9895.0       1.1773506E-9   
  9900.0       1.1842852E-9   
  9905.0       1.1876768E-9   
  9910.0       1.1880571E-9   
  9915.0       1.1867399E-9   
  9920.0       1.1850737E-9   
  9925.0       1.1839659E-9   
  9930.0       1.1831863E-9   
  9935.0       1.1820505E-9   
  9940.0       1.1798806E-9   
  9945.0       1.1763718E-9   
  9950.0       1.1721879E-9   
  9955.0       1.1683775E-9   
  9960.0       1.1659822E-9   
  9965.0       1.1656351E-9   
  9970.0       1.1669211E-9   
  9975.0       1.1690174E-9   
  9980.0       1.1710842E-9   
  9985.0       1.1725251E-9   
  9990.0       1.1733811E-9   
  9995.0       1.1739372E-9   
  10000.0      1.1744488E-9   
  10005.0      1.1746628E-9   
  10010.0      1.1730198E-9   
  10015.0      1.1674417E-9   
  10020.0      1.1559552E-9   
  10025.0      1.1380644E-9   
  10030.0      1.1171216E-9   
  10035.0      1.0979557E-9   
  10040.0      1.08536E-9     
  10045.0      1.0823512E-9   
  10050.0      1.0872897E-9   
  10055.0      1.0967518E-9   
  10060.0      1.1072139E-9   
  10065.0      1.1158784E-9   
  10070.0      1.1218528E-9   
  10075.0      1.1249789E-9   
  10080.0      1.1252127E-9   
  10085.0      1.1229514E-9   
  10090.0      1.119755E-9    
  10095.0      1.1176226E-9   
  10100.0      1.1184871E-9   
  10105.0      1.1231763E-9   
  10110.0      1.1296575E-9   
  10115.0      1.1347896E-9   
  10120.0      1.1354623E-9   
  10125.0      1.1299287E-9   
  10130.0      1.1200039E-9   
  10135.0      1.1088657E-9   
  10140.0      1.0997169E-9   
  10145.0      1.0947299E-9   
  10150.0      1.0933248E-9   
  10155.0      1.0938913E-9   
  10160.0      1.0947528E-9   
  10165.0      1.0947069E-9   
  10170.0      1.0937607E-9   
  10175.0      1.0924139E-9   
  10180.0      1.0911732E-9   
  10185.0      1.0903698E-9   
  10190.0      1.0898503E-9   
  10195.0      1.0892749E-9   
  10200.0      1.0882963E-9   
  10205.0      1.0867388E-9   
  10210.0      1.0848303E-9   
  10215.0      1.082974E-9    
  10220.0      1.0815292E-9   
  10225.0      1.0803989E-9   
  10230.0      1.0782849E-9   
  10235.0      1.073427E-9    
  10240.0      1.0641552E-9   
  10245.0      1.0502832E-9   
  10250.0      1.0354431E-9   
  10255.0      1.0247319E-9   
  10260.0      1.0231496E-9   
  10265.0      1.0331265E-9   
  10270.0      1.050457E-9    
  10275.0      1.0683884E-9   
  10280.0      1.0801509E-9   
  10285.0      1.0815108E-9   
  10290.0      1.0747776E-9   
  10295.0      1.0647966E-9   
  10300.0      1.056496E-9    
  10305.0      1.0532467E-9   
  10310.0      1.0543502E-9   
  10315.0      1.0575347E-9   
  10320.0      1.060454E-9    
  10325.0      1.0614954E-9   
  10330.0      1.060967E-9    
  10335.0      1.0599056E-9   
  10340.0      1.0593888E-9   
  10345.0      1.0600507E-9   
  10350.0      1.0613955E-9   
  10355.0      1.0624881E-9   
  10360.0      1.0624022E-9   
  10365.0      1.0607117E-9   
  10370.0      1.058306E-9    
  10375.0      1.0565674E-9   
  10380.0      1.0568599E-9   
  10385.0      1.0597899E-9   
  10390.0      1.0640209E-9   
  10395.0      1.0674545E-9   
  10400.0      1.0680319E-9   
  10405.0      1.0647209E-9   
  10410.0      1.0591735E-9   
  10415.0      1.0540769E-9   
  10420.0      1.0520852E-9   
  10425.0      1.0545116E-9   
  10430.0      1.0591348E-9   
  10435.0      1.0623885E-9   
  10440.0      1.0607376E-9   
  10445.0      1.0522054E-9   
  10450.0      1.0389072E-9   
  10455.0      1.0245295E-9   
  10460.0      1.0127899E-9   
  10465.0      1.0061226E-9   
  10470.0      1.0036506E-9   
  10475.0      1.0032201E-9   
  10480.0      1.0026235E-9   
  10485.0      1.0003935E-9   
  10490.0      9.970005E-10   
  10495.0      9.936577E-10   
  10500.0      9.915754E-10   
  10505.0      9.913156E-10   
  10510.0      9.916773E-10   
  10515.0      9.908053E-10   
  10520.0      9.868902E-10   
  10525.0      9.792939E-10   
  10530.0      9.70428E-10    
  10535.0      9.638801E-10   
  10540.0      9.631643E-10   
  10545.0      9.698768E-10   
  10550.0      9.806359E-10   
  10555.0      9.901439E-10   
  10560.0      9.931612E-10   
  10565.0      9.869234E-10   
  10570.0      9.751037E-10   
  10575.0      9.638457E-10   
  10580.0      9.592858E-10   
  10585.0      9.649638E-10   
  10590.0      9.776835E-10   
  10595.0      9.916593E-10   
  10600.0      1.0010209E-9   
  10605.0      1.0017394E-9   
  10610.0      9.945139E-10   
  10615.0      9.818666E-10   
  10620.0      7.267896E-10   
