# WAVELENGTH   FLUX           
  1150.0       1.081777E-11   
  1155.0       9.983192E-12   
  1160.0       5.944246E-12   
  1165.0       3.894488E-12   
  1170.0       2.9130958E-12  
  1175.0       1.7999249E-12  
  1180.0       1.4457623E-12  
  1185.0       8.050196E-13   
  1190.0       1.4564265E-13  
  1195.0       5.351814E-13   
  1200.0       2.3993008E-12  
  1205.0       7.0760077E-12  
  1210.0       2.0078413E-11  
  1215.0       2.8369234E-11  
  1220.0       1.733471E-11   
  1225.0       5.0306348E-12  
  1230.0       1.257038E-12   
  1235.0       8.407958E-13   
  1240.0       8.8814546E-13  
  1245.0       9.107333E-13   
  1250.0       7.51107E-13    
  1255.0       6.2398237E-13  
  1260.0       6.3486597E-13  
  1265.0       4.784228E-13   
  1270.0       4.109988E-13   
  1275.0       7.247745E-13   
  1280.0       9.582237E-13   
  1285.0       1.0111667E-12  
  1290.0       8.2930266E-13  
  1295.0       8.119343E-13   
  1300.0       1.1874261E-12  
  1305.0       1.2710621E-12  
  1310.0       9.61057E-13    
  1315.0       9.085052E-13   
  1320.0       8.4803193E-13  
  1325.0       8.564283E-13   
  1330.0       1.1802052E-12  
  1335.0       1.411557E-12   
  1340.0       1.0077021E-12  
  1345.0       7.6662553E-13  
  1350.0       7.2806355E-13  
  1355.0       6.644204E-13   
  1360.0       6.536269E-13   
  1365.0       7.7635657E-13  
  1370.0       7.812013E-13   
  1375.0       6.7218616E-13  
  1380.0       7.713841E-13   
  1385.0       8.645138E-13   
  1390.0       9.395465E-13   
  1395.0       1.0767576E-12  
  1400.0       1.0475301E-12  
  1405.0       9.334379E-13   
  1410.0       8.8131526E-13  
  1415.0       1.0067583E-12  
  1420.0       9.789587E-13   
  1425.0       1.0072416E-12  
  1430.0       1.1312945E-12  
  1435.0       1.102958E-12   
  1440.0       9.598356E-13   
  1445.0       9.990571E-13   
  1450.0       1.1081551E-12  
  1455.0       1.1903192E-12  
  1460.0       1.1471904E-12  
  1465.0       1.3250334E-12  
  1470.0       1.5113009E-12  
  1475.0       1.5643643E-12  
  1480.0       1.5407674E-12  
  1485.0       1.6248439E-12  
  1490.0       1.6043917E-12  
  1495.0       1.7094463E-12  
  1500.0       1.7565463E-12  
  1505.0       1.5551199E-12  
  1510.0       1.466269E-12   
  1515.0       1.6986644E-12  
  1520.0       1.9440742E-12  
  1525.0       2.1899425E-12  
  1530.0       2.3219237E-12  
  1535.0       2.0268535E-12  
  1540.0       1.9949517E-12  
  1545.0       2.4142136E-12  
  1550.0       2.814806E-12   
  1555.0       2.6780685E-12  
  1560.0       2.2626389E-12  
  1565.0       2.0474805E-12  
  1570.0       2.1885365E-12  
  1575.0       2.3142753E-12  
  1580.0       2.1687094E-12  
  1585.0       2.014212E-12   
  1590.0       1.9033768E-12  
  1595.0       1.903E-12      
  1600.0       1.9821438E-12  
  1605.0       2.1503819E-12  
  1610.0       2.3917172E-12  
  1615.0       2.5082813E-12  
  1620.0       2.2792029E-12  
  1625.0       2.391772E-12   
  1630.0       2.775412E-12   
  1635.0       2.9741706E-12  
  1640.0       2.7564327E-12  
  1645.0       2.8712087E-12  
  1650.0       3.133045E-12   
  1655.0       3.399775E-12   
  1660.0       3.4877286E-12  
  1665.0       3.2562475E-12  
  1670.0       3.071065E-12   
  1675.0       3.351187E-12   
  1680.0       3.4736415E-12  
  1685.0       3.3105654E-12  
  1690.0       3.6418004E-12  
  1695.0       4.2439906E-12  
  1700.0       4.599198E-12   
  1705.0       4.7258417E-12  
  1710.0       4.7036463E-12  
  1715.0       4.9933287E-12  
  1720.0       5.3255117E-12  
  1725.0       5.5190032E-12  
  1730.0       5.5593885E-12  
  1735.0       5.6176756E-12  
  1740.0       5.961519E-12   
  1745.0       6.628429E-12   
  1750.0       7.373283E-12   
  1755.0       7.9454E-12     
  1760.0       8.454837E-12   
  1765.0       8.927147E-12   
  1770.0       9.698185E-12   
  1775.0       1.0633044E-11  
  1780.0       1.1103521E-11  
  1785.0       9.881232E-12   
  1790.0       8.286448E-12   
  1795.0       1.0131137E-11  
  1800.0       1.1467445E-11  
  1805.0       1.2007812E-11  
  1810.0       1.313941E-11   
  1815.0       1.4427412E-11  
  1820.0       1.551602E-11   
  1825.0       1.5793592E-11  
  1830.0       1.543633E-11   
  1835.0       1.5410293E-11  
  1840.0       1.458218E-11   
  1845.0       1.3572195E-11  
  1850.0       1.37263855E-11 
  1855.0       1.5257006E-11  
  1860.0       1.6466682E-11  
  1865.0       1.780671E-11   
  1870.0       1.9654557E-11  
  1875.0       2.3222516E-11  
  1880.0       2.7554991E-11  
  1885.0       2.9905838E-11  
  1890.0       3.2624372E-11  
  1895.0       2.917427E-11   
  1900.0       2.6301052E-11  
  1905.0       3.1263082E-11  
  1910.0       3.5016812E-11  
  1915.0       3.6294426E-11  
  1920.0       3.4896273E-11  
  1925.0       3.2686347E-11  
  1930.0       2.8569268E-11  
  1935.0       2.924983E-11   
  1940.0       3.726012E-11   
  1945.0       4.3316517E-11  
  1950.0       4.1986654E-11  
  1955.0       3.1399106E-11  
  1960.0       2.1897331E-11  
  1965.0       3.114941E-11   
  1970.0       4.14201E-11    
  1975.0       3.3700497E-11  
  1980.0       4.305527E-11   
  1985.0       4.6750343E-11  
  1990.0       3.936637E-11   
  1995.0       5.6183985E-11  
  2000.0       5.9664225E-11  
  2005.0       5.3257045E-11  
  2010.0       6.373784E-11   
  2015.0       7.356403E-11   
  2020.0       6.77112E-11    
  2025.0       7.3569616E-11  
  2030.0       7.5915545E-11  
  2035.0       5.7300574E-11  
  2040.0       6.6984654E-11  
  2045.0       8.068811E-11   
  2050.0       9.53367E-11    
  2055.0       7.86147E-11    
  2060.0       7.2582496E-11  
  2065.0       1.0262154E-10  
  2070.0       1.1649506E-10  
  2075.0       1.1512906E-10  
  2080.0       1.1443969E-10  
  2085.0       1.15009176E-10 
  2090.0       1.140326E-10   
  2095.0       1.258728E-10   
  2100.0       1.5526756E-10  
  2105.0       1.8408942E-10  
  2110.0       1.8861301E-10  
  2115.0       2.0309604E-10  
  2120.0       2.2536799E-10  
  2125.0       2.1361157E-10  
  2130.0       1.8752454E-10  
  2135.0       1.8705971E-10  
  2140.0       1.9708146E-10  
  2145.0       2.114091E-10   
  2150.0       2.1788281E-10  
  2155.0       2.1455923E-10  
  2160.0       1.9586592E-10  
  2165.0       1.8381473E-10  
  2170.0       1.5940234E-10  
  2175.0       1.4708701E-10  
  2180.0       1.6995894E-10  
  2185.0       2.0947251E-10  
  2190.0       2.5590527E-10  
  2195.0       2.7957947E-10  
  2200.0       2.7281236E-10  
  2205.0       2.3817961E-10  
  2210.0       1.9502812E-10  
  2215.0       1.9379563E-10  
  2220.0       2.1146077E-10  
  2225.0       2.3573868E-10  
  2230.0       2.4831492E-10  
  2235.0       2.663992E-10   
  2240.0       2.5896113E-10  
  2245.0       2.4686217E-10  
  2250.0       2.464916E-10   
  2255.0       2.2588803E-10  
  2260.0       1.9790673E-10  
  2265.0       1.7478424E-10  
  2270.0       1.8265563E-10  
  2275.0       2.0403261E-10  
  2280.0       2.2591828E-10  
  2285.0       2.3639002E-10  
  2290.0       2.2957945E-10  
  2295.0       2.1260316E-10  
  2300.0       2.3192162E-10  
  2305.0       2.5214286E-10  
  2310.0       2.4403612E-10  
  2315.0       2.2644414E-10  
  2320.0       2.3277552E-10  
  2325.0       2.4071622E-10  
  2330.0       1.9926445E-10  
  2335.0       1.5555925E-10  
  2340.0       1.3801542E-10  
  2345.0       1.467064E-10   
  2350.0       1.6688712E-10  
  2355.0       1.8206839E-10  
  2360.0       1.7727483E-10  
  2365.0       1.9085493E-10  
  2370.0       1.9973259E-10  
  2375.0       2.0418386E-10  
  2380.0       1.7733259E-10  
  2385.0       1.4121125E-10  
  2390.0       1.3728622E-10  
  2395.0       1.3577882E-10  
  2400.0       1.1844796E-10  
  2405.0       1.14607976E-10 
  2410.0       1.4280563E-10  
  2415.0       2.0018948E-10  
  2420.0       2.6186417E-10  
  2425.0       2.8632385E-10  
  2430.0       2.6898545E-10  
  2435.0       2.6300576E-10  
  2440.0       2.6432606E-10  
  2445.0       2.3965407E-10  
  2450.0       2.1920245E-10  
  2455.0       2.1715617E-10  
  2460.0       2.0994897E-10  
  2465.0       1.9586432E-10  
  2470.0       2.0065119E-10  
  2475.0       1.9631638E-10  
  2480.0       1.8793411E-10  
  2485.0       1.8962097E-10  
  2490.0       2.007185E-10   
  2495.0       2.426983E-10   
  2500.0       2.58877E-10    
  2505.0       2.4304486E-10  
  2510.0       2.0927686E-10  
  2515.0       1.7179343E-10  
  2520.0       1.5703322E-10  
  2525.0       1.6181864E-10  
  2530.0       1.9202365E-10  
  2535.0       2.0518584E-10  
  2540.0       2.0312575E-10  
  2545.0       2.2469918E-10  
  2550.0       2.6069039E-10  
  2555.0       2.8273325E-10  
  2560.0       3.1795494E-10  
  2565.0       3.875032E-10   
  2570.0       4.0261494E-10  
  2575.0       3.5587483E-10  
  2580.0       3.551541E-10   
  2585.0       3.7775422E-10  
  2590.0       3.6916545E-10  
  2595.0       3.1609856E-10  
  2600.0       2.7698063E-10  
  2605.0       2.7473462E-10  
  2610.0       2.8143332E-10  
  2615.0       3.1459604E-10  
  2620.0       3.216224E-10   
  2625.0       3.353975E-10   
  2630.0       4.4181092E-10  
  2635.0       6.091544E-10   
  2640.0       7.214096E-10   
  2645.0       7.2633993E-10  
  2650.0       7.3751244E-10  
  2655.0       7.677408E-10   
  2660.0       7.195904E-10   
  2665.0       7.056119E-10   
  2670.0       7.1838885E-10  
  2675.0       7.2035294E-10  
  2680.0       7.05394E-10    
  2685.0       6.954826E-10   
  2690.0       6.86254E-10    
  2695.0       7.169306E-10   
  2700.0       7.7153983E-10  
  2705.0       7.587805E-10   
  2710.0       6.942842E-10   
  2715.0       6.301735E-10   
  2720.0       6.0770955E-10  
  2725.0       6.4269057E-10  
  2730.0       6.480889E-10   
  2735.0       5.4452737E-10  
  2740.0       4.2824122E-10  
  2745.0       4.1743148E-10  
  2750.0       4.6475385E-10  
  2755.0       5.4597676E-10  
  2760.0       6.2593275E-10  
  2765.0       6.7154016E-10  
  2770.0       6.6641354E-10  
  2775.0       6.1131755E-10  
  2780.0       5.2186405E-10  
  2785.0       4.095931E-10   
  2790.0       3.0247832E-10  
  2795.0       2.431781E-10   
  2800.0       2.5846336E-10  
  2805.0       3.5339529E-10  
  2810.0       5.2405136E-10  
  2815.0       7.3725775E-10  
  2820.0       8.422138E-10   
  2825.0       8.7975577E-10  
  2830.0       9.15752E-10    
  2835.0       9.071946E-10   
  2840.0       8.176888E-10   
  2845.0       6.7718187E-10  
  2850.0       5.9656063E-10  
  2855.0       7.400702E-10   
  2860.0       9.486634E-10   
  2865.0       1.0163422E-9   
  2870.0       9.953446E-10   
  2875.0       9.36986E-10    
  2880.0       9.510168E-10   
  2885.0       1.0628787E-9   
  2890.0       1.2210337E-9   
  2895.0       1.4050647E-9   
  2900.0       1.5274879E-9   
  2905.0       1.5432408E-9   
  2910.0       1.5455836E-9   
  2915.0       1.5057161E-9   
  2920.0       1.3800283E-9   
  2925.0       1.3076659E-9   
  2930.0       1.3552981E-9   
  2935.0       1.390198E-9    
  2940.0       1.3913058E-9   
  2945.0       1.3915941E-9   
  2950.0       1.4285558E-9   
  2955.0       1.4968073E-9   
  2960.0       1.4692891E-9   
  2965.0       1.3911983E-9   
  2970.0       1.3995243E-9   
  2975.0       1.4380542E-9   
  2980.0       1.2949608E-9   
  2985.0       1.2541386E-9   
  2990.0       1.3324545E-9   
  2995.0       1.2657663E-9   
  3000.0       1.1867177E-9   
  3005.0       1.2336215E-9   
  3010.0       1.3024605E-9   
  3015.0       1.2905712E-9   
  3020.0       1.3526629E-9   
  3025.0       1.4782457E-9   
  3030.0       1.5112757E-9   
  3035.0       1.473177E-9    
  3040.0       1.4678667E-9   
  3045.0       1.5294007E-9   
  3050.0       1.5364361E-9   
  3055.0       1.4293385E-9   
  3060.0       1.3720185E-9   
  3065.0       1.4196785E-9   
  3070.0       1.4906655E-9   
  3075.0       1.5127217E-9   
  3080.0       1.5531989E-9   
  3085.0       1.5081288E-9   
  3090.0       1.3889914E-9   
  3095.0       1.3414589E-9   
  3100.0       1.4535527E-9   
  3105.0       1.6347875E-9   
  3110.0       1.7189631E-9   
  3115.0       1.6316526E-9   
  3120.0       1.6007833E-9   
  3125.0       1.641026E-9    
  3130.0       1.6835976E-9   
  3135.0       1.7385686E-9   
  3140.0       1.6979662E-9   
  3145.0       1.6671043E-9   
  3150.0       1.692683E-9    
  3155.0       1.5697769E-9   
  3160.0       1.5407036E-9   
  3165.0       1.6276976E-9   
  3170.0       1.7303898E-9   
  3175.0       1.7523861E-9   
  3180.0       1.7332341E-9   
  3185.0       1.7649288E-9   
  3190.0       1.8002912E-9   
  3195.0       1.8163072E-9   
  3200.0       1.8267541E-9   
  3205.0       1.8503297E-9   
  3210.0       1.8438461E-9   
  3215.0       1.7755454E-9   
  3220.0       1.6825464E-9   
  3225.0       1.6164181E-9   
  3230.0       1.5975751E-9   
  3235.0       1.6294137E-9   
  3240.0       1.7029222E-9   
  3245.0       1.8024258E-9   
  3250.0       1.9060569E-9   
  3255.0       1.9968824E-9   
  3260.0       2.0749806E-9   
  3265.0       2.1281334E-9   
  3270.0       2.1002065E-9   
  3275.0       1.9813744E-9   
  3280.0       1.9217459E-9   
  3285.0       2.0411572E-9   
  3290.0       2.2221898E-9   
  3295.0       2.3119422E-9   
  3300.0       2.3050382E-9   
  3305.0       2.2537472E-9   
  3310.0       2.2067557E-9   
  3315.0       2.1885742E-9   
  3320.0       2.1705258E-9   
  3325.0       2.1270947E-9   
  3330.0       2.0920068E-9   
  3335.0       2.1026412E-9   
  3340.0       2.144874E-9    
  3345.0       2.184182E-9    
  3350.0       2.1866564E-9   
  3355.0       2.1367474E-9   
  3360.0       2.0652742E-9   
  3365.0       2.0159396E-9   
  3370.0       2.0188333E-9   
  3375.0       2.0776347E-9   
  3380.0       2.1428723E-9   
  3385.0       2.1707725E-9   
  3390.0       2.1835092E-9   
  3395.0       2.2092932E-9   
  3400.0       2.2264621E-9   
  3405.0       2.2106863E-9   
  3410.0       2.181784E-9    
  3415.0       2.1669446E-9   
  3420.0       2.1662185E-9   
  3425.0       2.1607183E-9   
  3430.0       2.1128876E-9   
  3435.0       2.01207E-9     
  3440.0       1.9336428E-9   
  3445.0       1.9464805E-9   
  3450.0       2.0165474E-9   
  3455.0       2.081776E-9    
  3460.0       2.1119448E-9   
  3465.0       2.1016549E-9   
  3470.0       2.0750721E-9   
  3475.0       2.0531525E-9   
  3480.0       2.0222222E-9   
  3485.0       1.9768995E-9   
  3490.0       1.9670605E-9   
  3495.0       2.0371647E-9   
  3500.0       2.1600917E-9   
  3505.0       2.2726068E-9   
  3510.0       2.2997602E-9   
  3515.0       2.2950435E-9   
  3520.0       2.235082E-9    
  3525.0       2.2089426E-9   
  3530.0       2.3017785E-9   
  3535.0       2.4219713E-9   
  3540.0       2.5097013E-9   
  3545.0       2.5379134E-9   
  3550.0       2.510592E-9    
  3555.0       2.4452411E-9   
  3560.0       2.3626139E-9   
  3565.0       2.2099047E-9   
  3570.0       2.0811879E-9   
  3575.0       2.026189E-9    
  3580.0       1.9459725E-9   
  3585.0       1.9333872E-9   
  3590.0       2.106197E-9    
  3595.0       2.2959155E-9   
  3600.0       2.3266422E-9   
  3605.0       2.2223339E-9   
  3610.0       2.153042E-9    
  3615.0       2.1607884E-9   
  3620.0       2.213853E-9    
  3625.0       2.3457474E-9   
  3630.0       2.331629E-9    
  3635.0       2.3029987E-9   
  3640.0       2.377136E-9    
  3645.0       2.366166E-9    
  3650.0       2.4234104E-9   
  3655.0       2.605811E-9    
  3660.0       2.7134501E-9   
  3665.0       2.6746074E-9   
  3670.0       2.628432E-9    
  3675.0       2.5993159E-9   
  3680.0       2.530393E-9    
  3685.0       2.519074E-9    
  3690.0       2.604851E-9    
  3695.0       2.7133071E-9   
  3700.0       2.7194214E-9   
  3705.0       2.5738558E-9   
  3710.0       2.6032945E-9   
  3715.0       2.7001126E-9   
  3720.0       2.560005E-9    
  3725.0       2.520371E-9    
  3730.0       2.4513271E-9   
  3735.0       2.293808E-9    
  3740.0       2.3736269E-9   
  3745.0       2.3312632E-9   
  3750.0       2.3543658E-9   
  3755.0       2.599269E-9    
  3760.0       2.6536422E-9   
  3765.0       2.6505549E-9   
  3770.0       2.704004E-9    
  3775.0       2.9611895E-9   
  3780.0       3.1996825E-9   
  3785.0       3.133131E-9    
  3790.0       2.8480838E-9   
  3795.0       2.6519429E-9   
  3800.0       2.7819598E-9   
  3805.0       3.0847462E-9   
  3810.0       3.1594267E-9   
  3815.0       2.9514646E-9   
  3820.0       2.6994393E-9   
  3825.0       2.4070688E-9   
  3830.0       2.1306448E-9   
  3835.0       2.029183E-9    
  3840.0       2.3303388E-9   
  3845.0       2.8195362E-9   
  3850.0       3.0695415E-9   
  3855.0       3.0518947E-9   
  3860.0       3.0310854E-9   
  3865.0       3.118908E-9    
  3870.0       3.0396567E-9   
  3875.0       2.9269849E-9   
  3880.0       2.7713216E-9   
  3885.0       2.5615619E-9   
  3890.0       2.5760614E-9   
  3895.0       2.842159E-9    
  3900.0       3.0148715E-9   
  3905.0       3.1021474E-9   
  3910.0       3.2234977E-9   
  3915.0       3.192194E-9    
  3920.0       2.9181748E-9   
  3925.0       2.3769313E-9   
  3930.0       1.6997377E-9   
  3935.0       1.5795262E-9   
  3940.0       2.1363051E-9   
  3945.0       2.7042761E-9   
  3950.0       3.0223628E-9   
  3955.0       2.9991434E-9   
  3960.0       2.5603883E-9   
  3965.0       1.9166866E-9   
  3970.0       1.8274997E-9   
  3975.0       2.5016826E-9   
  3980.0       3.1791332E-9   
  3985.0       3.5136931E-9   
  3990.0       3.6688983E-9   
  3995.0       3.741732E-9    
  4000.0       3.785312E-9    
  4005.0       3.8101122E-9   
  4010.0       3.8884638E-9   
  4015.0       3.9589807E-9   
  4020.0       4.0001087E-9   
  4025.0       3.978031E-9    
  4030.0       3.877822E-9    
  4035.0       3.89272E-9     
  4040.0       3.9116492E-9   
  4045.0       3.8165178E-9   
  4050.0       3.8381454E-9   
  4055.0       3.7823416E-9   
  4060.0       3.708002E-9    
  4065.0       3.6953092E-9   
  4070.0       3.7116479E-9   
  4075.0       3.6952075E-9   
  4080.0       3.752948E-9    
  4085.0       3.876871E-9    
  4090.0       3.8532093E-9   
  4095.0       3.5434111E-9   
  4100.0       3.227185E-9    
  4105.0       3.369602E-9    
  4110.0       3.714261E-9    
  4115.0       3.9181502E-9   
  4120.0       3.9513077E-9   
  4125.0       3.930117E-9    
  4130.0       3.9062305E-9   
  4135.0       3.9757047E-9   
  4140.0       4.040836E-9    
  4145.0       4.019819E-9    
  4150.0       3.9822883E-9   
  4155.0       3.9577146E-9   
  4160.0       4.0411243E-9   
  4165.0       4.0570964E-9   
  4170.0       3.902709E-9    
  4175.0       3.8056864E-9   
  4180.0       3.8456545E-9   
  4185.0       3.8914507E-9   
  4190.0       3.933802E-9    
  4195.0       3.8759085E-9   
  4200.0       3.8133683E-9   
  4205.0       3.903837E-9    
  4210.0       4.0116728E-9   
  4215.0       4.00408E-9     
  4220.0       3.9001393E-9   
  4225.0       3.7205987E-9   
  4230.0       3.7697814E-9   
  4235.0       3.8120933E-9   
  4240.0       3.837683E-9    
  4245.0       3.8382817E-9   
  4250.0       3.831714E-9    
  4255.0       3.846679E-9    
  4260.0       3.839804E-9    
  4265.0       3.8476453E-9   
  4270.0       3.7378074E-9   
  4275.0       3.7356993E-9   
  4280.0       3.7674095E-9   
  4285.0       3.6626295E-9   
  4290.0       3.5229657E-9   
  4295.0       3.3598138E-9   
  4300.0       3.1029797E-9   
  4305.0       3.0122902E-9   
  4310.0       3.2000744E-9   
  4315.0       3.6129635E-9   
  4320.0       3.7888532E-9   
  4325.0       3.7166146E-9   
  4330.0       3.7086396E-9   
  4335.0       3.4870287E-9   
  4340.0       3.2061773E-9   
  4345.0       3.407333E-9    
  4350.0       3.6836174E-9   
  4355.0       3.8852135E-9   
  4360.0       4.0575943E-9   
  4365.0       4.126795E-9    
  4370.0       4.047713E-9    
  4375.0       3.9519605E-9   
  4380.0       3.8256753E-9   
  4385.0       3.7221568E-9   
  4390.0       3.8295984E-9   
  4395.0       3.931812E-9    
  4400.0       3.9451398E-9   
  4405.0       3.944188E-9    
  4410.0       4.0244035E-9   
  4415.0       4.084802E-9    
  4420.0       4.1429216E-9   
  4425.0       4.1502566E-9   
  4430.0       4.1218398E-9   
  4435.0       4.0934065E-9   
  4440.0       4.1189265E-9   
  4445.0       4.1207056E-9   
  4450.0       4.0779367E-9   
  4455.0       3.9545096E-9   
  4460.0       3.9351384E-9   
  4465.0       4.0338155E-9   
  4470.0       4.1620996E-9   
  4475.0       4.2465595E-9   
  4480.0       4.191957E-9    
  4485.0       4.1978385E-9   
  4490.0       4.208325E-9    
  4495.0       4.260199E-9    
  4500.0       4.374933E-9    
  4505.0       4.4486295E-9   
  4510.0       4.407092E-9    
  4515.0       4.3213113E-9   
  4520.0       4.2145256E-9   
  4525.0       4.0496233E-9   
  4530.0       3.974027E-9    
  4535.0       4.0890087E-9   
  4540.0       4.18073E-9     
  4545.0       4.107935E-9    
  4550.0       4.046452E-9    
  4555.0       4.1361314E-9   
  4560.0       4.2307917E-9   
  4565.0       4.2572292E-9   
  4570.0       4.2839186E-9   
  4575.0       4.265299E-9    
  4580.0       4.1623056E-9   
  4585.0       4.125498E-9    
  4590.0       4.1425956E-9   
  4595.0       4.146114E-9    
  4600.0       4.155916E-9    
  4605.0       4.2194213E-9   
  4610.0       4.2503996E-9   
  4615.0       4.2285073E-9   
  4620.0       4.247632E-9    
  4625.0       4.2525654E-9   
  4630.0       4.2181747E-9   
  4635.0       4.171929E-9    
  4640.0       4.13644E-9     
  4645.0       4.087357E-9    
  4650.0       4.092939E-9    
  4655.0       4.1478434E-9   
  4660.0       4.145673E-9    
  4665.0       4.0181316E-9   
  4670.0       4.0456842E-9   
  4675.0       4.1328154E-9   
  4680.0       4.14113E-9     
  4685.0       4.1705266E-9   
  4690.0       4.1634203E-9   
  4695.0       4.1270427E-9   
  4700.0       4.015177E-9    
  4705.0       3.980943E-9    
  4710.0       4.0480854E-9   
  4715.0       4.152105E-9    
  4720.0       4.2071653E-9   
  4725.0       4.159014E-9    
  4730.0       4.074072E-9    
  4735.0       4.0978785E-9   
  4740.0       4.156285E-9    
  4745.0       4.1827515E-9   
  4750.0       4.1327253E-9   
  4755.0       4.0839554E-9   
  4760.0       4.061772E-9    
  4765.0       4.0508854E-9   
  4770.0       4.1263113E-9   
  4775.0       4.2083688E-9   
  4780.0       4.198221E-9    
  4785.0       4.124069E-9    
  4790.0       4.142318E-9    
  4795.0       4.177975E-9    
  4800.0       4.1425747E-9   
  4805.0       4.125693E-9    
  4810.0       4.168425E-9    
  4815.0       4.2157566E-9   
  4820.0       4.1745434E-9   
  4825.0       4.1041712E-9   
  4830.0       4.075001E-9    
  4835.0       4.0615227E-9   
  4840.0       4.0260457E-9   
  4845.0       3.9742845E-9   
  4850.0       3.8329215E-9   
  4855.0       3.529736E-9    
  4860.0       3.2520506E-9   
  4865.0       3.2966156E-9   
  4870.0       3.4803318E-9   
  4875.0       3.6882946E-9   
  4880.0       3.828528E-9    
  4885.0       3.8658476E-9   
  4890.0       3.9034966E-9   
  4895.0       4.009957E-9    
  4900.0       4.069954E-9    
  4905.0       4.081327E-9    
  4910.0       4.0385566E-9   
  4915.0       3.979095E-9    
  4920.0       3.898888E-9    
  4925.0       3.9455283E-9   
  4930.0       3.986164E-9    
  4935.0       3.9779997E-9   
  4940.0       3.999167E-9    
  4945.0       4.0584673E-9   
  4950.0       4.0825663E-9   
  4955.0       4.039083E-9    
  4960.0       4.0382973E-9   
  4965.0       4.0471604E-9   
  4970.0       4.064073E-9    
  4975.0       4.0286583E-9   
  4980.0       3.9090406E-9   
  4985.0       3.8857975E-9   
  4990.0       3.9181898E-9   
  4995.0       3.9146655E-9   
  5000.0       3.8629686E-9   
  5005.0       3.800401E-9    
  5010.0       3.7765595E-9   
  5015.0       3.7305874E-9   
  5020.0       3.7543284E-9   
  5025.0       3.804846E-9    
  5030.0       3.8685757E-9   
  5035.0       3.8498555E-9   
  5040.0       3.8033474E-9   
  5045.0       3.849198E-9    
  5050.0       3.8829993E-9   
  5055.0       3.943514E-9    
  5060.0       3.964258E-9    
  5065.0       3.934191E-9    
  5070.0       3.893353E-9    
  5075.0       3.8380805E-9   
  5080.0       3.816299E-9    
  5085.0       3.8769516E-9   
  5090.0       3.9173242E-9   
  5095.0       3.8970516E-9   
  5100.0       3.8623296E-9   
  5105.0       3.8554124E-9   
  5110.0       3.88648E-9     
  5115.0       3.936961E-9    
  5120.0       3.911241E-9    
  5125.0       3.853227E-9    
  5130.0       3.8168033E-9   
  5135.0       3.774412E-9    
  5140.0       3.746362E-9    
  5145.0       3.7509063E-9   
  5150.0       3.768284E-9    
  5155.0       3.777123E-9    
  5160.0       3.7192798E-9   
  5165.0       3.5400312E-9   
  5170.0       3.451997E-9    
  5175.0       3.512211E-9    
  5180.0       3.524185E-9    
  5185.0       3.535826E-9    
  5190.0       3.5904137E-9   
  5195.0       3.6514651E-9   
  5200.0       3.7034644E-9   
  5205.0       3.715344E-9    
  5210.0       3.7397707E-9   
  5215.0       3.748074E-9    
  5220.0       3.7486294E-9   
  5225.0       3.6824066E-9   
  5230.0       3.6850274E-9   
  5235.0       3.7275165E-9   
  5240.0       3.778944E-9    
  5245.0       3.786023E-9    
  5250.0       3.780644E-9    
  5255.0       3.7645966E-9   
  5260.0       3.6597572E-9   
  5265.0       3.5199028E-9   
  5270.0       3.4881402E-9   
  5275.0       3.557349E-9    
  5280.0       3.6530385E-9   
  5285.0       3.744036E-9    
  5290.0       3.8037684E-9   
  5295.0       3.7800003E-9   
  5300.0       3.7738603E-9   
  5305.0       3.7988115E-9   
  5310.0       3.8264534E-9   
  5315.0       3.8145678E-9   
  5320.0       3.7405306E-9   
  5325.0       3.6398173E-9   
  5330.0       3.6205963E-9   
  5335.0       3.657255E-9    
  5340.0       3.6823318E-9   
  5345.0       3.7045376E-9   
  5350.0       3.750194E-9    
  5355.0       3.799605E-9    
  5360.0       3.7688643E-9   
  5365.0       3.706969E-9    
  5370.0       3.6836532E-9   
  5375.0       3.7135977E-9   
  5380.0       3.7287804E-9   
  5385.0       3.7328105E-9   
  5390.0       3.7035917E-9   
  5395.0       3.6549557E-9   
  5400.0       3.6051575E-9   
  5405.0       3.5722088E-9   
  5410.0       3.595736E-9    
  5415.0       3.6426602E-9   
  5420.0       3.6672854E-9   
  5425.0       3.676541E-9    
  5430.0       3.6742123E-9   
  5435.0       3.6857153E-9   
  5440.0       3.710154E-9    
  5445.0       3.7038397E-9   
  5450.0       3.7011956E-9   
  5455.0       3.6848504E-9   
  5460.0       3.6967136E-9   
  5465.0       3.6914158E-9   
  5470.0       3.674185E-9    
  5475.0       3.639607E-9    
  5480.0       3.6444558E-9   
  5485.0       3.6752696E-9   
  5490.0       3.6909549E-9   
  5495.0       3.6798722E-9   
  5500.0       3.6736256E-9   
  5505.0       3.6775598E-9   
  5510.0       3.6860197E-9   
  5515.0       3.7055627E-9   
  5520.0       3.7082712E-9   
  5525.0       3.6730738E-9   
  5530.0       3.6567203E-9   
  5535.0       3.663211E-9    
  5540.0       3.6964045E-9   
  5545.0       3.71281E-9     
  5550.0       3.7130112E-9   
  5555.0       3.680383E-9    
  5560.0       3.6552399E-9   
  5565.0       3.6247745E-9   
  5570.0       3.6066334E-9   
  5575.0       3.6078949E-9   
  5580.0       3.5984207E-9   
  5585.0       3.549287E-9    
  5590.0       3.5259797E-9   
  5595.0       3.513115E-9    
  5600.0       3.5247263E-9   
  5605.0       3.580551E-9    
  5610.0       3.5936023E-9   
  5615.0       3.5662358E-9   
  5620.0       3.568026E-9    
  5625.0       3.567165E-9    
  5630.0       3.5827952E-9   
  5635.0       3.571577E-9    
  5640.0       3.5579983E-9   
  5645.0       3.550474E-9    
  5650.0       3.5165013E-9   
  5655.0       3.4690646E-9   
  5660.0       3.4520897E-9   
  5665.0       3.4756453E-9   
  5670.0       3.521395E-9    
  5675.0       3.549279E-9    
  5680.0       3.5273893E-9   
  5685.0       3.4970453E-9   
  5690.0       3.49584E-9     
  5695.0       3.497293E-9    
  5700.0       3.48697E-9     
  5705.0       3.4527339E-9   
  5710.0       3.4320755E-9   
  5715.0       3.4720733E-9   
  5720.0       3.5210137E-9   
  5725.0       3.5533E-9      
  5730.0       3.562642E-9    
  5735.0       3.5589034E-9   
  5740.0       3.5427008E-9   
  5745.0       3.5262326E-9   
  5750.0       3.5044236E-9   
  5755.0       3.505017E-9    
  5760.0       3.5161871E-9   
  5765.0       3.5252665E-9   
  5770.0       3.523205E-9    
  5775.0       3.4982808E-9   
  5780.0       3.4621588E-9   
  5785.0       3.4421817E-9   
  5790.0       3.4461316E-9   
  5795.0       3.464089E-9    
  5800.0       3.4849166E-9   
  5805.0       3.4838252E-9   
  5810.0       3.4847942E-9   
  5815.0       3.5033347E-9   
  5820.0       3.516754E-9    
  5825.0       3.5161416E-9   
  5830.0       3.5162813E-9   
  5835.0       3.5278893E-9   
  5840.0       3.5314696E-9   
  5845.0       3.5095156E-9   
  5850.0       3.4737244E-9   
  5855.0       3.4330905E-9   
  5860.0       3.4236118E-9   
  5865.0       3.4491359E-9   
  5870.0       3.4787822E-9   
  5875.0       3.4802776E-9   
  5880.0       3.4408285E-9   
  5885.0       3.3474217E-9   
  5890.0       3.2398761E-9   
  5895.0       3.2358214E-9   
  5900.0       3.3237326E-9   
  5905.0       3.4004068E-9   
  5910.0       3.4206742E-9   
  5915.0       3.426745E-9    
  5920.0       3.4345322E-9   
  5925.0       3.4111378E-9   
  5930.0       3.3928718E-9   
  5935.0       3.406084E-9    
  5940.0       3.4006773E-9   
  5945.0       3.376451E-9    
  5950.0       3.3635745E-9   
  5955.0       3.375824E-9    
  5960.0       3.390699E-9    
  5965.0       3.4073444E-9   
  5970.0       3.4004966E-9   
  5975.0       3.3672376E-9   
  5980.0       3.3318146E-9   
  5985.0       3.3165652E-9   
  5990.0       3.323937E-9    
  5995.0       3.3232554E-9   
  6000.0       3.3098835E-9   
  6005.0       3.2813512E-9   
  6010.0       3.2699485E-9   
  6015.0       3.264653E-9    
  6020.0       3.2607506E-9   
  6025.0       3.2727698E-9   
  6030.0       3.2872502E-9   
  6035.0       3.302298E-9    
  6040.0       3.3051366E-9   
  6045.0       3.3184828E-9   
  6050.0       3.31731E-9     
  6055.0       3.3056318E-9   
  6060.0       3.3024006E-9   
  6065.0       3.2988625E-9   
  6070.0       3.3154084E-9   
  6075.0       3.2904885E-9   
  6080.0       3.2572285E-9   
  6085.0       3.2470453E-9   
  6090.0       3.2488863E-9   
  6095.0       3.2272787E-9   
  6100.0       3.180175E-9    
  6105.0       3.1949245E-9   
  6110.0       3.2356535E-9   
  6115.0       3.2204686E-9   
  6120.0       3.189353E-9    
  6125.0       3.1897824E-9   
  6130.0       3.1727796E-9   
  6135.0       3.1227247E-9   
  6140.0       3.1259022E-9   
  6145.0       3.1569571E-9   
  6150.0       3.155747E-9    
  6155.0       3.1126375E-9   
  6160.0       3.0566094E-9   
  6165.0       3.0592016E-9   
  6170.0       3.0917882E-9   
  6175.0       3.1467977E-9   
  6180.0       3.1706984E-9   
  6185.0       3.1571992E-9   
  6190.0       3.1456384E-9   
  6195.0       3.1769736E-9   
  6200.0       3.1929699E-9   
  6205.0       3.196913E-9    
  6210.0       3.1725054E-9   
  6215.0       3.1375613E-9   
  6220.0       3.134781E-9    
  6225.0       3.1282261E-9   
  6230.0       3.097284E-9    
  6235.0       3.0910683E-9   
  6240.0       3.0797902E-9   
  6245.0       3.0595009E-9   
  6250.0       3.059872E-9    
  6255.0       3.049977E-9    
  6260.0       3.071062E-9    
  6265.0       3.0913085E-9   
  6270.0       3.0978204E-9   
  6275.0       3.0543794E-9   
  6280.0       3.0215286E-9   
  6285.0       3.0724712E-9   
  6290.0       3.0893792E-9   
  6295.0       3.0597211E-9   
  6300.0       3.0315563E-9   
  6305.0       3.0500675E-9   
  6310.0       3.04903E-9     
  6315.0       3.012769E-9    
  6320.0       3.0256004E-9   
  6325.0       3.0779406E-9   
  6330.0       3.0822072E-9   
  6335.0       3.0530078E-9   
  6340.0       3.0438227E-9   
  6345.0       3.0511798E-9   
  6350.0       3.0577423E-9   
  6355.0       3.03549E-9     
  6360.0       3.023317E-9    
  6365.0       3.042822E-9    
  6370.0       3.0633118E-9   
  6375.0       3.0746774E-9   
  6380.0       3.0646612E-9   
  6385.0       3.0547296E-9   
  6390.0       3.034466E-9    
  6395.0       3.0119303E-9   
  6400.0       3.0078566E-9   
  6405.0       3.008574E-9    
  6410.0       2.9950324E-9   
  6415.0       2.9888583E-9   
  6420.0       2.9999634E-9   
  6425.0       3.0178775E-9   
  6430.0       3.0073586E-9   
  6435.0       3.0110832E-9   
  6440.0       3.0200644E-9   
  6445.0       3.0106926E-9   
  6450.0       2.9775533E-9   
  6455.0       2.9559695E-9   
  6460.0       2.9529195E-9   
  6465.0       2.969678E-9    
  6470.0       2.9825162E-9   
  6475.0       2.986733E-9    
  6480.0       2.987175E-9    
  6485.0       2.972838E-9    
  6490.0       2.9160716E-9   
  6495.0       2.8833351E-9   
  6500.0       2.9533855E-9   
  6505.0       3.0162284E-9   
  6510.0       3.0128693E-9   
  6515.0       2.9814629E-9   
  6520.0       2.9962994E-9   
  6525.0       3.0076024E-9   
  6530.0       3.003914E-9    
  6535.0       2.9988325E-9   
  6540.0       2.9675002E-9   
  6545.0       2.9062734E-9   
  6550.0       2.8039757E-9   
  6555.0       2.5968399E-9   
  6560.0       2.343868E-9    
  6565.0       2.436757E-9    
  6570.0       2.70385E-9     
  6575.0       2.8575662E-9   
  6580.0       2.9125058E-9   
  6585.0       2.9190006E-9   
  6590.0       2.9075742E-9   
  6595.0       2.9191831E-9   
  6600.0       2.956069E-9    
  6605.0       2.9615517E-9   
  6610.0       2.9607214E-9   
  6615.0       2.9715024E-9   
  6620.0       2.9699514E-9   
  6625.0       2.9485658E-9   
  6630.0       2.9125544E-9   
  6635.0       2.9040474E-9   
  6640.0       2.9060352E-9   
  6645.0       2.8988858E-9   
  6650.0       2.9028815E-9   
  6655.0       2.8940617E-9   
  6660.0       2.8731661E-9   
  6665.0       2.8692206E-9   
  6670.0       2.875132E-9    
  6675.0       2.862343E-9    
  6680.0       2.8666207E-9   
  6685.0       2.877129E-9    
  6690.0       2.8773743E-9   
  6695.0       2.86589E-9     
  6700.0       2.856648E-9    
  6705.0       2.8376401E-9   
  6710.0       2.8199771E-9   
  6715.0       2.8029543E-9   
  6720.0       2.8057656E-9   
  6725.0       2.8274196E-9   
  6730.0       2.8393743E-9   
  6735.0       2.8290057E-9   
  6740.0       2.8126572E-9   
  6745.0       2.802232E-9    
  6750.0       2.7961857E-9   
  6755.0       2.8121707E-9   
  6760.0       2.8162337E-9   
  6765.0       2.8105887E-9   
  6770.0       2.8036105E-9   
  6775.0       2.803856E-9    
  6780.0       2.7986724E-9   
  6785.0       2.788671E-9    
  6790.0       2.7928906E-9   
  6795.0       2.7940819E-9   
  6800.0       2.7925815E-9   
  6805.0       2.7840696E-9   
  6810.0       2.7840947E-9   
  6815.0       2.7806826E-9   
  6820.0       2.7697042E-9   
  6825.0       2.7625497E-9   
  6830.0       2.746188E-9    
  6835.0       2.7311273E-9   
  6840.0       2.7264488E-9   
  6845.0       2.7234501E-9   
  6850.0       2.7204503E-9   
  6855.0       2.7174476E-9   
  6860.0       2.7144553E-9   
  6865.0       2.711455E-9    
  6870.0       2.7084597E-9   
  6875.0       2.7054614E-9   
  6880.0       2.7024656E-9   
  6885.0       2.6994595E-9   
  6890.0       2.6964677E-9   
  6895.0       2.6934672E-9   
  6900.0       2.6904685E-9   
  6905.0       2.6874758E-9   
  6910.0       2.6844809E-9   
  6915.0       2.6814773E-9   
  6920.0       2.6784808E-9   
  6925.0       2.6754845E-9   
  6930.0       2.6724856E-9   
  6935.0       2.6694857E-9   
  6940.0       2.666485E-9    
  6945.0       2.6634905E-9   
  6950.0       2.6604876E-9   
  6955.0       2.6574931E-9   
  6960.0       2.654498E-9    
  6965.0       2.6514941E-9   
  6970.0       2.648498E-9    
  6975.0       2.6458193E-9   
  6980.0       2.6483005E-9   
  6985.0       2.6651228E-9   
  6990.0       2.6548161E-9   
  6995.0       2.6492173E-9   
  7000.0       2.6198668E-9   
  7005.0       2.5909714E-9   
  7010.0       2.6117675E-9   
  7015.0       2.597314E-9    
  7020.0       2.5867828E-9   
  7025.0       2.5796838E-9   
  7030.0       2.5907618E-9   
  7035.0       2.5946176E-9   
  7040.0       2.6055371E-9   
  7045.0       2.6277673E-9   
  7050.0       2.6207028E-9   
  7055.0       2.6050166E-9   
  7060.0       2.6041955E-9   
  7065.0       2.5983051E-9   
  7070.0       2.6048546E-9   
  7075.0       2.6139735E-9   
  7080.0       2.6000038E-9   
  7085.0       2.5875095E-9   
  7090.0       2.5879014E-9   
  7095.0       2.5896503E-9   
  7100.0       2.5879883E-9   
  7105.0       2.5896822E-9   
  7110.0       2.5715707E-9   
  7115.0       2.5712033E-9   
  7120.0       2.575511E-9    
  7125.0       2.5834777E-9   
  7130.0       2.5871933E-9   
  7135.0       2.585985E-9    
  7140.0       2.5675762E-9   
  7145.0       2.550261E-9    
  7150.0       2.5620412E-9   
  7155.0       2.574425E-9    
  7160.0       2.5499356E-9   
  7165.0       2.5127127E-9   
  7170.0       2.4938267E-9   
  7175.0       2.4756712E-9   
  7180.0       2.4587095E-9   
  7185.0       2.422139E-9    
  7190.0       2.4134466E-9   
  7195.0       2.4328828E-9   
  7200.0       2.4454079E-9   
  7205.0       2.4704636E-9   
  7210.0       2.515753E-9    
  7215.0       2.5431763E-9   
  7220.0       2.5393643E-9   
  7225.0       2.5198839E-9   
  7230.0       2.4865145E-9   
  7235.0       2.4587699E-9   
  7240.0       2.4636686E-9   
  7245.0       2.469764E-9    
  7250.0       2.4545503E-9   
  7255.0       2.4529316E-9   
  7260.0       2.4651439E-9   
  7265.0       2.455385E-9    
  7270.0       2.451063E-9    
  7275.0       2.4268745E-9   
  7280.0       2.4324214E-9   
  7285.0       2.4153564E-9   
  7290.0       2.376164E-9    
  7295.0       2.4102116E-9   
  7300.0       2.4276394E-9   
  7305.0       2.415739E-9    
  7310.0       2.4161462E-9   
  7315.0       2.41563E-9     
  7320.0       2.4162894E-9   
  7325.0       2.4163331E-9   
  7330.0       2.4061109E-9   
  7335.0       2.4097428E-9   
  7340.0       2.414409E-9    
  7345.0       2.4059676E-9   
  7350.0       2.3924212E-9   
  7355.0       2.387419E-9    
  7360.0       2.3909086E-9   
  7365.0       2.391172E-9    
  7370.0       2.3908455E-9   
  7375.0       2.3794653E-9   
  7380.0       2.359792E-9    
  7385.0       2.3135882E-9   
  7390.0       2.2984377E-9   
  7395.0       2.3147144E-9   
  7400.0       2.3063584E-9   
  7405.0       2.2851823E-9   
  7410.0       2.2792688E-9   
  7415.0       2.3004314E-9   
  7420.0       2.319346E-9    
  7425.0       2.3737463E-9   
  7430.0       2.4062714E-9   
  7435.0       2.4116409E-9   
  7440.0       2.3945697E-9   
  7445.0       2.3697118E-9   
  7450.0       2.386192E-9    
  7455.0       2.4036273E-9   
  7460.0       2.3888553E-9   
  7465.0       2.3873754E-9   
  7470.0       2.3975664E-9   
  7475.0       2.3910167E-9   
  7480.0       2.3845947E-9   
  7485.0       2.3839624E-9   
  7490.0       2.367504E-9    
  7495.0       2.349625E-9    
  7500.0       2.3673725E-9   
  7505.0       2.3587126E-9   
  7510.0       2.3375637E-9   
  7515.0       2.3505982E-9   
  7520.0       2.3565254E-9   
  7525.0       2.343062E-9    
  7530.0       2.3436555E-9   
  7535.0       2.3549984E-9   
  7540.0       2.3581155E-9   
  7545.0       2.3444617E-9   
  7550.0       2.3367697E-9   
  7555.0       2.3330156E-9   
  7560.0       2.3296773E-9   
  7565.0       2.3263464E-9   
  7570.0       2.323014E-9    
  7575.0       2.3196796E-9   
  7580.0       2.3163456E-9   
  7585.0       2.3130127E-9   
  7590.0       2.309682E-9    
  7595.0       2.3063482E-9   
  7600.0       2.303016E-9    
  7605.0       2.2996796E-9   
  7610.0       2.2963473E-9   
  7615.0       2.2930162E-9   
  7620.0       2.2896827E-9   
  7625.0       2.286349E-9    
  7630.0       2.2830142E-9   
  7635.0       2.2796824E-9   
  7640.0       2.2763467E-9   
  7645.0       2.2730124E-9   
  7650.0       2.2696802E-9   
  7655.0       2.2663467E-9   
  7660.0       2.2630133E-9   
  7665.0       2.2596824E-9   
  7670.0       2.2563438E-9   
  7675.0       2.2530138E-9   
  7680.0       2.249679E-9    
  7685.0       2.246347E-9    
  7690.0       2.2430182E-9   
  7695.0       2.2396809E-9   
  7700.0       2.2363453E-9   
  7705.0       2.233016E-9    
  7710.0       2.2296838E-9   
  7715.0       2.2263473E-9   
  7720.0       2.2230162E-9   
  7725.0       2.2196798E-9   
  7730.0       2.2184043E-9   
  7735.0       2.2256461E-9   
  7740.0       2.2093583E-9   
  7745.0       2.1782147E-9   
  7750.0       2.1787132E-9   
  7755.0       2.20233E-9     
  7760.0       2.2095312E-9   
  7765.0       2.20894E-9     
  7770.0       2.179113E-9    
  7775.0       2.155553E-9    
  7780.0       2.1732955E-9   
  7785.0       2.1877244E-9   
  7790.0       2.1888884E-9   
  7795.0       2.1819895E-9   
  7800.0       2.1693667E-9   
  7805.0       2.1724382E-9   
  7810.0       2.1724815E-9   
  7815.0       2.185816E-9    
  7820.0       2.1918742E-9   
  7825.0       2.1824231E-9   
  7830.0       2.1570394E-9   
  7835.0       2.1476814E-9   
  7840.0       2.1631599E-9   
  7845.0       2.1657827E-9   
  7850.0       2.1621522E-9   
  7855.0       2.1635431E-9   
  7860.0       2.1677034E-9   
  7865.0       2.1624458E-9   
  7870.0       2.158562E-9    
  7875.0       2.1482336E-9   
  7880.0       2.141098E-9    
  7885.0       2.1456437E-9   
  7890.0       2.141492E-9    
  7895.0       2.1311146E-9   
  7900.0       2.133296E-9    
  7905.0       2.1363862E-9   
  7910.0       2.125227E-9    
  7915.0       2.1094053E-9   
  7920.0       2.1069229E-9   
  7925.0       2.1031827E-9   
  7930.0       2.0796813E-9   
  7935.0       2.0738276E-9   
  7940.0       2.075275E-9    
  7945.0       2.0724225E-9   
  7950.0       2.0982192E-9   
  7955.0       2.1113886E-9   
  7960.0       2.1034474E-9   
  7965.0       2.103119E-9    
  7970.0       2.1090598E-9   
  7975.0       2.11409E-9     
  7980.0       2.1145343E-9   
  7985.0       2.1092055E-9   
  7990.0       2.1019135E-9   
  7995.0       2.0795288E-9   
  8000.0       2.0681512E-9   
  8005.0       2.0826691E-9   
  8010.0       2.0855921E-9   
  8015.0       2.0904654E-9   
  8020.0       2.0866324E-9   
  8025.0       2.067931E-9    
  8030.0       2.0661064E-9   
  8035.0       2.078651E-9    
  8040.0       2.0730957E-9   
  8045.0       2.0467819E-9   
  8050.0       2.0497943E-9   
  8055.0       2.0704405E-9   
  8060.0       2.0777344E-9   
  8065.0       2.0762925E-9   
  8070.0       2.064805E-9    
  8075.0       2.061246E-9    
  8080.0       2.0544921E-9   
  8085.0       2.0441857E-9   
  8090.0       2.0398034E-9   
  8095.0       2.0298518E-9   
  8100.0       2.0269866E-9   
  8105.0       2.0255277E-9   
  8110.0       2.0240687E-9   
  8115.0       2.0226192E-9   
  8120.0       2.0211604E-9   
  8125.0       2.0197046E-9   
  8130.0       2.0182465E-9   
  8135.0       2.0167887E-9   
  8140.0       2.0153346E-9   
  8145.0       2.0138764E-9   
  8150.0       2.0124207E-9   
  8155.0       2.0109643E-9   
  8160.0       2.0095106E-9   
  8165.0       2.0080488E-9   
  8170.0       2.0065962E-9   
  8175.0       2.0051376E-9   
  8180.0       2.0036826E-9   
  8185.0       2.0022266E-9   
  8190.0       2.0007687E-9   
  8195.0       1.9993136E-9   
  8200.0       1.9978528E-9   
  8205.0       1.9964033E-9   
  8210.0       1.9949442E-9   
  8215.0       1.9934898E-9   
  8220.0       1.992035E-9    
  8225.0       1.990574E-9    
  8230.0       1.9891189E-9   
  8235.0       1.9876618E-9   
  8240.0       1.9862039E-9   
  8245.0       1.9847453E-9   
  8250.0       1.983293E-9    
  8255.0       1.9818347E-9   
  8260.0       1.9803819E-9   
  8265.0       1.978923E-9    
  8270.0       1.9774689E-9   
  8275.0       1.9760105E-9   
  8280.0       1.974559E-9    
  8285.0       1.973101E-9    
  8290.0       1.9716437E-9   
  8295.0       1.9701878E-9   
  8300.0       1.9687314E-9   
  8305.0       1.9672721E-9   
  8310.0       1.965816E-9    
  8315.0       1.9643627E-9   
  8320.0       1.9629023E-9   
  8325.0       1.9614486E-9   
  8330.0       1.959989E-9    
  8335.0       1.9585333E-9   
  8340.0       1.9570785E-9   
  8345.0       1.9556212E-9   
  8350.0       1.9541653E-9   
  8355.0       1.9527076E-9   
  8360.0       1.951253E-9    
  8365.0       1.9497948E-9   
  8370.0       1.94834E-9     
  8375.0       1.9468847E-9   
  8380.0       1.9454258E-9   
  8385.0       1.9439703E-9   
  8390.0       1.942512E-9    
  8395.0       1.9410573E-9   
  8400.0       1.939602E-9    
  8405.0       1.9400428E-9   
  8410.0       1.9499893E-9   
  8415.0       1.9505655E-9   
  8420.0       1.9486115E-9   
  8425.0       1.945405E-9    
  8430.0       1.941116E-9    
  8435.0       1.9223676E-9   
  8440.0       1.9115451E-9   
  8445.0       1.9123625E-9   
  8450.0       1.9267044E-9   
  8455.0       1.9384738E-9   
  8460.0       1.935366E-9    
  8465.0       1.9132014E-9   
  8470.0       1.9063469E-9   
  8475.0       1.9190498E-9   
  8480.0       1.91847E-9     
  8485.0       1.9124464E-9   
  8490.0       1.8739614E-9   
  8495.0       1.7527261E-9   
  8500.0       1.7262821E-9   
  8505.0       1.8401778E-9   
  8510.0       1.8699486E-9   
  8515.0       1.8635056E-9   
  8520.0       1.8736823E-9   
  8525.0       1.8664899E-9   
  8530.0       1.8318916E-9   
  8535.0       1.6992566E-9   
  8540.0       1.4939736E-9   
  8545.0       1.5461618E-9   
  8550.0       1.7464686E-9   
  8555.0       1.8167845E-9   
  8560.0       1.8519688E-9   
  8565.0       1.864885E-9    
  8570.0       1.8561115E-9   
  8575.0       1.8532192E-9   
  8580.0       1.8428362E-9   
  8585.0       1.8358564E-9   
  8590.0       1.8286536E-9   
  8595.0       1.8070954E-9   
  8600.0       1.8066304E-9   
  8605.0       1.8157693E-9   
  8610.0       1.8132388E-9   
  8615.0       1.8131723E-9   
  8620.0       1.8216757E-9   
  8625.0       1.8298945E-9   
  8630.0       1.8291433E-9   
  8635.0       1.82067E-9     
  8640.0       1.811617E-9    
  8645.0       1.7892982E-9   
  8650.0       1.7610547E-9   
  8655.0       1.6722663E-9   
  8660.0       1.4949509E-9   
  8665.0       1.5316689E-9   
  8670.0       1.683212E-9    
  8675.0       1.7405014E-9   
  8680.0       1.7555647E-9   
  8685.0       1.7543412E-9   
  8690.0       1.7504178E-9   
  8695.0       1.7687146E-9   
  8700.0       1.774692E-9    
  8705.0       1.7756465E-9   
  8710.0       1.7579236E-9   
  8715.0       1.7524474E-9   
  8720.0       1.761739E-9    
  8725.0       1.75921E-9     
  8730.0       1.7423932E-9   
  8735.0       1.7272036E-9   
  8740.0       1.7201636E-9   
  8745.0       1.7110536E-9   
  8750.0       1.7032925E-9   
  8755.0       1.7478666E-9   
  8760.0       1.7566413E-9   
  8765.0       1.7598752E-9   
  8770.0       1.7696844E-9   
  8775.0       1.7782024E-9   
  8780.0       1.7836428E-9   
  8785.0       1.7807159E-9   
  8790.0       1.7942087E-9   
  8795.0       1.7294112E-9   
  8800.0       1.7110264E-9   
  8805.0       1.6907915E-9   
  8810.0       1.710566E-9    
  8815.0       1.7433205E-9   
  8820.0       1.7482792E-9   
  8825.0       1.7491651E-9   
  8830.0       1.751545E-9    
  8835.0       1.746846E-9    
  8840.0       1.743033E-9    
  8845.0       1.7471956E-9   
  8850.0       1.7496121E-9   
  8855.0       1.7438395E-9   
  8860.0       1.7269568E-9   
  8865.0       1.7238136E-9   
  8870.0       1.7394038E-9   
  8875.0       1.7489713E-9   
  8880.0       1.752871E-9    
  8885.0       1.7553508E-9   
  8890.0       1.7542682E-9   
  8895.0       1.7548857E-9   
  8900.0       1.7594491E-9   
  8905.0       1.7620754E-9   
  8910.0       1.761638E-9    
  8915.0       1.7629229E-9   
  8920.0       1.7542413E-9   
  8925.0       1.7321083E-9   
  8930.0       1.72939E-9     
  8935.0       1.7140238E-9   
  8940.0       1.7046982E-9   
  8945.0       1.7087983E-9   
  8950.0       1.7228519E-9   
  8955.0       1.7404846E-9   
  8960.0       1.7551841E-9   
  8965.0       1.7619998E-9   
  8970.0       1.7600507E-9   
  8975.0       1.750024E-9    
  8980.0       1.7328882E-9   
  8985.0       1.7108105E-9   
  8990.0       1.6891316E-9   
  8995.0       1.6743738E-9   
  9000.0       1.6729181E-9   
  9005.0       1.6882042E-9   
  9010.0       1.7160429E-9   
  9015.0       1.7493272E-9   
  9020.0       1.7808188E-9   
  9025.0       1.8048956E-9   
  9030.0       1.8201745E-9   
  9035.0       1.8268758E-9   
  9040.0       1.8253993E-9   
  9045.0       1.8160535E-9   
  9050.0       1.798961E-9    
  9055.0       1.7741786E-9   
  9060.0       1.7419066E-9   
  9065.0       1.7040429E-9   
  9070.0       1.6668111E-9   
  9075.0       1.6381376E-9   
  9080.0       1.6257014E-9   
  9085.0       1.6333099E-9   
  9090.0       1.6546682E-9   
  9095.0       1.6795804E-9   
  9100.0       1.6978273E-9   
  9105.0       1.7026184E-9   
  9110.0       1.6961176E-9   
  9115.0       1.683933E-9    
  9120.0       1.6718033E-9   
  9125.0       1.6634456E-9   
  9130.0       1.6573026E-9   
  9135.0       1.6497864E-9   
  9140.0       1.6373268E-9   
  9145.0       1.6185011E-9   
  9150.0       1.5975186E-9   
  9155.0       1.5807403E-9   
  9160.0       1.5744697E-9   
  9165.0       1.5822326E-9   
  9170.0       1.6003375E-9   
  9175.0       1.6223289E-9   
  9180.0       1.6416508E-9   
  9185.0       1.6535814E-9   
  9190.0       1.6581663E-9   
  9195.0       1.6573009E-9   
  9200.0       1.6530189E-9   
  9205.0       1.6470956E-9   
  9210.0       1.6406029E-9   
  9215.0       1.6343576E-9   
  9220.0       1.6290864E-9   
  9225.0       1.6249417E-9   
  9230.0       1.6205907E-9   
  9235.0       1.614127E-9    
  9240.0       1.6037452E-9   
  9245.0       1.5891751E-9   
  9250.0       1.5741123E-9   
  9255.0       1.5637999E-9   
  9260.0       1.5633319E-9   
  9265.0       1.574783E-9    
  9270.0       1.5923856E-9   
  9275.0       1.607377E-9    
  9280.0       1.611007E-9    
  9285.0       1.5977911E-9   
  9290.0       1.5707472E-9   
  9295.0       1.5361592E-9   
  9300.0       1.5006215E-9   
  9305.0       1.4705209E-9   
  9310.0       1.4516998E-9   
  9315.0       1.4498136E-9   
  9320.0       1.4699914E-9   
  9325.0       1.5124693E-9   
  9330.0       1.5647389E-9   
  9335.0       1.60938E-9     
  9340.0       1.6292605E-9   
  9345.0       1.6148298E-9   
  9350.0       1.5762734E-9   
  9355.0       1.5313664E-9   
  9360.0       1.4980932E-9   
  9365.0       1.4890432E-9   
  9370.0       1.502735E-9    
  9375.0       1.532279E-9    
  9380.0       1.5702397E-9   
  9385.0       1.6090503E-9   
  9390.0       1.6407937E-9   
  9395.0       1.6574218E-9   
  9400.0       1.6513153E-9   
  9405.0       1.6192074E-9   
  9410.0       1.5691541E-9   
  9415.0       1.5135506E-9   
  9420.0       1.4649116E-9   
  9425.0       1.4324366E-9   
  9430.0       1.4167147E-9   
  9435.0       1.4150474E-9   
  9440.0       1.4243455E-9   
  9445.0       1.4411115E-9   
  9450.0       1.4607754E-9   
  9455.0       1.4783502E-9   
  9460.0       1.4890186E-9   
  9465.0       1.489937E-9    
  9470.0       1.4834497E-9   
  9475.0       1.4738881E-9   
  9480.0       1.4656507E-9   
  9485.0       1.4617059E-9   
  9490.0       1.4613769E-9   
  9495.0       1.4625583E-9   
  9500.0       1.4631293E-9   
  9505.0       1.4619154E-9   
  9510.0       1.4603008E-9   
  9515.0       1.4606413E-9   
  9520.0       1.4652717E-9   
  9525.0       1.4752787E-9   
  9530.0       1.4885476E-9   
  9535.0       1.501738E-9    
  9540.0       1.5114927E-9   
  9545.0       1.5157663E-9   
  9550.0       1.5158528E-9   
  9555.0       1.5143462E-9   
  9560.0       1.5138464E-9   
  9565.0       1.5157412E-9   
  9570.0       1.5182982E-9   
  9575.0       1.5185678E-9   
  9580.0       1.5136495E-9   
  9585.0       1.5023047E-9   
  9590.0       1.4876247E-9   
  9595.0       1.4743614E-9   
  9600.0       1.4672145E-9   
  9605.0       1.468758E-9    
  9610.0       1.4760279E-9   
  9615.0       1.4839369E-9   
  9620.0       1.4873853E-9   
  9625.0       1.4833677E-9   
  9630.0       1.4743374E-9   
  9635.0       1.4648244E-9   
  9640.0       1.4594139E-9   
  9645.0       1.461027E-9    
  9650.0       1.4682355E-9   
  9655.0       1.4779613E-9   
  9660.0       1.4870408E-9   
  9665.0       1.493207E-9    
  9670.0       1.4964994E-9   
  9675.0       1.4978679E-9   
  9680.0       1.498306E-9    
  9685.0       1.4985331E-9   
  9690.0       1.4985201E-9   
  9695.0       1.4979818E-9   
  9700.0       1.4965883E-9   
  9705.0       1.4940352E-9   
  9710.0       1.4900929E-9   
  9715.0       1.4845617E-9   
  9720.0       1.4772841E-9   
  9725.0       1.468447E-9    
  9730.0       1.459191E-9    
  9735.0       1.4510144E-9   
  9740.0       1.445383E-9    
  9745.0       1.4431535E-9   
  9750.0       1.4435957E-9   
  9755.0       1.4453526E-9   
  9760.0       1.44704E-9     
  9765.0       1.4475684E-9   
  9770.0       1.4465601E-9   
  9775.0       1.4439333E-9   
  9780.0       1.4396628E-9   
  9785.0       1.4340363E-9   
  9790.0       1.4281515E-9   
  9795.0       1.4234032E-9   
  9800.0       1.4211838E-9   
  9805.0       1.4222594E-9   
  9810.0       1.4258492E-9   
  9815.0       1.4305633E-9   
  9820.0       1.4349955E-9   
  9825.0       1.4380234E-9   
  9830.0       1.4393183E-9   
  9835.0       1.4388591E-9   
  9840.0       1.4366359E-9   
  9845.0       1.4326733E-9   
  9850.0       1.4269944E-9   
  9855.0       1.4196551E-9   
  9860.0       1.4107397E-9   
  9865.0       1.4007508E-9   
  9870.0       1.3912617E-9   
  9875.0       1.3842643E-9   
  9880.0       1.3816922E-9   
  9885.0       1.3844549E-9   
  9890.0       1.3908349E-9   
  9895.0       1.3980967E-9   
  9900.0       1.4035058E-9   
  9905.0       1.4052698E-9   
  9910.0       1.4040833E-9   
  9915.0       1.4016003E-9   
  9920.0       1.3995172E-9   
  9925.0       1.399054E-9    
  9930.0       1.4001998E-9   
  9935.0       1.4024604E-9   
  9940.0       1.4053216E-9   
  9945.0       1.4083308E-9   
  9950.0       1.4112801E-9   
  9955.0       1.4140438E-9   
  9960.0       1.4164898E-9   
  9965.0       1.4183287E-9   
  9970.0       1.4188662E-9   
  9975.0       1.417246E-9    
  9980.0       1.4126859E-9   
  9985.0       1.4051097E-9   
  9990.0       1.3963309E-9   
  9995.0       1.3888931E-9   
  10000.0      1.385282E-9    
  10005.0      1.386662E-9    
  10010.0      1.3908146E-9   
  10015.0      1.3942042E-9   
  10020.0      1.3933144E-9   
  10025.0      1.3860514E-9   
  10030.0      1.374032E-9    
  10035.0      1.3603013E-9   
  10040.0      1.3479838E-9   
  10045.0      1.3396337E-9   
  10050.0      1.3363086E-9   
  10055.0      1.3384873E-9   
  10060.0      1.3464994E-9   
  10065.0      1.3596878E-9   
  10070.0      1.3748718E-9   
  10075.0      1.387886E-9    
  10080.0      1.3946323E-9   
  10085.0      1.3926537E-9   
  10090.0      1.3837096E-9   
  10095.0      1.3712113E-9   
  10100.0      1.3586279E-9   
  10105.0      1.3485874E-9   
  10110.0      1.3415111E-9   
  10115.0      1.3369663E-9   
  10120.0      1.3344259E-9   
  10125.0      1.3331491E-9   
  10130.0      1.3318919E-9   
  10135.0      1.3292031E-9   
  10140.0      1.3237202E-9   
  10145.0      1.3150254E-9   
  10150.0      1.3051864E-9   
  10155.0      1.2972314E-9   
  10160.0      1.2941294E-9   
  10165.0      1.2972797E-9   
  10170.0      1.304022E-9    
  10175.0      1.3101198E-9   
  10180.0      1.3113703E-9   
  10185.0      1.305364E-9    
  10190.0      1.294341E-9    
  10195.0      1.28234E-9     
  10200.0      1.2734308E-9   
  10205.0      1.2702038E-9   
  10210.0      1.271444E-9    
  10215.0      1.2744497E-9   
  10220.0      1.276473E-9    
  10225.0      1.2756746E-9   
  10230.0      1.272606E-9    
  10235.0      1.2687235E-9   
  10240.0      1.2655288E-9   
  10245.0      1.2640197E-9   
  10250.0      1.2638676E-9   
  10255.0      1.2642424E-9   
  10260.0      1.2642897E-9   
  10265.0      1.2635633E-9   
  10270.0      1.2626152E-9   
  10275.0      1.2624064E-9   
  10280.0      1.2638683E-9   
  10285.0      1.267491E-9    
  10290.0      1.2725535E-9   
  10295.0      1.2778673E-9   
  10300.0      1.2822411E-9   
  10305.0      1.2848309E-9   
  10310.0      1.2857005E-9   
  10315.0      1.2852572E-9   
  10320.0      1.2839532E-9   
  10325.0      1.2821723E-9   
  10330.0      1.2801409E-9   
  10335.0      1.278043E-9    
  10340.0      1.2760266E-9   
  10345.0      1.2741241E-9   
  10350.0      1.2720256E-9   
  10355.0      1.2692859E-9   
  10360.0      1.2655231E-9   
  10365.0      1.2610282E-9   
  10370.0      1.2578432E-9   
  10375.0      1.2586834E-9   
  10380.0      1.2661628E-9   
  10385.0      1.2811199E-9   
  10390.0      1.2998043E-9   
  10395.0      1.3166936E-9   
  10400.0      1.3262997E-9   
  10405.0      1.3252157E-9   
  10410.0      1.3154471E-9   
  10415.0      1.3010837E-9   
  10420.0      1.286319E-9    
  10425.0      1.2744189E-9   
  10430.0      1.2661826E-9   
  10435.0      1.2614825E-9   
  10440.0      1.2600624E-9   
  10445.0      1.2613531E-9   
  10450.0      1.2639834E-9   
  10455.0      1.2662705E-9   
  10460.0      1.266597E-9    
  10465.0      1.2642702E-9   
  10470.0      1.2610086E-9   
  10475.0      1.2594608E-9   
  10480.0      1.2622194E-9   
  10485.0      1.2704314E-9   
  10490.0      1.2814595E-9   
  10495.0      1.2912358E-9   
  10500.0      1.2956733E-9   
  10505.0      1.2921382E-9   
  10510.0      1.2817313E-9   
  10515.0      1.2669965E-9   
  10520.0      1.2506E-9      
  10525.0      1.23498E-9     
  10530.0      1.221997E-9    
  10535.0      1.2132825E-9   
  10540.0      1.2103685E-9   
  10545.0      1.2139341E-9   
  10550.0      1.2224661E-9   
  10555.0      1.2335926E-9   
  10560.0      1.2448872E-9   
  10565.0      1.254158E-9    
  10570.0      1.2597741E-9   
  10575.0      1.2603445E-9   
  10580.0      1.2546222E-9   
  10585.0      1.2425919E-9   
  10590.0      1.227447E-9    
  10595.0      1.2136249E-9   
  10600.0      1.2055282E-9   
  10605.0      1.2060777E-9   
  10610.0      1.2142974E-9   
  10615.0      1.2277367E-9   
  10620.0      9.307135E-10   
