# WAVELENGTH   FLUX           
  1150.0       0.0            
  1155.0       0.0            
  1160.0       0.0            
  1165.0       0.0            
  1170.0       0.0            
  1175.0       0.0            
  1180.0       0.0            
  1185.0       0.0            
  1190.0       0.0            
  1195.0       0.0            
  1200.0       0.0            
  1205.0       0.0            
  1210.0       0.0            
  1215.0       0.0            
  1220.0       0.0            
  1225.0       0.0            
  1230.0       0.0            
  1235.0       0.0            
  1240.0       0.0            
  1245.0       0.0            
  1250.0       0.0            
  1255.0       0.0            
  1260.0       0.0            
  1265.0       0.0            
  1270.0       0.0            
  1275.0       0.0            
  1280.0       0.0            
  1285.0       0.0            
  1290.0       0.0            
  1295.0       0.0            
  1300.0       0.0            
  1305.0       0.0            
  1310.0       0.0            
  1315.0       0.0            
  1320.0       0.0            
  1325.0       0.0            
  1330.0       0.0            
  1335.0       0.0            
  1340.0       0.0            
  1345.0       0.0            
  1350.0       0.0            
  1355.0       0.0            
  1360.0       0.0            
  1365.0       0.0            
  1370.0       0.0            
  1375.0       0.0            
  1380.0       0.0            
  1385.0       0.0            
  1390.0       0.0            
  1395.0       0.0            
  1400.0       0.0            
  1405.0       0.0            
  1410.0       0.0            
  1415.0       0.0            
  1420.0       0.0            
  1425.0       0.0            
  1430.0       0.0            
  1435.0       0.0            
  1440.0       0.0            
  1445.0       0.0            
  1450.0       0.0            
  1455.0       0.0            
  1460.0       0.0            
  1465.0       0.0            
  1470.0       0.0            
  1475.0       0.0            
  1480.0       0.0            
  1485.0       0.0            
  1490.0       0.0            
  1495.0       0.0            
  1500.0       0.0            
  1505.0       0.0            
  1510.0       0.0            
  1515.0       0.0            
  1520.0       0.0            
  1525.0       0.0            
  1530.0       0.0            
  1535.0       0.0            
  1540.0       0.0            
  1545.0       0.0            
  1550.0       0.0            
  1555.0       0.0            
  1560.0       0.0            
  1565.0       0.0            
  1570.0       0.0            
  1575.0       0.0            
  1580.0       0.0            
  1585.0       0.0            
  1590.0       0.0            
  1595.0       0.0            
  1600.0       0.0            
  1605.0       0.0            
  1610.0       0.0            
  1615.0       0.0            
  1620.0       0.0            
  1625.0       0.0            
  1630.0       0.0            
  1635.0       0.0            
  1640.0       0.0            
  1645.0       0.0            
  1650.0       0.0            
  1655.0       0.0            
  1660.0       0.0            
  1665.0       0.0            
  1670.0       0.0            
  1675.0       0.0            
  1680.0       0.0            
  1685.0       0.0            
  1690.0       0.0            
  1695.0       0.0            
  1700.0       0.0            
  1705.0       0.0            
  1710.0       0.0            
  1715.0       0.0            
  1720.0       0.0            
  1725.0       0.0            
  1730.0       0.0            
  1735.0       0.0            
  1740.0       0.0            
  1745.0       0.0            
  1750.0       0.0            
  1755.0       0.0            
  1760.0       0.0            
  1765.0       0.0            
  1770.0       0.0            
  1775.0       0.0            
  1780.0       0.0            
  1785.0       0.0            
  1790.0       0.0            
  1795.0       0.0            
  1800.0       0.0            
  1805.0       0.0            
  1810.0       0.0            
  1815.0       0.0            
  1820.0       0.0            
  1825.0       0.0            
  1830.0       0.0            
  1835.0       0.0            
  1840.0       0.0            
  1845.0       0.0            
  1850.0       4.627166E-16   
  1855.0       3.6942444E-15  
  1860.0       6.9232894E-15  
  1865.0       7.84622E-15    
  1870.0       1.1077749E-14  
  1875.0       1.4306785E-14  
  1880.0       1.4767027E-14  
  1885.0       1.430433E-14   
  1890.0       1.1072834E-14  
  1895.0       6.918393E-15   
  1900.0       9.205107E-16   
  1905.0       0.0            
  1910.0       0.0            
  1915.0       0.0            
  1920.0       0.0            
  1925.0       0.0            
  1930.0       0.0            
  1935.0       0.0            
  1940.0       0.0            
  1945.0       0.0            
  1950.0       4.62653E-15    
  1955.0       3.786644E-14   
  1960.0       8.124689E-14   
  1965.0       1.2508535E-13  
  1970.0       1.6476685E-13  
  1975.0       1.938312E-13   
  1980.0       2.0766377E-13  
  1985.0       1.9980366E-13  
  1990.0       1.6563637E-13  
  1995.0       9.8701293E-14  
  2000.0       1.2888845E-14  
  2005.0       0.0            
  2010.0       0.0            
  2015.0       0.0            
  2020.0       0.0            
  2025.0       0.0            
  2030.0       0.0            
  2035.0       0.0            
  2040.0       0.0            
  2045.0       0.0            
  2050.0       6.707633E-14   
  2055.0       5.518207E-13   
  2060.0       1.2122514E-12  
  2065.0       1.9691102E-12  
  2070.0       2.7919403E-12  
  2075.0       3.648435E-12   
  2080.0       4.5086127E-12  
  2085.0       5.3419977E-12  
  2090.0       6.1139856E-12  
  2095.0       6.79597E-12    
  2100.0       7.355195E-12   
  2105.0       7.775973E-12   
  2110.0       8.058782E-12   
  2115.0       8.220225E-12   
  2120.0       8.280621E-12   
  2125.0       8.252889E-12   
  2130.0       8.152243E-12   
  2135.0       7.998549E-12   
  2140.0       7.805648E-12   
  2145.0       7.592893E-12   
  2150.0       7.373706E-12   
  2155.0       7.1646656E-12  
  2160.0       6.9773224E-12  
  2165.0       6.819983E-12   
  2170.0       6.7032603E-12  
  2175.0       6.637298E-12   
  2180.0       6.6285653E-12  
  2185.0       6.6913714E-12  
  2190.0       6.8303176E-12  
  2195.0       7.059717E-12   
  2200.0       7.386041E-12   
  2205.0       7.816654E-12   
  2210.0       8.34323E-12    
  2215.0       8.95519E-12    
  2220.0       9.643739E-12   
  2225.0       1.0395968E-11  
  2230.0       1.1202647E-11  
  2235.0       1.2050848E-11  
  2240.0       1.2931805E-11  
  2245.0       1.3834895E-11  
  2250.0       1.4748622E-11  
  2255.0       1.5660025E-11  
  2260.0       1.6562647E-11  
  2265.0       1.7443574E-11  
  2270.0       1.8291733E-11  
  2275.0       1.9098365E-11  
  2280.0       1.9850508E-11  
  2285.0       2.0539E-11     
  2290.0       2.115085E-11   
  2295.0       2.1677354E-11  
  2300.0       2.2108315E-11  
  2305.0       2.243726E-11   
  2310.0       2.2667942E-11  
  2315.0       2.2812368E-11  
  2320.0       2.2876456E-11  
  2325.0       2.2870416E-11  
  2330.0       2.2804859E-11  
  2335.0       2.268762E-11   
  2340.0       2.2527027E-11  
  2345.0       2.2335479E-11  
  2350.0       2.2119973E-11  
  2355.0       2.1898925E-11  
  2360.0       2.1704225E-11  
  2365.0       2.157322E-11   
  2370.0       2.1548829E-11  
  2375.0       2.1671668E-11  
  2380.0       2.1979559E-11  
  2385.0       2.251222E-11   
  2390.0       2.3307944E-11  
  2395.0       2.4409653E-11  
  2400.0       2.5854685E-11  
  2405.0       2.7647206E-11  
  2410.0       2.9719775E-11  
  2415.0       3.1970447E-11  
  2420.0       3.4298557E-11  
  2425.0       3.660356E-11   
  2430.0       3.878022E-11   
  2435.0       4.0727484E-11  
  2440.0       4.234241E-11   
  2445.0       4.352169E-11   
  2450.0       4.4167947E-11  
  2455.0       4.4239164E-11  
  2460.0       4.3822706E-11  
  2465.0       4.3065298E-11  
  2470.0       4.2113712E-11  
  2475.0       4.111974E-11   
  2480.0       4.0226877E-11  
  2485.0       3.958506E-11   
  2490.0       3.9345402E-11  
  2495.0       3.965532E-11   
  2500.0       4.0653432E-11  
  2505.0       4.2411106E-11  
  2510.0       4.4804063E-11  
  2515.0       4.7635368E-11  
  2520.0       5.069724E-11   
  2525.0       5.379046E-11   
  2530.0       5.6706702E-11  
  2535.0       5.92404E-11    
  2540.0       6.1192586E-11  
  2545.0       6.235549E-11   
  2550.0       6.253729E-11   
  2555.0       6.166458E-11   
  2560.0       5.9963354E-11  
  2565.0       5.7782255E-11  
  2570.0       5.5482806E-11  
  2575.0       5.3423505E-11  
  2580.0       5.1962414E-11  
  2585.0       5.145855E-11   
  2590.0       5.2274685E-11  
  2595.0       5.4765158E-11  
  2600.0       5.927521E-11   
  2605.0       6.597402E-11   
  2610.0       7.459321E-11   
  2615.0       8.469163E-11   
  2620.0       9.580698E-11   
  2625.0       1.07485666E-10 
  2630.0       1.1926776E-10  
  2635.0       1.3069541E-10  
  2640.0       1.4131016E-10  
  2645.0       1.5065171E-10  
  2650.0       1.5827942E-10  
  2655.0       1.6389702E-10  
  2660.0       1.6760075E-10  
  2665.0       1.6962928E-10  
  2670.0       1.7024139E-10  
  2675.0       1.6969617E-10  
  2680.0       1.6824844E-10  
  2685.0       1.6615678E-10  
  2690.0       1.6367513E-10  
  2695.0       1.6106427E-10  
  2700.0       1.5857572E-10  
  2705.0       1.563953E-10   
  2710.0       1.5455247E-10  
  2715.0       1.530155E-10   
  2720.0       1.5174415E-10  
  2725.0       1.5069807E-10  
  2730.0       1.4983709E-10  
  2735.0       1.491236E-10   
  2740.0       1.4851971E-10  
  2745.0       1.4798077E-10  
  2750.0       1.4747395E-10  
  2755.0       1.4697177E-10  
  2760.0       1.4649565E-10  
  2765.0       1.4607573E-10  
  2770.0       1.4574678E-10  
  2775.0       1.4553782E-10  
  2780.0       1.4548619E-10  
  2785.0       1.4562376E-10  
  2790.0       1.4598613E-10  
  2795.0       1.4660664E-10  
  2800.0       1.4752086E-10  
  2805.0       1.4882096E-10  
  2810.0       1.5073179E-10  
  2815.0       1.5352913E-10  
  2820.0       1.574967E-10   
  2825.0       1.6291435E-10  
  2830.0       1.7006196E-10  
  2835.0       1.7922641E-10  
  2840.0       1.9068264E-10  
  2845.0       2.0471755E-10  
  2850.0       2.2159137E-10  
  2855.0       2.4137714E-10  
  2860.0       2.6365551E-10  
  2865.0       2.878146E-10   
  2870.0       3.132271E-10   
  2875.0       3.3926198E-10  
  2880.0       3.6529402E-10  
  2885.0       3.9068881E-10  
  2890.0       4.1482262E-10  
  2895.0       4.3706425E-10  
  2900.0       4.5679693E-10  
  2905.0       4.735478E-10   
  2910.0       4.872074E-10   
  2915.0       4.978075E-10   
  2920.0       5.053904E-10   
  2925.0       5.099994E-10   
  2930.0       5.11682E-10    
  2935.0       5.104769E-10   
  2940.0       5.0643467E-10  
  2945.0       4.9959775E-10  
  2950.0       4.900251E-10   
  2955.0       4.7795773E-10  
  2960.0       4.640989E-10   
  2965.0       4.4931844E-10  
  2970.0       4.3451565E-10  
  2975.0       4.205839E-10   
  2980.0       4.0841489E-10  
  2985.0       3.9890694E-10  
  2990.0       3.9295106E-10  
  2995.0       3.9144113E-10  
  3000.0       3.9523457E-10  
  3005.0       4.0476134E-10  
  3010.0       4.1938206E-10  
  3015.0       4.3804088E-10  
  3020.0       4.596372E-10   
  3025.0       4.830688E-10   
  3030.0       5.0723903E-10  
  3035.0       5.3104776E-10  
  3040.0       5.5339333E-10  
  3045.0       5.7317956E-10  
  3050.0       5.893423E-10   
  3055.0       6.0118716E-10  
  3060.0       6.0898486E-10  
  3065.0       6.1336547E-10  
  3070.0       6.150059E-10   
  3075.0       6.1457384E-10  
  3080.0       6.127437E-10   
  3085.0       6.1018784E-10  
  3090.0       6.075772E-10   
  3095.0       6.055868E-10   
  3100.0       6.0486915E-10  
  3105.0       6.058824E-10   
  3110.0       6.086032E-10   
  3115.0       6.1280425E-10  
  3120.0       6.182468E-10   
  3125.0       6.246952E-10   
  3130.0       6.3190586E-10  
  3135.0       6.3963923E-10  
  3140.0       6.47654E-10    
  3145.0       6.557165E-10   
  3150.0       6.6358313E-10  
  3155.0       6.7105776E-10  
  3160.0       6.780332E-10   
  3165.0       6.844414E-10   
  3170.0       6.9021067E-10  
  3175.0       6.9527867E-10  
  3180.0       6.9957723E-10  
  3185.0       7.0303957E-10  
  3190.0       7.0559647E-10  
  3195.0       7.071821E-10   
  3200.0       7.0774725E-10  
  3205.0       7.1907197E-10  
  3210.0       7.887864E-10   
  3215.0       8.0088036E-10  
  3220.0       7.839842E-10   
  3225.0       7.314955E-10   
  3230.0       6.8945294E-10  
  3235.0       7.436794E-10   
  3240.0       8.2886886E-10  
  3245.0       8.557299E-10   
  3250.0       8.855943E-10   
  3255.0       9.908718E-10   
  3260.0       1.1157202E-9   
  3265.0       1.1773857E-9   
  3270.0       1.1568292E-9   
  3275.0       1.0791424E-9   
  3280.0       1.0167646E-9   
  3285.0       1.0324006E-9   
  3290.0       1.1161189E-9   
  3295.0       1.2141894E-9   
  3300.0       1.2351102E-9   
  3305.0       1.1320861E-9   
  3310.0       1.0085398E-9   
  3315.0       9.748939E-10   
  3320.0       1.0096866E-9   
  3325.0       1.0464817E-9   
  3330.0       1.0386572E-9   
  3335.0       9.816005E-10   
  3340.0       9.530122E-10   
  3345.0       1.0044413E-9   
  3350.0       1.0418565E-9   
  3355.0       9.751044E-10   
  3360.0       8.6991725E-10  
  3365.0       8.2188883E-10  
  3370.0       8.445364E-10   
  3375.0       9.079872E-10   
  3380.0       9.575257E-10   
  3385.0       9.677968E-10   
  3390.0       1.0079019E-9   
  3395.0       1.1235406E-9   
  3400.0       1.2092602E-9   
  3405.0       1.1698521E-9   
  3410.0       1.0882124E-9   
  3415.0       1.0751922E-9   
  3420.0       1.1317735E-9   
  3425.0       1.2027098E-9   
  3430.0       1.2041909E-9   
  3435.0       1.1026793E-9   
  3440.0       1.0165844E-9   
  3445.0       1.0479316E-9   
  3450.0       1.1083723E-9   
  3455.0       1.0994466E-9   
  3460.0       1.0855251E-9   
  3465.0       1.1369686E-9   
  3470.0       1.1758834E-9   
  3475.0       1.1226469E-9   
  3480.0       1.0441372E-9   
  3485.0       1.0305011E-9   
  3490.0       1.0819495E-9   
  3495.0       1.1598031E-9   
  3500.0       1.2183291E-9   
  3505.0       1.1962662E-9   
  3510.0       9.867593E-10   
  3515.0       9.660367E-10   
  3520.0       9.340703E-10   
  3525.0       8.944214E-10   
  3530.0       9.408027E-10   
  3535.0       1.0189605E-9   
  3540.0       1.0700351E-9   
  3545.0       1.0085528E-9   
  3550.0       9.60432E-10    
  3555.0       9.3100216E-10  
  3560.0       8.81459E-10    
  3565.0       7.8417267E-10  
  3570.0       7.5062573E-10  
  3575.0       7.2805456E-10  
  3580.0       6.64642E-10    
  3585.0       6.610933E-10   
  3590.0       7.910677E-10   
  3595.0       1.0247068E-9   
  3600.0       1.1224459E-9   
  3605.0       1.0368439E-9   
  3610.0       9.514158E-10   
  3615.0       9.712269E-10   
  3620.0       1.0382649E-9   
  3625.0       1.150091E-9    
  3630.0       1.1739035E-9   
  3635.0       1.1805691E-9   
  3640.0       1.1976962E-9   
  3645.0       1.1475855E-9   
  3650.0       1.1624699E-9   
  3655.0       1.3349739E-9   
  3660.0       1.4317237E-9   
  3665.0       1.410495E-9    
  3670.0       1.380746E-9    
  3675.0       1.3718344E-9   
  3680.0       1.3392393E-9   
  3685.0       1.3146354E-9   
  3690.0       1.3364834E-9   
  3695.0       1.4152394E-9   
  3700.0       1.4482505E-9   
  3705.0       1.3425876E-9   
  3710.0       1.3357341E-9   
  3715.0       1.3627975E-9   
  3720.0       1.2927435E-9   
  3725.0       1.2975694E-9   
  3730.0       1.2217103E-9   
  3735.0       1.122857E-9    
  3740.0       1.1135796E-9   
  3745.0       1.0677887E-9   
  3750.0       1.1151832E-9   
  3755.0       1.2163988E-9   
  3760.0       1.2164433E-9   
  3765.0       1.2486898E-9   
  3770.0       1.3393147E-9   
  3775.0       1.4473912E-9   
  3780.0       1.4895157E-9   
  3785.0       1.3801592E-9   
  3790.0       1.2001076E-9   
  3795.0       1.1137137E-9   
  3800.0       1.1656035E-9   
  3805.0       1.2491348E-9   
  3810.0       1.2402067E-9   
  3815.0       1.0631213E-9   
  3820.0       8.8953467E-10  
  3825.0       7.9668794E-10  
  3830.0       7.649319E-10   
  3835.0       7.7548973E-10  
  3840.0       8.1576484E-10  
  3845.0       8.704559E-10   
  3850.0       8.8125574E-10  
  3855.0       8.5082463E-10  
  3860.0       8.169737E-10   
  3865.0       8.1934187E-10  
  3870.0       8.36784E-10    
  3875.0       8.8755675E-10  
  3880.0       9.743073E-10   
  3885.0       1.1422033E-9   
  3890.0       1.3398721E-9   
  3895.0       1.4805711E-9   
  3900.0       1.5152655E-9   
  3905.0       1.4919016E-9   
  3910.0       1.4986974E-9   
  3915.0       1.4652631E-9   
  3920.0       1.2983291E-9   
  3925.0       1.0081093E-9   
  3930.0       6.8967376E-10  
  3935.0       6.1987526E-10  
  3940.0       8.1744295E-10  
  3945.0       1.1354122E-9   
  3950.0       1.4317088E-9   
  3955.0       1.5134848E-9   
  3960.0       1.2873185E-9   
  3965.0       8.6598323E-10  
  3970.0       7.3892603E-10  
  3975.0       1.1222864E-9   
  3980.0       1.6250522E-9   
  3985.0       1.9095285E-9   
  3990.0       2.0220097E-9   
  3995.0       2.0827087E-9   
  4000.0       2.1353415E-9   
  4005.0       2.158155E-9    
  4010.0       2.2419555E-9   
  4015.0       2.3357367E-9   
  4020.0       2.3661202E-9   
  4025.0       2.3400142E-9   
  4030.0       2.2832132E-9   
  4035.0       2.3198459E-9   
  4040.0       2.3405444E-9   
  4045.0       2.2551334E-9   
  4050.0       2.2307733E-9   
  4055.0       2.1460258E-9   
  4060.0       2.1132518E-9   
  4065.0       2.172196E-9    
  4070.0       2.2108377E-9   
  4075.0       2.1755233E-9   
  4080.0       2.251922E-9    
  4085.0       2.4147881E-9   
  4090.0       2.490236E-9    
  4095.0       2.3656392E-9   
  4100.0       2.2247895E-9   
  4105.0       2.2788247E-9   
  4110.0       2.3858613E-9   
  4115.0       2.4084204E-9   
  4120.0       2.3442523E-9   
  4125.0       2.2505515E-9   
  4130.0       2.1817246E-9   
  4135.0       2.2217215E-9   
  4140.0       2.246206E-9    
  4145.0       2.2000939E-9   
  4150.0       2.1488222E-9   
  4155.0       2.159185E-9    
  4160.0       2.229457E-9    
  4165.0       2.257845E-9    
  4170.0       2.179421E-9    
  4175.0       2.0628543E-9   
  4180.0       2.07433E-9     
  4185.0       2.2008801E-9   
  4190.0       2.2436608E-9   
  4195.0       2.1424036E-9   
  4200.0       2.1043753E-9   
  4205.0       2.2360442E-9   
  4210.0       2.3714517E-9   
  4215.0       2.4567828E-9   
  4220.0       2.4810147E-9   
  4225.0       2.3384505E-9   
  4230.0       2.3619486E-9   
  4235.0       2.39034E-9     
  4240.0       2.4690685E-9   
  4245.0       2.5215812E-9   
  4250.0       2.4847677E-9   
  4255.0       2.466679E-9    
  4260.0       2.4638798E-9   
  4265.0       2.490365E-9    
  4270.0       2.4217472E-9   
  4275.0       2.4438809E-9   
  4280.0       2.4643096E-9   
  4285.0       2.3853486E-9   
  4290.0       2.2646571E-9   
  4295.0       2.1146065E-9   
  4300.0       1.8982436E-9   
  4305.0       1.770859E-9    
  4310.0       1.9288837E-9   
  4315.0       2.438926E-9    
  4320.0       2.765088E-9    
  4325.0       2.7496505E-9   
  4330.0       2.7298366E-9   
  4335.0       2.6348181E-9   
  4340.0       2.5430105E-9   
  4345.0       2.6911653E-9   
  4350.0       2.7985314E-9   
  4355.0       2.8805922E-9   
  4360.0       2.9744982E-9   
  4365.0       3.0028569E-9   
  4370.0       2.9210636E-9   
  4375.0       2.831958E-9    
  4380.0       2.6729816E-9   
  4385.0       2.5101392E-9   
  4390.0       2.5352431E-9   
  4395.0       2.6567346E-9   
  4400.0       2.7347316E-9   
  4405.0       2.7456621E-9   
  4410.0       2.83799E-9     
  4415.0       2.8813263E-9   
  4420.0       2.918716E-9    
  4425.0       2.9253735E-9   
  4430.0       2.9122063E-9   
  4435.0       2.898816E-9    
  4440.0       2.9427207E-9   
  4445.0       3.0173952E-9   
  4450.0       3.029601E-9    
  4455.0       2.872624E-9    
  4460.0       2.7588158E-9   
  4465.0       2.8600904E-9   
  4470.0       3.0449234E-9   
  4475.0       3.2239453E-9   
  4480.0       3.2815504E-9   
  4485.0       3.3001837E-9   
  4490.0       3.2355574E-9   
  4495.0       3.2256926E-9   
  4500.0       3.3693606E-9   
  4505.0       3.5285854E-9   
  4510.0       3.5404633E-9   
  4515.0       3.4368055E-9   
  4520.0       3.305036E-9    
  4525.0       3.103672E-9    
  4530.0       3.0190035E-9   
  4535.0       3.1183327E-9   
  4540.0       3.1830645E-9   
  4545.0       3.1581069E-9   
  4550.0       3.124071E-9    
  4555.0       3.2025549E-9   
  4560.0       3.2983702E-9   
  4565.0       3.342826E-9    
  4570.0       3.3606462E-9   
  4575.0       3.3221252E-9   
  4580.0       3.2640393E-9   
  4585.0       3.275227E-9    
  4590.0       3.283126E-9    
  4595.0       3.2484357E-9   
  4600.0       3.2883931E-9   
  4605.0       3.4092191E-9   
  4610.0       3.509541E-9    
  4615.0       3.5516823E-9   
  4620.0       3.5875936E-9   
  4625.0       3.594936E-9    
  4630.0       3.5584602E-9   
  4635.0       3.462646E-9    
  4640.0       3.374763E-9    
  4645.0       3.2762906E-9   
  4650.0       3.3180165E-9   
  4655.0       3.4067502E-9   
  4660.0       3.4194623E-9   
  4665.0       3.2433198E-9   
  4670.0       3.2039225E-9   
  4675.0       3.3171133E-9   
  4680.0       3.4006333E-9   
  4685.0       3.4473122E-9   
  4690.0       3.434185E-9    
  4695.0       3.3969687E-9   
  4700.0       3.329384E-9    
  4705.0       3.2902348E-9   
  4710.0       3.316154E-9    
  4715.0       3.4633925E-9   
  4720.0       3.565477E-9    
  4725.0       3.4654213E-9   
  4730.0       3.344121E-9    
  4735.0       3.3940586E-9   
  4740.0       3.500114E-9    
  4745.0       3.5862329E-9   
  4750.0       3.6128338E-9   
  4755.0       3.5558285E-9   
  4760.0       3.479113E-9    
  4765.0       3.4390268E-9   
  4770.0       3.5513668E-9   
  4775.0       3.7014827E-9   
  4780.0       3.742996E-9    
  4785.0       3.642093E-9    
  4790.0       3.5891987E-9   
  4795.0       3.643298E-9    
  4800.0       3.6739833E-9   
  4805.0       3.6299574E-9   
  4810.0       3.60657E-9     
  4815.0       3.6772005E-9   
  4820.0       3.7125676E-9   
  4825.0       3.6655785E-9   
  4830.0       3.5947407E-9   
  4835.0       3.5561258E-9   
  4840.0       3.5723922E-9   
  4845.0       3.6221646E-9   
  4850.0       3.561369E-9    
  4855.0       3.3172163E-9   
  4860.0       3.1005347E-9   
  4865.0       3.1529277E-9   
  4870.0       3.3057816E-9   
  4875.0       3.4332068E-9   
  4880.0       3.493155E-9    
  4885.0       3.4202925E-9   
  4890.0       3.4113632E-9   
  4895.0       3.6265033E-9   
  4900.0       3.765526E-9    
  4905.0       3.756325E-9    
  4910.0       3.626214E-9    
  4915.0       3.515945E-9    
  4920.0       3.4347405E-9   
  4925.0       3.5380567E-9   
  4930.0       3.692035E-9    
  4935.0       3.6296413E-9   
  4940.0       3.5874035E-9   
  4945.0       3.725737E-9    
  4950.0       3.8200763E-9   
  4955.0       3.7780206E-9   
  4960.0       3.728179E-9    
  4965.0       3.712898E-9    
  4970.0       3.6980874E-9   
  4975.0       3.6782215E-9   
  4980.0       3.5541678E-9   
  4985.0       3.4641818E-9   
  4990.0       3.515276E-9    
  4995.0       3.5537648E-9   
  5000.0       3.4645828E-9   
  5005.0       3.3566643E-9   
  5010.0       3.3271792E-9   
  5015.0       3.2794507E-9   
  5020.0       3.329707E-9    
  5025.0       3.4433107E-9   
  5030.0       3.5499608E-9   
  5035.0       3.4862964E-9   
  5040.0       3.3241028E-9   
  5045.0       3.4108902E-9   
  5050.0       3.558773E-9    
  5055.0       3.6820966E-9   
  5060.0       3.7600034E-9   
  5065.0       3.6571786E-9   
  5070.0       3.520951E-9    
  5075.0       3.44378E-9     
  5080.0       3.3955727E-9   
  5085.0       3.4907666E-9   
  5090.0       3.6238093E-9   
  5095.0       3.6036942E-9   
  5100.0       3.4726866E-9   
  5105.0       3.445751E-9    
  5110.0       3.4724137E-9   
  5115.0       3.5828311E-9   
  5120.0       3.5638172E-9   
  5125.0       3.42032E-9     
  5130.0       3.3712937E-9   
  5135.0       3.3994854E-9   
  5140.0       3.3645149E-9   
  5145.0       3.3290217E-9   
  5150.0       3.3410266E-9   
  5155.0       3.4446614E-9   
  5160.0       3.4479315E-9   
  5165.0       3.1109488E-9   
  5170.0       2.86236E-9     
  5175.0       3.031506E-9    
  5180.0       3.2515246E-9   
  5185.0       3.2710796E-9   
  5190.0       3.3080005E-9   
  5195.0       3.3486247E-9   
  5200.0       3.3969019E-9   
  5205.0       3.339068E-9    
  5210.0       3.3453869E-9   
  5215.0       3.4681114E-9   
  5220.0       3.495461E-9    
  5225.0       3.367622E-9    
  5230.0       3.3720258E-9   
  5235.0       3.514122E-9    
  5240.0       3.643584E-9    
  5245.0       3.589155E-9    
  5250.0       3.4829368E-9   
  5255.0       3.520552E-9    
  5260.0       3.4778451E-9   
  5265.0       3.2142116E-9   
  5270.0       3.115358E-9    
  5275.0       3.3117655E-9   
  5280.0       3.5624126E-9   
  5285.0       3.7147312E-9   
  5290.0       3.793052E-9    
  5295.0       3.6550605E-9   
  5300.0       3.5783283E-9   
  5305.0       3.7253747E-9   
  5310.0       3.8240344E-9   
  5315.0       3.797145E-9    
  5320.0       3.6757806E-9   
  5325.0       3.4945034E-9   
  5330.0       3.450297E-9    
  5335.0       3.5947356E-9   
  5340.0       3.652265E-9    
  5345.0       3.6703476E-9   
  5350.0       3.732225E-9    
  5355.0       3.8735664E-9   
  5360.0       3.8975916E-9   
  5365.0       3.7611776E-9   
  5370.0       3.6361845E-9   
  5375.0       3.7099595E-9   
  5380.0       3.7877372E-9   
  5385.0       3.770482E-9    
  5390.0       3.6686114E-9   
  5395.0       3.544152E-9    
  5400.0       3.4858432E-9   
  5405.0       3.4185743E-9   
  5410.0       3.4753898E-9   
  5415.0       3.6388357E-9   
  5420.0       3.7053633E-9   
  5425.0       3.6852963E-9   
  5430.0       3.6311243E-9   
  5435.0       3.6523216E-9   
  5440.0       3.7667975E-9   
  5445.0       3.74018E-9     
  5450.0       3.7032568E-9   
  5455.0       3.6918026E-9   
  5460.0       3.725974E-9    
  5465.0       3.7195764E-9   
  5470.0       3.673985E-9    
  5475.0       3.5633774E-9   
  5480.0       3.5243732E-9   
  5485.0       3.6182919E-9   
  5490.0       3.6986794E-9   
  5495.0       3.7203023E-9   
  5500.0       3.710075E-9    
  5505.0       3.6663683E-9   
  5510.0       3.656128E-9    
  5515.0       3.6890653E-9   
  5520.0       3.7630143E-9   
  5525.0       3.7458485E-9   
  5530.0       3.6922818E-9   
  5535.0       3.7156116E-9   
  5540.0       3.773272E-9    
  5545.0       3.802804E-9    
  5550.0       3.8171857E-9   
  5555.0       3.79756E-9     
  5560.0       3.7533012E-9   
  5565.0       3.6947871E-9   
  5570.0       3.6792094E-9   
  5575.0       3.7211554E-9   
  5580.0       3.7324437E-9   
  5585.0       3.6289998E-9   
  5590.0       3.4926524E-9   
  5595.0       3.4956922E-9   
  5600.0       3.5851209E-9   
  5605.0       3.720092E-9    
  5610.0       3.8358854E-9   
  5615.0       3.748594E-9    
  5620.0       3.6367636E-9   
  5625.0       3.6432446E-9   
  5630.0       3.7084429E-9   
  5635.0       3.708996E-9    
  5640.0       3.6394472E-9   
  5645.0       3.638296E-9    
  5650.0       3.6711494E-9   
  5655.0       3.5998444E-9   
  5660.0       3.5064809E-9   
  5665.0       3.5516319E-9   
  5670.0       3.6574748E-9   
  5675.0       3.7511754E-9   
  5680.0       3.7473846E-9   
  5685.0       3.6727277E-9   
  5690.0       3.6499064E-9   
  5695.0       3.6722205E-9   
  5700.0       3.6230614E-9   
  5705.0       3.501896E-9    
  5710.0       3.447697E-9    
  5715.0       3.580982E-9    
  5720.0       3.7676573E-9   
  5725.0       3.817344E-9    
  5730.0       3.7902246E-9   
  5735.0       3.78408E-9     
  5740.0       3.7778665E-9   
  5745.0       3.74682E-9     
  5750.0       3.6935996E-9   
  5755.0       3.6667014E-9   
  5760.0       3.7200225E-9   
  5765.0       3.7798964E-9   
  5770.0       3.814658E-9    
  5775.0       3.7599537E-9   
  5780.0       3.646208E-9    
  5785.0       3.5593632E-9   
  5790.0       3.6330097E-9   
  5795.0       3.7148933E-9   
  5800.0       3.759228E-9    
  5805.0       3.7468384E-9   
  5810.0       3.7494803E-9   
  5815.0       3.7920245E-9   
  5820.0       3.846796E-9    
  5825.0       3.8559023E-9   
  5830.0       3.850329E-9    
  5835.0       3.8497947E-9   
  5840.0       3.864006E-9    
  5845.0       3.825126E-9    
  5850.0       3.7481693E-9   
  5855.0       3.6824401E-9   
  5860.0       3.6967007E-9   
  5865.0       3.7586823E-9   
  5870.0       3.8225063E-9   
  5875.0       3.8248014E-9   
  5880.0       3.740254E-9    
  5885.0       3.5600312E-9   
  5890.0       3.3536454E-9   
  5895.0       3.3873362E-9   
  5900.0       3.5861196E-9   
  5905.0       3.7261287E-9   
  5910.0       3.7590135E-9   
  5915.0       3.74624E-9     
  5920.0       3.7638075E-9   
  5925.0       3.7692955E-9   
  5930.0       3.758146E-9    
  5935.0       3.7513805E-9   
  5940.0       3.7433336E-9   
  5945.0       3.7223185E-9   
  5950.0       3.7008019E-9   
  5955.0       3.7062424E-9   
  5960.0       3.744895E-9    
  5965.0       3.7599084E-9   
  5970.0       3.755016E-9    
  5975.0       3.720204E-9    
  5980.0       3.6873071E-9   
  5985.0       3.6765615E-9   
  5990.0       3.680748E-9    
  5995.0       3.6751926E-9   
  6000.0       3.6383765E-9   
  6005.0       3.59814E-9     
  6010.0       3.5623493E-9   
  6015.0       3.5432095E-9   
  6020.0       3.5452654E-9   
  6025.0       3.5978514E-9   
  6030.0       3.6409094E-9   
  6035.0       3.6670724E-9   
  6040.0       3.6684646E-9   
  6045.0       3.6636474E-9   
  6050.0       3.6612395E-9   
  6055.0       3.6397465E-9   
  6060.0       3.627652E-9    
  6065.0       3.6382137E-9   
  6070.0       3.6582408E-9   
  6075.0       3.623003E-9    
  6080.0       3.5776229E-9   
  6085.0       3.5612975E-9   
  6090.0       3.5575938E-9   
  6095.0       3.5557037E-9   
  6100.0       3.5454957E-9   
  6105.0       3.5470535E-9   
  6110.0       3.5754866E-9   
  6115.0       3.5673755E-9   
  6120.0       3.548003E-9    
  6125.0       3.540287E-9    
  6130.0       3.5175638E-9   
  6135.0       3.440256E-9    
  6140.0       3.395524E-9    
  6145.0       3.4481167E-9   
  6150.0       3.4871506E-9   
  6155.0       3.450098E-9    
  6160.0       3.3720526E-9   
  6165.0       3.3585945E-9   
  6170.0       3.4120127E-9   
  6175.0       3.4674772E-9   
  6180.0       3.5152565E-9   
  6185.0       3.5064387E-9   
  6190.0       3.4877976E-9   
  6195.0       3.5154262E-9   
  6200.0       3.56195E-9     
  6205.0       3.57919E-9     
  6210.0       3.5414525E-9   
  6215.0       3.4834164E-9   
  6220.0       3.457125E-9    
  6225.0       3.449515E-9    
  6230.0       3.4269456E-9   
  6235.0       3.4319738E-9   
  6240.0       3.4141816E-9   
  6245.0       3.378446E-9    
  6250.0       3.3705914E-9   
  6255.0       3.369652E-9    
  6260.0       3.3948604E-9   
  6265.0       3.460259E-9    
  6270.0       3.4787502E-9   
  6275.0       3.413005E-9    
  6280.0       3.3507535E-9   
  6285.0       3.4164411E-9   
  6290.0       3.4554084E-9   
  6295.0       3.408539E-9    
  6300.0       3.3623702E-9   
  6305.0       3.3965677E-9   
  6310.0       3.4146375E-9   
  6315.0       3.360996E-9    
  6320.0       3.3494092E-9   
  6325.0       3.4154177E-9   
  6330.0       3.4490109E-9   
  6335.0       3.4110352E-9   
  6340.0       3.3878453E-9   
  6345.0       3.4258325E-9   
  6350.0       3.4539327E-9   
  6355.0       3.4196588E-9   
  6360.0       3.3785685E-9   
  6365.0       3.398896E-9    
  6370.0       3.4530276E-9   
  6375.0       3.478991E-9    
  6380.0       3.4755796E-9   
  6385.0       3.4634768E-9   
  6390.0       3.4422913E-9   
  6395.0       3.4204501E-9   
  6400.0       3.411686E-9    
  6405.0       3.409396E-9    
  6410.0       3.3960785E-9   
  6415.0       3.3907324E-9   
  6420.0       3.3883811E-9   
  6425.0       3.4089196E-9   
  6430.0       3.415672E-9    
  6435.0       3.4232508E-9   
  6440.0       3.4403866E-9   
  6445.0       3.4423195E-9   
  6450.0       3.402917E-9    
  6455.0       3.3781606E-9   
  6460.0       3.3731222E-9   
  6465.0       3.3870553E-9   
  6470.0       3.4000964E-9   
  6475.0       3.3938496E-9   
  6480.0       3.3795609E-9   
  6485.0       3.3737313E-9   
  6490.0       3.325371E-9    
  6495.0       3.2236216E-9   
  6500.0       3.2472394E-9   
  6505.0       3.3782468E-9   
  6510.0       3.4427157E-9   
  6515.0       3.4117396E-9   
  6520.0       3.3795196E-9   
  6525.0       3.387825E-9    
  6530.0       3.3970418E-9   
  6535.0       3.4155936E-9   
  6540.0       3.4279175E-9   
  6545.0       3.4245915E-9   
  6550.0       3.3342937E-9   
  6555.0       3.1150011E-9   
  6560.0       2.8669855E-9   
  6565.0       2.911947E-9    
  6570.0       3.200163E-9    
  6575.0       3.338771E-9    
  6580.0       3.3701706E-9   
  6585.0       3.3542287E-9   
  6590.0       3.3402707E-9   
  6595.0       3.3502099E-9   
  6600.0       3.3801921E-9   
  6605.0       3.3656264E-9   
  6610.0       3.3644225E-9   
  6615.0       3.4124354E-9   
  6620.0       3.4301164E-9   
  6625.0       3.3985685E-9   
  6630.0       3.3496794E-9   
  6635.0       3.3267202E-9   
  6640.0       3.341554E-9    
  6645.0       3.3587257E-9   
  6650.0       3.380712E-9    
  6655.0       3.3740364E-9   
  6660.0       3.3479814E-9   
  6665.0       3.339492E-9    
  6670.0       3.3517198E-9   
  6675.0       3.3330383E-9   
  6680.0       3.3260377E-9   
  6685.0       3.361758E-9    
  6690.0       3.3754843E-9   
  6695.0       3.3503207E-9   
  6700.0       3.3236085E-9   
  6705.0       3.3110368E-9   
  6710.0       3.307878E-9    
  6715.0       3.2818908E-9   
  6720.0       3.2741263E-9   
  6725.0       3.2965157E-9   
  6730.0       3.3087388E-9   
  6735.0       3.298388E-9    
  6740.0       3.277075E-9    
  6745.0       3.26404E-9     
  6750.0       3.2599852E-9   
  6755.0       3.2816239E-9   
  6760.0       3.299085E-9    
  6765.0       3.2746192E-9   
  6770.0       3.2485317E-9   
  6775.0       3.2697778E-9   
  6780.0       3.2805985E-9   
  6785.0       3.2675944E-9   
  6790.0       3.2629064E-9   
  6795.0       3.2519574E-9   
  6800.0       3.2551257E-9   
  6805.0       3.2434142E-9   
  6810.0       3.2382452E-9   
  6815.0       3.2486607E-9   
  6820.0       3.2563237E-9   
  6825.0       3.2534286E-9   
  6830.0       3.234267E-9    
  6835.0       3.2279475E-9   
  6840.0       3.2275962E-9   
  6845.0       3.2263863E-9   
  6850.0       3.2239027E-9   
  6855.0       3.2219174E-9   
  6860.0       3.2200664E-9   
  6865.0       3.2185081E-9   
  6870.0       3.2168281E-9   
  6875.0       3.2152487E-9   
  6880.0       3.2138505E-9   
  6885.0       3.2125325E-9   
  6890.0       3.2112164E-9   
  6895.0       3.209554E-9    
  6900.0       3.2077552E-9   
  6905.0       3.205831E-9    
  6910.0       3.203812E-9    
  6915.0       3.2025724E-9   
  6920.0       3.201754E-9    
  6925.0       3.1999141E-9   
  6930.0       3.1979055E-9   
  6935.0       3.1958485E-9   
  6940.0       3.1944833E-9   
  6945.0       3.1935428E-9   
  6950.0       3.1912373E-9   
  6955.0       3.1885132E-9   
  6960.0       3.1892475E-9   
  6965.0       3.1930458E-9   
  6970.0       3.1791558E-9   
  6975.0       3.1138443E-9   
  6980.0       3.0741756E-9   
  6985.0       3.0998066E-9   
  6990.0       3.1113583E-9   
  6995.0       3.1041856E-9   
  7000.0       3.0793492E-9   
  7005.0       3.0687313E-9   
  7010.0       3.0651952E-9   
  7015.0       3.0263612E-9   
  7020.0       3.0225318E-9   
  7025.0       3.0391367E-9   
  7030.0       3.0854617E-9   
  7035.0       3.0968192E-9   
  7040.0       3.099087E-9    
  7045.0       3.1142047E-9   
  7050.0       3.1113199E-9   
  7055.0       3.1029619E-9   
  7060.0       3.0903116E-9   
  7065.0       3.0707101E-9   
  7070.0       3.072896E-9    
  7075.0       3.0962142E-9   
  7080.0       3.0968437E-9   
  7085.0       3.0660525E-9   
  7090.0       3.0524088E-9   
  7095.0       3.0611325E-9   
  7100.0       3.0746736E-9   
  7105.0       3.0699485E-9   
  7110.0       3.0465186E-9   
  7115.0       3.0345197E-9   
  7120.0       3.0270813E-9   
  7125.0       3.0267948E-9   
  7130.0       3.0325324E-9   
  7135.0       3.0675316E-9   
  7140.0       3.0868748E-9   
  7145.0       3.0533676E-9   
  7150.0       3.0269438E-9   
  7155.0       3.0438942E-9   
  7160.0       3.0348126E-9   
  7165.0       2.9607006E-9   
  7170.0       2.8977096E-9   
  7175.0       2.8472524E-9   
  7180.0       2.7901736E-9   
  7185.0       2.7059461E-9   
  7190.0       2.6770357E-9   
  7195.0       2.7211549E-9   
  7200.0       2.7640923E-9   
  7205.0       2.8173215E-9   
  7210.0       2.9003886E-9   
  7215.0       2.9547456E-9   
  7220.0       2.9677667E-9   
  7225.0       2.9697347E-9   
  7230.0       2.954792E-9    
  7235.0       2.8930258E-9   
  7240.0       2.873399E-9    
  7245.0       2.8676284E-9   
  7250.0       2.8743747E-9   
  7255.0       2.8856548E-9   
  7260.0       2.8969358E-9   
  7265.0       2.8957965E-9   
  7270.0       2.9059637E-9   
  7275.0       2.8596339E-9   
  7280.0       2.8368508E-9   
  7285.0       2.8019789E-9   
  7290.0       2.7547942E-9   
  7295.0       2.828061E-9    
  7300.0       2.8855895E-9   
  7305.0       2.8522191E-9   
  7310.0       2.8375458E-9   
  7315.0       2.8609324E-9   
  7320.0       2.8882992E-9   
  7325.0       2.8942437E-9   
  7330.0       2.9047404E-9   
  7335.0       2.9489302E-9   
  7340.0       2.9814822E-9   
  7345.0       2.958444E-9    
  7350.0       2.9147906E-9   
  7355.0       2.8815372E-9   
  7360.0       2.8847755E-9   
  7365.0       2.8947644E-9   
  7370.0       2.914319E-9    
  7375.0       2.9250544E-9   
  7380.0       2.9092906E-9   
  7385.0       2.8504294E-9   
  7390.0       2.8185667E-9   
  7395.0       2.8463811E-9   
  7400.0       2.8699216E-9   
  7405.0       2.855987E-9    
  7410.0       2.8178468E-9   
  7415.0       2.8008447E-9   
  7420.0       2.8141571E-9   
  7425.0       2.8497045E-9   
  7430.0       2.892895E-9    
  7435.0       2.8984748E-9   
  7440.0       2.8768408E-9   
  7445.0       2.8506641E-9   
  7450.0       2.855988E-9    
  7455.0       2.8678742E-9   
  7460.0       2.866997E-9    
  7465.0       2.8792428E-9   
  7470.0       2.8928238E-9   
  7475.0       2.8730616E-9   
  7480.0       2.8584213E-9   
  7485.0       2.8575335E-9   
  7490.0       2.8511875E-9   
  7495.0       2.8441978E-9   
  7500.0       2.8522862E-9   
  7505.0       2.8319251E-9   
  7510.0       2.811621E-9    
  7515.0       2.8267675E-9   
  7520.0       2.8438547E-9   
  7525.0       2.8277958E-9   
  7530.0       2.8286165E-9   
  7535.0       2.8513336E-9   
  7540.0       2.8716014E-9   
  7545.0       2.8625529E-9   
  7550.0       2.8498197E-9   
  7555.0       2.8445015E-9   
  7560.0       2.843902E-9    
  7565.0       2.8428908E-9   
  7570.0       2.8404843E-9   
  7575.0       2.8379867E-9   
  7580.0       2.8361593E-9   
  7585.0       2.834438E-9    
  7590.0       2.8323306E-9   
  7595.0       2.8304394E-9   
  7600.0       2.8289977E-9   
  7605.0       2.827759E-9    
  7610.0       2.826302E-9    
  7615.0       2.824796E-9    
  7620.0       2.8232923E-9   
  7625.0       2.8217928E-9   
  7630.0       2.8203015E-9   
  7635.0       2.818809E-9    
  7640.0       2.8173266E-9   
  7645.0       2.815845E-9    
  7650.0       2.8143656E-9   
  7655.0       2.8128746E-9   
  7660.0       2.811398E-9    
  7665.0       2.8098999E-9   
  7670.0       2.8082234E-9   
  7675.0       2.8062372E-9   
  7680.0       2.8042608E-9   
  7685.0       2.8029667E-9   
  7690.0       2.80204E-9     
  7695.0       2.80031E-9     
  7700.0       2.7978986E-9   
  7705.0       2.7953775E-9   
  7710.0       2.793875E-9    
  7715.0       2.7931266E-9   
  7720.0       2.7907765E-9   
  7725.0       2.7874196E-9   
  7730.0       2.7939489E-9   
  7735.0       2.8075047E-9   
  7740.0       2.800037E-9    
  7745.0       2.7500977E-9   
  7750.0       2.7222922E-9   
  7755.0       2.75662E-9     
  7760.0       2.7951843E-9   
  7765.0       2.8013716E-9   
  7770.0       2.7726526E-9   
  7775.0       2.7460023E-9   
  7780.0       2.7422098E-9   
  7785.0       2.7521605E-9   
  7790.0       2.7578748E-9   
  7795.0       2.750835E-9    
  7800.0       2.7331297E-9   
  7805.0       2.7345006E-9   
  7810.0       2.7399358E-9   
  7815.0       2.7629687E-9   
  7820.0       2.778113E-9    
  7825.0       2.7716447E-9   
  7830.0       2.7510305E-9   
  7835.0       2.7358305E-9   
  7840.0       2.7407987E-9   
  7845.0       2.7470834E-9   
  7850.0       2.7414337E-9   
  7855.0       2.7382812E-9   
  7860.0       2.7464253E-9   
  7865.0       2.7476061E-9   
  7870.0       2.7397868E-9   
  7875.0       2.717654E-9    
  7880.0       2.7081604E-9   
  7885.0       2.7189493E-9   
  7890.0       2.7214222E-9   
  7895.0       2.6954714E-9   
  7900.0       2.6807583E-9   
  7905.0       2.6804519E-9   
  7910.0       2.6693479E-9   
  7915.0       2.6454565E-9   
  7920.0       2.6303113E-9   
  7925.0       2.6287805E-9   
  7930.0       2.6294336E-9   
  7935.0       2.6260059E-9   
  7940.0       2.6202605E-9   
  7945.0       2.6045783E-9   
  7950.0       2.6196438E-9   
  7955.0       2.6381237E-9   
  7960.0       2.6401867E-9   
  7965.0       2.6481723E-9   
  7970.0       2.6527571E-9   
  7975.0       2.6589395E-9   
  7980.0       2.6608629E-9   
  7985.0       2.6618243E-9   
  7990.0       2.6535776E-9   
  7995.0       2.6178522E-9   
  8000.0       2.5882387E-9   
  8005.0       2.6018374E-9   
  8010.0       2.6193947E-9   
  8015.0       2.634932E-9    
  8020.0       2.625309E-9    
  8025.0       2.5835754E-9   
  8030.0       2.5681466E-9   
  8035.0       2.5988758E-9   
  8040.0       2.6096987E-9   
  8045.0       2.5688092E-9   
  8050.0       2.546864E-9    
  8055.0       2.5764795E-9   
  8060.0       2.6082654E-9   
  8065.0       2.6024287E-9   
  8070.0       2.5758793E-9   
  8075.0       2.5639293E-9   
  8080.0       2.5591442E-9   
  8085.0       2.549717E-9    
  8090.0       2.5427145E-9   
  8095.0       2.529669E-9    
  8100.0       2.5339162E-9   
  8105.0       2.5541045E-9   
  8110.0       2.5570215E-9   
  8115.0       2.5474007E-9   
  8120.0       2.5429843E-9   
  8125.0       2.543256E-9    
  8130.0       2.5255802E-9   
  8135.0       2.490722E-9    
  8140.0       2.4678235E-9   
  8145.0       2.4354745E-9   
  8150.0       2.4091193E-9   
  8155.0       2.4029938E-9   
  8160.0       2.3827968E-9   
  8165.0       2.3410718E-9   
  8170.0       2.35489E-9     
  8175.0       2.3605315E-9   
  8180.0       2.3494184E-9   
  8185.0       2.3647817E-9   
  8190.0       2.3595503E-9   
  8195.0       2.3303763E-9   
  8200.0       2.34283E-9     
  8205.0       2.4424136E-9   
  8210.0       2.4980606E-9   
  8215.0       2.4908517E-9   
  8220.0       2.4135383E-9   
  8225.0       2.277336E-9    
  8230.0       2.1892486E-9   
  8235.0       2.291561E-9    
  8240.0       2.412704E-9    
  8245.0       2.4598277E-9   
  8250.0       2.4645483E-9   
  8255.0       2.4314706E-9   
  8260.0       2.4321862E-9   
  8265.0       2.4682674E-9   
  8270.0       2.4611735E-9   
  8275.0       2.3970732E-9   
  8280.0       2.364612E-9    
  8285.0       2.3665843E-9   
  8290.0       2.3689777E-9   
  8295.0       2.3720779E-9   
  8300.0       2.375648E-9    
  8305.0       2.3653117E-9   
  8310.0       2.3744817E-9   
  8315.0       2.383471E-9    
  8320.0       2.3731372E-9   
  8325.0       2.3771605E-9   
  8330.0       2.3608229E-9   
  8335.0       2.3381101E-9   
  8340.0       2.3365951E-9   
  8345.0       2.3708309E-9   
  8350.0       2.406266E-9    
  8355.0       2.415063E-9    
  8360.0       2.4058058E-9   
  8365.0       2.3999782E-9   
  8370.0       2.4058462E-9   
  8375.0       2.4090587E-9   
  8380.0       2.4033873E-9   
  8385.0       2.3762579E-9   
  8390.0       2.3655076E-9   
  8395.0       2.3923354E-9   
  8400.0       2.4175406E-9   
  8405.0       2.424151E-9    
  8410.0       2.414045E-9    
  8415.0       2.4056088E-9   
  8420.0       2.401861E-9    
  8425.0       2.389952E-9    
  8430.0       2.3786744E-9   
  8435.0       2.3511146E-9   
  8440.0       2.344756E-9    
  8445.0       2.3563234E-9   
  8450.0       2.3816893E-9   
  8455.0       2.4134412E-9   
  8460.0       2.41066E-9     
  8465.0       2.3809426E-9   
  8470.0       2.354017E-9    
  8475.0       2.3727937E-9   
  8480.0       2.4010305E-9   
  8485.0       2.4121658E-9   
  8490.0       2.3514568E-9   
  8495.0       2.1845552E-9   
  8500.0       2.0748583E-9   
  8505.0       2.181277E-9    
  8510.0       2.2801774E-9   
  8515.0       2.2819093E-9   
  8520.0       2.2630509E-9   
  8525.0       2.2583677E-9   
  8530.0       2.2369284E-9   
  8535.0       2.1379114E-9   
  8540.0       1.930068E-9    
  8545.0       1.8007288E-9   
  8550.0       1.8758823E-9   
  8555.0       2.0402071E-9   
  8560.0       2.205071E-9    
  8565.0       2.2654976E-9   
  8570.0       2.2571105E-9   
  8575.0       2.2476274E-9   
  8580.0       2.2417348E-9   
  8585.0       2.2270814E-9   
  8590.0       2.2151663E-9   
  8595.0       2.1966053E-9   
  8600.0       2.1990436E-9   
  8605.0       2.2322337E-9   
  8610.0       2.2540372E-9   
  8615.0       2.2655862E-9   
  8620.0       2.2732738E-9   
  8625.0       2.2867899E-9   
  8630.0       2.3084903E-9   
  8635.0       2.3273148E-9   
  8640.0       2.3293942E-9   
  8645.0       2.3101208E-9   
  8650.0       2.2825613E-9   
  8655.0       2.2293094E-9   
  8660.0       2.0599493E-9   
  8665.0       1.9212911E-9   
  8670.0       1.9341306E-9   
  8675.0       2.0641175E-9   
  8680.0       2.2170934E-9   
  8685.0       2.2613191E-9   
  8690.0       2.2416085E-9   
  8695.0       2.2378481E-9   
  8700.0       2.244023E-9    
  8705.0       2.2460347E-9   
  8710.0       2.2261846E-9   
  8715.0       2.210126E-9    
  8720.0       2.2018376E-9   
  8725.0       2.1870354E-9   
  8730.0       2.1766835E-9   
  8735.0       2.1755402E-9   
  8740.0       2.1733972E-9   
  8745.0       2.1646953E-9   
  8750.0       2.1454447E-9   
  8755.0       2.119544E-9    
  8760.0       2.1045856E-9   
  8765.0       2.1027196E-9   
  8770.0       2.112565E-9    
  8775.0       2.1309043E-9   
  8780.0       2.160672E-9    
  8785.0       2.1957995E-9   
  8790.0       2.2158877E-9   
  8795.0       2.2179156E-9   
  8800.0       2.2616886E-9   
  8805.0       2.250018E-9    
  8810.0       2.256933E-9    
  8815.0       2.2729598E-9   
  8820.0       2.272588E-9    
  8825.0       2.2659918E-9   
  8830.0       2.2689872E-9   
  8835.0       2.2656803E-9   
  8840.0       2.2592181E-9   
  8845.0       2.2608133E-9   
  8850.0       2.255489E-9    
  8855.0       2.2431201E-9   
  8860.0       2.2182682E-9   
  8865.0       2.2057869E-9   
  8870.0       2.212163E-9    
  8875.0       2.2227018E-9   
  8880.0       2.2246192E-9   
  8885.0       2.2259394E-9   
  8890.0       2.2226914E-9   
  8895.0       2.2177942E-9   
  8900.0       2.2192257E-9   
  8905.0       2.220228E-9    
  8910.0       2.2165205E-9   
  8915.0       2.2138085E-9   
  8920.0       2.208979E-9    
  8925.0       2.200954E-9    
  8930.0       2.1994506E-9   
  8935.0       2.2107485E-9   
  8940.0       2.21162E-9     
  8945.0       2.1952637E-9   
  8950.0       2.1887232E-9   
  8955.0       2.1853777E-9   
  8960.0       2.17755E-9     
  8965.0       2.1505027E-9   
  8970.0       2.1471542E-9   
  8975.0       2.1434188E-9   
  8980.0       2.1425106E-9   
  8985.0       2.1015985E-9   
  8990.0       2.0568611E-9   
  8995.0       2.1079634E-9   
  9000.0       2.0988657E-9   
  9005.0       2.088346E-9    
  9010.0       2.079082E-9    
  9015.0       2.0719768E-9   
  9020.0       2.095762E-9    
  9025.0       2.1163977E-9   
  9030.0       2.160737E-9    
  9035.0       2.2033302E-9   
  9040.0       2.2078392E-9   
  9045.0       2.2013291E-9   
  9050.0       2.189224E-9    
  9055.0       2.1663447E-9   
  9060.0       2.1192672E-9   
  9065.0       2.0919653E-9   
  9070.0       2.0624182E-9   
  9075.0       2.040014E-9    
  9080.0       2.0212396E-9   
  9085.0       2.014575E-9    
  9090.0       2.0043784E-9   
  9095.0       2.0100177E-9   
  9100.0       2.0116033E-9   
  9105.0       2.020152E-9    
  9110.0       2.0369457E-9   
  9115.0       2.0365767E-9   
  9120.0       2.036365E-9    
  9125.0       2.0432815E-9   
  9130.0       1.9943982E-9   
  9135.0       1.9732944E-9   
  9140.0       2.0033526E-9   
  9145.0       2.0067203E-9   
  9150.0       1.9671362E-9   
  9155.0       1.9428341E-9   
  9160.0       1.9758923E-9   
  9165.0       1.98842E-9     
  9170.0       1.9608173E-9   
  9175.0       1.9385142E-9   
  9180.0       1.9743414E-9   
  9185.0       1.9990856E-9   
  9190.0       2.0116702E-9   
  9195.0       2.0035047E-9   
  9200.0       2.0225102E-9   
  9205.0       2.0181896E-9   
  9210.0       1.9911175E-9   
  9215.0       1.9763453E-9   
  9220.0       1.9908033E-9   
  9225.0       1.9907924E-9   
  9230.0       1.9700528E-9   
  9235.0       1.9714899E-9   
  9240.0       1.9813469E-9   
  9245.0       1.9858655E-9   
  9250.0       1.9978847E-9   
  9255.0       2.0106747E-9   
  9260.0       2.0218944E-9   
  9265.0       2.0506812E-9   
  9270.0       2.0633673E-9   
  9275.0       2.0492208E-9   
  9280.0       2.0030613E-9   
  9285.0       2.0147888E-9   
  9290.0       2.0119297E-9   
  9295.0       1.9793482E-9   
  9300.0       1.960621E-9    
  9305.0       1.9423818E-9   
  9310.0       1.9121253E-9   
  9315.0       1.8479983E-9   
  9320.0       1.7997219E-9   
  9325.0       1.786548E-9    
  9330.0       1.7920777E-9   
  9335.0       1.7294401E-9   
  9340.0       1.6937167E-9   
  9345.0       1.7047787E-9   
  9350.0       1.7919637E-9   
  9355.0       1.7438193E-9   
  9360.0       1.7857872E-9   
  9365.0       1.8059901E-9   
  9370.0       1.7594465E-9   
  9375.0       1.8012661E-9   
  9380.0       1.8098856E-9   
  9385.0       1.9136102E-9   
  9390.0       2.0210804E-9   
  9395.0       2.0915616E-9   
  9400.0       2.0480784E-9   
  9405.0       1.9935837E-9   
  9410.0       1.9427977E-9   
  9415.0       1.9440671E-9   
  9420.0       1.9272715E-9   
  9425.0       1.8539686E-9   
  9430.0       1.8092575E-9   
  9435.0       1.8333258E-9   
  9440.0       1.7475205E-9   
  9445.0       1.7836546E-9   
  9450.0       1.8467997E-9   
  9455.0       1.7968904E-9   
  9460.0       1.7766452E-9   
  9465.0       1.8347054E-9   
  9470.0       1.8770747E-9   
  9475.0       1.8477604E-9   
  9480.0       1.8116129E-9   
  9485.0       1.8778583E-9   
  9490.0       1.8963693E-9   
  9495.0       1.7923966E-9   
  9500.0       1.7780899E-9   
  9505.0       1.8914545E-9   
  9510.0       1.9485193E-9   
  9515.0       1.8709572E-9   
  9520.0       1.7847869E-9   
  9525.0       1.7930626E-9   
  9530.0       1.8509533E-9   
  9535.0       1.8950084E-9   
  9540.0       1.8621219E-9   
  9545.0       1.8057881E-9   
  9550.0       1.8183093E-9   
  9555.0       1.8068113E-9   
  9560.0       1.8129194E-9   
  9565.0       1.8053775E-9   
  9570.0       1.8522766E-9   
  9575.0       1.9100719E-9   
  9580.0       1.8509511E-9   
  9585.0       1.8399879E-9   
  9590.0       1.7956092E-9   
  9595.0       1.8109322E-9   
  9600.0       1.8429098E-9   
  9605.0       1.8663633E-9   
  9610.0       1.8735853E-9   
  9615.0       1.8609696E-9   
  9620.0       1.8226626E-9   
  9625.0       1.8217832E-9   
  9630.0       1.8516841E-9   
  9635.0       1.8236475E-9   
  9640.0       1.8138022E-9   
  9645.0       1.8164737E-9   
  9650.0       1.8272553E-9   
  9655.0       1.8307073E-9   
  9660.0       1.808721E-9    
  9665.0       1.7988552E-9   
  9670.0       1.8382532E-9   
  9675.0       1.8770083E-9   
  9680.0       1.881834E-9    
  9685.0       1.8986368E-9   
  9690.0       1.8967734E-9   
  9695.0       1.8972381E-9   
  9700.0       1.8857125E-9   
  9705.0       1.886478E-9    
  9710.0       1.905359E-9    
  9715.0       1.8878803E-9   
  9720.0       1.8712114E-9   
  9725.0       1.848016E-9    
  9730.0       1.8474401E-9   
  9735.0       1.8032174E-9   
  9740.0       1.7882692E-9   
  9745.0       1.8150808E-9   
  9750.0       1.8251346E-9   
  9755.0       1.8223455E-9   
  9760.0       1.8105777E-9   
  9765.0       1.8249949E-9   
  9770.0       1.8510076E-9   
  9775.0       1.8454015E-9   
  9780.0       1.8410429E-9   
  9785.0       1.824109E-9    
  9790.0       1.8152455E-9   
  9795.0       1.8322427E-9   
  9800.0       1.8443259E-9   
  9805.0       1.8456635E-9   
  9810.0       1.8496912E-9   
  9815.0       1.8725412E-9   
  9820.0       1.8473427E-9   
  9825.0       1.8301257E-9   
  9830.0       1.8316063E-9   
  9835.0       1.8463325E-9   
  9840.0       1.8624147E-9   
  9845.0       1.8385595E-9   
  9850.0       1.843489E-9    
  9855.0       1.8436145E-9   
  9860.0       1.8332215E-9   
  9865.0       1.8418179E-9   
  9870.0       1.8524732E-9   
  9875.0       1.8422918E-9   
  9880.0       1.8195176E-9   
  9885.0       1.84272E-9     
  9890.0       1.8301167E-9   
  9895.0       1.8148529E-9   
  9900.0       1.8237315E-9   
  9905.0       1.8221044E-9   
  9910.0       1.8458756E-9   
  9915.0       1.8238488E-9   
  9920.0       1.8259946E-9   
  9925.0       1.8222698E-9   
  9930.0       1.8135449E-9   
  9935.0       1.8313238E-9   
  9940.0       1.8280262E-9   
  9945.0       1.7985065E-9   
  9950.0       1.8032639E-9   
  9955.0       1.8221494E-9   
  9960.0       1.8162205E-9   
  9965.0       1.7998457E-9   
  9970.0       1.8058843E-9   
  9975.0       1.8041171E-9   
  9980.0       1.8322159E-9   
  9985.0       1.8024997E-9   
  9990.0       1.8070443E-9   
  9995.0       1.8177062E-9   
  10000.0      1.7988309E-9   
  10005.0      1.7951557E-9   
  10010.0      1.800446E-9    
  10015.0      1.791123E-9    
  10020.0      1.7840996E-9   
  10025.0      1.8079044E-9   
  10030.0      1.8113734E-9   
  10035.0      1.7698033E-9   
  10040.0      1.7688709E-9   
  10045.0      1.7656728E-9   
  10050.0      1.7424006E-9   
  10055.0      1.7497327E-9   
  10060.0      1.7597149E-9   
  10065.0      1.7705065E-9   
  10070.0      1.7716066E-9   
  10075.0      1.7857517E-9   
  10080.0      1.7875637E-9   
  10085.0      1.7730609E-9   
  10090.0      1.789635E-9    
  10095.0      1.8173726E-9   
  10100.0      1.7935253E-9   
  10105.0      1.7629328E-9   
  10110.0      1.7873882E-9   
  10115.0      1.7986214E-9   
  10120.0      1.7736556E-9   
  10125.0      1.757095E-9    
  10130.0      1.7669507E-9   
  10135.0      1.7743778E-9   
  10140.0      1.7407152E-9   
  10145.0      1.7469884E-9   
  10150.0      1.753904E-9    
  10155.0      1.7535371E-9   
  10160.0      1.7521398E-9   
  10165.0      1.7507398E-9   
  10170.0      1.7493254E-9   
  10175.0      1.7478924E-9   
  10180.0      1.746435E-9    
  10185.0      1.7449407E-9   
  10190.0      1.7434048E-9   
  10195.0      1.7418232E-9   
  10200.0      1.7401851E-9   
  10205.0      1.7384851E-9   
  10210.0      1.7367318E-9   
  10215.0      1.7349296E-9   
  10220.0      1.733093E-9    
  10225.0      1.7312239E-9   
  10230.0      1.7293366E-9   
  10235.0      1.727438E-9    
  10240.0      1.7255388E-9   
  10245.0      1.7236387E-9   
  10250.0      1.7217545E-9   
  10255.0      1.719898E-9    
  10260.0      1.7180477E-9   
  10265.0      1.7162163E-9   
  10270.0      1.7143925E-9   
  10275.0      1.712571E-9    
  10280.0      1.7107482E-9   
  10285.0      1.7089136E-9   
  10290.0      1.7070715E-9   
  10295.0      1.7052041E-9   
  10300.0      1.7033213E-9   
  10305.0      1.7014061E-9   
  10310.0      1.6994827E-9   
  10315.0      1.6975513E-9   
  10320.0      1.6956233E-9   
  10325.0      1.6937205E-9   
  10330.0      1.6918454E-9   
  10335.0      1.6900165E-9   
  10340.0      1.68824E-9     
  10345.0      1.6865315E-9   
  10350.0      1.6848986E-9   
  10355.0      1.6833505E-9   
  10360.0      1.6818725E-9   
  10365.0      1.6804386E-9   
  10370.0      1.6790412E-9   
  10375.0      1.677653E-9    
  10380.0      1.6762496E-9   
  10385.0      1.6748156E-9   
  10390.0      1.6733307E-9   
  10395.0      1.6717762E-9   
  10400.0      1.670129E-9    
  10405.0      1.6683769E-9   
  10410.0      1.6665417E-9   
  10415.0      1.6646406E-9   
  10420.0      1.662704E-9    
  10425.0      1.660755E-9    
  10430.0      1.6588222E-9   
  10435.0      1.6569263E-9   
  10440.0      1.6550928E-9   
  10445.0      1.6533486E-9   
  10450.0      1.6517224E-9   
  10455.0      1.6502232E-9   
  10460.0      1.6488488E-9   
  10465.0      1.6475815E-9   
  10470.0      1.6464173E-9   
  10475.0      1.6453326E-9   
  10480.0      1.644314E-9    
  10485.0      1.6433536E-9   
  10490.0      1.642427E-9    
  10495.0      1.6415307E-9   
  10500.0      1.6406453E-9   
  10505.0      1.6397542E-9   
  10510.0      1.6388667E-9   
  10515.0      1.6379778E-9   
  10520.0      1.6370809E-9   
  10525.0      1.6361796E-9   
  10530.0      1.6352744E-9   
  10535.0      1.63437E-9     
  10540.0      1.6334606E-9   
  10545.0      1.6325438E-9   
  10550.0      1.6316317E-9   
  10555.0      1.6307107E-9   
  10560.0      1.6297886E-9   
  10565.0      1.6288627E-9   
  10570.0      1.6279313E-9   
  10575.0      1.6269982E-9   
  10580.0      1.6260627E-9   
  10585.0      1.6251216E-9   
  10590.0      1.6241836E-9   
  10595.0      1.6232352E-9   
  10600.0      1.6222876E-9   
  10605.0      1.6213345E-9   
  10610.0      1.6203813E-9   
  10615.0      1.6194208E-9   
  10620.0      1.2138687E-9   
