# WAVELENGTH   FLUX           
  1150.0       0.0            
  1155.0       9.057985E-14   
  1160.0       5.411368E-13   
  1165.0       8.980232E-14   
  1170.0       0.0            
  1175.0       0.0            
  1180.0       0.0            
  1185.0       0.0            
  1190.0       0.0            
  1195.0       9.009763E-14   
  1200.0       9.737957E-13   
  1205.0       4.4748745E-12  
  1210.0       1.4630935E-11  
  1215.0       2.5373011E-11  
  1220.0       1.857586E-11   
  1225.0       5.30671E-12    
  1230.0       7.001108E-13   
  1235.0       2.8502415E-13  
  1240.0       1.8115893E-13  
  1245.0       3.968884E-14   
  1250.0       1.1221995E-13  
  1255.0       1.4022059E-13  
  1260.0       1.724291E-13   
  1265.0       1.233052E-13   
  1270.0       1.0009842E-13  
  1275.0       2.8330252E-13  
  1280.0       3.0093213E-13  
  1285.0       4.642151E-13   
  1290.0       1.8366944E-12  
  1295.0       4.8189044E-12  
  1300.0       9.342123E-12   
  1305.0       1.1595727E-11  
  1310.0       6.086534E-12   
  1315.0       1.4786772E-12  
  1320.0       2.743599E-13   
  1325.0       1.1868075E-13  
  1330.0       1.8474084E-13  
  1335.0       4.212517E-13   
  1340.0       5.710647E-13   
  1345.0       5.074768E-13   
  1350.0       6.058147E-13   
  1355.0       8.468799E-13   
  1360.0       8.246432E-13   
  1365.0       5.904789E-13   
  1370.0       4.7010274E-13  
  1375.0       5.425738E-13   
  1380.0       4.872491E-13   
  1385.0       2.5917585E-13  
  1390.0       1.5703045E-13  
  1395.0       2.4207603E-13  
  1400.0       1.7473772E-13  
  1405.0       1.9488343E-13  
  1410.0       1.8688798E-13  
  1415.0       1.2892264E-13  
  1420.0       9.535602E-14   
  1425.0       1.8561262E-13  
  1430.0       2.83726E-13    
  1435.0       3.1675636E-13  
  1440.0       1.5554181E-13  
  1445.0       2.0478202E-13  
  1450.0       3.173069E-13   
  1455.0       2.3219312E-13  
  1460.0       2.618271E-13   
  1465.0       5.7002585E-13  
  1470.0       1.0202669E-12  
  1475.0       8.717651E-13   
  1480.0       6.560455E-13   
  1485.0       7.149477E-13   
  1490.0       5.817403E-13   
  1495.0       6.426334E-13   
  1500.0       7.31327E-13    
  1505.0       6.2886165E-13  
  1510.0       4.6484713E-13  
  1515.0       3.4289528E-13  
  1520.0       2.6035998E-13  
  1525.0       5.0442013E-13  
  1530.0       6.748675E-13   
  1535.0       7.135602E-13   
  1540.0       6.52263E-13    
  1545.0       5.2238075E-13  
  1550.0       4.9108536E-13  
  1555.0       3.657552E-13   
  1560.0       1.7559798E-13  
  1565.0       1.2103583E-13  
  1570.0       1.7344217E-13  
  1575.0       2.97323E-13    
  1580.0       4.3604213E-13  
  1585.0       4.2992714E-13  
  1590.0       4.7339384E-13  
  1595.0       4.35438E-13    
  1600.0       2.9575737E-13  
  1605.0       3.3041357E-13  
  1610.0       3.7066511E-13  
  1615.0       5.383818E-13   
  1620.0       4.6768194E-13  
  1625.0       3.5646993E-13  
  1630.0       2.8600933E-13  
  1635.0       4.6854046E-13  
  1640.0       9.492816E-13   
  1645.0       8.750605E-13   
  1650.0       5.868273E-13   
  1655.0       6.3328655E-13  
  1660.0       7.392873E-13   
  1665.0       6.775471E-13   
  1670.0       6.537384E-13   
  1675.0       6.350878E-13   
  1680.0       6.681616E-13   
  1685.0       4.3726757E-13  
  1690.0       3.9209307E-13  
  1695.0       4.804837E-13   
  1700.0       6.1314804E-13  
  1705.0       6.0936526E-13  
  1710.0       6.514693E-13   
  1715.0       7.257628E-13   
  1720.0       7.621907E-13   
  1725.0       7.9257483E-13  
  1730.0       8.2992706E-13  
  1735.0       7.82222E-13    
  1740.0       7.467718E-13   
  1745.0       8.7122036E-13  
  1750.0       1.1581199E-12  
  1755.0       1.1718219E-12  
  1760.0       7.8068286E-13  
  1765.0       7.645976E-13   
  1770.0       9.642029E-13   
  1775.0       1.1805483E-12  
  1780.0       1.3458964E-12  
  1785.0       1.3598189E-12  
  1790.0       1.3037797E-12  
  1795.0       1.4184266E-12  
  1800.0       1.7282862E-12  
  1805.0       1.9651648E-12  
  1810.0       2.2363107E-12  
  1815.0       2.6886301E-12  
  1820.0       2.7460488E-12  
  1825.0       1.9570192E-12  
  1830.0       1.4634315E-12  
  1835.0       1.4042085E-12  
  1840.0       1.305127E-12   
  1845.0       1.2668172E-12  
  1850.0       1.1925361E-12  
  1855.0       1.2243792E-12  
  1860.0       1.297731E-12   
  1865.0       1.3337419E-12  
  1870.0       1.4561485E-12  
  1875.0       1.4379139E-12  
  1880.0       1.5735473E-12  
  1885.0       1.8029734E-12  
  1890.0       1.9291183E-12  
  1895.0       2.0739385E-12  
  1900.0       2.041555E-12   
  1905.0       1.8363635E-12  
  1910.0       1.6925528E-12  
  1915.0       1.7753586E-12  
  1920.0       1.877193E-12   
  1925.0       1.902417E-12   
  1930.0       1.974869E-12   
  1935.0       2.0552757E-12  
  1940.0       2.2244934E-12  
  1945.0       2.3986774E-12  
  1950.0       1.9992699E-12  
  1955.0       2.815287E-13   
  1960.0       0.0            
  1965.0       1.0587909E-13  
  1970.0       7.0534155E-13  
  1975.0       5.535343E-13   
  1980.0       1.8627327E-13  
  1985.0       4.2066665E-14  
  1990.0       5.585482E-13   
  1995.0       2.9393322E-12  
  2000.0       3.502226E-12   
  2005.0       4.9236214E-12  
  2010.0       2.5963613E-12  
  2015.0       2.6562775E-12  
  2020.0       2.6793713E-12  
  2025.0       3.360977E-12   
  2030.0       1.5189536E-12  
  2035.0       1.7294316E-13  
  2040.0       1.0446386E-13  
  2045.0       1.1780165E-12  
  2050.0       3.5581418E-12  
  2055.0       1.4220624E-12  
  2060.0       3.8107055E-13  
  2065.0       1.9527591E-12  
  2070.0       3.9591455E-12  
  2075.0       3.8655884E-12  
  2080.0       3.1836853E-12  
  2085.0       3.3813991E-12  
  2090.0       1.5756797E-12  
  2095.0       9.206909E-13   
  2100.0       2.9846486E-12  
  2105.0       3.0631192E-12  
  2110.0       6.213605E-13   
  2115.0       1.3328703E-12  
  2120.0       1.6799946E-12  
  2125.0       3.0703193E-13  
  2130.0       3.790625E-13   
  2135.0       6.3158777E-13  
  2140.0       2.6921547E-12  
  2145.0       3.6412995E-12  
  2150.0       4.7366447E-12  
  2155.0       5.0913596E-12  
  2160.0       3.7054834E-12  
  2165.0       2.9384273E-12  
  2170.0       2.0889048E-12  
  2175.0       1.8208946E-12  
  2180.0       2.6425698E-12  
  2185.0       1.727283E-12   
  2190.0       1.822637E-12   
  2195.0       1.950417E-12   
  2200.0       1.6449686E-12  
  2205.0       2.190981E-12   
  2210.0       2.6474055E-12  
  2215.0       4.1473725E-12  
  2220.0       4.078541E-12   
  2225.0       2.7454653E-12  
  2230.0       2.6976134E-12  
  2235.0       2.4056059E-12  
  2240.0       4.408209E-12   
  2245.0       7.115997E-12   
  2250.0       7.558536E-12   
  2255.0       8.970392E-12   
  2260.0       1.039238E-11   
  2265.0       9.208491E-12   
  2270.0       8.7102E-12     
  2275.0       9.343795E-12   
  2280.0       8.712748E-12   
  2285.0       7.4021275E-12  
  2290.0       5.499467E-12   
  2295.0       3.6918637E-12  
  2300.0       4.3688087E-12  
  2305.0       4.83379E-12    
  2310.0       4.662865E-12   
  2315.0       5.1604194E-12  
  2320.0       5.1150572E-12  
  2325.0       8.116636E-12   
  2330.0       8.6121665E-12  
  2335.0       1.0664957E-11  
  2340.0       8.955811E-12   
  2345.0       8.217093E-12   
  2350.0       1.0014929E-11  
  2355.0       8.934411E-12   
  2360.0       1.0645999E-11  
  2365.0       1.13615185E-11 
  2370.0       1.0897236E-11  
  2375.0       1.0586218E-11  
  2380.0       1.072722E-11   
  2385.0       1.163262E-11   
  2390.0       1.2493141E-11  
  2395.0       1.2318785E-11  
  2400.0       1.0283393E-11  
  2405.0       1.0596428E-11  
  2410.0       1.1008246E-11  
  2415.0       1.0840154E-11  
  2420.0       1.1452273E-11  
  2425.0       1.0976587E-11  
  2430.0       1.0655387E-11  
  2435.0       1.2547655E-11  
  2440.0       1.40351585E-11 
  2445.0       1.3449489E-11  
  2450.0       1.3173792E-11  
  2455.0       1.5286423E-11  
  2460.0       1.6183489E-11  
  2465.0       1.4868108E-11  
  2470.0       1.3087542E-11  
  2475.0       1.3986383E-11  
  2480.0       1.4407443E-11  
  2485.0       1.4224064E-11  
  2490.0       1.3484075E-11  
  2495.0       1.1168745E-11  
  2500.0       1.1088563E-11  
  2505.0       1.2541088E-11  
  2510.0       1.462286E-11   
  2515.0       1.43013735E-11 
  2520.0       1.3016128E-11  
  2525.0       1.0483625E-11  
  2530.0       1.0555317E-11  
  2535.0       1.3061564E-11  
  2540.0       1.3763403E-11  
  2545.0       1.3220271E-11  
  2550.0       1.3386344E-11  
  2555.0       1.5123562E-11  
  2560.0       1.7650412E-11  
  2565.0       1.8574786E-11  
  2570.0       1.9669743E-11  
  2575.0       1.9595348E-11  
  2580.0       1.4477931E-11  
  2585.0       1.3339029E-11  
  2590.0       1.689333E-11   
  2595.0       1.9566333E-11  
  2600.0       2.0413272E-11  
  2605.0       2.023973E-11   
  2610.0       2.0410324E-11  
  2615.0       2.2007236E-11  
  2620.0       2.4530943E-11  
  2625.0       2.7066516E-11  
  2630.0       2.787623E-11   
  2635.0       2.8788761E-11  
  2640.0       3.1953568E-11  
  2645.0       3.345989E-11   
  2650.0       3.279423E-11   
  2655.0       3.3345424E-11  
  2660.0       3.4536544E-11  
  2665.0       3.3861525E-11  
  2670.0       3.4504018E-11  
  2675.0       3.6213695E-11  
  2680.0       3.4891173E-11  
  2685.0       3.474164E-11   
  2690.0       3.446499E-11   
  2695.0       3.3057054E-11  
  2700.0       3.322808E-11   
  2705.0       3.508759E-11   
  2710.0       3.7466773E-11  
  2715.0       3.8136192E-11  
  2720.0       3.7847645E-11  
  2725.0       3.6234717E-11  
  2730.0       3.8687168E-11  
  2735.0       4.1999664E-11  
  2740.0       4.3426023E-11  
  2745.0       4.0256836E-11  
  2750.0       3.704007E-11   
  2755.0       3.754909E-11   
  2760.0       4.055783E-11   
  2765.0       4.545998E-11   
  2770.0       4.57519E-11    
  2775.0       4.6989475E-11  
  2780.0       4.5545755E-11  
  2785.0       3.7110558E-11  
  2790.0       4.260074E-11   
  2795.0       8.6186946E-11  
  2800.0       1.519478E-10   
  2805.0       1.523393E-10   
  2810.0       1.1075807E-10  
  2815.0       6.159261E-11   
  2820.0       5.137536E-11   
  2825.0       5.48598E-11    
  2830.0       5.544511E-11   
  2835.0       5.3944044E-11  
  2840.0       5.3606456E-11  
  2845.0       5.2623815E-11  
  2850.0       5.008449E-11   
  2855.0       4.271095E-11   
  2860.0       4.3476226E-11  
  2865.0       5.065028E-11   
  2870.0       5.6600214E-11  
  2875.0       6.1010655E-11  
  2880.0       5.991137E-11   
  2885.0       6.2720516E-11  
  2890.0       7.144233E-11   
  2895.0       7.54675E-11    
  2900.0       8.239627E-11   
  2905.0       9.728164E-11   
  2910.0       1.01117906E-10 
  2915.0       9.719565E-11   
  2920.0       1.0052065E-10  
  2925.0       9.746977E-11   
  2930.0       8.99818E-11    
  2935.0       9.4621505E-11  
  2940.0       9.686947E-11   
  2945.0       9.551541E-11   
  2950.0       9.6023856E-11  
  2955.0       9.866515E-11   
  2960.0       1.0699583E-10  
  2965.0       1.0719754E-10  
  2970.0       9.126251E-11   
  2975.0       8.738652E-11   
  2980.0       1.0150781E-10  
  2985.0       9.707228E-11   
  2990.0       9.0857606E-11  
  2995.0       1.03891874E-10 
  3000.0       1.04400454E-10 
  3005.0       9.703179E-11   
  3010.0       1.012544E-10   
  3015.0       1.04737635E-10 
  3020.0       9.499214E-11   
  3025.0       8.634264E-11   
  3030.0       1.0732237E-10  
  3035.0       1.3057683E-10  
  3040.0       1.3201504E-10  
  3045.0       1.237476E-10   
  3050.0       1.2908549E-10  
  3055.0       1.4013896E-10  
  3060.0       1.2813704E-10  
  3065.0       1.14548475E-10 
  3070.0       1.2181119E-10  
  3075.0       1.3517792E-10  
  3080.0       1.4372736E-10  
  3085.0       1.5476066E-10  
  3090.0       1.6416832E-10  
  3095.0       1.5093861E-10  
  3100.0       1.3522884E-10  
  3105.0       1.4274726E-10  
  3110.0       1.8284918E-10  
  3115.0       2.1042691E-10  
  3120.0       1.9036846E-10  
  3125.0       1.694633E-10   
  3130.0       1.7528408E-10  
  3135.0       1.8878074E-10  
  3140.0       2.09815E-10    
  3145.0       2.1818673E-10  
  3150.0       2.0991306E-10  
  3155.0       2.2114094E-10  
  3160.0       2.037678E-10   
  3165.0       1.9378592E-10  
  3170.0       2.2704065E-10  
  3175.0       2.7317001E-10  
  3180.0       2.8154334E-10  
  3185.0       2.495583E-10   
  3190.0       2.4362407E-10  
  3195.0       2.398483E-10   
  3200.0       2.2589615E-10  
  3205.0       2.1997197E-10  
  3210.0       2.156934E-10   
  3215.0       2.1092426E-10  
  3220.0       2.041151E-10   
  3225.0       1.9478442E-10  
  3230.0       1.86362E-10    
  3235.0       1.8344896E-10  
  3240.0       1.8961548E-10  
  3245.0       2.0585433E-10  
  3250.0       2.2754515E-10  
  3255.0       2.497239E-10   
  3260.0       2.7166405E-10  
  3265.0       2.9054217E-10  
  3270.0       2.9443317E-10  
  3275.0       2.7780794E-10  
  3280.0       2.6067096E-10  
  3285.0       2.6328884E-10  
  3290.0       2.808384E-10   
  3295.0       2.9947003E-10  
  3300.0       3.075784E-10   
  3305.0       2.9978847E-10  
  3310.0       2.8406844E-10  
  3315.0       2.7114366E-10  
  3320.0       2.656869E-10   
  3325.0       2.672214E-10   
  3330.0       2.6844932E-10  
  3335.0       2.64578E-10    
  3340.0       2.634831E-10   
  3345.0       2.714484E-10   
  3350.0       2.7805702E-10  
  3355.0       2.714982E-10   
  3360.0       2.5355457E-10  
  3365.0       2.3292143E-10  
  3370.0       2.2193235E-10  
  3375.0       2.2656535E-10  
  3380.0       2.3356994E-10  
  3385.0       2.3231143E-10  
  3390.0       2.3725208E-10  
  3395.0       2.6056785E-10  
  3400.0       2.8353134E-10  
  3405.0       2.8628472E-10  
  3410.0       2.774906E-10   
  3415.0       2.7394417E-10  
  3420.0       2.8395275E-10  
  3425.0       3.0547512E-10  
  3430.0       3.192896E-10   
  3435.0       3.104051E-10   
  3440.0       2.9151329E-10  
  3445.0       2.808339E-10   
  3450.0       2.8298602E-10  
  3455.0       2.9531094E-10  
  3460.0       3.1032818E-10  
  3465.0       3.2030342E-10  
  3470.0       3.2138112E-10  
  3475.0       3.142749E-10   
  3480.0       3.0761055E-10  
  3485.0       3.0929517E-10  
  3490.0       3.1769656E-10  
  3495.0       3.2908193E-10  
  3500.0       3.4345443E-10  
  3505.0       3.669809E-10   
  3510.0       4.235642E-10   
  3515.0       4.2809012E-10  
  3520.0       4.0872694E-10  
  3525.0       3.9576725E-10  
  3530.0       4.2610793E-10  
  3535.0       4.664302E-10   
  3540.0       4.8350457E-10  
  3545.0       4.749558E-10   
  3550.0       4.4882037E-10  
  3555.0       4.2631831E-10  
  3560.0       4.025117E-10   
  3565.0       3.6938558E-10  
  3570.0       3.42255E-10    
  3575.0       3.321274E-10   
  3580.0       3.0932312E-10  
  3585.0       2.98524E-10    
  3590.0       3.3815017E-10  
  3595.0       4.1426806E-10  
  3600.0       4.7025167E-10  
  3605.0       4.5839457E-10  
  3610.0       4.3229706E-10  
  3615.0       4.3976253E-10  
  3620.0       4.657713E-10   
  3625.0       5.22477E-10    
  3630.0       5.526153E-10   
  3635.0       5.4759886E-10  
  3640.0       5.703819E-10   
  3645.0       5.5921107E-10  
  3650.0       5.5892485E-10  
  3655.0       6.340894E-10   
  3660.0       7.028302E-10   
  3665.0       7.107E-10      
  3670.0       6.940832E-10   
  3675.0       6.7981487E-10  
  3680.0       6.4653083E-10  
  3685.0       6.299201E-10   
  3690.0       6.5436645E-10  
  3695.0       7.0557776E-10  
  3700.0       7.205076E-10   
  3705.0       6.665042E-10   
  3710.0       6.386605E-10   
  3715.0       6.531753E-10   
  3720.0       5.967446E-10   
  3725.0       5.5816574E-10  
  3730.0       5.246624E-10   
  3735.0       4.7389687E-10  
  3740.0       4.692365E-10   
  3745.0       4.693591E-10   
  3750.0       4.838462E-10   
  3755.0       5.3088617E-10  
  3760.0       5.2474314E-10  
  3765.0       5.4763477E-10  
  3770.0       6.189988E-10   
  3775.0       6.8503103E-10  
  3780.0       7.113538E-10   
  3785.0       6.634845E-10   
  3790.0       5.7429694E-10  
  3795.0       5.3349286E-10  
  3800.0       5.495628E-10   
  3805.0       5.867942E-10   
  3810.0       5.7530686E-10  
  3815.0       5.0716703E-10  
  3820.0       4.3113924E-10  
  3825.0       3.927193E-10   
  3830.0       3.8618678E-10  
  3835.0       3.8983003E-10  
  3840.0       4.0880785E-10  
  3845.0       4.3704218E-10  
  3850.0       4.4192325E-10  
  3855.0       4.28571E-10    
  3860.0       4.1821824E-10  
  3865.0       4.2331974E-10  
  3870.0       4.263901E-10   
  3875.0       4.4164974E-10  
  3880.0       4.7450266E-10  
  3885.0       5.420866E-10   
  3890.0       6.319463E-10   
  3895.0       7.0119527E-10  
  3900.0       7.228647E-10   
  3905.0       7.2711287E-10  
  3910.0       7.3847967E-10  
  3915.0       7.131896E-10   
  3920.0       6.2992933E-10  
  3925.0       5.0361115E-10  
  3930.0       3.6862313E-10  
  3935.0       3.2607078E-10  
  3940.0       4.0680598E-10  
  3945.0       5.4079247E-10  
  3950.0       6.67357E-10    
  3955.0       7.0565465E-10  
  3960.0       6.156943E-10   
  3965.0       4.658638E-10   
  3970.0       4.2467438E-10  
  3975.0       5.722631E-10   
  3980.0       7.868162E-10   
  3985.0       9.581299E-10   
  3990.0       1.0649224E-9   
  3995.0       1.1253997E-9   
  4000.0       1.1746933E-9   
  4005.0       1.2054032E-9   
  4010.0       1.2569362E-9   
  4015.0       1.3204425E-9   
  4020.0       1.3310558E-9   
  4025.0       1.302387E-9    
  4030.0       1.2528559E-9   
  4035.0       1.2388481E-9   
  4040.0       1.2533689E-9   
  4045.0       1.2158285E-9   
  4050.0       1.2342298E-9   
  4055.0       1.2190464E-9   
  4060.0       1.1754977E-9   
  4065.0       1.1690008E-9   
  4070.0       1.1892637E-9   
  4075.0       1.1888793E-9   
  4080.0       1.2464778E-9   
  4085.0       1.3718975E-9   
  4090.0       1.4308827E-9   
  4095.0       1.3607377E-9   
  4100.0       1.2708457E-9   
  4105.0       1.2775728E-9   
  4110.0       1.3006288E-9   
  4115.0       1.2906485E-9   
  4120.0       1.2615603E-9   
  4125.0       1.2303626E-9   
  4130.0       1.1912067E-9   
  4135.0       1.1796059E-9   
  4140.0       1.1705703E-9   
  4145.0       1.1364112E-9   
  4150.0       1.1320046E-9   
  4155.0       1.1635022E-9   
  4160.0       1.2177304E-9   
  4165.0       1.2258682E-9   
  4170.0       1.1824595E-9   
  4175.0       1.136694E-9    
  4180.0       1.1621962E-9   
  4185.0       1.2333681E-9   
  4190.0       1.2630935E-9   
  4195.0       1.2292709E-9   
  4200.0       1.2043856E-9   
  4205.0       1.2631697E-9   
  4210.0       1.359562E-9    
  4215.0       1.4373248E-9   
  4220.0       1.4778698E-9   
  4225.0       1.3809878E-9   
  4230.0       1.3978281E-9   
  4235.0       1.500723E-9    
  4240.0       1.600787E-9    
  4245.0       1.6602587E-9   
  4250.0       1.5966639E-9   
  4255.0       1.5632581E-9   
  4260.0       1.617907E-9    
  4265.0       1.6658273E-9   
  4270.0       1.5851894E-9   
  4275.0       1.557664E-9    
  4280.0       1.6116726E-9   
  4285.0       1.5759137E-9   
  4290.0       1.4964376E-9   
  4295.0       1.4229629E-9   
  4300.0       1.2995698E-9   
  4305.0       1.2398235E-9   
  4310.0       1.3803978E-9   
  4315.0       1.7262907E-9   
  4320.0       1.9383897E-9   
  4325.0       1.9485502E-9   
  4330.0       2.0526305E-9   
  4335.0       2.0774997E-9   
  4340.0       2.0003685E-9   
  4345.0       2.0620181E-9   
  4350.0       2.1294486E-9   
  4355.0       2.1905195E-9   
  4360.0       2.2746691E-9   
  4365.0       2.3060982E-9   
  4370.0       2.2135245E-9   
  4375.0       2.0872777E-9   
  4380.0       1.945241E-9    
  4385.0       1.8251265E-9   
  4390.0       1.9036441E-9   
  4395.0       2.0328599E-9   
  4400.0       2.0601223E-9   
  4405.0       1.9939608E-9   
  4410.0       2.0476618E-9   
  4415.0       2.127346E-9    
  4420.0       2.1818336E-9   
  4425.0       2.2080104E-9   
  4430.0       2.2004445E-9   
  4435.0       2.199558E-9    
  4440.0       2.2659898E-9   
  4445.0       2.3332147E-9   
  4450.0       2.342422E-9    
  4455.0       2.2028772E-9   
  4460.0       2.10313E-9     
  4465.0       2.1834776E-9   
  4470.0       2.352801E-9    
  4475.0       2.5357163E-9   
  4480.0       2.5897269E-9   
  4485.0       2.5861766E-9   
  4490.0       2.5252858E-9   
  4495.0       2.5316906E-9   
  4500.0       2.7081701E-9   
  4505.0       2.8690028E-9   
  4510.0       2.8647116E-9   
  4515.0       2.7730722E-9   
  4520.0       2.6844091E-9   
  4525.0       2.4911686E-9   
  4530.0       2.3720603E-9   
  4535.0       2.4503413E-9   
  4540.0       2.544698E-9    
  4545.0       2.5633542E-9   
  4550.0       2.5589675E-9   
  4555.0       2.6362823E-9   
  4560.0       2.7325204E-9   
  4565.0       2.7641245E-9   
  4570.0       2.7995326E-9   
  4575.0       2.7741454E-9   
  4580.0       2.7255067E-9   
  4585.0       2.7612894E-9   
  4590.0       2.7692815E-9   
  4595.0       2.7004015E-9   
  4600.0       2.7097402E-9   
  4605.0       2.8753115E-9   
  4610.0       3.0860243E-9   
  4615.0       3.1720921E-9   
  4620.0       3.2014706E-9   
  4625.0       3.1781024E-9   
  4630.0       3.1121827E-9   
  4635.0       2.983448E-9    
  4640.0       2.8598086E-9   
  4645.0       2.7728575E-9   
  4650.0       2.8163631E-9   
  4655.0       2.9623233E-9   
  4660.0       3.0089613E-9   
  4665.0       2.8263782E-9   
  4670.0       2.814457E-9    
  4675.0       2.921685E-9    
  4680.0       2.935865E-9    
  4685.0       2.9455334E-9   
  4690.0       2.9741065E-9   
  4695.0       2.9958602E-9   
  4700.0       2.8952583E-9   
  4705.0       2.8424316E-9   
  4710.0       2.8833025E-9   
  4715.0       3.0388072E-9   
  4720.0       3.1740133E-9   
  4725.0       3.0683611E-9   
  4730.0       2.9274332E-9   
  4735.0       3.015445E-9    
  4740.0       3.094362E-9    
  4745.0       3.1661282E-9   
  4750.0       3.1881344E-9   
  4755.0       3.1172869E-9   
  4760.0       3.0362723E-9   
  4765.0       3.0121856E-9   
  4770.0       3.1488319E-9   
  4775.0       3.2960072E-9   
  4780.0       3.2647203E-9   
  4785.0       3.1527039E-9   
  4790.0       3.1967364E-9   
  4795.0       3.2898226E-9   
  4800.0       3.2877503E-9   
  4805.0       3.2581768E-9   
  4810.0       3.259537E-9    
  4815.0       3.3489065E-9   
  4820.0       3.3911631E-9   
  4825.0       3.325299E-9    
  4830.0       3.2698484E-9   
  4835.0       3.2473058E-9   
  4840.0       3.2241756E-9   
  4845.0       3.2303904E-9   
  4850.0       3.1918883E-9   
  4855.0       3.009154E-9    
  4860.0       2.8094393E-9   
  4865.0       2.8034084E-9   
  4870.0       2.8759155E-9   
  4875.0       2.9831686E-9   
  4880.0       3.0614071E-9   
  4885.0       2.990403E-9    
  4890.0       3.0654048E-9   
  4895.0       3.3022134E-9   
  4900.0       3.382171E-9    
  4905.0       3.328336E-9    
  4910.0       3.2469354E-9   
  4915.0       3.1498102E-9   
  4920.0       3.0193803E-9   
  4925.0       3.136975E-9    
  4930.0       3.2987018E-9   
  4935.0       3.226822E-9    
  4940.0       3.2515801E-9   
  4945.0       3.4365717E-9   
  4950.0       3.5182262E-9   
  4955.0       3.4405985E-9   
  4960.0       3.3922811E-9   
  4965.0       3.3693084E-9   
  4970.0       3.385374E-9    
  4975.0       3.3553902E-9   
  4980.0       3.1454082E-9   
  4985.0       3.073931E-9    
  4990.0       3.179205E-9    
  4995.0       3.1946112E-9   
  5000.0       3.1081615E-9   
  5005.0       3.0159455E-9   
  5010.0       2.9390164E-9   
  5015.0       2.872592E-9    
  5020.0       2.9376548E-9   
  5025.0       3.0869836E-9   
  5030.0       3.2302443E-9   
  5035.0       3.1490934E-9   
  5040.0       3.019737E-9    
  5045.0       3.146968E-9    
  5050.0       3.2459067E-9   
  5055.0       3.3849947E-9   
  5060.0       3.4491547E-9   
  5065.0       3.322578E-9    
  5070.0       3.2340157E-9   
  5075.0       3.1303307E-9   
  5080.0       3.0338283E-9   
  5085.0       3.1476133E-9   
  5090.0       3.3065608E-9   
  5095.0       3.2702159E-9   
  5100.0       3.1754441E-9   
  5105.0       3.123803E-9    
  5110.0       3.1336453E-9   
  5115.0       3.242061E-9    
  5120.0       3.1809404E-9   
  5125.0       3.0344027E-9   
  5130.0       3.0664076E-9   
  5135.0       3.1140124E-9   
  5140.0       3.0401799E-9   
  5145.0       2.9571432E-9   
  5150.0       2.9809695E-9   
  5155.0       3.1391068E-9   
  5160.0       3.125313E-9    
  5165.0       2.740829E-9    
  5170.0       2.5493023E-9   
  5175.0       2.7555866E-9   
  5180.0       2.9075466E-9   
  5185.0       2.9640665E-9   
  5190.0       3.0484173E-9   
  5195.0       3.088386E-9    
  5200.0       3.1186125E-9   
  5205.0       2.9822644E-9   
  5210.0       3.018269E-9    
  5215.0       3.2023146E-9   
  5220.0       3.2097573E-9   
  5225.0       3.0837253E-9   
  5230.0       3.1715528E-9   
  5235.0       3.334531E-9    
  5240.0       3.4374754E-9   
  5245.0       3.3213199E-9   
  5250.0       3.179512E-9    
  5255.0       3.2546903E-9   
  5260.0       3.1893814E-9   
  5265.0       2.9062903E-9   
  5270.0       2.8827933E-9   
  5275.0       3.1390013E-9   
  5280.0       3.3743608E-9   
  5285.0       3.5462595E-9   
  5290.0       3.6289887E-9   
  5295.0       3.4549545E-9   
  5300.0       3.409119E-9    
  5305.0       3.639137E-9    
  5310.0       3.775148E-9    
  5315.0       3.7129815E-9   
  5320.0       3.5475918E-9   
  5325.0       3.3309073E-9   
  5330.0       3.2964633E-9   
  5335.0       3.475522E-9    
  5340.0       3.5259615E-9   
  5345.0       3.5378953E-9   
  5350.0       3.6696945E-9   
  5355.0       3.862721E-9    
  5360.0       3.86928E-9     
  5365.0       3.6824541E-9   
  5370.0       3.5727323E-9   
  5375.0       3.6852106E-9   
  5380.0       3.7506176E-9   
  5385.0       3.6582963E-9   
  5390.0       3.5114784E-9   
  5395.0       3.4093472E-9   
  5400.0       3.373831E-9    
  5405.0       3.3127712E-9   
  5410.0       3.4283276E-9   
  5415.0       3.6595484E-9   
  5420.0       3.73323E-9     
  5425.0       3.6670973E-9   
  5430.0       3.5475922E-9   
  5435.0       3.5811125E-9   
  5440.0       3.75267E-9     
  5445.0       3.72963E-9     
  5450.0       3.6730192E-9   
  5455.0       3.6720298E-9   
  5460.0       3.7151313E-9   
  5465.0       3.722727E-9    
  5470.0       3.6379546E-9   
  5475.0       3.5001566E-9   
  5480.0       3.4886642E-9   
  5485.0       3.5959486E-9   
  5490.0       3.6750258E-9   
  5495.0       3.7189625E-9   
  5500.0       3.6915135E-9   
  5505.0       3.598607E-9    
  5510.0       3.5621883E-9   
  5515.0       3.6477117E-9   
  5520.0       3.7845207E-9   
  5525.0       3.7638097E-9   
  5530.0       3.7054333E-9   
  5535.0       3.7303076E-9   
  5540.0       3.812758E-9    
  5545.0       3.87898E-9     
  5550.0       3.928077E-9    
  5555.0       3.9012344E-9   
  5560.0       3.824176E-9    
  5565.0       3.745704E-9    
  5570.0       3.756979E-9    
  5575.0       3.826735E-9    
  5580.0       3.811748E-9    
  5585.0       3.6322527E-9   
  5590.0       3.515274E-9    
  5595.0       3.5913779E-9   
  5600.0       3.6811258E-9   
  5605.0       3.8491823E-9   
  5610.0       3.9300563E-9   
  5615.0       3.7788763E-9   
  5620.0       3.6748218E-9   
  5625.0       3.7138033E-9   
  5630.0       3.8334367E-9   
  5635.0       3.795135E-9    
  5640.0       3.7172454E-9   
  5645.0       3.7600336E-9   
  5650.0       3.796646E-9    
  5655.0       3.6803698E-9   
  5660.0       3.5786445E-9   
  5665.0       3.6567864E-9   
  5670.0       3.800014E-9    
  5675.0       3.9004076E-9   
  5680.0       3.8488914E-9   
  5685.0       3.784E-9       
  5690.0       3.8201327E-9   
  5695.0       3.8178016E-9   
  5700.0       3.678337E-9    
  5705.0       3.526491E-9    
  5710.0       3.524113E-9    
  5715.0       3.773575E-9    
  5720.0       3.99649E-9     
  5725.0       4.012268E-9    
  5730.0       3.9634154E-9   
  5735.0       3.9592702E-9   
  5740.0       3.9440016E-9   
  5745.0       3.9066252E-9   
  5750.0       3.8495047E-9   
  5755.0       3.8542374E-9   
  5760.0       3.9061248E-9   
  5765.0       3.994953E-9    
  5770.0       4.015993E-9    
  5775.0       3.8993355E-9   
  5780.0       3.6904995E-9   
  5785.0       3.6535428E-9   
  5790.0       3.800605E-9    
  5795.0       3.9128114E-9   
  5800.0       3.9852446E-9   
  5805.0       3.983976E-9    
  5810.0       4.0093524E-9   
  5815.0       4.082764E-9    
  5820.0       4.1745847E-9   
  5825.0       4.2118056E-9   
  5830.0       4.1934856E-9   
  5835.0       4.1761283E-9   
  5840.0       4.201246E-9    
  5845.0       4.156482E-9    
  5850.0       4.0392556E-9   
  5855.0       3.9417625E-9   
  5860.0       3.9587658E-9   
  5865.0       4.0429073E-9   
  5870.0       4.130511E-9    
  5875.0       4.1213184E-9   
  5880.0       3.9616066E-9   
  5885.0       3.5958072E-9   
  5890.0       3.199672E-9    
  5895.0       3.2634224E-9   
  5900.0       3.6700174E-9   
  5905.0       3.9600283E-9   
  5910.0       4.0253196E-9   
  5915.0       3.9968193E-9   
  5920.0       4.0275014E-9   
  5925.0       4.0654133E-9   
  5930.0       4.0393555E-9   
  5935.0       4.024067E-9    
  5940.0       4.0360932E-9   
  5945.0       4.0303485E-9   
  5950.0       4.0059747E-9   
  5955.0       4.0196806E-9   
  5960.0       4.110245E-9    
  5965.0       4.181007E-9    
  5970.0       4.1774015E-9   
  5975.0       4.0828234E-9   
  5980.0       3.994615E-9    
  5985.0       3.978051E-9    
  5990.0       4.016305E-9    
  5995.0       4.0203374E-9   
  6000.0       3.9845762E-9   
  6005.0       3.9402064E-9   
  6010.0       3.9111896E-9   
  6015.0       3.883996E-9    
  6020.0       3.909428E-9    
  6025.0       4.0184243E-9   
  6030.0       4.126642E-9    
  6035.0       4.167914E-9    
  6040.0       4.1711448E-9   
  6045.0       4.1975263E-9   
  6050.0       4.1863166E-9   
  6055.0       4.126919E-9    
  6060.0       4.1021715E-9   
  6065.0       4.1456016E-9   
  6070.0       4.2500403E-9   
  6075.0       4.198541E-9    
  6080.0       4.051993E-9    
  6085.0       3.984122E-9    
  6090.0       3.9755483E-9   
  6095.0       4.001617E-9    
  6100.0       3.9988235E-9   
  6105.0       4.0181325E-9   
  6110.0       4.091239E-9    
  6115.0       4.0717025E-9   
  6120.0       3.9715857E-9   
  6125.0       3.948466E-9    
  6130.0       3.9387094E-9   
  6135.0       3.825528E-9    
  6140.0       3.839154E-9    
  6145.0       3.9590637E-9   
  6150.0       4.000204E-9    
  6155.0       3.943197E-9    
  6160.0       3.798877E-9    
  6165.0       3.7843733E-9   
  6170.0       3.8687027E-9   
  6175.0       3.9916155E-9   
  6180.0       4.057615E-9    
  6185.0       3.9974357E-9   
  6190.0       3.9122328E-9   
  6195.0       4.0012313E-9   
  6200.0       4.067732E-9    
  6205.0       4.0953263E-9   
  6210.0       3.986174E-9    
  6215.0       3.8326724E-9   
  6220.0       3.8119463E-9   
  6225.0       3.8317154E-9   
  6230.0       3.819051E-9    
  6235.0       3.835729E-9    
  6240.0       3.7768957E-9   
  6245.0       3.7677874E-9   
  6250.0       3.735507E-9    
  6255.0       3.6214616E-9   
  6260.0       3.6899552E-9   
  6265.0       3.829846E-9    
  6270.0       3.8678842E-9   
  6275.0       3.830491E-9    
  6280.0       3.790557E-9    
  6285.0       3.895493E-9    
  6290.0       3.9463184E-9   
  6295.0       3.8424313E-9   
  6300.0       3.7882746E-9   
  6305.0       3.862356E-9    
  6310.0       3.8864525E-9   
  6315.0       3.7991867E-9   
  6320.0       3.8132835E-9   
  6325.0       3.9298635E-9   
  6330.0       3.9658756E-9   
  6335.0       3.8972288E-9   
  6340.0       3.8705505E-9   
  6345.0       3.9371617E-9   
  6350.0       3.9654484E-9   
  6355.0       3.8399612E-9   
  6360.0       3.7288426E-9   
  6365.0       3.837907E-9    
  6370.0       3.9923025E-9   
  6375.0       4.0267323E-9   
  6380.0       4.008696E-9    
  6385.0       4.005101E-9    
  6390.0       3.955591E-9    
  6395.0       3.9152006E-9   
  6400.0       3.9272328E-9   
  6405.0       3.9431867E-9   
  6410.0       3.9279144E-9   
  6415.0       3.905657E-9    
  6420.0       3.91864E-9     
  6425.0       3.9619374E-9   
  6430.0       3.9548405E-9   
  6435.0       3.983706E-9    
  6440.0       4.0189385E-9   
  6445.0       3.9819086E-9   
  6450.0       3.886574E-9    
  6455.0       3.899319E-9    
  6460.0       3.93911E-9     
  6465.0       3.9412797E-9   
  6470.0       3.961184E-9    
  6475.0       3.951226E-9    
  6480.0       3.9285397E-9   
  6485.0       3.906616E-9    
  6490.0       3.776384E-9    
  6495.0       3.588741E-9    
  6500.0       3.6657277E-9   
  6505.0       3.881567E-9    
  6510.0       4.0036627E-9   
  6515.0       4.00564E-9     
  6520.0       3.9996326E-9   
  6525.0       3.9941717E-9   
  6530.0       3.9835664E-9   
  6535.0       4.01944E-9     
  6540.0       4.0441104E-9   
  6545.0       4.0035806E-9   
  6550.0       3.8960177E-9   
  6555.0       3.6827392E-9   
  6560.0       3.465633E-9    
  6565.0       3.541841E-9    
  6570.0       3.7892023E-9   
  6575.0       3.8968855E-9   
  6580.0       3.957495E-9    
  6585.0       3.9609374E-9   
  6590.0       3.924542E-9    
  6595.0       3.9065085E-9   
  6600.0       3.9513344E-9   
  6605.0       3.9297072E-9   
  6610.0       3.9311603E-9   
  6615.0       4.0140233E-9   
  6620.0       4.0562487E-9   
  6625.0       4.0099994E-9   
  6630.0       3.9452184E-9   
  6635.0       3.9304138E-9   
  6640.0       3.9491046E-9   
  6645.0       3.9699013E-9   
  6650.0       3.9932426E-9   
  6655.0       3.979222E-9    
  6660.0       3.9207966E-9   
  6665.0       3.9007135E-9   
  6670.0       3.9392463E-9   
  6675.0       3.9301726E-9   
  6680.0       3.946848E-9    
  6685.0       4.029092E-9    
  6690.0       4.054672E-9    
  6695.0       4.0135295E-9   
  6700.0       3.971687E-9    
  6705.0       3.947318E-9    
  6710.0       3.914089E-9    
  6715.0       3.8868135E-9   
  6720.0       3.9260644E-9   
  6725.0       3.981591E-9    
  6730.0       3.992537E-9    
  6735.0       3.9414236E-9   
  6740.0       3.8747197E-9   
  6745.0       3.854842E-9    
  6750.0       3.8825534E-9   
  6755.0       3.9598604E-9   
  6760.0       4.0077768E-9   
  6765.0       3.9578896E-9   
  6770.0       3.9188333E-9   
  6775.0       3.958507E-9    
  6780.0       3.9899914E-9   
  6785.0       3.974029E-9    
  6790.0       3.9766324E-9   
  6795.0       3.982831E-9    
  6800.0       3.982197E-9    
  6805.0       3.975461E-9    
  6810.0       3.9670476E-9   
  6815.0       3.980485E-9    
  6820.0       4.008682E-9    
  6825.0       4.005062E-9    
  6830.0       3.9764974E-9   
  6835.0       3.954161E-9    
  6840.0       3.945176E-9    
  6845.0       3.9404147E-9   
  6850.0       3.9356043E-9   
  6855.0       3.9303076E-9   
  6860.0       3.925007E-9    
  6865.0       3.9200496E-9   
  6870.0       3.914818E-9    
  6875.0       3.9087937E-9   
  6880.0       3.9025325E-9   
  6885.0       3.8966577E-9   
  6890.0       3.8907255E-9   
  6895.0       3.8841033E-9   
  6900.0       3.876808E-9    
  6905.0       3.8692516E-9   
  6910.0       3.862144E-9    
  6915.0       3.855811E-9    
  6920.0       3.849141E-9    
  6925.0       3.841291E-9    
  6930.0       3.83336E-9     
  6935.0       3.8265564E-9   
  6940.0       3.820422E-9    
  6945.0       3.8137324E-9   
  6950.0       3.805246E-9    
  6955.0       3.7960244E-9   
  6960.0       3.7923393E-9   
  6965.0       3.7927426E-9   
  6970.0       3.7730676E-9   
  6975.0       3.7238057E-9   
  6980.0       3.6813104E-9   
  6985.0       3.7553054E-9   
  6990.0       3.7784886E-9   
  6995.0       3.744802E-9    
  7000.0       3.672482E-9    
  7005.0       3.628482E-9    
  7010.0       3.6252177E-9   
  7015.0       3.5809367E-9   
  7020.0       3.5778507E-9   
  7025.0       3.6122172E-9   
  7030.0       3.675165E-9    
  7035.0       3.7138503E-9   
  7040.0       3.753801E-9    
  7045.0       3.792111E-9    
  7050.0       3.7747006E-9   
  7055.0       3.761189E-9    
  7060.0       3.7246273E-9   
  7065.0       3.6590273E-9   
  7070.0       3.6869348E-9   
  7075.0       3.7720396E-9   
  7080.0       3.755125E-9    
  7085.0       3.647059E-9    
  7090.0       3.5992351E-9   
  7095.0       3.6081966E-9   
  7100.0       3.6307148E-9   
  7105.0       3.607265E-9    
  7110.0       3.5711674E-9   
  7115.0       3.5900918E-9   
  7120.0       3.599134E-9    
  7125.0       3.583388E-9    
  7130.0       3.5837093E-9   
  7135.0       3.6504915E-9   
  7140.0       3.6721173E-9   
  7145.0       3.6453358E-9   
  7150.0       3.6229613E-9   
  7155.0       3.6303573E-9   
  7160.0       3.6180001E-9   
  7165.0       3.585234E-9    
  7170.0       3.5643741E-9   
  7175.0       3.5168897E-9   
  7180.0       3.4560876E-9   
  7185.0       3.376182E-9    
  7190.0       3.3522618E-9   
  7195.0       3.4158634E-9   
  7200.0       3.4729895E-9   
  7205.0       3.5088323E-9   
  7210.0       3.5733083E-9   
  7215.0       3.645044E-9    
  7220.0       3.6889394E-9   
  7225.0       3.7033692E-9   
  7230.0       3.6859524E-9   
  7235.0       3.6490586E-9   
  7240.0       3.6145116E-9   
  7245.0       3.592208E-9    
  7250.0       3.5935375E-9   
  7255.0       3.5861873E-9   
  7260.0       3.5858403E-9   
  7265.0       3.6016812E-9   
  7270.0       3.6057215E-9   
  7275.0       3.5548424E-9   
  7280.0       3.5138488E-9   
  7285.0       3.46109E-9     
  7290.0       3.4402763E-9   
  7295.0       3.5208902E-9   
  7300.0       3.5855579E-9   
  7305.0       3.5660137E-9   
  7310.0       3.5420258E-9   
  7315.0       3.54979E-9     
  7320.0       3.5662435E-9   
  7325.0       3.55988E-9     
  7330.0       3.5772811E-9   
  7335.0       3.6128032E-9   
  7340.0       3.6337897E-9   
  7345.0       3.6013807E-9   
  7350.0       3.5584464E-9   
  7355.0       3.498517E-9    
  7360.0       3.478877E-9    
  7365.0       3.5047676E-9   
  7370.0       3.5773313E-9   
  7375.0       3.6201375E-9   
  7380.0       3.5745544E-9   
  7385.0       3.4674128E-9   
  7390.0       3.4346934E-9   
  7395.0       3.4910421E-9   
  7400.0       3.5331151E-9   
  7405.0       3.5201133E-9   
  7410.0       3.4478402E-9   
  7415.0       3.4210514E-9   
  7420.0       3.432828E-9    
  7425.0       3.4729064E-9   
  7430.0       3.5119554E-9   
  7435.0       3.511042E-9    
  7440.0       3.4593695E-9   
  7445.0       3.4448984E-9   
  7450.0       3.4787297E-9   
  7455.0       3.4741996E-9   
  7460.0       3.4383514E-9   
  7465.0       3.4678889E-9   
  7470.0       3.4691425E-9   
  7475.0       3.4354282E-9   
  7480.0       3.4059469E-9   
  7485.0       3.4105636E-9   
  7490.0       3.396122E-9    
  7495.0       3.3967709E-9   
  7500.0       3.4365986E-9   
  7505.0       3.4167622E-9   
  7510.0       3.3995315E-9   
  7515.0       3.445782E-9    
  7520.0       3.4691947E-9   
  7525.0       3.4473149E-9   
  7530.0       3.462964E-9    
  7535.0       3.4951442E-9   
  7540.0       3.5013934E-9   
  7545.0       3.4877252E-9   
  7550.0       3.4736019E-9   
  7555.0       3.4692706E-9   
  7560.0       3.470697E-9    
  7565.0       3.470926E-9    
  7570.0       3.4694934E-9   
  7575.0       3.4680994E-9   
  7580.0       3.4671568E-9   
  7585.0       3.4666299E-9   
  7590.0       3.4667553E-9   
  7595.0       3.4675887E-9   
  7600.0       3.4683556E-9   
  7605.0       3.468299E-9    
  7610.0       3.4675354E-9   
  7615.0       3.4666015E-9   
  7620.0       3.4661136E-9   
  7625.0       3.4663792E-9   
  7630.0       3.4666596E-9   
  7635.0       3.4663044E-9   
  7640.0       3.4656986E-9   
  7645.0       3.4654157E-9   
  7650.0       3.465342E-9    
  7655.0       3.465022E-9    
  7660.0       3.4639205E-9   
  7665.0       3.4618861E-9   
  7670.0       3.4597658E-9   
  7675.0       3.4583458E-9   
  7680.0       3.4571426E-9   
  7685.0       3.4555352E-9   
  7690.0       3.4537433E-9   
  7695.0       3.4520717E-9   
  7700.0       3.4501295E-9   
  7705.0       3.4476633E-9   
  7710.0       3.4453675E-9   
  7715.0       3.443283E-9    
  7720.0       3.4391894E-9   
  7725.0       3.4337795E-9   
  7730.0       3.4405294E-9   
  7735.0       3.4737269E-9   
  7740.0       3.4474994E-9   
  7745.0       3.3382248E-9   
  7750.0       3.3117311E-9   
  7755.0       3.3982495E-9   
  7760.0       3.4588288E-9   
  7765.0       3.4685925E-9   
  7770.0       3.4507317E-9   
  7775.0       3.4209156E-9   
  7780.0       3.3844478E-9   
  7785.0       3.367077E-9    
  7790.0       3.3584509E-9   
  7795.0       3.3534575E-9   
  7800.0       3.3367413E-9   
  7805.0       3.3320986E-9   
  7810.0       3.3430416E-9   
  7815.0       3.3838834E-9   
  7820.0       3.4040333E-9   
  7825.0       3.3769987E-9   
  7830.0       3.3002194E-9   
  7835.0       3.2694687E-9   
  7840.0       3.2990133E-9   
  7845.0       3.3005365E-9   
  7850.0       3.2653107E-9   
  7855.0       3.2647491E-9   
  7860.0       3.2926866E-9   
  7865.0       3.2879972E-9   
  7870.0       3.2290766E-9   
  7875.0       3.1595397E-9   
  7880.0       3.121736E-9    
  7885.0       3.1267537E-9   
  7890.0       3.0925433E-9   
  7895.0       3.0160492E-9   
  7900.0       3.004417E-9    
  7905.0       2.9966627E-9   
  7910.0       2.9419562E-9   
  7915.0       2.899408E-9    
  7920.0       2.9047795E-9   
  7925.0       2.914382E-9    
  7930.0       2.9064542E-9   
  7935.0       2.876073E-9    
  7940.0       2.829249E-9    
  7945.0       2.8126024E-9   
  7950.0       2.8441136E-9   
  7955.0       2.8629756E-9   
  7960.0       2.8711193E-9   
  7965.0       2.8920926E-9   
  7970.0       2.9110987E-9   
  7975.0       2.9039995E-9   
  7980.0       2.9001894E-9   
  7985.0       2.897468E-9    
  7990.0       2.8806921E-9   
  7995.0       2.8232838E-9   
  8000.0       2.7933185E-9   
  8005.0       2.817675E-9    
  8010.0       2.8545002E-9   
  8015.0       2.8950604E-9   
  8020.0       2.8576805E-9   
  8025.0       2.7556497E-9   
  8030.0       2.7699554E-9   
  8035.0       2.8576477E-9   
  8040.0       2.8439386E-9   
  8045.0       2.7539477E-9   
  8050.0       2.7432003E-9   
  8055.0       2.8111777E-9   
  8060.0       2.8442697E-9   
  8065.0       2.7961335E-9   
  8070.0       2.7268132E-9   
  8075.0       2.730092E-9    
  8080.0       2.7410765E-9   
  8085.0       2.7262335E-9   
  8090.0       2.6738247E-9   
  8095.0       2.6584388E-9   
  8100.0       2.6563893E-9   
  8105.0       2.6524496E-9   
  8110.0       2.6460496E-9   
  8115.0       2.6402833E-9   
  8120.0       2.6395748E-9   
  8125.0       2.644146E-9    
  8130.0       2.642557E-9    
  8135.0       2.6262144E-9   
  8140.0       2.6053268E-9   
  8145.0       2.5922924E-9   
  8150.0       2.5861542E-9   
  8155.0       2.5807159E-9   
  8160.0       2.5701714E-9   
  8165.0       2.5533708E-9   
  8170.0       2.5402709E-9   
  8175.0       2.5405524E-9   
  8180.0       2.5517426E-9   
  8185.0       2.5638034E-9   
  8190.0       2.5604516E-9   
  8195.0       2.5389204E-9   
  8200.0       2.536067E-9    
  8205.0       2.5793665E-9   
  8210.0       2.6323796E-9   
  8215.0       2.646168E-9    
  8220.0       2.6056775E-9   
  8225.0       2.5300435E-9   
  8230.0       2.4900007E-9   
  8235.0       2.5352023E-9   
  8240.0       2.61087E-9     
  8245.0       2.647649E-9    
  8250.0       2.6434819E-9   
  8255.0       2.624687E-9    
  8260.0       2.6208926E-9   
  8265.0       2.6428841E-9   
  8270.0       2.6528462E-9   
  8275.0       2.620419E-9    
  8280.0       2.5818605E-9   
  8285.0       2.5780245E-9   
  8290.0       2.5946143E-9   
  8295.0       2.6039686E-9   
  8300.0       2.6004674E-9   
  8305.0       2.5899396E-9   
  8310.0       2.584107E-9    
  8315.0       2.590051E-9    
  8320.0       2.5977782E-9   
  8325.0       2.5949465E-9   
  8330.0       2.5805962E-9   
  8335.0       2.56231E-9     
  8340.0       2.5574307E-9   
  8345.0       2.576664E-9    
  8350.0       2.604063E-9    
  8355.0       2.6202167E-9   
  8360.0       2.6235416E-9   
  8365.0       2.6206188E-9   
  8370.0       2.620495E-9    
  8375.0       2.6251652E-9   
  8380.0       2.6177294E-9   
  8385.0       2.5906097E-9   
  8390.0       2.5780609E-9   
  8395.0       2.6080644E-9   
  8400.0       2.6506743E-9   
  8405.0       2.6657596E-9   
  8410.0       2.6439277E-9   
  8415.0       2.628789E-9    
  8420.0       2.6160067E-9   
  8425.0       2.6030271E-9   
  8430.0       2.6094533E-9   
  8435.0       2.5530422E-9   
  8440.0       2.5529405E-9   
  8445.0       2.5902704E-9   
  8450.0       2.6269638E-9   
  8455.0       2.6609381E-9   
  8460.0       2.6691855E-9   
  8465.0       2.6219498E-9   
  8470.0       2.6369107E-9   
  8475.0       2.6940286E-9   
  8480.0       2.7135791E-9   
  8485.0       2.7254987E-9   
  8490.0       2.6157412E-9   
  8495.0       2.2940558E-9   
  8500.0       2.2138364E-9   
  8505.0       2.4516114E-9   
  8510.0       2.5806184E-9   
  8515.0       2.539644E-9    
  8520.0       2.5296125E-9   
  8525.0       2.5399023E-9   
  8530.0       2.5126277E-9   
  8535.0       2.293952E-9    
  8540.0       1.9710698E-9   
  8545.0       1.9551316E-9   
  8550.0       2.1736493E-9   
  8555.0       2.3916864E-9   
  8560.0       2.5576963E-9   
  8565.0       2.6122289E-9   
  8570.0       2.607075E-9    
  8575.0       2.6046227E-9   
  8580.0       2.6003601E-9   
  8585.0       2.6142382E-9   
  8590.0       2.6259726E-9   
  8595.0       2.6246265E-9   
  8600.0       2.6368392E-9   
  8605.0       2.6536766E-9   
  8610.0       2.661661E-9    
  8615.0       2.6801623E-9   
  8620.0       2.691237E-9    
  8625.0       2.7195888E-9   
  8630.0       2.7547344E-9   
  8635.0       2.7880305E-9   
  8640.0       2.7976534E-9   
  8645.0       2.757368E-9    
  8650.0       2.7054805E-9   
  8655.0       2.5747011E-9   
  8660.0       2.2972504E-9   
  8665.0       2.2123052E-9   
  8670.0       2.2877729E-9   
  8675.0       2.45627E-9     
  8680.0       2.6406228E-9   
  8685.0       2.648103E-9    
  8690.0       2.6636184E-9   
  8695.0       2.7803642E-9   
  8700.0       2.7012022E-9   
  8705.0       2.7340865E-9   
  8710.0       2.7300968E-9   
  8715.0       2.770118E-9    
  8720.0       2.8232916E-9   
  8725.0       2.8020266E-9   
  8730.0       2.7722395E-9   
  8735.0       2.7695033E-9   
  8740.0       2.7533393E-9   
  8745.0       2.7300489E-9   
  8750.0       2.7172407E-9   
  8755.0       2.7201352E-9   
  8760.0       2.7094023E-9   
  8765.0       2.6728164E-9   
  8770.0       2.6564333E-9   
  8775.0       2.6871445E-9   
  8780.0       2.74076E-9     
  8785.0       2.756032E-9    
  8790.0       2.7544929E-9   
  8795.0       2.692899E-9    
  8800.0       2.6289368E-9   
  8805.0       2.50019E-9     
  8810.0       2.619559E-9    
  8815.0       2.7268408E-9   
  8820.0       2.6607898E-9   
  8825.0       2.6615348E-9   
  8830.0       2.725798E-9    
  8835.0       2.6819742E-9   
  8840.0       2.6776528E-9   
  8845.0       2.7542677E-9   
  8850.0       2.7974172E-9   
  8855.0       2.7866256E-9   
  8860.0       2.7137543E-9   
  8865.0       2.6645544E-9   
  8870.0       2.7217137E-9   
  8875.0       2.725462E-9    
  8880.0       2.7304357E-9   
  8885.0       2.7744105E-9   
  8890.0       2.7725575E-9   
  8895.0       2.7819123E-9   
  8900.0       2.7890683E-9   
  8905.0       2.7596698E-9   
  8910.0       2.746209E-9    
  8915.0       2.7284697E-9   
  8920.0       2.7064044E-9   
  8925.0       2.6922418E-9   
  8930.0       2.698397E-9    
  8935.0       2.6979967E-9   
  8940.0       2.6960938E-9   
  8945.0       2.6944629E-9   
  8950.0       2.693192E-9    
  8955.0       2.6923368E-9   
  8960.0       2.6918614E-9   
  8965.0       2.6916918E-9   
  8970.0       2.6917626E-9   
  8975.0       2.6919984E-9   
  8980.0       2.6923233E-9   
  8985.0       2.6926739E-9   
  8990.0       2.6929605E-9   
  8995.0       2.6931344E-9   
  9000.0       2.6931055E-9   
  9005.0       2.6927922E-9   
  9010.0       2.6920743E-9   
  9015.0       2.6908227E-9   
  9020.0       2.6889104E-9   
  9025.0       2.686189E-9    
  9030.0       2.6825506E-9   
  9035.0       2.6778466E-9   
  9040.0       2.671948E-9    
  9045.0       2.6647298E-9   
  9050.0       2.656051E-9    
  9055.0       2.6458595E-9   
  9060.0       2.6342435E-9   
  9065.0       2.6213502E-9   
  9070.0       2.607346E-9    
  9075.0       2.5923765E-9   
  9080.0       2.5766083E-9   
  9085.0       2.5602025E-9   
  9090.0       2.5432962E-9   
  9095.0       2.5260742E-9   
  9100.0       2.5086673E-9   
  9105.0       2.4911972E-9   
  9110.0       2.473655E-9    
  9115.0       2.4559883E-9   
  9120.0       2.4381432E-9   
  9125.0       2.4200504E-9   
  9130.0       2.4016782E-9   
  9135.0       2.3829576E-9   
  9140.0       2.3638267E-9   
  9145.0       2.344242E-9    
  9150.0       2.3241495E-9   
  9155.0       2.3035727E-9   
  9160.0       2.2827191E-9   
  9165.0       2.261869E-9    
  9170.0       2.2413114E-9   
  9175.0       2.2213207E-9   
  9180.0       2.2021986E-9   
  9185.0       2.1842206E-9   
  9190.0       2.1676774E-9   
  9195.0       2.1528535E-9   
  9200.0       2.1400308E-9   
  9205.0       2.129405E-9    
  9210.0       2.1209696E-9   
  9215.0       2.1146453E-9   
  9220.0       2.1103297E-9   
  9225.0       2.1079356E-9   
  9230.0       2.1073643E-9   
  9235.0       2.1085278E-9   
  9240.0       2.1113298E-9   
  9245.0       2.1156763E-9   
  9250.0       2.1214743E-9   
  9255.0       2.128595E-9    
  9260.0       2.1368252E-9   
  9265.0       2.1459263E-9   
  9270.0       2.15565E-9     
  9275.0       2.1657505E-9   
  9280.0       2.1759903E-9   
  9285.0       2.1861248E-9   
  9290.0       2.1959E-9      
  9295.0       2.2050701E-9   
  9300.0       2.2134123E-9   
  9305.0       2.2207418E-9   
  9310.0       2.2270674E-9   
  9315.0       2.2324498E-9   
  9320.0       2.2369788E-9   
  9325.0       2.240727E-9    
  9330.0       2.2437643E-9   
  9335.0       2.2461726E-9   
  9340.0       2.2480346E-9   
  9345.0       2.2494158E-9   
  9350.0       2.2503912E-9   
  9355.0       2.2510367E-9   
  9360.0       2.25141E-9     
  9365.0       2.2515514E-9   
  9370.0       2.2515207E-9   
  9375.0       2.2513733E-9   
  9380.0       2.251142E-9    
  9385.0       2.2508828E-9   
  9390.0       2.2506519E-9   
  9395.0       2.250489E-9    
  9400.0       2.250449E-9    
  9405.0       2.2505584E-9   
  9410.0       2.2507791E-9   
  9415.0       2.251071E-9    
  9420.0       2.2513666E-9   
  9425.0       2.2516233E-9   
  9430.0       2.251788E-9    
  9435.0       2.2517985E-9   
  9440.0       2.2516016E-9   
  9445.0       2.251148E-9    
  9450.0       2.2503917E-9   
  9455.0       2.2492883E-9   
  9460.0       2.2478785E-9   
  9465.0       2.2462163E-9   
  9470.0       2.2443511E-9   
  9475.0       2.2423412E-9   
  9480.0       2.2402336E-9   
  9485.0       2.238097E-9    
  9490.0       2.2359745E-9   
  9495.0       2.2339246E-9   
  9500.0       2.2320075E-9   
  9505.0       2.2302378E-9   
  9510.0       2.2286006E-9   
  9515.0       2.22703E-9     
  9520.0       2.2254802E-9   
  9525.0       2.223899E-9    
  9530.0       2.2222195E-9   
  9535.0       2.2203928E-9   
  9540.0       2.218372E-9    
  9545.0       2.2160822E-9   
  9550.0       2.2134925E-9   
  9555.0       2.2105624E-9   
  9560.0       2.2073265E-9   
  9565.0       2.2038278E-9   
  9570.0       2.2001279E-9   
  9575.0       2.1962743E-9   
  9580.0       2.1923323E-9   
  9585.0       2.18834E-9     
  9590.0       2.1843658E-9   
  9595.0       2.1804591E-9   
  9600.0       2.17667E-9     
  9605.0       2.1730233E-9   
  9610.0       2.1695048E-9   
  9615.0       2.1660584E-9   
  9620.0       2.1626378E-9   
  9625.0       2.1591806E-9   
  9630.0       2.1556488E-9   
  9635.0       2.1519864E-9   
  9640.0       2.1481434E-9   
  9645.0       2.1440674E-9   
  9650.0       2.1397126E-9   
  9655.0       2.1350803E-9   
  9660.0       2.1302633E-9   
  9665.0       2.1254059E-9   
  9670.0       2.1206719E-9   
  9675.0       2.1161957E-9   
  9680.0       2.112135E-9    
  9685.0       2.1086362E-9   
  9690.0       2.1058488E-9   
  9695.0       2.1039237E-9   
  9700.0       2.1030044E-9   
  9705.0       2.103179E-9    
  9710.0       2.1044018E-9   
  9715.0       2.1065767E-9   
  9720.0       2.1096047E-9   
  9725.0       2.1133797E-9   
  9730.0       2.1177933E-9   
  9735.0       2.122737E-9    
  9740.0       2.1281266E-9   
  9745.0       2.1338369E-9   
  9750.0       2.1397693E-9   
  9755.0       2.1458386E-9   
  9760.0       2.1519662E-9   
  9765.0       2.1580795E-9   
  9770.0       2.1641173E-9   
  9775.0       2.170012E-9    
  9780.0       2.175703E-9    
  9785.0       2.181114E-9    
  9790.0       2.1861786E-9   
  9795.0       2.1908433E-9   
  9800.0       2.1950297E-9   
  9805.0       2.1987026E-9   
  9810.0       2.2018716E-9   
  9815.0       2.204577E-9    
  9820.0       2.2068545E-9   
  9825.0       2.2087314E-9   
  9830.0       2.2102582E-9   
  9835.0       2.2114597E-9   
  9840.0       2.2123836E-9   
  9845.0       2.213055E-9    
  9850.0       2.2135187E-9   
  9855.0       2.2138051E-9   
  9860.0       2.2139528E-9   
  9865.0       2.2139803E-9   
  9870.0       2.2139246E-9   
  9875.0       2.2138227E-9   
  9880.0       2.2136915E-9   
  9885.0       2.2135749E-9   
  9890.0       2.2134867E-9   
  9895.0       2.2134687E-9   
  9900.0       2.2135545E-9   
  9905.0       2.213745E-9    
  9910.0       2.2140143E-9   
  9915.0       2.2143152E-9   
  9920.0       2.2146083E-9   
  9925.0       2.2148443E-9   
  9930.0       2.2149687E-9   
  9935.0       2.2149425E-9   
  9940.0       2.2147253E-9   
  9945.0       2.2142566E-9   
  9950.0       2.2134976E-9   
  9955.0       2.2124271E-9   
  9960.0       2.2110587E-9   
  9965.0       2.2094497E-9   
  9970.0       2.207636E-9    
  9975.0       2.2056694E-9   
  9980.0       2.2035913E-9   
  9985.0       2.201456E-9    
  9990.0       2.1992963E-9   
  9995.0       2.1971638E-9   
  10000.0      2.1951072E-9   
  10005.0      2.1931483E-9   
  10010.0      2.1912814E-9   
  10015.0      2.1894908E-9   
  10020.0      2.1877355E-9   
  10025.0      2.1859952E-9   
  10030.0      2.1842455E-9   
  10035.0      2.1824624E-9   
  10040.0      2.1806115E-9   
  10045.0      2.1786766E-9   
  10050.0      2.176632E-9    
  10055.0      2.174466E-9    
  10060.0      2.1722184E-9   
  10065.0      2.1699462E-9   
  10070.0      2.1677085E-9   
  10075.0      2.165565E-9    
  10080.0      2.1635698E-9   
  10085.0      2.1617834E-9   
  10090.0      2.1602626E-9   
  10095.0      2.1590674E-9   
  10100.0      2.1582527E-9   
  10105.0      2.157838E-9    
  10110.0      2.1577669E-9   
  10115.0      2.1579456E-9   
  10120.0      2.158277E-9    
  10125.0      2.1586641E-9   
  10130.0      2.1590165E-9   
  10135.0      2.1592355E-9   
  10140.0      2.159224E-9    
  10145.0      2.158889E-9    
  10150.0      2.1581419E-9   
  10155.0      2.1569249E-9   
  10160.0      2.1553004E-9   
  10165.0      2.1533668E-9   
  10170.0      2.15123E-9     
  10175.0      2.1489845E-9   
  10180.0      2.146744E-9    
  10185.0      2.1446018E-9   
  10190.0      2.1426654E-9   
  10195.0      2.141034E-9    
  10200.0      2.139817E-9    
  10205.0      2.1390565E-9   
  10210.0      2.1387165E-9   
  10215.0      2.138698E-9    
  10220.0      2.1389166E-9   
  10225.0      2.139261E-9    
  10230.0      2.1396525E-9   
  10235.0      2.139982E-9    
  10240.0      2.1401618E-9   
  10245.0      2.1401045E-9   
  10250.0      2.1397004E-9   
  10255.0      2.1389106E-9   
  10260.0      2.1377395E-9   
  10265.0      2.1362412E-9   
  10270.0      2.1344773E-9   
  10275.0      2.1324977E-9   
  10280.0      2.130363E-9    
  10285.0      2.1281192E-9   
  10290.0      2.125829E-9    
  10295.0      2.1235487E-9   
  10300.0      2.1213191E-9   
  10305.0      2.1191946E-9   
  10310.0      2.1171709E-9   
  10315.0      2.1152329E-9   
  10320.0      2.1133686E-9   
  10325.0      2.1115572E-9   
  10330.0      2.109794E-9    
  10335.0      2.1080502E-9   
  10340.0      2.10633E-9     
  10345.0      2.1046012E-9   
  10350.0      2.1028594E-9   
  10355.0      2.1010893E-9   
  10360.0      2.0992925E-9   
  10365.0      2.0974735E-9   
  10370.0      2.0956337E-9   
  10375.0      2.0937794E-9   
  10380.0      2.0919175E-9   
  10385.0      2.09004E-9     
  10390.0      2.0881652E-9   
  10395.0      2.0862871E-9   
  10400.0      2.0844149E-9   
  10405.0      2.0825501E-9   
  10410.0      2.080694E-9    
  10415.0      2.0788427E-9   
  10420.0      2.0770006E-9   
  10425.0      2.07516E-9     
  10430.0      2.0733169E-9   
  10435.0      2.0714783E-9   
  10440.0      2.0696447E-9   
  10445.0      2.0678044E-9   
  10450.0      2.0659705E-9   
  10455.0      2.064128E-9    
  10460.0      2.062286E-9    
  10465.0      2.0604398E-9   
  10470.0      2.0585897E-9   
  10475.0      2.0567457E-9   
  10480.0      2.0549018E-9   
  10485.0      2.0530484E-9   
  10490.0      2.0512103E-9   
  10495.0      2.0493671E-9   
  10500.0      2.0475244E-9   
  10505.0      2.0456863E-9   
  10510.0      2.0438493E-9   
  10515.0      2.0420199E-9   
  10520.0      2.040192E-9    
  10525.0      2.0383666E-9   
  10530.0      2.0365412E-9   
  10535.0      2.0347215E-9   
  10540.0      2.032907E-9    
  10545.0      2.031095E-9    
  10550.0      2.0292865E-9   
  10555.0      2.0274746E-9   
  10560.0      2.0256739E-9   
  10565.0      2.0238684E-9   
  10570.0      2.0220714E-9   
  10575.0      2.020281E-9    
  10580.0      2.0184843E-9   
  10585.0      2.016696E-9    
  10590.0      2.014909E-9    
  10595.0      2.0131277E-9   
  10600.0      2.0113413E-9   
  10605.0      2.009566E-9    
  10610.0      2.0077924E-9   
  10615.0      2.0060207E-9   
  10620.0      1.5032927E-9   
