# WAVELENGTH   FLUX  
  1150.0       0.0   
  1155.0       0.0   
  1160.0       0.0   
  1165.0       0.0   
  1170.0       0.0   
  1175.0       0.0   
  1180.0       0.0   
  1185.0       0.0   
  1190.0       0.0   
  1195.0       0.0   
  1200.0       0.0   
  1205.0       0.0   
  1210.0       0.0   
  1215.0       0.0   
  1220.0       0.0   
  1225.0       0.0   
  1230.0       0.0   
  1235.0       0.0   
  1240.0       0.0   
  1245.0       0.0   
  1250.0       0.0   
  1255.0       0.0   
  1260.0       0.0   
  1265.0       0.0   
  1270.0       0.0   
  1275.0       0.0   
  1280.0       0.0   
  1285.0       0.0   
  1290.0       0.0   
  1295.0       0.0   
  1300.0       0.0   
  1305.0       0.0   
  1310.0       0.0   
  1315.0       0.0   
  1320.0       0.0   
  1325.0       0.0   
  1330.0       0.0   
  1335.0       0.0   
  1340.0       0.0   
  1345.0       0.0   
  1350.0       0.0   
  1355.0       0.0   
  1360.0       0.0   
  1365.0       0.0   
  1370.0       0.0   
  1375.0       0.0   
  1380.0       0.0   
  1385.0       0.0   
  1390.0       0.0   
  1395.0       0.0   
  1400.0       0.0   
  1405.0       0.0   
  1410.0       0.0   
  1415.0       0.0   
  1420.0       0.0   
  1425.0       0.0   
  1430.0       0.0   
  1435.0       0.0   
  1440.0       0.0   
  1445.0       0.0   
  1450.0       0.0   
  1455.0       0.0   
  1460.0       0.0   
  1465.0       0.0   
  1470.0       0.0   
  1475.0       0.0   
  1480.0       0.0   
  1485.0       0.0   
  1490.0       0.0   
  1495.0       0.0   
  1500.0       0.0   
  1505.0       0.0   
  1510.0       0.0   
  1515.0       0.0   
  1520.0       0.0   
  1525.0       0.0   
  1530.0       0.0   
  1535.0       0.0   
  1540.0       0.0   
  1545.0       0.0   
  1550.0       0.0   
  1555.0       0.0   
  1560.0       0.0   
  1565.0       0.0   
  1570.0       0.0   
  1575.0       0.0   
  1580.0       0.0   
  1585.0       0.0   
  1590.0       0.0   
  1595.0       0.0   
  1600.0       0.0   
  1605.0       0.0   
  1610.0       0.0   
  1615.0       0.0   
  1620.0       0.0   
  1625.0       0.0   
  1630.0       0.0   
  1635.0       0.0   
  1640.0       0.0   
  1645.0       0.0   
  1650.0       0.0   
  1655.0       0.0   
  1660.0       0.0   
  1665.0       0.0   
  1670.0       0.0   
  1675.0       0.0   
  1680.0       0.0   
  1685.0       0.0   
  1690.0       0.0   
  1695.0       0.0   
  1700.0       0.0   
  1705.0       0.0   
  1710.0       0.0   
  1715.0       0.0   
  1720.0       0.0   
  1725.0       0.0   
  1730.0       0.0   
  1735.0       0.0   
  1740.0       0.0   
  1745.0       0.0   
  1750.0       0.0   
  1755.0       0.0   
  1760.0       0.0   
  1765.0       0.0   
  1770.0       0.0   
  1775.0       0.0   
  1780.0       0.0   
  1785.0       0.0   
  1790.0       0.0   
  1795.0       0.0   
  1800.0       0.0   
  1805.0       0.0   
  1810.0       0.0   
  1815.0       0.0   
  1820.0       0.0   
  1825.0       0.0   
  1830.0       0.0   
  1835.0       0.0   
  1840.0       0.0   
  1845.0       0.0   
  1850.0       0.0   
  1855.0       0.0   
  1860.0       0.0   
  1865.0       0.0   
  1870.0       0.0   
  1875.0       0.0   
  1880.0       0.0   
  1885.0       0.0   
  1890.0       0.0   
  1895.0       0.0   
  1900.0       0.0   
  1905.0       0.0   
  1910.0       0.0   
  1915.0       0.0   
  1920.0       0.0   
  1925.0       0.0   
  1930.0       0.0   
  1935.0       0.0   
  1940.0       0.0   
  1945.0       0.0   
  1950.0       0.0   
  1955.0       0.0   
  1960.0       0.0   
  1965.0       0.0   
  1970.0       0.0   
  1975.0       0.0   
  1980.0       0.0   
  1985.0       0.0   
  1990.0       0.0   
  1995.0       0.0   
  2000.0       0.0   
  2005.0       0.0   
  2010.0       0.0   
  2015.0       0.0   
  2020.0       0.0   
  2025.0       0.0   
  2030.0       0.0   
  2035.0       0.0   
  2040.0       0.0   
  2045.0       0.0   
  2050.0       0.0   
  2055.0       0.0   
  2060.0       0.0   
  2065.0       0.0   
  2070.0       0.0   
  2075.0       0.0   
  2080.0       0.0   
  2085.0       0.0   
  2090.0       0.0   
  2095.0       0.0   
  2100.0       0.0   
  2105.0       0.0   
  2110.0       0.0   
  2115.0       0.0   
  2120.0       0.0   
  2125.0       0.0   
  2130.0       0.0   
  2135.0       0.0   
  2140.0       0.0   
  2145.0       0.0   
  2150.0       0.0   
  2155.0       0.0   
  2160.0       0.0   
  2165.0       0.0   
  2170.0       0.0   
  2175.0       0.0   
  2180.0       0.0   
  2185.0       0.0   
  2190.0       0.0   
  2195.0       0.0   
  2200.0       0.0   
  2205.0       0.0   
  2210.0       0.0   
  2215.0       0.0   
  2220.0       0.0   
  2225.0       0.0   
  2230.0       0.0   
  2235.0       0.0   
  2240.0       0.0   
  2245.0       0.0   
  2250.0       0.0   
  2255.0       0.0   
  2260.0       0.0   
  2265.0       0.0   
  2270.0       0.0   
  2275.0       0.0   
  2280.0       0.0   
  2285.0       0.0   
  2290.0       0.0   
  2295.0       0.0   
  2300.0       0.0   
  2305.0       0.0   
  2310.0       0.0   
  2315.0       0.0   
  2320.0       0.0   
  2325.0       0.0   
  2330.0       0.0   
  2335.0       0.0   
  2340.0       0.0   
  2345.0       0.0   
  2350.0       0.0   
  2355.0       0.0   
  2360.0       0.0   
  2365.0       0.0   
  2370.0       0.0   
  2375.0       0.0   
  2380.0       0.0   
  2385.0       0.0   
  2390.0       0.0   
  2395.0       0.0   
  2400.0       0.0   
  2405.0       0.0   
  2410.0       0.0   
  2415.0       0.0   
  2420.0       0.0   
  2425.0       0.0   
  2430.0       0.0   
  2435.0       0.0   
  2440.0       0.0   
  2445.0       0.0   
  2450.0       4.6625225E-16
  2455.0       3.2580608E-15
  2460.0       4.188667E-15
  2465.0       7.4467215E-15
  2470.0       1.0702885E-14
  2475.0       1.11672544E-14
  2480.0       1.116726E-14
  2485.0       1.11672485E-14
  2490.0       1.0701016E-14
  2495.0       6.9767347E-15
  2500.0       9.287422E-16
  2505.0       0.0   
  2510.0       0.0   
  2515.0       0.0   
  2520.0       0.0   
  2525.0       0.0   
  2530.0       0.0   
  2535.0       0.0   
  2540.0       0.0   
  2545.0       0.0   
  2550.0       3.7297156E-15
  2555.0       3.0726344E-14
  2560.0       6.702166E-14
  2565.0       1.03779635E-13
  2570.0       1.3681333E-13
  2575.0       1.6193425E-13
  2580.0       1.7262803E-13
  2585.0       1.6517408E-13
  2590.0       1.3770957E-13
  2595.0       8.1859094E-14
  2600.0       1.06813735E-14
  2605.0       0.0   
  2610.0       0.0   
  2615.0       0.0   
  2620.0       0.0   
  2625.0       0.0   
  2630.0       0.0   
  2635.0       0.0   
  2640.0       0.0   
  2645.0       0.0   
  2650.0       5.5941624E-14
  2655.0       4.6088567E-13
  2660.0       1.0174365E-12
  2665.0       1.6698282E-12
  2670.0       2.3975919E-12
  2675.0       3.1835103E-12
  2680.0       4.0043134E-12
  2685.0       4.843262E-12
  2690.0       5.6821904E-12
  2695.0       6.5020407E-12
  2700.0       7.282333E-12
  2705.0       8.01283E-12
  2710.0       8.70007E-12
  2715.0       9.361242E-12
  2720.0       1.0014064E-11
  2725.0       1.0671081E-11
  2730.0       1.1347635E-11
  2735.0       1.2063301E-11
  2740.0       1.2829223E-11
  2745.0       1.3664934E-11
  2750.0       1.4584872E-11
  2755.0       1.5589497E-11
  2760.0       1.6648525E-11
  2765.0       1.7718722E-11
  2770.0       1.8755856E-11
  2775.0       1.9717585E-11
  2780.0       2.0557408E-11
  2785.0       2.1232453E-11
  2790.0       2.169627E-11
  2795.0       2.1906463E-11
  2800.0       2.1821649E-11
  2805.0       2.1428793E-11
  2810.0       2.0792647E-11
  2815.0       2.0004375E-11
  2820.0       1.9160302E-11
  2825.0       1.8356776E-11
  2830.0       1.7688217E-11
  2835.0       1.7253265E-11
  2840.0       1.7145972E-11
  2845.0       1.746024E-11
  2850.0       1.829059E-11
  2855.0       1.9686247E-11
  2860.0       2.1594683E-11
  2865.0       2.3920893E-11
  2870.0       2.6569032E-11
  2875.0       2.9435832E-11
  2880.0       3.2430083E-11
  2885.0       3.544848E-11
  2890.0       3.8395214E-11
  2895.0       4.1171087E-11
  2900.0       4.368077E-11
  2905.0       4.585033E-11
  2910.0       4.7668636E-11
  2915.0       4.914721E-11
  2920.0       5.0295382E-11
  2925.0       5.1126773E-11
  2930.0       5.1653362E-11
  2935.0       5.1889625E-11
  2940.0       5.184904E-11
  2945.0       5.1538992E-11
  2950.0       5.0979183E-11
  2955.0       5.019312E-11
  2960.0       4.923461E-11
  2965.0       4.8175065E-11
  2970.0       4.7084815E-11
  2975.0       4.603009E-11
  2980.0       4.5085567E-11
  2985.0       4.431932E-11
  2990.0       4.379734E-11
  2995.0       4.3596484E-11
  3000.0       4.377905E-11
  3005.0       4.4398138E-11
  3010.0       4.5465198E-11
  3015.0       4.6972516E-11
  3020.0       4.8914938E-11
  3025.0       5.128533E-11
  3030.0       5.4075862E-11
  3035.0       5.7276812E-11
  3040.0       6.088265E-11
  3045.0       6.4883966E-11
  3050.0       6.9273275E-11
  3055.0       7.402005E-11
  3060.0       7.9042994E-11
  3065.0       8.423718E-11
  3070.0       8.9495175E-11
  3075.0       9.471203E-11
  3080.0       9.978381E-11
  3085.0       1.0460555E-10
  3090.0       1.0907039E-10
  3095.0       1.13073134E-10
  3100.0       1.1651158E-10
  3105.0       1.1932953E-10
  3110.0       1.2157958E-10
  3115.0       1.2336072E-10
  3120.0       1.2477552E-10
  3125.0       1.2592045E-10
  3130.0       1.2690085E-10
  3135.0       1.2781844E-10
  3140.0       1.2877593E-10
  3145.0       1.2987246E-10
  3150.0       1.3120562E-10
  3155.0       1.3282837E-10
  3160.0       1.3468757E-10
  3165.0       1.3668378E-10
  3170.0       1.3870768E-10
  3175.0       1.4065932E-10
  3180.0       1.4243008E-10
  3185.0       1.4939537E-10
  3190.0       1.8308455E-10
  3195.0       1.926927E-10
  3200.0       2.2094858E-10
  3205.0       2.2240086E-10
  3210.0       2.1731514E-10
  3215.0       2.1023508E-10
  3220.0       2.0278304E-10
  3225.0       1.9767243E-10
  3230.0       1.9795537E-10
  3235.0       2.0419481E-10
  3240.0       2.104433E-10
  3245.0       2.1213839E-10
  3250.0       2.1462525E-10
  3255.0       2.2360755E-10
  3260.0       2.3584187E-10
  3265.0       2.4715358E-10
  3270.0       2.5985128E-10
  3275.0       2.7557062E-10
  3280.0       2.8780076E-10
  3285.0       2.916512E-10
  3290.0       2.944723E-10
  3295.0       3.029262E-10
  3300.0       3.0975278E-10
  3305.0       3.0694655E-10
  3310.0       2.9876993E-10
  3315.0       2.9307437E-10
  3320.0       2.9422229E-10
  3325.0       3.0189545E-10
  3330.0       3.0777353E-10
  3335.0       3.0674216E-10
  3340.0       3.0932024E-10
  3345.0       3.2360642E-10
  3350.0       3.3606595E-10
  3355.0       3.3258724E-10
  3360.0       3.1948963E-10
  3365.0       3.0837438E-10
  3370.0       3.0370548E-10
  3375.0       3.0556083E-10
  3380.0       3.103879E-10
  3385.0       3.1540673E-10
  3390.0       3.2292358E-10
  3395.0       3.3426165E-10
  3400.0       3.4328068E-10
  3405.0       3.448451E-10
  3410.0       3.4396824E-10
  3415.0       3.4708522E-10
  3420.0       3.5384712E-10
  3425.0       3.5948536E-10
  3430.0       3.5518505E-10
  3435.0       3.3763525E-10
  3440.0       3.2132488E-10
  3445.0       3.199672E-10
  3450.0       3.2750208E-10
  3455.0       3.3292494E-10
  3460.0       3.3260408E-10
  3465.0       3.284108E-10
  3470.0       3.2830416E-10
  3475.0       3.3655728E-10
  3480.0       3.4262682E-10
  3485.0       3.3868902E-10
  3490.0       3.383815E-10
  3495.0       3.547727E-10
  3500.0       3.7771944E-10
  3505.0       3.91278E-10
  3510.0       3.8855186E-10
  3515.0       3.7266054E-10
  3520.0       3.6263736E-10
  3525.0       3.726844E-10
  3530.0       3.892845E-10
  3535.0       3.9618225E-10
  3540.0       3.9743184E-10
  3545.0       3.9913997E-10
  3550.0       3.9241038E-10
  3555.0       3.7062622E-10
  3560.0       3.4814773E-10
  3565.0       3.3790598E-10
  3570.0       3.2849465E-10
  3575.0       3.0950095E-10
  3580.0       2.9736594E-10
  3585.0       3.0946581E-10
  3590.0       3.3816444E-10
  3595.0       3.6867753E-10
  3600.0       3.9329048E-10
  3605.0       4.0966147E-10
  3610.0       4.218251E-10
  3615.0       4.3571763E-10
  3620.0       4.5583098E-10
  3625.0       4.813303E-10
  3630.0       4.996555E-10
  3635.0       5.032018E-10
  3640.0       5.084007E-10
  3645.0       5.316792E-10
  3650.0       5.653507E-10
  3655.0       5.962072E-10
  3660.0       6.2079025E-10
  3665.0       6.360369E-10
  3670.0       6.304076E-10
  3675.0       6.003886E-10
  3680.0       5.716548E-10
  3685.0       5.683264E-10
  3690.0       5.81195E-10
  3695.0       5.916125E-10
  3700.0       5.903514E-10
  3705.0       5.7630867E-10
  3710.0       5.587134E-10
  3715.0       5.426605E-10
  3720.0       5.1367316E-10
  3725.0       4.6390794E-10
  3730.0       4.2162615E-10
  3735.0       4.1207257E-10
  3740.0       4.1680653E-10
  3745.0       4.1293347E-10
  3750.0       4.0986714E-10
  3755.0       4.226338E-10
  3760.0       4.4769824E-10
  3765.0       4.771386E-10
  3770.0       5.10391E-10
  3775.0       5.4332006E-10
  3780.0       5.555619E-10
  3785.0       5.350527E-10
  3790.0       5.0716153E-10
  3795.0       4.9708276E-10
  3800.0       4.9237786E-10
  3805.0       4.742986E-10
  3810.0       4.459306E-10
  3815.0       4.1648746E-10
  3820.0       3.8860595E-10
  3825.0       3.6418335E-10
  3830.0       3.5018086E-10
  3835.0       3.5175746E-10
  3840.0       3.6386352E-10
  3845.0       3.77723E-10
  3850.0       3.8536468E-10
  3855.0       3.8380937E-10
  3860.0       3.8193382E-10
  3865.0       3.8926062E-10
  3870.0       4.0537185E-10
  3875.0       4.2720574E-10
  3880.0       4.547985E-10
  3885.0       4.881353E-10
  3890.0       5.237208E-10
  3895.0       5.582624E-10
  3900.0       5.8631244E-10
  3905.0       5.8247346E-10
  3910.0       5.957425E-10
  3915.0       5.9247895E-10
  3920.0       5.552486E-10
  3925.0       4.8543564E-10
  3930.0       4.1299797E-10
  3935.0       3.7970585E-10
  3940.0       4.0815615E-10
  3945.0       4.8895776E-10
  3950.0       5.764565E-10
  3955.0       6.191141E-10
  3960.0       6.0320454E-10
  3965.0       5.587014E-10
  3970.0       5.462144E-10
  3975.0       6.1405386E-10
  3980.0       7.530257E-10
  3985.0       9.1557345E-10
  3990.0       1.0528629E-9
  3995.0       1.1393603E-9
  4000.0       1.1859878E-9
  4005.0       1.2184711E-9
  4010.0       1.2500219E-9
  4015.0       1.2727068E-9
  4020.0       1.2644078E-9
  4025.0       1.2168353E-9
  4030.0       1.1529211E-9
  4035.0       1.1084857E-9
  4040.0       1.1082352E-9
  4045.0       1.14451E-9
  4050.0       1.1747101E-9
  4055.0       1.1638438E-9
  4060.0       1.1178928E-9
  4065.0       1.0737535E-9
  4070.0       1.0738598E-9
  4075.0       1.1329511E-9
  4080.0       1.2220744E-9
  4085.0       1.2937743E-9
  4090.0       1.312088E-9
  4095.0       1.2764712E-9
  4100.0       1.2284067E-9
  4105.0       1.208588E-9
  4110.0       1.217417E-9
  4115.0       1.2305202E-9
  4120.0       1.2275235E-9
  4125.0       1.2008198E-9
  4130.0       1.1547432E-9
  4135.0       1.1051345E-9
  4140.0       1.0735247E-9
  4145.0       1.0714608E-9
  4150.0       1.0970468E-9
  4155.0       1.1367006E-9
  4160.0       1.1633267E-9
  4165.0       1.1611104E-9
  4170.0       1.1444207E-9
  4175.0       1.1337027E-9
  4180.0       1.134675E-9
  4185.0       1.1451236E-9
  4190.0       1.1628447E-9
  4195.0       1.1885939E-9
  4200.0       1.2284788E-9
  4205.0       1.2818895E-9
  4210.0       1.3288485E-9
  4215.0       1.3501718E-9
  4220.0       1.3503355E-9
  4225.0       1.3515435E-9
  4230.0       1.3848667E-9
  4235.0       1.4627729E-9
  4240.0       1.5463352E-9
  4245.0       1.5877855E-9
  4250.0       1.5857372E-9
  4255.0       1.5608488E-9
  4260.0       1.5292767E-9
  4265.0       1.5067175E-9
  4270.0       1.4970991E-9
  4275.0       1.4937074E-9
  4280.0       1.495899E-9
  4285.0       1.4942255E-9
  4290.0       1.456816E-9
  4295.0       1.380171E-9
  4300.0       1.3322067E-9
  4305.0       1.3734079E-9
  4310.0       1.4792644E-9
  4315.0       1.5985189E-9
  4320.0       1.7081446E-9
  4325.0       1.8029619E-9
  4330.0       1.8912687E-9
  4335.0       1.975158E-9
  4340.0       2.0314797E-9
  4345.0       2.0460653E-9
  4350.0       2.043077E-9
  4355.0       2.0537847E-9
  4360.0       2.0834225E-9
  4365.0       2.1117008E-9
  4370.0       2.0993827E-9
  4375.0       2.0250883E-9
  4380.0       1.9279922E-9
  4385.0       1.865186E-9
  4390.0       1.8556223E-9
  4395.0       1.892128E-9
  4400.0       1.9536612E-9
  4405.0       2.01511E-9
  4410.0       2.0734203E-9
  4415.0       2.1349422E-9
  4420.0       2.1876903E-9
  4425.0       2.227369E-9
  4430.0       2.2780016E-9
  4435.0       2.3493967E-9
  4440.0       2.4129416E-9
  4445.0       2.4354347E-9
  4450.0       2.4075293E-9
  4455.0       2.3563005E-9
  4460.0       2.3450677E-9
  4465.0       2.4151015E-9
  4470.0       2.5358027E-9
  4475.0       2.6423717E-9
  4480.0       2.6851288E-9
  4485.0       2.6591331E-9
  4490.0       2.6184568E-9
  4495.0       2.6266478E-9
  4500.0       2.6987381E-9
  4505.0       2.801339E-9
  4510.0       2.8739862E-9
  4515.0       2.8707365E-9
  4520.0       2.8005491E-9
  4525.0       2.7070215E-9
  4530.0       2.6332796E-9
  4535.0       2.606014E-9
  4540.0       2.6265194E-9
  4545.0       2.6818643E-9
  4550.0       2.7591964E-9
  4555.0       2.8415277E-9
  4560.0       2.8979785E-9
  4565.0       2.9091392E-9
  4570.0       2.8991574E-9
  4575.0       2.8966296E-9
  4580.0       2.8911598E-9
  4585.0       2.869008E-9
  4590.0       2.8471232E-9
  4595.0       2.8484106E-9
  4600.0       2.8834528E-9
  4605.0       2.953585E-9
  4610.0       3.0437806E-9
  4615.0       3.1275103E-9
  4620.0       3.1781369E-9
  4625.0       3.1711644E-9
  4630.0       3.0939595E-9
  4635.0       2.9691636E-9
  4640.0       2.865033E-9
  4645.0       2.8376492E-9
  4650.0       2.8708267E-9
  4655.0       2.9117757E-9
  4660.0       2.9254201E-9
  4665.0       2.9050289E-9
  4670.0       2.8740135E-9
  4675.0       2.865179E-9
  4680.0       2.8814784E-9
  4685.0       2.90153E-9
  4690.0       2.9099236E-9
  4695.0       2.899144E-9
  4700.0       2.8732177E-9
  4705.0       2.854712E-9
  4710.0       2.8672502E-9
  4715.0       2.9153004E-9
  4720.0       2.979701E-9
  4725.0       3.0311478E-9
  4730.0       3.0534113E-9
  4735.0       3.0564096E-9
  4740.0       3.0688052E-9
  4745.0       3.1080931E-9
  4750.0       3.1555882E-9
  4755.0       3.1803509E-9
  4760.0       3.1811473E-9
  4765.0       3.1758884E-9
  4770.0       3.1764E-9
  4775.0       3.1902347E-9
  4780.0       3.2147567E-9
  4785.0       3.2397236E-9
  4790.0       3.2658052E-9
  4795.0       3.2974719E-9
  4800.0       3.3303893E-9
  4805.0       3.357066E-9
  4810.0       3.3694594E-9
  4815.0       3.3605223E-9
  4820.0       3.3322034E-9
  4825.0       3.2976257E-9
  4830.0       3.275816E-9
  4835.0       3.2731475E-9
  4840.0       3.2698593E-9
  4845.0       3.2419993E-9
  4850.0       3.189495E-9
  4855.0       3.1325895E-9
  4860.0       3.0928695E-9
  4865.0       3.0821559E-9
  4870.0       3.0990222E-9
  4875.0       3.1273164E-9
  4880.0       3.1469352E-9
  4885.0       3.1593927E-9
  4890.0       3.1934695E-9
  4895.0       3.2664758E-9
  4900.0       3.346544E-9
  4905.0       3.3848127E-9
  4910.0       3.3699983E-9
  4915.0       3.3214769E-9
  4920.0       3.2655734E-9
  4925.0       3.2315837E-9
  4930.0       3.2371332E-9
  4935.0       3.2754304E-9
  4940.0       3.3267862E-9
  4945.0       3.371002E-9
  4950.0       3.3891072E-9
  4955.0       3.3812602E-9
  4960.0       3.3762702E-9
  4965.0       3.3886238E-9
  4970.0       3.3902778E-9
  4975.0       3.3552723E-9
  4980.0       3.2980907E-9
  4985.0       3.2470993E-9
  4990.0       3.2136767E-9
  4995.0       3.1900569E-9
  5000.0       3.154118E-9
  5005.0       3.0972098E-9
  5010.0       3.0494438E-9
  5015.0       3.0427285E-9
  5020.0       3.0715481E-9
  5025.0       3.1078837E-9
  5030.0       3.1226848E-9
  5035.0       3.1060352E-9
  5040.0       3.0809466E-9
  5045.0       3.0784058E-9
  5050.0       3.1062897E-9
  5055.0       3.1480565E-9
  5060.0       3.1748728E-9
  5065.0       3.1649503E-9
  5070.0       3.12267E-9
  5075.0       3.0714404E-9
  5080.0       3.033418E-9
  5085.0       3.0176637E-9
  5090.0       3.0186023E-9
  5095.0       3.0206524E-9
  5100.0       3.0076295E-9
  5105.0       2.9810105E-9
  5110.0       2.9613574E-9
  5115.0       2.964028E-9
  5120.0       2.9817429E-9
  5125.0       2.9924343E-9
  5130.0       2.9839329E-9
  5135.0       2.9626555E-9
  5140.0       2.9409122E-9
  5145.0       2.9319984E-9
  5150.0       2.9402927E-9
  5155.0       2.9428855E-9
  5160.0       2.8992388E-9
  5165.0       2.7982818E-9
  5170.0       2.6903624E-9
  5175.0       2.6460065E-9
  5180.0       2.6961922E-9
  5185.0       2.8166953E-9
  5190.0       2.939999E-9
  5195.0       3.0032565E-9
  5200.0       2.991699E-9
  5205.0       2.9448324E-9
  5210.0       2.940001E-9
  5215.0       3.0183138E-9
  5220.0       3.132422E-9
  5225.0       3.2188712E-9
  5230.0       3.273702E-9
  5235.0       3.3243306E-9
  5240.0       3.3785712E-9
  5245.0       3.4139473E-9
  5250.0       3.3858614E-9
  5255.0       3.269688E-9
  5260.0       3.1089198E-9
  5265.0       2.9905987E-9
  5270.0       2.9917813E-9
  5275.0       3.1273486E-9
  5280.0       3.3164391E-9
  5285.0       3.4543421E-9
  5290.0       3.5020624E-9
  5295.0       3.4880505E-9
  5300.0       3.4752712E-9
  5305.0       3.5083412E-9
  5310.0       3.562793E-9
  5315.0       3.5794814E-9
  5320.0       3.5362362E-9
  5325.0       3.4544327E-9
  5330.0       3.380609E-9
  5335.0       3.3677732E-9
  5340.0       3.4373588E-9
  5345.0       3.561548E-9
  5350.0       3.680793E-9
  5355.0       3.7420014E-9
  5360.0       3.7298458E-9
  5365.0       3.672976E-9
  5370.0       3.625112E-9
  5375.0       3.616085E-9
  5380.0       3.6245273E-9
  5385.0       3.6100005E-9
  5390.0       3.5537897E-9
  5395.0       3.4750032E-9
  5400.0       3.4254117E-9
  5405.0       3.4462146E-9
  5410.0       3.5345724E-9
  5415.0       3.6467194E-9
  5420.0       3.710516E-9
  5425.0       3.6914132E-9
  5430.0       3.64004E-9
  5435.0       3.62397E-9
  5440.0       3.6626593E-9
  5445.0       3.7325667E-9
  5450.0       3.7898156E-9
  5455.0       3.8018153E-9
  5460.0       3.7682346E-9
  5465.0       3.7137786E-9
  5470.0       3.6722618E-9
  5475.0       3.6616552E-9
  5480.0       3.6715417E-9
  5485.0       3.6865984E-9
  5490.0       3.7084187E-9
  5495.0       3.736933E-9
  5500.0       3.745898E-9
  5505.0       3.7168477E-9
  5510.0       3.6781795E-9
  5515.0       3.66709E-9
  5520.0       3.6854626E-9
  5525.0       3.7187955E-9
  5530.0       3.7581875E-9
  5535.0       3.7928047E-9
  5540.0       3.8117536E-9
  5545.0       3.813742E-9
  5550.0       3.8032235E-9
  5555.0       3.7879255E-9
  5560.0       3.7753747E-9
  5565.0       3.7659142E-9
  5570.0       3.7574877E-9
  5575.0       3.7433425E-9
  5580.0       3.7065426E-9
  5585.0       3.646459E-9
  5590.0       3.6001884E-9
  5595.0       3.6034735E-9
  5600.0       3.6514667E-9
  5605.0       3.7160752E-9
  5610.0       3.769001E-9
  5615.0       3.790538E-9
  5620.0       3.7786014E-9
  5625.0       3.7544803E-9
  5630.0       3.757204E-9
  5635.0       3.8060177E-9
  5640.0       3.869605E-9
  5645.0       3.902729E-9
  5650.0       3.895564E-9
  5655.0       3.8679047E-9
  5660.0       3.8467607E-9
  5665.0       3.8560977E-9
  5670.0       3.9014996E-9
  5675.0       3.9620156E-9
  5680.0       4.0033323E-9
  5685.0       4.0012087E-9
  5690.0       3.9567234E-9
  5695.0       3.8880983E-9
  5700.0       3.8097774E-9
  5705.0       3.738508E-9
  5710.0       3.713843E-9
  5715.0       3.759303E-9
  5720.0       3.843487E-9
  5725.0       3.920367E-9
  5730.0       3.9617727E-9
  5735.0       3.9600216E-9
  5740.0       3.936125E-9
  5745.0       3.9196655E-9
  5750.0       3.92563E-9
  5755.0       3.9556487E-9
  5760.0       3.998745E-9
  5765.0       4.0349657E-9
  5770.0       4.0454133E-9
  5775.0       4.020565E-9
  5780.0       3.9662438E-9
  5785.0       3.904096E-9
  5790.0       3.8638324E-9
  5795.0       3.868665E-9
  5800.0       3.9217594E-9
  5805.0       4.0024326E-9
  5810.0       4.0755865E-9
  5815.0       4.112609E-9
  5820.0       4.108473E-9
  5825.0       4.0819046E-9
  5830.0       4.05847E-9
  5835.0       4.049639E-9
  5840.0       4.0468615E-9
  5845.0       4.0339594E-9
  5850.0       4.006169E-9
  5855.0       3.978131E-9
  5860.0       3.9682906E-9
  5865.0       3.977029E-9
  5870.0       3.980537E-9
  5875.0       3.9455093E-9
  5880.0       3.8597103E-9
  5885.0       3.749969E-9
  5890.0       3.6671564E-9
  5895.0       3.6525618E-9
  5900.0       3.7109973E-9
  5905.0       3.809205E-9
  5910.0       3.9005803E-9
  5915.0       3.958833E-9
  5920.0       3.986456E-9
  5925.0       4.0000048E-9
  5930.0       4.012227E-9
  5935.0       4.020831E-9
  5940.0       4.018632E-9
  5945.0       4.0097343E-9
  5950.0       4.009178E-9
  5955.0       4.031059E-9
  5960.0       4.0731556E-9
  5965.0       4.114129E-9
  5970.0       4.1296673E-9
  5975.0       4.1112167E-9
  5980.0       4.072092E-9
  5985.0       4.0358694E-9
  5990.0       4.0169965E-9
  5995.0       4.0115045E-9
  6000.0       4.0034647E-9
  6005.0       3.9828105E-9
  6010.0       3.9514596E-9
  6015.0       3.9355355E-9
  6020.0       3.9453316E-9
  6025.0       4.013951E-9
  6030.0       4.106473E-9
  6035.0       4.187465E-9
  6040.0       4.2263166E-9
  6045.0       4.2405137E-9
  6050.0       4.2184594E-9
  6055.0       4.173712E-9
  6060.0       4.143928E-9
  6065.0       4.1543275E-9
  6070.0       4.190154E-9
  6075.0       4.2018318E-9
  6080.0       4.1477657E-9
  6085.0       4.0781902E-9
  6090.0       4.0308583E-9
  6095.0       4.02041E-9
  6100.0       4.034103E-9
  6105.0       4.0462105E-9
  6110.0       4.070506E-9
  6115.0       4.058499E-9
  6120.0       3.991815E-9
  6125.0       3.9406842E-9
  6130.0       3.9456554E-9
  6135.0       3.918818E-9
  6140.0       3.937615E-9
  6145.0       3.979942E-9
  6150.0       3.966727E-9
  6155.0       3.929491E-9
  6160.0       3.858969E-9
  6165.0       3.833069E-9
  6170.0       3.8816235E-9
  6175.0       3.9547556E-9
  6180.0       4.0063903E-9
  6185.0       3.995513E-9
  6190.0       3.942223E-9
  6195.0       3.956956E-9
  6200.0       3.9892716E-9
  6205.0       4.011109E-9
  6210.0       3.9785064E-9
  6215.0       3.894846E-9
  6220.0       3.8480565E-9
  6225.0       3.849622E-9
  6230.0       3.8279775E-9
  6235.0       3.8186516E-9
  6240.0       3.8135117E-9
  6245.0       3.7722976E-9
  6250.0       3.7782137E-9
  6255.0       3.737616E-9
  6260.0       3.722836E-9
  6265.0       3.818774E-9
  6270.0       3.874066E-9
  6275.0       3.904463E-9
  6280.0       3.9155728E-9
  6285.0       3.950522E-9
  6290.0       3.9655688E-9
  6295.0       3.919029E-9
  6300.0       3.8759143E-9
  6305.0       3.8799017E-9
  6310.0       3.891583E-9
  6315.0       3.8719215E-9
  6320.0       3.868911E-9
  6325.0       3.917787E-9
  6330.0       3.961697E-9
  6335.0       3.95479E-9
  6340.0       3.9267234E-9
  6345.0       3.924663E-9
  6350.0       3.9278913E-9
  6355.0       3.890165E-9
  6360.0       3.8205936E-9
  6365.0       3.8430947E-9
  6370.0       3.947668E-9
  6375.0       4.0248085E-9
  6380.0       4.0555945E-9
  6385.0       4.068499E-9
  6390.0       4.0629082E-9
  6395.0       4.018012E-9
  6400.0       4.002707E-9
  6405.0       3.9799595E-9
  6410.0       3.9665866E-9
  6415.0       3.9676964E-9
  6420.0       3.9742893E-9
  6425.0       4.0084935E-9
  6430.0       4.0114267E-9
  6435.0       4.0065435E-9
  6440.0       4.0294865E-9
  6445.0       4.0383923E-9
  6450.0       3.998385E-9
  6455.0       4.003197E-9
  6460.0       4.034993E-9
  6465.0       4.039372E-9
  6470.0       4.0294315E-9
  6475.0       4.0180392E-9
  6480.0       3.993047E-9
  6485.0       3.9424664E-9
  6490.0       3.911782E-9
  6495.0       3.821743E-9
  6500.0       3.840644E-9
  6505.0       3.943951E-9
  6510.0       4.0131196E-9
  6515.0       4.038396E-9
  6520.0       4.0409835E-9
  6525.0       4.0416603E-9
  6530.0       4.032869E-9
  6535.0       4.034373E-9
  6540.0       4.040212E-9
  6545.0       4.0077675E-9
  6550.0       3.9503947E-9
  6555.0       3.8789914E-9
  6560.0       3.8030774E-9
  6565.0       3.75614E-9
  6570.0       3.846282E-9
  6575.0       3.9091526E-9
  6580.0       3.9690176E-9
  6585.0       4.0047157E-9
  6590.0       4.0004076E-9
  6595.0       3.9592023E-9
  6600.0       3.9739443E-9
  6605.0       4.001769E-9
  6610.0       4.0105834E-9
  6615.0       4.071535E-9
  6620.0       4.1065302E-9
  6625.0       4.0754644E-9
  6630.0       4.0324277E-9
  6635.0       4.0040784E-9
  6640.0       4.0042654E-9
  6645.0       4.0049812E-9
  6650.0       4.0192405E-9
  6655.0       4.0316643E-9
  6660.0       4.013455E-9
  6665.0       3.981326E-9
  6670.0       3.982393E-9
  6675.0       3.9983643E-9
  6680.0       3.993402E-9
  6685.0       4.045092E-9
  6690.0       4.0593333E-9
  6695.0       4.0315276E-9
  6700.0       3.9992862E-9
  6705.0       3.9713424E-9
  6710.0       3.961356E-9
  6715.0       3.958652E-9
  6720.0       3.996684E-9
  6725.0       4.054006E-9
  6730.0       4.058358E-9
  6735.0       4.037831E-9
  6740.0       3.993746E-9
  6745.0       3.9693786E-9
  6750.0       3.975781E-9
  6755.0       4.0000767E-9
  6760.0       4.0530477E-9
  6765.0       4.0420542E-9
  6770.0       4.026851E-9
  6775.0       4.0437005E-9
  6780.0       4.058422E-9
  6785.0       4.042811E-9
  6790.0       4.040246E-9
  6795.0       4.040045E-9
  6800.0       4.042567E-9
  6805.0       4.040667E-9
  6810.0       4.0367936E-9
  6815.0       4.0385095E-9
  6820.0       4.057469E-9
  6825.0       4.0674726E-9
  6830.0       4.050847E-9
  6835.0       4.0344603E-9
  6840.0       4.0141566E-9
  6845.0       3.9890438E-9
  6850.0       3.9625285E-9
  6855.0       3.941668E-9
  6860.0       3.9325645E-9
  6865.0       3.9384864E-9
  6870.0       3.956557E-9
  6875.0       3.980151E-9
  6880.0       4.002619E-9
  6885.0       4.020325E-9
  6890.0       4.031455E-9
  6895.0       4.0361408E-9
  6900.0       4.036204E-9
  6905.0       4.0334993E-9
  6910.0       4.0300883E-9
  6915.0       4.0275028E-9
  6920.0       4.0249386E-9
  6925.0       4.0153614E-9
  6930.0       3.9965333E-9
  6935.0       3.971252E-9
  6940.0       3.9477266E-9
  6945.0       3.934436E-9
  6950.0       3.9343386E-9
  6955.0       3.9430628E-9
  6960.0       3.948408E-9
  6965.0       3.9404218E-9
  6970.0       3.9174544E-9
  6975.0       3.867075E-9
  6980.0       3.8057633E-9
  6985.0       3.8463766E-9
  6990.0       3.8783705E-9
  6995.0       3.8899306E-9
  7000.0       3.828323E-9
  7005.0       3.797723E-9
  7010.0       3.7793586E-9
  7015.0       3.7223695E-9
  7020.0       3.7083054E-9
  7025.0       3.7252603E-9
  7030.0       3.7596464E-9
  7035.0       3.80873E-9
  7040.0       3.8470778E-9
  7045.0       3.9106807E-9
  7050.0       3.900454E-9
  7055.0       3.8564996E-9
  7060.0       3.8490438E-9
  7065.0       3.810647E-9
  7070.0       3.8030703E-9
  7075.0       3.8767123E-9
  7080.0       3.891804E-9
  7085.0       3.8128833E-9
  7090.0       3.7445664E-9
  7095.0       3.7201655E-9
  7100.0       3.7025916E-9
  7105.0       3.6669667E-9
  7110.0       3.6499481E-9
  7115.0       3.6607528E-9
  7120.0       3.6835301E-9
  7125.0       3.6819716E-9
  7130.0       3.6525822E-9
  7135.0       3.6526722E-9
  7140.0       3.6711496E-9
  7145.0       3.6784846E-9
  7150.0       3.6808017E-9
  7155.0       3.738158E-9
  7160.0       3.798278E-9
  7165.0       3.8149577E-9
  7170.0       3.8389065E-9
  7175.0       3.847945E-9
  7180.0       3.805022E-9
  7185.0       3.757063E-9
  7190.0       3.7275942E-9
  7195.0       3.7719654E-9
  7200.0       3.781944E-9
  7205.0       3.7443737E-9
  7210.0       3.699943E-9
  7215.0       3.6999914E-9
  7220.0       3.731448E-9
  7225.0       3.772109E-9
  7230.0       3.8296952E-9
  7235.0       3.852907E-9
  7240.0       3.843092E-9
  7245.0       3.826766E-9
  7250.0       3.819624E-9
  7255.0       3.8025947E-9
  7260.0       3.8014654E-9
  7265.0       3.774337E-9
  7270.0       3.7651984E-9
  7275.0       3.7059575E-9
  7280.0       3.6455226E-9
  7285.0       3.6087018E-9
  7290.0       3.6321295E-9
  7295.0       3.7071048E-9
  7300.0       3.7763663E-9
  7305.0       3.765626E-9
  7310.0       3.7141832E-9
  7315.0       3.6525662E-9
  7320.0       3.6082637E-9
  7325.0       3.6064784E-9
  7330.0       3.6489647E-9
  7335.0       3.7185208E-9
  7340.0       3.7732044E-9
  7345.0       3.7599E-9
  7350.0       3.7217782E-9
  7355.0       3.6635681E-9
  7360.0       3.67069E-9
  7365.0       3.6946373E-9
  7370.0       3.7468513E-9
  7375.0       3.7837604E-9
  7380.0       3.7751424E-9
  7385.0       3.7255723E-9
  7390.0       3.7027814E-9
  7395.0       3.7639643E-9
  7400.0       3.8015187E-9
  7405.0       3.8304067E-9
  7410.0       3.811518E-9
  7415.0       3.744039E-9
  7420.0       3.727587E-9
  7425.0       3.749809E-9
  7430.0       3.785668E-9
  7435.0       3.7836987E-9
  7440.0       3.764031E-9
  7445.0       3.7213717E-9
  7450.0       3.7326857E-9
  7455.0       3.748464E-9
  7460.0       3.7373713E-9
  7465.0       3.7609387E-9
  7470.0       3.8208245E-9
  7475.0       3.8214076E-9
  7480.0       3.817684E-9
  7485.0       3.786712E-9
  7490.0       3.7444052E-9
  7495.0       3.691208E-9
  7500.0       3.7307966E-9
  7505.0       3.7820165E-9
  7510.0       3.807355E-9
  7515.0       3.840022E-9
  7520.0       3.8445083E-9
  7525.0       3.7998062E-9
  7530.0       3.7840406E-9
  7535.0       3.806164E-9
  7540.0       3.820325E-9
  7545.0       3.8054115E-9
  7550.0       3.7790584E-9
  7555.0       3.747509E-9
  7560.0       3.7208554E-9
  7565.0       3.7126258E-9
  7570.0       3.7186962E-9
  7575.0       3.725865E-9
  7580.0       3.727844E-9
  7585.0       3.729628E-9
  7590.0       3.7421546E-9
  7595.0       3.7697863E-9
  7600.0       3.8004333E-9
  7605.0       3.8128363E-9
  7610.0       3.7951517E-9
  7615.0       3.7580494E-9
  7620.0       3.728405E-9
  7625.0       3.7283954E-9
  7630.0       3.7580006E-9
  7635.0       3.7943706E-9
  7640.0       3.8083248E-9
  7645.0       3.7859484E-9
  7650.0       3.7392756E-9
  7655.0       3.6966936E-9
  7660.0       3.6824925E-9
  7665.0       3.701675E-9
  7670.0       3.738851E-9
  7675.0       3.7710035E-9
  7680.0       3.784129E-9
  7685.0       3.7803636E-9
  7690.0       3.769579E-9
  7695.0       3.7577537E-9
  7700.0       3.747783E-9
  7705.0       3.7388985E-9
  7710.0       3.7308334E-9
  7715.0       3.7261603E-9
  7720.0       3.7282146E-9
  7725.0       3.736338E-9
  7730.0       3.753435E-9
  7735.0       3.7659458E-9
  7740.0       3.7595527E-9
  7745.0       3.7022103E-9
  7750.0       3.6594514E-9
  7755.0       3.714833E-9
  7760.0       3.7689865E-9
  7765.0       3.8022288E-9
  7770.0       3.814366E-9
  7775.0       3.8258765E-9
  7780.0       3.8107655E-9
  7785.0       3.7901873E-9
  7790.0       3.781075E-9
  7795.0       3.7906056E-9
  7800.0       3.7890566E-9
  7805.0       3.8046073E-9
  7810.0       3.8125654E-9
  7815.0       3.8369503E-9
  7820.0       3.8496335E-9
  7825.0       3.848363E-9
  7830.0       3.8064374E-9
  7835.0       3.751682E-9
  7840.0       3.763179E-9
  7845.0       3.7977186E-9
  7850.0       3.798306E-9
  7855.0       3.794079E-9
  7860.0       3.8079304E-9
  7865.0       3.7884784E-9
  7870.0       3.727949E-9
  7875.0       3.6495922E-9
  7880.0       3.6088277E-9
  7885.0       3.597758E-9
  7890.0       3.5913392E-9
  7895.0       3.5301442E-9
  7900.0       3.479524E-9
  7905.0       3.4858743E-9
  7910.0       3.4662968E-9
  7915.0       3.4324315E-9
  7920.0       3.4360066E-9
  7925.0       3.458338E-9
  7930.0       3.4418004E-9
  7935.0       3.3991174E-9
  7940.0       3.3553695E-9
  7945.0       3.3390108E-9
  7950.0       3.382998E-9
  7955.0       3.4443914E-9
  7960.0       3.4634609E-9
  7965.0       3.473467E-9
  7970.0       3.487779E-9
  7975.0       3.5089083E-9
  7980.0       3.5196728E-9
  7985.0       3.553543E-9
  7990.0       3.5611643E-9
  7995.0       3.52706E-9
  8000.0       3.468838E-9
  8005.0       3.435242E-9
  8010.0       3.4281726E-9
  8015.0       3.44505E-9
  8020.0       3.4709668E-9
  8025.0       3.4677867E-9
  8030.0       3.4751808E-9
  8035.0       3.5429502E-9
  8040.0       3.5480736E-9
  8045.0       3.49096E-9
  8050.0       3.4502885E-9
  8055.0       3.4793528E-9
  8060.0       3.5010626E-9
  8065.0       3.4789893E-9
  8070.0       3.4318717E-9
  8075.0       3.395006E-9
  8080.0       3.3921843E-9
  8085.0       3.3617227E-9
  8090.0       3.3222902E-9
  8095.0       3.2714E-9
  8100.0       3.2761212E-9
  8105.0       3.2856091E-9
  8110.0       3.275373E-9
  8115.0       3.270056E-9
  8120.0       3.2783114E-9
  8125.0       3.3171423E-9
  8130.0       3.30997E-9
  8135.0       3.2975944E-9
  8140.0       3.306542E-9
  8145.0       3.3167105E-9
  8150.0       3.3473029E-9
  8155.0       3.386023E-9
  8160.0       3.3724779E-9
  8165.0       3.3159153E-9
  8170.0       3.293275E-9
  8175.0       3.256948E-9
  8180.0       3.23948E-9
  8185.0       3.2473615E-9
  8190.0       3.291814E-9
  8195.0       3.312366E-9
  8200.0       3.3042813E-9
  8205.0       3.3044663E-9
  8210.0       3.3150294E-9
  8215.0       3.3506495E-9
  8220.0       3.4000147E-9
  8225.0       3.4339263E-9
  8230.0       3.439756E-9
  8235.0       3.4370131E-9
  8240.0       3.41949E-9
  8245.0       3.38718E-9
  8250.0       3.3770935E-9
  8255.0       3.345786E-9
  8260.0       3.3656675E-9
  8265.0       3.384353E-9
  8270.0       3.3486123E-9
  8275.0       3.2945102E-9
  8280.0       3.266518E-9
  8285.0       3.248301E-9
  8290.0       3.2223806E-9
  8295.0       3.2074399E-9
  8300.0       3.1979204E-9
  8305.0       3.1951568E-9
  8310.0       3.1763612E-9
  8315.0       3.2028702E-9
  8320.0       3.2104952E-9
  8325.0       3.1837684E-9
  8330.0       3.1576737E-9
  8335.0       3.1591112E-9
  8340.0       3.191352E-9
  8345.0       3.2172909E-9
  8350.0       3.2299596E-9
  8355.0       3.248192E-9
  8360.0       3.2436294E-9
  8365.0       3.2230416E-9
  8370.0       3.2338692E-9
  8375.0       3.2400655E-9
  8380.0       3.222702E-9
  8385.0       3.1905814E-9
  8390.0       3.204579E-9
  8395.0       3.2692513E-9
  8400.0       3.290958E-9
  8405.0       3.2953276E-9
  8410.0       3.2921448E-9
  8415.0       3.2583953E-9
  8420.0       3.234422E-9
  8425.0       3.2116583E-9
  8430.0       3.2158223E-9
  8435.0       3.217417E-9
  8440.0       3.2257386E-9
  8445.0       3.2841894E-9
  8450.0       3.3107963E-9
  8455.0       3.3288854E-9
  8460.0       3.3357208E-9
  8465.0       3.316446E-9
  8470.0       3.2824103E-9
  8475.0       3.3188607E-9
  8480.0       3.3376408E-9
  8485.0       3.3237622E-9
  8490.0       3.2803846E-9
  8495.0       3.1489777E-9
  8500.0       2.980835E-9
  8505.0       3.091274E-9
  8510.0       3.2179464E-9
  8515.0       3.2323781E-9
  8520.0       3.236265E-9
  8525.0       3.2168956E-9
  8530.0       3.1115526E-9
  8535.0       2.936443E-9
  8540.0       2.6731066E-9
  8545.0       2.560544E-9
  8550.0       2.8379035E-9
  8555.0       3.1100944E-9
  8560.0       3.2434813E-9
  8565.0       3.2929603E-9
  8570.0       3.2995835E-9
  8575.0       3.2907168E-9
  8580.0       3.300813E-9
  8585.0       3.3054368E-9
  8590.0       3.320186E-9
  8595.0       3.3156466E-9
  8600.0       3.2884095E-9
  8605.0       3.2501672E-9
  8610.0       3.2037908E-9
  8615.0       3.1900322E-9
  8620.0       3.2340521E-9
  8625.0       3.2908098E-9
  8630.0       3.358005E-9
  8635.0       3.3914653E-9
  8640.0       3.3937682E-9
  8645.0       3.3354985E-9
  8650.0       3.2129175E-9
  8655.0       3.0574965E-9
  8660.0       2.842454E-9
  8665.0       2.7249796E-9
  8670.0       2.9353064E-9
  8675.0       3.113952E-9
  8680.0       3.218768E-9
  8685.0       3.2539786E-9
  8690.0       3.239591E-9
  8695.0       3.2653904E-9
  8700.0       3.2839287E-9
  8705.0       3.3081204E-9
  8710.0       3.3389054E-9
  8715.0       3.3545324E-9
  8720.0       3.3800764E-9
  8725.0       3.3711771E-9
  8730.0       3.336588E-9
  8735.0       3.3081229E-9
  8740.0       3.2980145E-9
  8745.0       3.2984973E-9
  8750.0       3.2839393E-9
  8755.0       3.254466E-9
  8760.0       3.22611E-9
  8765.0       3.1938436E-9
  8770.0       3.168417E-9
  8775.0       3.176187E-9
  8780.0       3.2251768E-9
  8785.0       3.251117E-9
  8790.0       3.2430965E-9
  8795.0       3.2122602E-9
  8800.0       3.1954894E-9
  8805.0       3.1528549E-9
  8810.0       3.1547482E-9
  8815.0       3.254864E-9
  8820.0       3.2956735E-9
  8825.0       3.2838574E-9
  8830.0       3.307595E-9
  8835.0       3.3193173E-9
  8840.0       3.2996201E-9
  8845.0       3.3242997E-9
  8850.0       3.3441907E-9
  8855.0       3.3337715E-9
  8860.0       3.2968015E-9
  8865.0       3.2378382E-9
  8870.0       3.2029215E-9
  8875.0       3.2055307E-9
  8880.0       3.1987062E-9
  8885.0       3.220667E-9
  8890.0       3.2439236E-9
  8895.0       3.2594347E-9
  8900.0       3.2759406E-9
  8905.0       3.258664E-9
  8910.0       3.255864E-9
  8915.0       3.247005E-9
  8920.0       3.2334166E-9
  8925.0       3.220833E-9
  8930.0       3.214022E-9
  8935.0       3.2104641E-9
  8940.0       3.215806E-9
  8945.0       3.2044856E-9
  8950.0       3.220261E-9
  8955.0       3.2566723E-9
  8960.0       3.2741536E-9
  8965.0       3.2737633E-9
  8970.0       3.2636913E-9
  8975.0       3.254084E-9
  8980.0       3.2445782E-9
  8985.0       3.230201E-9
  8990.0       3.2011296E-9
  8995.0       3.2128744E-9
  9000.0       3.2055905E-9
  9005.0       3.2056113E-9
  9010.0       3.1894967E-9
  9015.0       3.1723544E-9
  9020.0       3.1800782E-9
  9025.0       3.1876326E-9
  9030.0       3.213352E-9
  9035.0       3.2499343E-9
  9040.0       3.2583367E-9
  9045.0       3.2617218E-9
  9050.0       3.255951E-9
  9055.0       3.253165E-9
  9060.0       3.2417002E-9
  9065.0       3.2276701E-9
  9070.0       3.2052758E-9
  9075.0       3.1806207E-9
  9080.0       3.1451992E-9
  9085.0       3.1145675E-9
  9090.0       3.0849148E-9
  9095.0       3.094736E-9
  9100.0       3.096987E-9
  9105.0       3.0869654E-9
  9110.0       3.0783789E-9
  9115.0       3.067302E-9
  9120.0       3.05882E-9
  9125.0       3.0824747E-9
  9130.0       3.070946E-9
  9135.0       3.030705E-9
  9140.0       2.987358E-9
  9145.0       2.9437486E-9
  9150.0       2.9271392E-9
  9155.0       2.9277758E-9
  9160.0       2.9399365E-9
  9165.0       2.9337281E-9
  9170.0       2.8881584E-9
  9175.0       2.8642895E-9
  9180.0       2.893657E-9
  9185.0       2.9116616E-9
  9190.0       2.909612E-9
  9195.0       2.8951463E-9
  9200.0       2.8882345E-9
  9205.0       2.8790428E-9
  9210.0       2.877236E-9
  9215.0       2.8869978E-9
  9220.0       2.9094616E-9
  9225.0       2.9234788E-9
  9230.0       2.9003704E-9
  9235.0       2.8549405E-9
  9240.0       2.8007188E-9
  9245.0       2.7635731E-9
  9250.0       2.742E-9
  9255.0       2.7373959E-9
  9260.0       2.7500708E-9
  9265.0       2.786796E-9
  9270.0       2.817812E-9
  9275.0       2.8271134E-9
  9280.0       2.8281175E-9
  9285.0       2.8405953E-9
  9290.0       2.8447584E-9
  9295.0       2.8678062E-9
  9300.0       2.883175E-9
  9305.0       2.8889788E-9
  9310.0       2.8663782E-9
  9315.0       2.8378693E-9
  9320.0       2.8318219E-9
  9325.0       2.8441605E-9
  9330.0       2.8877412E-9
  9335.0       2.894067E-9
  9340.0       2.8705056E-9
  9345.0       2.838072E-9
  9350.0       2.8569547E-9
  9355.0       2.8190756E-9
  9360.0       2.8253493E-9
  9365.0       2.8848108E-9
  9370.0       2.9051654E-9
  9375.0       2.926622E-9
  9380.0       2.9228429E-9
  9385.0       2.9492015E-9
  9390.0       2.9932945E-9
  9395.0       3.0281313E-9
  9400.0       3.0296898E-9
  9405.0       2.9961107E-9
  9410.0       2.9259473E-9
  9415.0       2.8478346E-9
  9420.0       2.7963296E-9
  9425.0       2.728725E-9
  9430.0       2.6720137E-9
  9435.0       2.6628832E-9
  9440.0       2.6245597E-9
  9445.0       2.6476652E-9
  9450.0       2.6928173E-9
  9455.0       2.695931E-9
  9460.0       2.7086013E-9
  9465.0       2.7346634E-9
  9470.0       2.7436478E-9
  9475.0       2.7505922E-9
  9480.0       2.7250808E-9
  9485.0       2.7611977E-9
  9490.0       2.7796914E-9
  9495.0       2.7411686E-9
  9500.0       2.7214158E-9
  9505.0       2.7856144E-9
  9510.0       2.8571112E-9
  9515.0       2.8802762E-9
  9520.0       2.8943858E-9
  9525.0       2.9376428E-9
  9530.0       2.9601517E-9
  9535.0       2.9548461E-9
  9540.0       2.9217984E-9
  9545.0       2.883764E-9
  9550.0       2.8688494E-9
  9555.0       2.8418132E-9
  9560.0       2.8130798E-9
  9565.0       2.771216E-9
  9570.0       2.7450442E-9
  9575.0       2.7515046E-9
  9580.0       2.744844E-9
  9585.0       2.7530218E-9
  9590.0       2.7635083E-9
  9595.0       2.7816227E-9
  9600.0       2.7811635E-9
  9605.0       2.789479E-9
  9610.0       2.817292E-9
  9615.0       2.849186E-9
  9620.0       2.869642E-9
  9625.0       2.869563E-9
  9630.0       2.878763E-9
  9635.0       2.8647786E-9
  9640.0       2.8426483E-9
  9645.0       2.8349727E-9
  9650.0       2.8282359E-9
  9655.0       2.825908E-9
  9660.0       2.7980585E-9
  9665.0       2.7679405E-9
  9670.0       2.7487839E-9
  9675.0       2.712444E-9
  9680.0       2.7081566E-9
  9685.0       2.7223102E-9
  9690.0       2.7158378E-9
  9695.0       2.7245706E-9
  9700.0       2.7326392E-9
  9705.0       2.7370937E-9
  9710.0       2.7630558E-9
  9715.0       2.7944191E-9
  9720.0       2.7909683E-9
  9725.0       2.7930904E-9
  9730.0       2.7781628E-9
  9735.0       2.7610283E-9
  9740.0       2.7351594E-9
  9745.0       2.7117841E-9
  9750.0       2.7169547E-9
  9755.0       2.7219773E-9
  9760.0       2.7233418E-9
  9765.0       2.7112732E-9
  9770.0       2.709475E-9
  9775.0       2.7111149E-9
  9780.0       2.7127964E-9
  9785.0       2.726168E-9
  9790.0       2.7515976E-9
  9795.0       2.8036968E-9
  9800.0       2.8358988E-9
  9805.0       2.8510225E-9
  9810.0       2.8402642E-9
  9815.0       2.8193894E-9
  9820.0       2.809165E-9
  9825.0       2.7858844E-9
  9830.0       2.7741307E-9
  9835.0       2.7768048E-9
  9840.0       2.7956082E-9
  9845.0       2.7981917E-9
  9850.0       2.794572E-9
  9855.0       2.780824E-9
  9860.0       2.7638654E-9
  9865.0       2.741708E-9
  9870.0       2.7675129E-9
  9875.0       2.7982083E-9
  9880.0       2.8180802E-9
  9885.0       2.8306186E-9
  9890.0       2.8342226E-9
  9895.0       2.820149E-9
  9900.0       2.7917912E-9
  9905.0       2.7857598E-9
  9910.0       2.7933178E-9
  9915.0       2.7999083E-9
  9920.0       2.8240008E-9
  9925.0       2.8350988E-9
  9930.0       2.8280205E-9
  9935.0       2.818019E-9
  9940.0       2.823584E-9
  9945.0       2.7985505E-9
  9950.0       2.7752214E-9
  9955.0       2.7849432E-9
  9960.0       2.8385887E-9
  9965.0       2.8762237E-9
  9970.0       2.901133E-9
  9975.0       2.925508E-9
  9980.0       2.9396723E-9
  9985.0       2.895355E-9
  9990.0       2.859905E-9
  9995.0       2.8236506E-9
  10000.0      2.8042035E-9
  10005.0      2.8056115E-9
  10010.0      2.8170652E-9
  10015.0      2.8257128E-9
  10020.0      2.8336542E-9
  10025.0      2.821385E-9
  10030.0      2.8253344E-9
  10035.0      2.7895097E-9
  10040.0      2.8004887E-9
  10045.0      2.7955724E-9
  10050.0      2.786024E-9
  10055.0      2.805489E-9
  10060.0      2.7801206E-9
  10065.0      2.8022362E-9
  10070.0      2.7737785E-9
  10075.0      2.782123E-9
  10080.0      2.780175E-9
  10085.0      2.787079E-9
  10090.0      2.7926388E-9
  10095.0      2.7914369E-9
  10100.0      2.8009572E-9
  10105.0      2.8032885E-9
  10110.0      2.7964773E-9
  10115.0      2.7838964E-9
  10120.0      2.7690508E-9
  10125.0      2.754757E-9
  10130.0      2.7420206E-9
  10135.0      2.7311255E-9
  10140.0      2.7222784E-9
  10145.0      2.7154228E-9
  10150.0      2.7098228E-9
  10155.0      2.7045008E-9
  10160.0      2.6985267E-9
  10165.0      2.6918512E-9
  10170.0      2.6867242E-9
  10175.0      2.6862506E-9
  10180.0      2.6934428E-9
  10185.0      2.7092253E-9
  10190.0      2.7291438E-9
  10195.0      2.746677E-9
  10200.0      2.755373E-9
  10205.0      2.751497E-9
  10210.0      2.7383789E-9
  10215.0      2.7220812E-9
  10220.0      2.7087155E-9
  10225.0      2.7025733E-9
  10230.0      2.7030294E-9
  10235.0      2.7076E-9
  10240.0      2.7136657E-9
  10245.0      2.7190477E-9
  10250.0      2.722697E-9
  10255.0      2.7240117E-9
  10260.0      2.7224776E-9
  10265.0      2.7180804E-9
  10270.0      2.7120934E-9
  10275.0      2.7062765E-9
  10280.0      2.7023612E-9
  10285.0      2.7012277E-9
  10290.0      2.7015745E-9
  10295.0      2.7012517E-9
  10300.0      2.6981175E-9
  10305.0      2.690887E-9
  10310.0      2.6805365E-9
  10315.0      2.6688867E-9
  10320.0      2.6578408E-9
  10325.0      2.6490623E-9
  10330.0      2.643607E-9
  10335.0      2.6423037E-9
  10340.0      2.6458586E-9
  10345.0      2.6539146E-9
  10350.0      2.663418E-9
  10355.0      2.6702376E-9
  10360.0      2.670369E-9
  10365.0      2.6617069E-9
  10370.0      2.6471554E-9
  10375.0      2.6315627E-9
  10380.0      2.6198126E-9
  10385.0      2.6153564E-9
  10390.0      2.6179212E-9
  10395.0      2.6258065E-9
  10400.0      2.637104E-9
  10405.0      2.649314E-9
  10410.0      2.6584115E-9
  10415.0      2.6597915E-9
  10420.0      2.6490772E-9
  10425.0      2.6248834E-9
  10430.0      2.593596E-9
  10435.0      2.5645994E-9
  10440.0      2.5471727E-9
  10445.0      2.5468272E-9
  10450.0      2.5592275E-9
  10455.0      2.5762243E-9
  10460.0      2.5895908E-9
  10465.0      2.5938127E-9
  10470.0      2.5904912E-9
  10475.0      2.5839366E-9
  10480.0      2.5786466E-9
  10485.0      2.5779603E-9
  10490.0      2.5823068E-9
  10495.0      2.5909601E-9
  10500.0      2.6030813E-9
  10505.0      2.617525E-9
  10510.0      2.632446E-9
  10515.0      2.6456928E-9
  10520.0      2.6552154E-9
  10525.0      2.6599705E-9
  10530.0      2.6615783E-9
  10535.0      2.6626779E-9
  10540.0      2.665866E-9
  10545.0      2.672179E-9
  10550.0      2.6785751E-9
  10555.0      2.6804652E-9
  10560.0      2.6733369E-9
  10565.0      2.655174E-9
  10570.0      2.6303846E-9
  10575.0      2.605855E-9
  10580.0      2.5884563E-9
  10585.0      2.5823268E-9
  10590.0      2.584584E-9
  10595.0      2.589613E-9
  10600.0      2.5917093E-9
  10605.0      2.5868625E-9
  10610.0      2.5754412E-9
  10615.0      2.5595401E-9
  10620.0      1.908194E-9
