# WAVELENGTH   FLUX           
  1150.0       0.0            
  1155.0       0.0            
  1160.0       5.0648924E-15  
  1165.0       3.025891E-14   
  1170.0       5.0215984E-15  
  1175.0       0.0            
  1180.0       1.0589461E-14  
  1185.0       6.326875E-14   
  1190.0       1.0500475E-14  
  1195.0       0.0            
  1200.0       4.5117132E-14  
  1205.0       8.5977595E-13  
  1210.0       4.761325E-12   
  1215.0       8.515626E-12   
  1220.0       6.2198996E-12  
  1225.0       1.668247E-12   
  1230.0       1.420041E-13   
  1235.0       0.0            
  1240.0       0.0            
  1245.0       0.0            
  1250.0       2.3015103E-15  
  1255.0       1.37540515E-14 
  1260.0       7.806698E-15   
  1265.0       3.300974E-14   
  1270.0       2.895393E-14   
  1275.0       1.5041729E-13  
  1280.0       9.393415E-14   
  1285.0       9.1736596E-14  
  1290.0       1.5039204E-13  
  1295.0       1.2378283E-13  
  1300.0       1.4118021E-13  
  1305.0       5.906691E-14   
  1310.0       1.6968603E-14  
  1315.0       6.424838E-14   
  1320.0       1.1874856E-13  
  1325.0       8.710209E-14   
  1330.0       1.2614267E-13  
  1335.0       1.8245339E-13  
  1340.0       9.160473E-14   
  1345.0       3.5763977E-14  
  1350.0       8.3478634E-14  
  1355.0       8.707184E-14   
  1360.0       2.0585576E-14  
  1365.0       1.6555244E-14  
  1370.0       1.248274E-13   
  1375.0       2.462428E-13   
  1380.0       2.1265615E-13  
  1385.0       1.182154E-13   
  1390.0       8.1623944E-14  
  1395.0       1.4034066E-13  
  1400.0       1.8804087E-13  
  1405.0       2.8200226E-13  
  1410.0       2.6171567E-13  
  1415.0       1.6546992E-13  
  1420.0       2.0088654E-13  
  1425.0       2.860813E-13   
  1430.0       2.0765253E-13  
  1435.0       2.4028248E-13  
  1440.0       2.8520215E-13  
  1445.0       3.218732E-13   
  1450.0       3.535096E-13   
  1455.0       3.7592214E-13  
  1460.0       3.0619748E-13  
  1465.0       2.525739E-13   
  1470.0       2.2422376E-13  
  1475.0       3.2100586E-13  
  1480.0       3.8009987E-13  
  1485.0       3.951968E-13   
  1490.0       3.8788016E-13  
  1495.0       4.0707138E-13  
  1500.0       2.8602305E-13  
  1505.0       2.9483656E-13  
  1510.0       3.594971E-13   
  1515.0       4.0894485E-13  
  1520.0       3.3827753E-13  
  1525.0       2.681845E-13   
  1530.0       2.9116225E-13  
  1535.0       3.3977145E-13  
  1540.0       3.9430693E-13  
  1545.0       3.8047218E-13  
  1550.0       2.952479E-13   
  1555.0       3.7694067E-13  
  1560.0       4.3920434E-13  
  1565.0       3.6303705E-13  
  1570.0       2.9062535E-13  
  1575.0       2.498377E-13   
  1580.0       2.2327002E-13  
  1585.0       2.4945887E-13  
  1590.0       3.3196598E-13  
  1595.0       3.3745007E-13  
  1600.0       3.8238282E-13  
  1605.0       3.8604512E-13  
  1610.0       4.1996896E-13  
  1615.0       4.057233E-13   
  1620.0       3.8144295E-13  
  1625.0       4.1636012E-13  
  1630.0       5.493413E-13   
  1635.0       6.345457E-13   
  1640.0       6.285565E-13   
  1645.0       6.2532336E-13  
  1650.0       5.592927E-13   
  1655.0       5.7686717E-13  
  1660.0       8.0471046E-13  
  1665.0       7.894233E-13   
  1670.0       7.198064E-13   
  1675.0       8.4833594E-13  
  1680.0       1.1289407E-12  
  1685.0       1.3820959E-12  
  1690.0       1.8309263E-12  
  1695.0       2.0062808E-12  
  1700.0       1.9686858E-12  
  1705.0       2.1095833E-12  
  1710.0       2.3782515E-12  
  1715.0       2.5565214E-12  
  1720.0       2.6918012E-12  
  1725.0       2.8948632E-12  
  1730.0       2.9379069E-12  
  1735.0       3.0880138E-12  
  1740.0       3.5433772E-12  
  1745.0       3.956861E-12   
  1750.0       4.3033775E-12  
  1755.0       4.49494E-12    
  1760.0       4.732193E-12   
  1765.0       5.4264696E-12  
  1770.0       6.011789E-12   
  1775.0       6.342931E-12   
  1780.0       6.2243106E-12  
  1785.0       6.92551E-12    
  1790.0       8.174135E-12   
  1795.0       8.312678E-12   
  1800.0       7.742077E-12   
  1805.0       8.217221E-12   
  1810.0       9.063902E-12   
  1815.0       9.425329E-12   
  1820.0       9.494822E-12   
  1825.0       9.328949E-12   
  1830.0       9.4773555E-12  
  1835.0       8.870765E-12   
  1840.0       7.943847E-12   
  1845.0       7.595553E-12   
  1850.0       8.152021E-12   
  1855.0       8.833857E-12   
  1860.0       9.864429E-12   
  1865.0       1.1604674E-11  
  1870.0       1.4574545E-11  
  1875.0       2.3481253E-11  
  1880.0       3.2732404E-11  
  1885.0       3.5125392E-11  
  1890.0       3.1441603E-11  
  1895.0       2.5663699E-11  
  1900.0       2.7258355E-11  
  1905.0       2.8508095E-11  
  1910.0       3.555964E-11   
  1915.0       3.8063393E-11  
  1920.0       2.9865842E-11  
  1925.0       1.9425205E-11  
  1930.0       2.6703337E-11  
  1935.0       3.9826083E-11  
  1940.0       4.353471E-11   
  1945.0       4.3882894E-11  
  1950.0       4.1251245E-11  
  1955.0       2.9716028E-11  
  1960.0       1.8241427E-11  
  1965.0       2.4800125E-11  
  1970.0       3.166068E-11   
  1975.0       3.810172E-11   
  1980.0       3.8548963E-11  
  1985.0       3.247132E-11   
  1990.0       2.2858103E-11  
  1995.0       2.3009912E-11  
  2000.0       2.8309842E-11  
  2005.0       2.8624918E-11  
  2010.0       3.3314563E-11  
  2015.0       3.5694607E-11  
  2020.0       3.484904E-11   
  2025.0       3.9311616E-11  
  2030.0       4.553633E-11   
  2035.0       4.5421573E-11  
  2040.0       4.295077E-11   
  2045.0       4.955889E-11   
  2050.0       5.105175E-11   
  2055.0       5.0825177E-11  
  2060.0       4.7256844E-11  
  2065.0       5.225427E-11   
  2070.0       5.9285264E-11  
  2075.0       6.99301E-11    
  2080.0       8.147653E-11   
  2085.0       8.6309286E-11  
  2090.0       9.39617E-11    
  2095.0       9.757275E-11   
  2100.0       8.5650737E-11  
  2105.0       8.317218E-11   
  2110.0       8.573534E-11   
  2115.0       8.256943E-11   
  2120.0       8.600138E-11   
  2125.0       1.037837E-10   
  2130.0       8.827768E-11   
  2135.0       6.19664E-11    
  2140.0       5.881559E-11   
  2145.0       6.753108E-11   
  2150.0       7.7185876E-11  
  2155.0       8.1466084E-11  
  2160.0       8.324406E-11   
  2165.0       7.9781404E-11  
  2170.0       7.7627585E-11  
  2175.0       8.0613384E-11  
  2180.0       8.108371E-11   
  2185.0       9.7979985E-11  
  2190.0       1.110973E-10   
  2195.0       1.15346496E-10 
  2200.0       1.1523921E-10  
  2205.0       1.1312186E-10  
  2210.0       1.0545362E-10  
  2215.0       8.983553E-11   
  2220.0       8.097065E-11   
  2225.0       8.6345896E-11  
  2230.0       9.734254E-11   
  2235.0       1.07476944E-10 
  2240.0       1.0777704E-10  
  2245.0       9.461894E-11   
  2250.0       9.1582665E-11  
  2255.0       9.5640836E-11  
  2260.0       9.9554746E-11  
  2265.0       9.250752E-11   
  2270.0       8.6698974E-11  
  2275.0       9.301233E-11   
  2280.0       1.01367956E-10 
  2285.0       1.09579706E-10 
  2290.0       1.1351873E-10  
  2295.0       1.0347138E-10  
  2300.0       9.434126E-11   
  2305.0       9.7834074E-11  
  2310.0       1.022674E-10   
  2315.0       1.053696E-10   
  2320.0       1.1153037E-10  
  2325.0       1.07132206E-10 
  2330.0       9.451707E-11   
  2335.0       7.304941E-11   
  2340.0       5.6263574E-11  
  2345.0       5.4115285E-11  
  2350.0       6.0605077E-11  
  2355.0       6.60898E-11    
  2360.0       6.479511E-11   
  2365.0       6.390712E-11   
  2370.0       6.842233E-11   
  2375.0       6.797445E-11   
  2380.0       6.305387E-11   
  2385.0       5.086358E-11   
  2390.0       4.5230045E-11  
  2395.0       4.705093E-11   
  2400.0       4.7213084E-11  
  2405.0       4.3033643E-11  
  2410.0       4.6210896E-11  
  2415.0       6.3442515E-11  
  2420.0       9.448135E-11   
  2425.0       1.2364273E-10  
  2430.0       1.2840898E-10  
  2435.0       1.2939531E-10  
  2440.0       1.3723242E-10  
  2445.0       1.3945198E-10  
  2450.0       1.3680604E-10  
  2455.0       1.3778917E-10  
  2460.0       1.3463308E-10  
  2465.0       1.207359E-10   
  2470.0       1.1106627E-10  
  2475.0       1.1186709E-10  
  2480.0       1.1231596E-10  
  2485.0       1.1270624E-10  
  2490.0       1.11706096E-10 
  2495.0       1.2324382E-10  
  2500.0       1.4552254E-10  
  2505.0       1.4920175E-10  
  2510.0       1.3999477E-10  
  2515.0       1.2775793E-10  
  2520.0       1.0938447E-10  
  2525.0       9.952539E-11   
  2530.0       9.582546E-11   
  2535.0       9.709741E-11   
  2540.0       1.0076035E-10  
  2545.0       1.0269234E-10  
  2550.0       1.1177071E-10  
  2555.0       1.2883955E-10  
  2560.0       1.388202E-10   
  2565.0       1.4853833E-10  
  2570.0       1.6151738E-10  
  2575.0       1.5163604E-10  
  2580.0       1.2889671E-10  
  2585.0       1.2824791E-10  
  2590.0       1.3504767E-10  
  2595.0       1.3043432E-10  
  2600.0       1.07524836E-10 
  2605.0       1.0152968E-10  
  2610.0       9.893297E-11   
  2615.0       1.02614056E-10 
  2620.0       1.1204365E-10  
  2625.0       1.14386674E-10 
  2630.0       1.2520425E-10  
  2635.0       1.9428248E-10  
  2640.0       2.9368513E-10  
  2645.0       3.4570494E-10  
  2650.0       3.5928474E-10  
  2655.0       3.6899073E-10  
  2660.0       3.5409914E-10  
  2665.0       3.1496114E-10  
  2670.0       3.0585154E-10  
  2675.0       3.1472963E-10  
  2680.0       3.0652872E-10  
  2685.0       2.903008E-10   
  2690.0       2.6693694E-10  
  2695.0       2.5739874E-10  
  2700.0       2.750701E-10   
  2705.0       2.9238204E-10  
  2710.0       2.774698E-10   
  2715.0       2.4997734E-10  
  2720.0       2.401242E-10   
  2725.0       2.4203436E-10  
  2730.0       2.5557156E-10  
  2735.0       2.4854777E-10  
  2740.0       2.0090381E-10  
  2745.0       1.5794052E-10  
  2750.0       1.5024212E-10  
  2755.0       1.7054526E-10  
  2760.0       2.020648E-10   
  2765.0       2.2713421E-10  
  2770.0       2.415803E-10   
  2775.0       2.3943916E-10  
  2780.0       2.1396425E-10  
  2785.0       1.75099E-10    
  2790.0       1.2819923E-10  
  2795.0       8.030313E-11   
  2800.0       6.516977E-11   
  2805.0       9.336952E-11   
  2810.0       1.5479185E-10  
  2815.0       2.3343438E-10  
  2820.0       3.1253833E-10  
  2825.0       3.6510892E-10  
  2830.0       3.8756262E-10  
  2835.0       3.801677E-10   
  2840.0       3.5169406E-10  
  2845.0       3.2254135E-10  
  2850.0       2.9472333E-10  
  2855.0       3.1641362E-10  
  2860.0       3.8910505E-10  
  2865.0       4.188029E-10   
  2870.0       4.0798728E-10  
  2875.0       3.937165E-10   
  2880.0       3.978379E-10   
  2885.0       4.364406E-10   
  2890.0       4.46568E-10    
  2895.0       4.837611E-10   
  2900.0       5.684042E-10   
  2905.0       6.0802746E-10  
  2910.0       6.0770017E-10  
  2915.0       5.996217E-10   
  2920.0       5.685467E-10   
  2925.0       5.0084453E-10  
  2930.0       5.0117727E-10  
  2935.0       5.671435E-10   
  2940.0       5.9757693E-10  
  2945.0       5.858323E-10   
  2950.0       5.7940275E-10  
  2955.0       6.232025E-10   
  2960.0       6.560399E-10   
  2965.0       6.195963E-10   
  2970.0       6.1074307E-10  
  2975.0       6.4499095E-10  
  2980.0       6.066918E-10   
  2985.0       5.723994E-10   
  2990.0       6.2897565E-10  
  2995.0       6.895899E-10   
  3000.0       6.7465705E-10  
  3005.0       6.74726E-10    
  3010.0       7.16494E-10    
  3015.0       7.0393147E-10  
  3020.0       6.9906964E-10  
  3025.0       7.17435E-10    
  3030.0       7.003523E-10   
  3035.0       6.7531436E-10  
  3040.0       6.728422E-10   
  3045.0       7.156971E-10   
  3050.0       7.63253E-10    
  3055.0       7.18669E-10    
  3060.0       6.251687E-10   
  3065.0       6.4733985E-10  
  3070.0       6.944076E-10   
  3075.0       7.229124E-10   
  3080.0       7.5750084E-10  
  3085.0       7.9369883E-10  
  3090.0       7.7520096E-10  
  3095.0       6.966147E-10   
  3100.0       6.764164E-10   
  3105.0       7.37964E-10    
  3110.0       8.0011026E-10  
  3115.0       7.844097E-10   
  3120.0       7.2410067E-10  
  3125.0       7.299905E-10   
  3130.0       7.5375617E-10  
  3135.0       7.954094E-10   
  3140.0       8.383448E-10   
  3145.0       8.033532E-10   
  3150.0       8.1563606E-10  
  3155.0       7.87907E-10    
  3160.0       7.168024E-10   
  3165.0       7.2124196E-10  
  3170.0       8.2234264E-10  
  3175.0       8.6683566E-10  
  3180.0       7.567134E-10   
  3185.0       7.0746253E-10  
  3190.0       7.193691E-10   
  3195.0       7.3446366E-10  
  3200.0       7.843918E-10   
  3205.0       7.427367E-10   
  3210.0       7.15961E-10    
  3215.0       7.2406187E-10  
  3220.0       6.9809847E-10  
  3225.0       6.008851E-10   
  3230.0       5.4388777E-10  
  3235.0       6.16425E-10    
  3240.0       7.0522205E-10  
  3245.0       6.995199E-10   
  3250.0       6.955452E-10   
  3255.0       7.9234774E-10  
  3260.0       8.881526E-10   
  3265.0       8.641144E-10   
  3270.0       7.631886E-10   
  3275.0       6.8143136E-10  
  3280.0       6.8438244E-10  
  3285.0       7.8608553E-10  
  3290.0       9.023133E-10   
  3295.0       9.462806E-10   
  3300.0       9.211475E-10   
  3305.0       8.6526314E-10  
  3310.0       8.1731427E-10  
  3315.0       8.0565427E-10  
  3320.0       8.326424E-10   
  3325.0       8.7744584E-10  
  3330.0       8.8650304E-10  
  3335.0       8.317672E-10   
  3340.0       7.813904E-10   
  3345.0       7.982374E-10   
  3350.0       8.362246E-10   
  3355.0       8.3264484E-10  
  3360.0       7.9303647E-10  
  3365.0       7.546753E-10   
  3370.0       7.642431E-10   
  3375.0       8.362306E-10   
  3380.0       8.9682883E-10  
  3385.0       8.8808E-10     
  3390.0       8.7786445E-10  
  3395.0       9.3070074E-10  
  3400.0       9.77767E-10    
  3405.0       9.454079E-10   
  3410.0       8.834294E-10   
  3415.0       8.7317226E-10  
  3420.0       9.475095E-10   
  3425.0       1.0729224E-9   
  3430.0       1.1017982E-9   
  3435.0       9.547401E-10   
  3440.0       8.3419094E-10  
  3445.0       9.144471E-10   
  3450.0       1.0206954E-9   
  3455.0       9.652342E-10   
  3460.0       8.7543683E-10  
  3465.0       9.050226E-10   
  3470.0       9.578947E-10   
  3475.0       9.149212E-10   
  3480.0       8.514347E-10   
  3485.0       8.642651E-10   
  3490.0       9.073168E-10   
  3495.0       9.1187063E-10  
  3500.0       8.9749075E-10  
  3505.0       9.2967745E-10  
  3510.0       1.1118089E-9   
  3515.0       1.1875732E-9   
  3520.0       1.2183087E-9   
  3525.0       1.2169621E-9   
  3530.0       1.2348984E-9   
  3535.0       1.3135492E-9   
  3540.0       1.3796758E-9   
  3545.0       1.3759708E-9   
  3550.0       1.354322E-9    
  3555.0       1.361233E-9    
  3560.0       1.3513104E-9   
  3565.0       1.243378E-9    
  3570.0       1.1549239E-9   
  3575.0       1.1586236E-9   
  3580.0       1.1726867E-9   
  3585.0       1.1130854E-9   
  3590.0       1.1151459E-9   
  3595.0       1.2329892E-9   
  3600.0       1.2961553E-9   
  3605.0       1.2267015E-9   
  3610.0       1.1660686E-9   
  3615.0       1.2140082E-9   
  3620.0       1.2836595E-9   
  3625.0       1.3206641E-9   
  3630.0       1.3056295E-9   
  3635.0       1.2950919E-9   
  3640.0       1.3507603E-9   
  3645.0       1.35208E-9     
  3650.0       1.3620108E-9   
  3655.0       1.4739111E-9   
  3660.0       1.5776617E-9   
  3665.0       1.5864764E-9   
  3670.0       1.5769887E-9   
  3675.0       1.588238E-9    
  3680.0       1.6086225E-9   
  3685.0       1.6796018E-9   
  3690.0       1.796693E-9    
  3695.0       1.9312045E-9   
  3700.0       1.9708801E-9   
  3705.0       1.8512016E-9   
  3710.0       1.7985646E-9   
  3715.0       1.9647814E-9   
  3720.0       2.0641275E-9   
  3725.0       2.057354E-9    
  3730.0       2.020713E-9    
  3735.0       1.9440114E-9   
  3740.0       2.0257727E-9   
  3745.0       1.908726E-9    
  3750.0       1.7982579E-9   
  3755.0       1.9631148E-9   
  3760.0       2.0049022E-9   
  3765.0       2.0512463E-9   
  3770.0       2.142794E-9    
  3775.0       2.500594E-9    
  3780.0       2.8462699E-9   
  3785.0       2.7542248E-9   
  3790.0       2.4751632E-9   
  3795.0       2.2913136E-9   
  3800.0       2.4560105E-9   
  3805.0       2.8141616E-9   
  3810.0       2.9490022E-9   
  3815.0       2.7810172E-9   
  3820.0       2.59447E-9     
  3825.0       2.3376496E-9   
  3830.0       2.076674E-9    
  3835.0       1.97715E-9     
  3840.0       2.2514581E-9   
  3845.0       2.5940416E-9   
  3850.0       2.7932059E-9   
  3855.0       2.8932459E-9   
  3860.0       3.0070335E-9   
  3865.0       3.1529643E-9   
  3870.0       3.1767253E-9   
  3875.0       3.0994394E-9   
  3880.0       2.890978E-9    
  3885.0       2.484735E-9    
  3890.0       2.3171411E-9   
  3895.0       2.4671045E-9   
  3900.0       2.6648848E-9   
  3905.0       2.7908453E-9   
  3910.0       2.8136624E-9   
  3915.0       2.633974E-9    
  3920.0       2.3335474E-9   
  3925.0       1.7850291E-9   
  3930.0       1.153509E-9    
  3935.0       1.078991E-9    
  3940.0       1.56918E-9     
  3945.0       2.0989583E-9   
  3950.0       2.4344309E-9   
  3955.0       2.52008E-9     
  3960.0       2.141627E-9    
  3965.0       1.4235069E-9   
  3970.0       1.2274942E-9   
  3975.0       1.8939914E-9   
  3980.0       2.6700857E-9   
  3985.0       3.0756926E-9   
  3990.0       3.2169598E-9   
  3995.0       3.1839664E-9   
  4000.0       3.1829575E-9   
  4005.0       3.311558E-9    
  4010.0       3.4919239E-9   
  4015.0       3.6524248E-9   
  4020.0       3.6595798E-9   
  4025.0       3.4888652E-9   
  4030.0       3.3718768E-9   
  4035.0       3.4975154E-9   
  4040.0       3.6592676E-9   
  4045.0       3.5917256E-9   
  4050.0       3.5122432E-9   
  4055.0       3.5270322E-9   
  4060.0       3.599097E-9    
  4065.0       3.5807657E-9   
  4070.0       3.4785994E-9   
  4075.0       3.3094514E-9   
  4080.0       3.3250929E-9   
  4085.0       3.5940813E-9   
  4090.0       3.7735E-9      
  4095.0       3.517796E-9    
  4100.0       3.1234288E-9   
  4105.0       3.2260128E-9   
  4110.0       3.5628882E-9   
  4115.0       3.717205E-9    
  4120.0       3.580966E-9    
  4125.0       3.3464267E-9   
  4130.0       3.2793932E-9   
  4135.0       3.5804746E-9   
  4140.0       3.8449635E-9   
  4145.0       3.80162E-9     
  4150.0       3.6584955E-9   
  4155.0       3.59848E-9     
  4160.0       3.678575E-9    
  4165.0       3.751402E-9    
  4170.0       3.573835E-9    
  4175.0       3.2793603E-9   
  4180.0       3.233362E-9    
  4185.0       3.4271228E-9   
  4190.0       3.6518157E-9   
  4195.0       3.6542565E-9   
  4200.0       3.5119E-9      
  4205.0       3.5159E-9      
  4210.0       3.6568946E-9   
  4215.0       3.7390877E-9   
  4220.0       3.727048E-9    
  4225.0       3.5781518E-9   
  4230.0       3.5437433E-9   
  4235.0       3.5538272E-9   
  4240.0       3.5893797E-9   
  4245.0       3.5311323E-9   
  4250.0       3.4947971E-9   
  4255.0       3.5967136E-9   
  4260.0       3.7175276E-9   
  4265.0       3.8180996E-9   
  4270.0       3.736691E-9    
  4275.0       3.7114243E-9   
  4280.0       3.7302077E-9   
  4285.0       3.5537902E-9   
  4290.0       3.3076801E-9   
  4295.0       3.1001757E-9   
  4300.0       2.926701E-9    
  4305.0       3.0354619E-9   
  4310.0       3.2697036E-9   
  4315.0       3.484712E-9    
  4320.0       3.6983845E-9   
  4325.0       3.78443E-9     
  4330.0       3.7168775E-9   
  4335.0       3.2658682E-9   
  4340.0       2.8568108E-9   
  4345.0       3.1538527E-9   
  4350.0       3.625434E-9    
  4355.0       3.9596513E-9   
  4360.0       4.122786E-9    
  4365.0       4.0958974E-9   
  4370.0       3.936023E-9    
  4375.0       3.8725005E-9   
  4380.0       3.82323E-9     
  4385.0       3.6511825E-9   
  4390.0       3.5610201E-9   
  4395.0       3.446531E-9    
  4400.0       3.4579035E-9   
  4405.0       3.5992838E-9   
  4410.0       3.6152077E-9   
  4415.0       3.4342529E-9   
  4420.0       3.3992849E-9   
  4425.0       3.5839867E-9   
  4430.0       3.7505856E-9   
  4435.0       3.8276093E-9   
  4440.0       3.7956087E-9   
  4445.0       3.7245411E-9   
  4450.0       3.748447E-9    
  4455.0       3.682245E-9    
  4460.0       3.598977E-9    
  4465.0       3.5527625E-9   
  4470.0       3.6524033E-9   
  4475.0       3.939322E-9    
  4480.0       4.040745E-9    
  4485.0       3.9673065E-9   
  4490.0       3.8254555E-9   
  4495.0       3.8679806E-9   
  4500.0       4.064387E-9    
  4505.0       4.287022E-9    
  4510.0       4.354882E-9    
  4515.0       4.133462E-9    
  4520.0       3.8376937E-9   
  4525.0       3.6595984E-9   
  4530.0       3.6372065E-9   
  4535.0       3.8067953E-9   
  4540.0       3.9506443E-9   
  4545.0       3.885922E-9    
  4550.0       3.7096342E-9   
  4555.0       3.655577E-9    
  4560.0       3.7473202E-9   
  4565.0       3.872509E-9    
  4570.0       3.956571E-9    
  4575.0       3.9099897E-9   
  4580.0       3.7768495E-9   
  4585.0       3.7228844E-9   
  4590.0       3.7866554E-9   
  4595.0       3.933664E-9    
  4600.0       4.1223154E-9   
  4605.0       4.3064E-9      
  4610.0       4.36946E-9     
  4615.0       4.237386E-9    
  4620.0       4.147374E-9    
  4625.0       4.1678083E-9   
  4630.0       4.1964965E-9   
  4635.0       4.2590433E-9   
  4640.0       4.313362E-9    
  4645.0       4.270905E-9    
  4650.0       4.2527035E-9   
  4655.0       4.2479855E-9   
  4660.0       4.175237E-9    
  4665.0       3.958884E-9    
  4670.0       3.9223735E-9   
  4675.0       4.1421986E-9   
  4680.0       4.353757E-9    
  4685.0       4.468685E-9    
  4690.0       4.458415E-9    
  4695.0       4.3872186E-9   
  4700.0       4.2565964E-9   
  4705.0       4.158974E-9    
  4710.0       4.138456E-9    
  4715.0       4.228944E-9    
  4720.0       4.311587E-9    
  4725.0       4.2786477E-9   
  4730.0       4.1858983E-9   
  4735.0       4.2006656E-9   
  4740.0       4.274338E-9    
  4745.0       4.378421E-9    
  4750.0       4.4045105E-9   
  4755.0       4.2634394E-9   
  4760.0       4.1111763E-9   
  4765.0       4.0689367E-9   
  4770.0       4.1765227E-9   
  4775.0       4.2690327E-9   
  4780.0       4.2929456E-9   
  4785.0       4.2810533E-9   
  4790.0       4.275756E-9    
  4795.0       4.2961084E-9   
  4800.0       4.261294E-9    
  4805.0       4.170589E-9    
  4810.0       4.1617305E-9   
  4815.0       4.2803374E-9   
  4820.0       4.3134882E-9   
  4825.0       4.222888E-9    
  4830.0       4.1630677E-9   
  4835.0       4.165204E-9    
  4840.0       4.1940447E-9   
  4845.0       4.1269153E-9   
  4850.0       3.8605066E-9   
  4855.0       3.3228564E-9   
  4860.0       2.8930056E-9   
  4865.0       3.0570486E-9   
  4870.0       3.4547045E-9   
  4875.0       3.6757268E-9   
  4880.0       3.7731165E-9   
  4885.0       3.7356083E-9   
  4890.0       3.7423993E-9   
  4895.0       3.9035917E-9   
  4900.0       4.0480352E-9   
  4905.0       4.0821155E-9   
  4910.0       4.0056727E-9   
  4915.0       3.8720587E-9   
  4920.0       3.7226926E-9   
  4925.0       3.8130397E-9   
  4930.0       3.980062E-9    
  4935.0       3.9596633E-9   
  4940.0       4.0027657E-9   
  4945.0       4.1669943E-9   
  4950.0       4.2435953E-9   
  4955.0       4.165081E-9    
  4960.0       4.107232E-9    
  4965.0       4.1278976E-9   
  4970.0       4.1397774E-9   
  4975.0       4.1051664E-9   
  4980.0       3.941568E-9    
  4985.0       3.848934E-9    
  4990.0       3.8691734E-9   
  4995.0       3.883261E-9    
  5000.0       3.832376E-9    
  5005.0       3.7568557E-9   
  5010.0       3.6588286E-9   
  5015.0       3.5104062E-9   
  5020.0       3.5625676E-9   
  5025.0       3.7847934E-9   
  5030.0       3.9154515E-9   
  5035.0       3.8668753E-9   
  5040.0       3.767259E-9    
  5045.0       3.8725223E-9   
  5050.0       4.014666E-9    
  5055.0       4.1829313E-9   
  5060.0       4.2472745E-9   
  5065.0       4.1149426E-9   
  5070.0       3.9562327E-9   
  5075.0       3.850804E-9    
  5080.0       3.823882E-9    
  5085.0       3.9298205E-9   
  5090.0       4.0319104E-9   
  5095.0       3.978049E-9    
  5100.0       3.8877555E-9   
  5105.0       3.9199715E-9   
  5110.0       3.9635037E-9   
  5115.0       3.9974393E-9   
  5120.0       3.8988244E-9   
  5125.0       3.7199477E-9   
  5130.0       3.6241679E-9   
  5135.0       3.6862038E-9   
  5140.0       3.773092E-9    
  5145.0       3.783739E-9    
  5150.0       3.785375E-9    
  5155.0       3.8391708E-9   
  5160.0       3.7859467E-9   
  5165.0       3.4428638E-9   
  5170.0       3.2767542E-9   
  5175.0       3.6081076E-9   
  5180.0       3.8241943E-9   
  5185.0       3.6385626E-9   
  5190.0       3.4339205E-9   
  5195.0       3.420344E-9    
  5200.0       3.506753E-9    
  5205.0       3.5154621E-9   
  5210.0       3.5925487E-9   
  5215.0       3.7533052E-9   
  5220.0       3.8378256E-9   
  5225.0       3.692039E-9    
  5230.0       3.5269678E-9   
  5235.0       3.5137888E-9   
  5240.0       3.643859E-9    
  5245.0       3.758172E-9    
  5250.0       3.7805106E-9   
  5255.0       3.7601025E-9   
  5260.0       3.6164511E-9   
  5265.0       3.337869E-9    
  5270.0       3.205945E-9    
  5275.0       3.2783771E-9   
  5280.0       3.497568E-9    
  5285.0       3.759016E-9    
  5290.0       3.950017E-9    
  5295.0       3.9150256E-9   
  5300.0       3.8191255E-9   
  5305.0       3.7977035E-9   
  5310.0       3.7793284E-9   
  5315.0       3.7026249E-9   
  5320.0       3.643872E-9    
  5325.0       3.5712604E-9   
  5330.0       3.53443E-9     
  5335.0       3.523436E-9    
  5340.0       3.5453152E-9   
  5345.0       3.6637768E-9   
  5350.0       3.788567E-9    
  5355.0       3.8907864E-9   
  5360.0       3.8557157E-9   
  5365.0       3.6756225E-9   
  5370.0       3.5847278E-9   
  5375.0       3.6719372E-9   
  5380.0       3.765756E-9    
  5385.0       3.8294856E-9   
  5390.0       3.8343444E-9   
  5395.0       3.7205674E-9   
  5400.0       3.575187E-9    
  5405.0       3.4617236E-9   
  5410.0       3.4511511E-9   
  5415.0       3.5280123E-9   
  5420.0       3.5824241E-9   
  5425.0       3.5772854E-9   
  5430.0       3.595647E-9    
  5435.0       3.6870818E-9   
  5440.0       3.7986276E-9   
  5445.0       3.7814463E-9   
  5450.0       3.7425174E-9   
  5455.0       3.7435335E-9   
  5460.0       3.783949E-9    
  5465.0       3.818397E-9    
  5470.0       3.796663E-9    
  5475.0       3.638501E-9    
  5480.0       3.5588037E-9   
  5485.0       3.6630543E-9   
  5490.0       3.7536965E-9   
  5495.0       3.745786E-9    
  5500.0       3.6538477E-9   
  5505.0       3.579748E-9    
  5510.0       3.59982E-9     
  5515.0       3.726492E-9    
  5520.0       3.7756354E-9   
  5525.0       3.6288321E-9   
  5530.0       3.5172634E-9   
  5535.0       3.5908878E-9   
  5540.0       3.7127914E-9   
  5545.0       3.727416E-9    
  5550.0       3.726551E-9    
  5555.0       3.7750314E-9   
  5560.0       3.786128E-9    
  5565.0       3.6989438E-9   
  5570.0       3.6364713E-9   
  5575.0       3.6609187E-9   
  5580.0       3.6882581E-9   
  5585.0       3.6082952E-9   
  5590.0       3.5093135E-9   
  5595.0       3.5128553E-9   
  5600.0       3.5873384E-9   
  5605.0       3.7058658E-9   
  5610.0       3.769021E-9    
  5615.0       3.6879393E-9   
  5620.0       3.6402792E-9   
  5625.0       3.656068E-9    
  5630.0       3.6748622E-9   
  5635.0       3.635686E-9    
  5640.0       3.6095027E-9   
  5645.0       3.7016963E-9   
  5650.0       3.7057502E-9   
  5655.0       3.515679E-9    
  5660.0       3.3493717E-9   
  5665.0       3.3909626E-9   
  5670.0       3.5116716E-9   
  5675.0       3.6222467E-9   
  5680.0       3.618599E-9    
  5685.0       3.5656116E-9   
  5690.0       3.5602772E-9   
  5695.0       3.6073537E-9   
  5700.0       3.612188E-9    
  5705.0       3.5299064E-9   
  5710.0       3.4933119E-9   
  5715.0       3.5928471E-9   
  5720.0       3.6903727E-9   
  5725.0       3.6862253E-9   
  5730.0       3.6453558E-9   
  5735.0       3.652127E-9    
  5740.0       3.6679155E-9   
  5745.0       3.6517567E-9   
  5750.0       3.6058867E-9   
  5755.0       3.5971073E-9   
  5760.0       3.624652E-9    
  5765.0       3.6421401E-9   
  5770.0       3.6332133E-9   
  5775.0       3.579759E-9    
  5780.0       3.5061904E-9   
  5785.0       3.5035739E-9   
  5790.0       3.5165648E-9   
  5795.0       3.5190708E-9   
  5800.0       3.5475192E-9   
  5805.0       3.5451815E-9   
  5810.0       3.522895E-9    
  5815.0       3.5346337E-9   
  5820.0       3.5520953E-9   
  5825.0       3.564303E-9    
  5830.0       3.5695011E-9   
  5835.0       3.5650203E-9   
  5840.0       3.5739585E-9   
  5845.0       3.5601553E-9   
  5850.0       3.4833552E-9   
  5855.0       3.3852927E-9   
  5860.0       3.384836E-9    
  5865.0       3.4622794E-9   
  5870.0       3.5234466E-9   
  5875.0       3.546091E-9    
  5880.0       3.5085392E-9   
  5885.0       3.3230303E-9   
  5890.0       3.080371E-9    
  5895.0       3.026507E-9    
  5900.0       3.1795953E-9   
  5905.0       3.3683907E-9   
  5910.0       3.4577037E-9   
  5915.0       3.4652277E-9   
  5920.0       3.4453613E-9   
  5925.0       3.418973E-9    
  5930.0       3.4071592E-9   
  5935.0       3.4193037E-9   
  5940.0       3.4139178E-9   
  5945.0       3.3788186E-9   
  5950.0       3.3459062E-9   
  5955.0       3.3590766E-9   
  5960.0       3.4113476E-9   
  5965.0       3.4299918E-9   
  5970.0       3.4341867E-9   
  5975.0       3.409961E-9    
  5980.0       3.3609906E-9   
  5985.0       3.298866E-9    
  5990.0       3.2712966E-9   
  5995.0       3.3128797E-9   
  6000.0       3.3339496E-9   
  6005.0       3.319175E-9    
  6010.0       3.2933427E-9   
  6015.0       3.2512486E-9   
  6020.0       3.2231453E-9   
  6025.0       3.2226661E-9   
  6030.0       3.243653E-9    
  6035.0       3.2813237E-9   
  6040.0       3.2834577E-9   
  6045.0       3.2676506E-9   
  6050.0       3.270308E-9    
  6055.0       3.2632066E-9   
  6060.0       3.2622567E-9   
  6065.0       3.260033E-9    
  6070.0       3.2589336E-9   
  6075.0       3.2497645E-9   
  6080.0       3.2157355E-9   
  6085.0       3.1875431E-9   
  6090.0       3.1895973E-9   
  6095.0       3.1983474E-9   
  6100.0       3.1931628E-9   
  6105.0       3.1831207E-9   
  6110.0       3.2011538E-9   
  6115.0       3.197227E-9    
  6120.0       3.1734635E-9   
  6125.0       3.1610263E-9   
  6130.0       3.1445413E-9   
  6135.0       3.067726E-9    
  6140.0       2.9520688E-9   
  6145.0       2.9387206E-9   
  6150.0       2.9801699E-9   
  6155.0       3.0169072E-9   
  6160.0       3.0225953E-9   
  6165.0       3.0281093E-9   
  6170.0       3.062107E-9    
  6175.0       3.1000873E-9   
  6180.0       3.1314238E-9   
  6185.0       3.1498644E-9   
  6190.0       3.15262E-9     
  6195.0       3.1473097E-9   
  6200.0       3.1761251E-9   
  6205.0       3.2006442E-9   
  6210.0       3.2053051E-9   
  6215.0       3.1770744E-9   
  6220.0       3.1399947E-9   
  6225.0       3.1166305E-9   
  6230.0       3.0758984E-9   
  6235.0       3.0165666E-9   
  6240.0       2.9609721E-9   
  6245.0       2.8853377E-9   
  6250.0       2.8695866E-9   
  6255.0       2.9601652E-9   
  6260.0       3.0655967E-9   
  6265.0       3.1134793E-9   
  6270.0       3.092264E-9    
  6275.0       3.040738E-9    
  6280.0       2.9721994E-9   
  6285.0       3.0091398E-9   
  6290.0       3.0895035E-9   
  6295.0       3.0697618E-9   
  6300.0       3.0108362E-9   
  6305.0       2.9951432E-9   
  6310.0       3.0142528E-9   
  6315.0       2.984067E-9    
  6320.0       2.9516443E-9   
  6325.0       3.0047316E-9   
  6330.0       3.079209E-9    
  6335.0       3.0616714E-9   
  6340.0       3.0076677E-9   
  6345.0       2.9770326E-9   
  6350.0       2.981796E-9    
  6355.0       3.038568E-9    
  6360.0       3.0473495E-9   
  6365.0       3.0048672E-9   
  6370.0       2.9550957E-9   
  6375.0       2.969449E-9    
  6380.0       3.0310796E-9   
  6385.0       3.0362506E-9   
  6390.0       3.0216887E-9   
  6395.0       3.0025002E-9   
  6400.0       2.989561E-9    
  6405.0       2.9771132E-9   
  6410.0       2.9570402E-9   
  6415.0       2.9146072E-9   
  6420.0       2.8900022E-9   
  6425.0       2.9262333E-9   
  6430.0       2.9354104E-9   
  6435.0       2.9016418E-9   
  6440.0       2.9013585E-9   
  6445.0       2.928996E-9    
  6450.0       2.918649E-9    
  6455.0       2.8419984E-9   
  6460.0       2.7836449E-9   
  6465.0       2.8308509E-9   
  6470.0       2.8970102E-9   
  6475.0       2.9120948E-9   
  6480.0       2.8946068E-9   
  6485.0       2.8535956E-9   
  6490.0       2.7818996E-9   
  6495.0       2.6583784E-9   
  6500.0       2.6533828E-9   
  6505.0       2.8219567E-9   
  6510.0       2.9185458E-9   
  6515.0       2.8745468E-9   
  6520.0       2.8199667E-9   
  6525.0       2.8561689E-9   
  6530.0       2.8874299E-9   
  6535.0       2.8886333E-9   
  6540.0       2.8733147E-9   
  6545.0       2.8423108E-9   
  6550.0       2.7565126E-9   
  6555.0       2.5837752E-9   
  6560.0       2.3356512E-9   
  6565.0       2.2401394E-9   
  6570.0       2.4517668E-9   
  6575.0       2.6891473E-9   
  6580.0       2.7922626E-9   
  6585.0       2.7995761E-9   
  6590.0       2.7785974E-9   
  6595.0       2.7780716E-9   
  6600.0       2.799548E-9    
  6605.0       2.7810472E-9   
  6610.0       2.7589038E-9   
  6615.0       2.8009457E-9   
  6620.0       2.838776E-9    
  6625.0       2.8493996E-9   
  6630.0       2.8176463E-9   
  6635.0       2.7888134E-9   
  6640.0       2.7802505E-9   
  6645.0       2.7819158E-9   
  6650.0       2.7828595E-9   
  6655.0       2.7782427E-9   
  6660.0       2.7715115E-9   
  6665.0       2.7652562E-9   
  6670.0       2.7561702E-9   
  6675.0       2.7290703E-9   
  6680.0       2.701173E-9    
  6685.0       2.727311E-9    
  6690.0       2.7765896E-9   
  6695.0       2.7890976E-9   
  6700.0       2.7801128E-9   
  6705.0       2.7725415E-9   
  6710.0       2.7564075E-9   
  6715.0       2.723735E-9    
  6720.0       2.70259E-9     
  6725.0       2.7149785E-9   
  6730.0       2.7342952E-9   
  6735.0       2.7353642E-9   
  6740.0       2.7171831E-9   
  6745.0       2.6958358E-9   
  6750.0       2.6783487E-9   
  6755.0       2.6794968E-9   
  6760.0       2.694691E-9    
  6765.0       2.7049536E-9   
  6770.0       2.6923146E-9   
  6775.0       2.686578E-9    
  6780.0       2.6891733E-9   
  6785.0       2.6862423E-9   
  6790.0       2.6779714E-9   
  6795.0       2.67821E-9     
  6800.0       2.6687101E-9   
  6805.0       2.6723144E-9   
  6810.0       2.6754763E-9   
  6815.0       2.6835019E-9   
  6820.0       2.6800633E-9   
  6825.0       2.649484E-9    
  6830.0       2.621034E-9    
  6835.0       2.6068614E-9   
  6840.0       2.6071088E-9   
  6845.0       2.6086828E-9   
  6850.0       2.608283E-9    
  6855.0       2.6078582E-9   
  6860.0       2.6078393E-9   
  6865.0       2.607388E-9    
  6870.0       2.60703E-9     
  6875.0       2.6060474E-9   
  6880.0       2.6050557E-9   
  6885.0       2.6046325E-9   
  6890.0       2.6041693E-9   
  6895.0       2.6028668E-9   
  6900.0       2.6009144E-9   
  6905.0       2.5987927E-9   
  6910.0       2.5968E-9      
  6915.0       2.5952027E-9   
  6920.0       2.5944211E-9   
  6925.0       2.5936775E-9   
  6930.0       2.5926823E-9   
  6935.0       2.5921754E-9   
  6940.0       2.5926439E-9   
  6945.0       2.594012E-9    
  6950.0       2.5946176E-9   
  6955.0       2.5941111E-9   
  6960.0       2.5956162E-9   
  6965.0       2.598584E-9    
  6970.0       2.5949682E-9   
  6975.0       2.5790072E-9   
  6980.0       2.5482192E-9   
  6985.0       2.5429217E-9   
  6990.0       2.5351268E-9   
  6995.0       2.5076963E-9   
  7000.0       2.4704565E-9   
  7005.0       2.4631923E-9   
  7010.0       2.490643E-9    
  7015.0       2.50718E-9     
  7020.0       2.5041615E-9   
  7025.0       2.5188789E-9   
  7030.0       2.5378146E-9   
  7035.0       2.5434808E-9   
  7040.0       2.5385336E-9   
  7045.0       2.548413E-9    
  7050.0       2.5657951E-9   
  7055.0       2.5685765E-9   
  7060.0       2.5549833E-9   
  7065.0       2.5334936E-9   
  7070.0       2.5260722E-9   
  7075.0       2.5417515E-9   
  7080.0       2.5403617E-9   
  7085.0       2.5333557E-9   
  7090.0       2.5151707E-9   
  7095.0       2.506814E-9    
  7100.0       2.504915E-9    
  7105.0       2.5009335E-9   
  7110.0       2.473068E-9    
  7115.0       2.4337772E-9   
  7120.0       2.4245421E-9   
  7125.0       2.4484907E-9   
  7130.0       2.4831928E-9   
  7135.0       2.50643E-9     
  7140.0       2.5149083E-9   
  7145.0       2.4878757E-9   
  7150.0       2.4548434E-9   
  7155.0       2.480083E-9    
  7160.0       2.4776756E-9   
  7165.0       2.4264695E-9   
  7170.0       2.3740352E-9   
  7175.0       2.3433429E-9   
  7180.0       2.2979156E-9   
  7185.0       2.2269433E-9   
  7190.0       2.195177E-9    
  7195.0       2.2222164E-9   
  7200.0       2.2601498E-9   
  7205.0       2.2905673E-9   
  7210.0       2.332719E-9    
  7215.0       2.3763864E-9   
  7220.0       2.3683517E-9   
  7225.0       2.3480953E-9   
  7230.0       2.3415152E-9   
  7235.0       2.3441682E-9   
  7240.0       2.3339737E-9   
  7245.0       2.3169533E-9   
  7250.0       2.3132263E-9   
  7255.0       2.317825E-9    
  7260.0       2.3256272E-9   
  7265.0       2.328379E-9    
  7270.0       2.3290014E-9   
  7275.0       2.3106157E-9   
  7280.0       2.285098E-9    
  7285.0       2.256755E-9    
  7290.0       2.2224502E-9   
  7295.0       2.2396234E-9   
  7300.0       2.279032E-9    
  7305.0       2.247316E-9    
  7310.0       2.2137123E-9   
  7315.0       2.230029E-9    
  7320.0       2.2675557E-9   
  7325.0       2.2585487E-9   
  7330.0       2.267353E-9    
  7335.0       2.2956474E-9   
  7340.0       2.3237867E-9   
  7345.0       2.314983E-9    
  7350.0       2.2808804E-9   
  7355.0       2.2480442E-9   
  7360.0       2.2312143E-9   
  7365.0       2.2460744E-9   
  7370.0       2.2557283E-9   
  7375.0       2.2708448E-9   
  7380.0       2.2666482E-9   
  7385.0       2.2294906E-9   
  7390.0       2.1964428E-9   
  7395.0       2.2055326E-9   
  7400.0       2.2311177E-9   
  7405.0       2.2153444E-9   
  7410.0       2.169776E-9    
  7415.0       2.1534357E-9   
  7420.0       2.166516E-9    
  7425.0       2.1654065E-9   
  7430.0       2.1913316E-9   
  7435.0       2.2129407E-9   
  7440.0       2.2061801E-9   
  7445.0       2.1510358E-9   
  7450.0       2.1000985E-9   
  7455.0       2.1324351E-9   
  7460.0       2.1801352E-9   
  7465.0       2.1644178E-9   
  7470.0       2.1564237E-9   
  7475.0       2.160993E-9    
  7480.0       2.1556998E-9   
  7485.0       2.145473E-9    
  7490.0       2.1488924E-9   
  7495.0       2.1372921E-9   
  7500.0       2.1160367E-9   
  7505.0       2.1197157E-9   
  7510.0       2.0982092E-9   
  7515.0       2.0699138E-9   
  7520.0       2.0767015E-9   
  7525.0       2.098487E-9    
  7530.0       2.0996198E-9   
  7535.0       2.093202E-9    
  7540.0       2.1074031E-9   
  7545.0       2.1234365E-9   
  7550.0       2.1219722E-9   
  7555.0       2.1189501E-9   
  7560.0       2.114317E-9    
  7565.0       2.1093438E-9   
  7570.0       2.1050572E-9   
  7575.0       2.1002047E-9   
  7580.0       2.0944948E-9   
  7585.0       2.0894029E-9   
  7590.0       2.085507E-9    
  7595.0       2.0820359E-9   
  7600.0       2.0778703E-9   
  7605.0       2.0732134E-9   
  7610.0       2.0689404E-9   
  7615.0       2.0657394E-9   
  7620.0       2.0639654E-9   
  7625.0       2.0632027E-9   
  7630.0       2.062036E-9    
  7635.0       2.059421E-9    
  7640.0       2.0562163E-9   
  7645.0       2.0535038E-9   
  7650.0       2.0510913E-9   
  7655.0       2.0484392E-9   
  7660.0       2.0454616E-9   
  7665.0       2.0422684E-9   
  7670.0       2.0390214E-9   
  7675.0       2.0357476E-9   
  7680.0       2.0324848E-9   
  7685.0       2.0297168E-9   
  7690.0       2.0274638E-9   
  7695.0       2.0251159E-9   
  7700.0       2.0222028E-9   
  7705.0       2.0193025E-9   
  7710.0       2.0174757E-9   
  7715.0       2.019531E-9    
  7720.0       2.0220396E-9   
  7725.0       2.0208573E-9   
  7730.0       2.0206825E-9   
  7735.0       2.0261788E-9   
  7740.0       2.0247835E-9   
  7745.0       1.998979E-9    
  7750.0       1.9779787E-9   
  7755.0       1.993657E-9    
  7760.0       2.0211286E-9   
  7765.0       2.0089923E-9   
  7770.0       1.9379713E-9   
  7775.0       1.769181E-9    
  7780.0       1.7398489E-9   
  7785.0       1.8769242E-9   
  7790.0       1.9796378E-9   
  7795.0       1.9957915E-9   
  7800.0       1.9729944E-9   
  7805.0       1.9661899E-9   
  7810.0       1.9821929E-9   
  7815.0       1.9892437E-9   
  7820.0       1.9944735E-9   
  7825.0       1.994232E-9    
  7830.0       1.9839186E-9   
  7835.0       1.9550812E-9   
  7840.0       1.9431716E-9   
  7845.0       1.948346E-9    
  7850.0       1.9529036E-9   
  7855.0       1.9512953E-9   
  7860.0       1.955494E-9    
  7865.0       1.9587523E-9   
  7870.0       1.9569595E-9   
  7875.0       1.9440238E-9   
  7880.0       1.9270667E-9   
  7885.0       1.9288424E-9   
  7890.0       1.9472324E-9   
  7895.0       1.9331994E-9   
  7900.0       1.9056223E-9   
  7905.0       1.9241944E-9   
  7910.0       1.9500708E-9   
  7915.0       1.9409632E-9   
  7920.0       1.9217787E-9   
  7925.0       1.9112665E-9   
  7930.0       1.9061475E-9   
  7935.0       1.8944617E-9   
  7940.0       1.8814512E-9   
  7945.0       1.8678104E-9   
  7950.0       1.8543961E-9   
  7955.0       1.8775737E-9   
  7960.0       1.8993025E-9   
  7965.0       1.9119506E-9   
  7970.0       1.9137136E-9   
  7975.0       1.916045E-9    
  7980.0       1.9206778E-9   
  7985.0       1.9215203E-9   
  7990.0       1.911046E-9    
  7995.0       1.887853E-9    
  8000.0       1.86366E-9     
  8005.0       1.865026E-9    
  8010.0       1.8900808E-9   
  8015.0       1.9014423E-9   
  8020.0       1.8947612E-9   
  8025.0       1.876935E-9    
  8030.0       1.86496E-9     
  8035.0       1.8794006E-9   
  8040.0       1.8908977E-9   
  8045.0       1.8787472E-9   
  8050.0       1.8599244E-9   
  8055.0       1.8751567E-9   
  8060.0       1.892989E-9    
  8065.0       1.8969097E-9   
  8070.0       1.9028403E-9   
  8075.0       1.9075463E-9   
  8080.0       1.9097748E-9   
  8085.0       1.8963195E-9   
  8090.0       1.8821231E-9   
  8095.0       1.8833501E-9   
  8100.0       1.8864528E-9   
  8105.0       1.8965316E-9   
  8110.0       1.901468E-9    
  8115.0       1.902204E-9    
  8120.0       1.901917E-9    
  8125.0       1.8947104E-9   
  8130.0       1.8860324E-9   
  8135.0       1.863645E-9    
  8140.0       1.8532352E-9   
  8145.0       1.8336039E-9   
  8150.0       1.8121216E-9   
  8155.0       1.796946E-9    
  8160.0       1.7840256E-9   
  8165.0       1.7655554E-9   
  8170.0       1.7539719E-9   
  8175.0       1.7561396E-9   
  8180.0       1.7414142E-9   
  8185.0       1.7181686E-9   
  8190.0       1.6987425E-9   
  8195.0       1.6782928E-9   
  8200.0       1.6653554E-9   
  8205.0       1.7341096E-9   
  8210.0       1.8270714E-9   
  8215.0       1.8323778E-9   
  8220.0       1.7535073E-9   
  8225.0       1.6559539E-9   
  8230.0       1.6059908E-9   
  8235.0       1.6639397E-9   
  8240.0       1.7727515E-9   
  8245.0       1.7999457E-9   
  8250.0       1.7575673E-9   
  8255.0       1.7265857E-9   
  8260.0       1.74533E-9     
  8265.0       1.7938303E-9   
  8270.0       1.8196328E-9   
  8275.0       1.7804138E-9   
  8280.0       1.7330534E-9   
  8285.0       1.7342702E-9   
  8290.0       1.7495962E-9   
  8295.0       1.756555E-9    
  8300.0       1.7596127E-9   
  8305.0       1.7514181E-9   
  8310.0       1.7368905E-9   
  8315.0       1.7330803E-9   
  8320.0       1.7240062E-9   
  8325.0       1.7095397E-9   
  8330.0       1.6729825E-9   
  8335.0       1.6249485E-9   
  8340.0       1.6088659E-9   
  8345.0       1.6778094E-9   
  8350.0       1.7323751E-9   
  8355.0       1.7539336E-9   
  8360.0       1.7434363E-9   
  8365.0       1.7622336E-9   
  8370.0       1.7927878E-9   
  8375.0       1.7537521E-9   
  8380.0       1.7081344E-9   
  8385.0       1.7324465E-9   
  8390.0       1.7312202E-9   
  8395.0       1.7128051E-9   
  8400.0       1.7499749E-9   
  8405.0       1.797214E-9    
  8410.0       1.7940657E-9   
  8415.0       1.7313849E-9   
  8420.0       1.7093843E-9   
  8425.0       1.7763319E-9   
  8430.0       1.8073322E-9   
  8435.0       1.7517972E-9   
  8440.0       1.6393554E-9   
  8445.0       1.6038091E-9   
  8450.0       1.6424125E-9   
  8455.0       1.7458813E-9   
  8460.0       1.7916537E-9   
  8465.0       1.7110086E-9   
  8470.0       1.6008213E-9   
  8475.0       1.6381705E-9   
  8480.0       1.7469222E-9   
  8485.0       1.7988997E-9   
  8490.0       1.739979E-9    
  8495.0       1.5537521E-9   
  8500.0       1.3269901E-9   
  8505.0       1.333306E-9    
  8510.0       1.5111463E-9   
  8515.0       1.6152667E-9   
  8520.0       1.6445117E-9   
  8525.0       1.6636716E-9   
  8530.0       1.6250978E-9   
  8535.0       1.5110596E-9   
  8540.0       1.2822854E-9   
  8545.0       1.0188678E-9   
  8550.0       1.0295459E-9   
  8555.0       1.285225E-9    
  8560.0       1.5213618E-9   
  8565.0       1.6210833E-9   
  8570.0       1.6324678E-9   
  8575.0       1.6400746E-9   
  8580.0       1.6465085E-9   
  8585.0       1.6358523E-9   
  8590.0       1.5950378E-9   
  8595.0       1.5341676E-9   
  8600.0       1.4921505E-9   
  8605.0       1.516975E-9    
  8610.0       1.5905193E-9   
  8615.0       1.6186139E-9   
  8620.0       1.6328948E-9   
  8625.0       1.6507901E-9   
  8630.0       1.6488054E-9   
  8635.0       1.6473839E-9   
  8640.0       1.6614985E-9   
  8645.0       1.6586041E-9   
  8650.0       1.6101488E-9   
  8655.0       1.5238629E-9   
  8660.0       1.3465323E-9   
  8665.0       1.104702E-9    
  8670.0       1.140782E-9    
  8675.0       1.3692045E-9   
  8680.0       1.4812213E-9   
  8685.0       1.4995912E-9   
  8690.0       1.5174431E-9   
  8695.0       1.5540009E-9   
  8700.0       1.6127789E-9   
  8705.0       1.6524802E-9   
  8710.0       1.6696522E-9   
  8715.0       1.6683591E-9   
  8720.0       1.6697935E-9   
  8725.0       1.6704956E-9   
  8730.0       1.6534313E-9   
  8735.0       1.6293827E-9   
  8740.0       1.6038577E-9   
  8745.0       1.5657685E-9   
  8750.0       1.5051184E-9   
  8755.0       1.448903E-9    
  8760.0       1.50671E-9     
  8765.0       1.5670527E-9   
  8770.0       1.5983534E-9   
  8775.0       1.5970798E-9   
  8780.0       1.6040924E-9   
  8785.0       1.6084807E-9   
  8790.0       1.5936944E-9   
  8795.0       1.5760198E-9   
  8800.0       1.5837972E-9   
  8805.0       1.5819313E-9   
  8810.0       1.5438271E-9   
  8815.0       1.5657676E-9   
  8820.0       1.5817107E-9   
  8825.0       1.5683532E-9   
  8830.0       1.5551294E-9   
  8835.0       1.5844421E-9   
  8840.0       1.5733255E-9   
  8845.0       1.5735157E-9   
  8850.0       1.569512E-9    
  8855.0       1.5561602E-9   
  8860.0       1.5192139E-9   
  8865.0       1.4354684E-9   
  8870.0       1.4252015E-9   
  8875.0       1.5045809E-9   
  8880.0       1.5427125E-9   
  8885.0       1.5547046E-9   
  8890.0       1.570739E-9    
  8895.0       1.5787931E-9   
  8900.0       1.5792267E-9   
  8905.0       1.5871869E-9   
  8910.0       1.5678372E-9   
  8915.0       1.4968349E-9   
  8920.0       1.5233916E-9   
  8925.0       1.5372589E-9   
  8930.0       1.4811747E-9   
  8935.0       1.509907E-9    
  8940.0       1.5683196E-9   
  8945.0       1.5762314E-9   
  8950.0       1.5627448E-9   
  8955.0       1.5623393E-9   
  8960.0       1.5727163E-9   
  8965.0       1.5585113E-9   
  8970.0       1.542349E-9    
  8975.0       1.5352497E-9   
  8980.0       1.5147441E-9   
  8985.0       1.4886492E-9   
  8990.0       1.450871E-9    
  8995.0       1.4383691E-9   
  9000.0       1.4614119E-9   
  9005.0       1.4342277E-9   
  9010.0       1.4140489E-9   
  9015.0       1.348663E-9    
  9020.0       1.3064688E-9   
  9025.0       1.4073481E-9   
  9030.0       1.4722128E-9   
  9035.0       1.5495256E-9   
  9040.0       1.5893935E-9   
  9045.0       1.6042215E-9   
  9050.0       1.6071184E-9   
  9055.0       1.5862852E-9   
  9060.0       1.540008E-9    
  9065.0       1.431526E-9    
  9070.0       1.4441852E-9   
  9075.0       1.4724403E-9   
  9080.0       1.4342829E-9   
  9085.0       1.4124564E-9   
  9090.0       1.3945822E-9   
  9095.0       1.361908E-9    
  9100.0       1.3813309E-9   
  9105.0       1.4699633E-9   
  9110.0       1.4895911E-9   
  9115.0       1.4547767E-9   
  9120.0       1.4878566E-9   
  9125.0       1.5203481E-9   
  9130.0       1.5266911E-9   
  9135.0       1.4950031E-9   
  9140.0       1.4917253E-9   
  9145.0       1.5106975E-9   
  9150.0       1.5114491E-9   
  9155.0       1.4648759E-9   
  9160.0       1.4401845E-9   
  9165.0       1.4812099E-9   
  9170.0       1.4883453E-9   
  9175.0       1.4498294E-9   
  9180.0       1.4324157E-9   
  9185.0       1.4662308E-9   
  9190.0       1.4925443E-9   
  9195.0       1.4950577E-9   
  9200.0       1.4900116E-9   
  9205.0       1.4639554E-9   
  9210.0       1.434144E-9    
  9215.0       1.3828467E-9   
  9220.0       1.3615928E-9   
  9225.0       1.3593078E-9   
  9230.0       1.3290009E-9   
  9235.0       1.3175476E-9   
  9240.0       1.3347333E-9   
  9245.0       1.3464088E-9   
  9250.0       1.3662993E-9   
  9255.0       1.3796166E-9   
  9260.0       1.3769594E-9   
  9265.0       1.3746716E-9   
  9270.0       1.4010081E-9   
  9275.0       1.4368509E-9   
  9280.0       1.4446465E-9   
  9285.0       1.4489749E-9   
  9290.0       1.4595046E-9   
  9295.0       1.4557998E-9   
  9300.0       1.4452974E-9   
  9305.0       1.43148E-9     
  9310.0       1.4170116E-9   
  9315.0       1.402743E-9    
  9320.0       1.3578889E-9   
  9325.0       1.3572639E-9   
  9330.0       1.3524302E-9   
  9335.0       1.3507294E-9   
  9340.0       1.3265941E-9   
  9345.0       1.2950538E-9   
  9350.0       1.3198098E-9   
  9355.0       1.3491366E-9   
  9360.0       1.3263075E-9   
  9365.0       1.3666243E-9   
  9370.0       1.3608106E-9   
  9375.0       1.3605518E-9   
  9380.0       1.3687685E-9   
  9385.0       1.3758259E-9   
  9390.0       1.4096336E-9   
  9395.0       1.460343E-9    
  9400.0       1.4694836E-9   
  9405.0       1.4328714E-9   
  9410.0       1.3840873E-9   
  9415.0       1.3731305E-9   
  9420.0       1.384502E-9    
  9425.0       1.3847813E-9   
  9430.0       1.3426229E-9   
  9435.0       1.342346E-9    
  9440.0       1.3351757E-9   
  9445.0       1.29688E-9     
  9450.0       1.3476747E-9   
  9455.0       1.3691968E-9   
  9460.0       1.3337806E-9   
  9465.0       1.3366893E-9   
  9470.0       1.3744003E-9   
  9475.0       1.3768192E-9   
  9480.0       1.3688816E-9   
  9485.0       1.3506744E-9   
  9490.0       1.3797572E-9   
  9495.0       1.3709793E-9   
  9500.0       1.3205512E-9   
  9505.0       1.3191173E-9   
  9510.0       1.3686228E-9   
  9515.0       1.3657542E-9   
  9520.0       1.3124218E-9   
  9525.0       1.2756728E-9   
  9530.0       1.2813528E-9   
  9535.0       1.2998917E-9   
  9540.0       1.2943515E-9   
  9545.0       1.2516093E-9   
  9550.0       1.212405E-9    
  9555.0       1.2326569E-9   
  9560.0       1.2560886E-9   
  9565.0       1.2747571E-9   
  9570.0       1.2738092E-9   
  9575.0       1.3058542E-9   
  9580.0       1.3230276E-9   
  9585.0       1.3146488E-9   
  9590.0       1.3134857E-9   
  9595.0       1.3037433E-9   
  9600.0       1.3166832E-9   
  9605.0       1.3163607E-9   
  9610.0       1.3156106E-9   
  9615.0       1.3282647E-9   
  9620.0       1.3187652E-9   
  9625.0       1.2859411E-9   
  9630.0       1.2939724E-9   
  9635.0       1.3162759E-9   
  9640.0       1.3127348E-9   
  9645.0       1.3068808E-9   
  9650.0       1.2992549E-9   
  9655.0       1.2999725E-9   
  9660.0       1.2701193E-9   
  9665.0       1.2634199E-9   
  9670.0       1.2828613E-9   
  9675.0       1.3004563E-9   
  9680.0       1.3059773E-9   
  9685.0       1.3057301E-9   
  9690.0       1.3175391E-9   
  9695.0       1.3070095E-9   
  9700.0       1.3118823E-9   
  9705.0       1.3097962E-9   
  9710.0       1.3182471E-9   
  9715.0       1.3147203E-9   
  9720.0       1.2993037E-9   
  9725.0       1.2932139E-9   
  9730.0       1.2846538E-9   
  9735.0       1.27739E-9     
  9740.0       1.2570909E-9   
  9745.0       1.2569301E-9   
  9750.0       1.2572269E-9   
  9755.0       1.2654351E-9   
  9760.0       1.2605721E-9   
  9765.0       1.2650707E-9   
  9770.0       1.2657094E-9   
  9775.0       1.2731453E-9   
  9780.0       1.2654344E-9   
  9785.0       1.2617917E-9   
  9790.0       1.2590511E-9   
  9795.0       1.2561595E-9   
  9800.0       1.2611606E-9   
  9805.0       1.2623258E-9   
  9810.0       1.2702471E-9   
  9815.0       1.2659674E-9   
  9820.0       1.2696553E-9   
  9825.0       1.2592041E-9   
  9830.0       1.2510994E-9   
  9835.0       1.25317E-9     
  9840.0       1.2535417E-9   
  9845.0       1.2493553E-9   
  9850.0       1.2476624E-9   
  9855.0       1.2453123E-9   
  9860.0       1.2409705E-9   
  9865.0       1.2349901E-9   
  9870.0       1.2426782E-9   
  9875.0       1.2375581E-9   
  9880.0       1.2327503E-9   
  9885.0       1.2332595E-9   
  9890.0       1.2208182E-9   
  9895.0       1.2077832E-9   
  9900.0       1.2275893E-9   
  9905.0       1.2369952E-9   
  9910.0       1.2378284E-9   
  9915.0       1.2336006E-9   
  9920.0       1.2195286E-9   
  9925.0       1.2206167E-9   
  9930.0       1.2283282E-9   
  9935.0       1.2240249E-9   
  9940.0       1.2164219E-9   
  9945.0       1.2367011E-9   
  9950.0       1.2286732E-9   
  9955.0       1.2340476E-9   
  9960.0       1.220645E-9    
  9965.0       1.2188378E-9   
  9970.0       1.2243953E-9   
  9975.0       1.2218161E-9   
  9980.0       1.2108109E-9   
  9985.0       1.2108066E-9   
  9990.0       1.204549E-9    
  9995.0       1.2005132E-9   
  10000.0      1.1826288E-9   
  10005.0      1.1687431E-9   
  10010.0      1.1776964E-9   
  10015.0      1.1776999E-9   
  10020.0      1.1775169E-9   
  10025.0      1.1719016E-9   
  10030.0      1.1535841E-9   
  10035.0      1.1246752E-9   
  10040.0      1.1081133E-9   
  10045.0      1.111064E-9    
  10050.0      1.0921233E-9   
  10055.0      1.0802517E-9   
  10060.0      1.0996096E-9   
  10065.0      1.1282255E-9   
  10070.0      1.1453268E-9   
  10075.0      1.1484657E-9   
  10080.0      1.1655108E-9   
  10085.0      1.1660531E-9   
  10090.0      1.164756E-9    
  10095.0      1.1636822E-9   
  10100.0      1.1806518E-9   
  10105.0      1.1824027E-9   
  10110.0      1.1759341E-9   
  10115.0      1.1693302E-9   
  10120.0      1.1617409E-9   
  10125.0      1.1760056E-9   
  10130.0      1.1682715E-9   
  10135.0      1.1725291E-9   
  10140.0      1.1727886E-9   
  10145.0      1.1697366E-9   
  10150.0      1.1666377E-9   
  10155.0      1.1640907E-9   
  10160.0      1.1620969E-9   
  10165.0      1.1605709E-9   
  10170.0      1.1594232E-9   
  10175.0      1.1585694E-9   
  10180.0      1.1579104E-9   
  10185.0      1.1573649E-9   
  10190.0      1.1568397E-9   
  10195.0      1.1562474E-9   
  10200.0      1.1554947E-9   
  10205.0      1.1545304E-9   
  10210.0      1.1533556E-9   
  10215.0      1.1520093E-9   
  10220.0      1.1505249E-9   
  10225.0      1.1489408E-9   
  10230.0      1.1472933E-9   
  10235.0      1.145621E-9    
  10240.0      1.1439595E-9   
  10245.0      1.1423464E-9   
  10250.0      1.1408193E-9   
  10255.0      1.1393988E-9   
  10260.0      1.1380872E-9   
  10265.0      1.1368699E-9   
  10270.0      1.1357297E-9   
  10275.0      1.1346585E-9   
  10280.0      1.133634E-9    
  10285.0      1.1326492E-9   
  10290.0      1.1316846E-9   
  10295.0      1.1307266E-9   
  10300.0      1.129764E-9    
  10305.0      1.1287812E-9   
  10310.0      1.1277745E-9   
  10315.0      1.126748E-9    
  10320.0      1.1256919E-9   
  10325.0      1.1246103E-9   
  10330.0      1.1234956E-9   
  10335.0      1.1223541E-9   
  10340.0      1.1211782E-9   
  10345.0      1.1199687E-9   
  10350.0      1.1187213E-9   
  10355.0      1.1174381E-9   
  10360.0      1.1161139E-9   
  10365.0      1.1147491E-9   
  10370.0      1.1133428E-9   
  10375.0      1.1118986E-9   
  10380.0      1.1104104E-9   
  10385.0      1.108876E-9    
  10390.0      1.1072976E-9   
  10395.0      1.1056704E-9   
  10400.0      1.1039971E-9   
  10405.0      1.1022792E-9   
  10410.0      1.1005175E-9   
  10415.0      1.0987194E-9   
  10420.0      1.0968939E-9   
  10425.0      1.0950384E-9   
  10430.0      1.0931668E-9   
  10435.0      1.0912807E-9   
  10440.0      1.0893879E-9   
  10445.0      1.0874944E-9   
  10450.0      1.0856063E-9   
  10455.0      1.0837257E-9   
  10460.0      1.0818554E-9   
  10465.0      1.079997E-9    
  10470.0      1.0781442E-9   
  10475.0      1.0763007E-9   
  10480.0      1.0744672E-9   
  10485.0      1.0726424E-9   
  10490.0      1.0708218E-9   
  10495.0      1.0690103E-9   
  10500.0      1.067207E-9    
  10505.0      1.0654047E-9   
  10510.0      1.0636125E-9   
  10515.0      1.0618225E-9   
  10520.0      1.0600375E-9   
  10525.0      1.0582596E-9   
  10530.0      1.0564893E-9   
  10535.0      1.0547242E-9   
  10540.0      1.0529638E-9   
  10545.0      1.0512088E-9   
  10550.0      1.0494575E-9   
  10555.0      1.0477141E-9   
  10560.0      1.0459746E-9   
  10565.0      1.0442422E-9   
  10570.0      1.0425145E-9   
  10575.0      1.0407957E-9   
  10580.0      1.0390795E-9   
  10585.0      1.0373675E-9   
  10590.0      1.0356622E-9   
  10595.0      1.0339651E-9   
  10600.0      1.0322694E-9   
  10605.0      1.0305814E-9   
  10610.0      1.0288979E-9   
  10615.0      1.0272209E-9   
  10620.0      7.693096E-10   
