# WAVELENGTH   FLUX  
  1150.0       0.0   
  1155.0       0.0   
  1160.0       0.0   
  1165.0       0.0   
  1170.0       0.0   
  1175.0       0.0   
  1180.0       0.0   
  1185.0       0.0   
  1190.0       0.0   
  1195.0       0.0   
  1200.0       0.0   
  1205.0       0.0   
  1210.0       0.0   
  1215.0       0.0   
  1220.0       0.0   
  1225.0       0.0   
  1230.0       0.0   
  1235.0       0.0   
  1240.0       0.0   
  1245.0       0.0   
  1250.0       0.0   
  1255.0       0.0   
  1260.0       0.0   
  1265.0       0.0   
  1270.0       0.0   
  1275.0       0.0   
  1280.0       0.0   
  1285.0       0.0   
  1290.0       0.0   
  1295.0       0.0   
  1300.0       0.0   
  1305.0       0.0   
  1310.0       0.0   
  1315.0       0.0   
  1320.0       0.0   
  1325.0       0.0   
  1330.0       0.0   
  1335.0       0.0   
  1340.0       0.0   
  1345.0       0.0   
  1350.0       0.0   
  1355.0       0.0   
  1360.0       0.0   
  1365.0       0.0   
  1370.0       0.0   
  1375.0       0.0   
  1380.0       0.0   
  1385.0       0.0   
  1390.0       0.0   
  1395.0       0.0   
  1400.0       0.0   
  1405.0       0.0   
  1410.0       0.0   
  1415.0       0.0   
  1420.0       0.0   
  1425.0       0.0   
  1430.0       0.0   
  1435.0       0.0   
  1440.0       0.0   
  1445.0       0.0   
  1450.0       0.0   
  1455.0       0.0   
  1460.0       0.0   
  1465.0       0.0   
  1470.0       0.0   
  1475.0       0.0   
  1480.0       0.0   
  1485.0       0.0   
  1490.0       0.0   
  1495.0       0.0   
  1500.0       0.0   
  1505.0       0.0   
  1510.0       0.0   
  1515.0       0.0   
  1520.0       0.0   
  1525.0       0.0   
  1530.0       0.0   
  1535.0       0.0   
  1540.0       0.0   
  1545.0       0.0   
  1550.0       0.0   
  1555.0       0.0   
  1560.0       0.0   
  1565.0       0.0   
  1570.0       0.0   
  1575.0       0.0   
  1580.0       0.0   
  1585.0       0.0   
  1590.0       0.0   
  1595.0       0.0   
  1600.0       0.0   
  1605.0       0.0   
  1610.0       0.0   
  1615.0       0.0   
  1620.0       0.0   
  1625.0       0.0   
  1630.0       0.0   
  1635.0       0.0   
  1640.0       0.0   
  1645.0       0.0   
  1650.0       0.0   
  1655.0       0.0   
  1660.0       0.0   
  1665.0       0.0   
  1670.0       0.0   
  1675.0       0.0   
  1680.0       0.0   
  1685.0       0.0   
  1690.0       0.0   
  1695.0       0.0   
  1700.0       0.0   
  1705.0       0.0   
  1710.0       0.0   
  1715.0       0.0   
  1720.0       0.0   
  1725.0       0.0   
  1730.0       0.0   
  1735.0       0.0   
  1740.0       0.0   
  1745.0       0.0   
  1750.0       0.0   
  1755.0       0.0   
  1760.0       0.0   
  1765.0       0.0   
  1770.0       0.0   
  1775.0       0.0   
  1780.0       0.0   
  1785.0       0.0   
  1790.0       0.0   
  1795.0       0.0   
  1800.0       0.0   
  1805.0       0.0   
  1810.0       0.0   
  1815.0       0.0   
  1820.0       0.0   
  1825.0       0.0   
  1830.0       0.0   
  1835.0       0.0   
  1840.0       0.0   
  1845.0       0.0   
  1850.0       0.0   
  1855.0       0.0   
  1860.0       0.0   
  1865.0       0.0   
  1870.0       0.0   
  1875.0       0.0   
  1880.0       0.0   
  1885.0       0.0   
  1890.0       0.0   
  1895.0       0.0   
  1900.0       0.0   
  1905.0       0.0   
  1910.0       0.0   
  1915.0       0.0   
  1920.0       0.0   
  1925.0       0.0   
  1930.0       0.0   
  1935.0       0.0   
  1940.0       0.0   
  1945.0       0.0   
  1950.0       0.0   
  1955.0       0.0   
  1960.0       0.0   
  1965.0       0.0   
  1970.0       0.0   
  1975.0       0.0   
  1980.0       0.0   
  1985.0       0.0   
  1990.0       0.0   
  1995.0       0.0   
  2000.0       0.0   
  2005.0       0.0   
  2010.0       0.0   
  2015.0       0.0   
  2020.0       0.0   
  2025.0       0.0   
  2030.0       0.0   
  2035.0       0.0   
  2040.0       0.0   
  2045.0       0.0   
  2050.0       0.0   
  2055.0       0.0   
  2060.0       0.0   
  2065.0       0.0   
  2070.0       0.0   
  2075.0       0.0   
  2080.0       0.0   
  2085.0       0.0   
  2090.0       0.0   
  2095.0       0.0   
  2100.0       0.0   
  2105.0       0.0   
  2110.0       0.0   
  2115.0       0.0   
  2120.0       0.0   
  2125.0       0.0   
  2130.0       0.0   
  2135.0       0.0   
  2140.0       0.0   
  2145.0       0.0   
  2150.0       0.0   
  2155.0       0.0   
  2160.0       0.0   
  2165.0       0.0   
  2170.0       0.0   
  2175.0       0.0   
  2180.0       0.0   
  2185.0       0.0   
  2190.0       0.0   
  2195.0       0.0   
  2200.0       0.0   
  2205.0       0.0   
  2210.0       0.0   
  2215.0       0.0   
  2220.0       0.0   
  2225.0       0.0   
  2230.0       0.0   
  2235.0       0.0   
  2240.0       0.0   
  2245.0       0.0   
  2250.0       0.0   
  2255.0       0.0   
  2260.0       0.0   
  2265.0       0.0   
  2270.0       0.0   
  2275.0       0.0   
  2280.0       0.0   
  2285.0       0.0   
  2290.0       0.0   
  2295.0       0.0   
  2300.0       0.0   
  2305.0       0.0   
  2310.0       0.0   
  2315.0       0.0   
  2320.0       0.0   
  2325.0       0.0   
  2330.0       0.0   
  2335.0       0.0   
  2340.0       0.0   
  2345.0       0.0   
  2350.0       0.0   
  2355.0       0.0   
  2360.0       0.0   
  2365.0       0.0   
  2370.0       0.0   
  2375.0       0.0   
  2380.0       0.0   
  2385.0       0.0   
  2390.0       0.0   
  2395.0       0.0   
  2400.0       0.0   
  2405.0       0.0   
  2410.0       0.0   
  2415.0       0.0   
  2420.0       0.0   
  2425.0       0.0   
  2430.0       0.0   
  2435.0       0.0   
  2440.0       0.0   
  2445.0       0.0   
  2450.0       0.0   
  2455.0       0.0   
  2460.0       0.0   
  2465.0       0.0   
  2470.0       0.0   
  2475.0       0.0   
  2480.0       0.0   
  2485.0       0.0   
  2490.0       0.0   
  2495.0       0.0   
  2500.0       0.0   
  2505.0       0.0   
  2510.0       0.0   
  2515.0       0.0   
  2520.0       4.7353716E-16
  2525.0       3.3091328E-15
  2530.0       3.780794E-15
  2535.0       3.3072653E-15
  2540.0       4.716694E-16
  2545.0       0.0   
  2550.0       0.0   
  2555.0       0.0   
  2560.0       0.0   
  2565.0       0.0   
  2570.0       0.0   
  2575.0       0.0   
  2580.0       0.0   
  2585.0       0.0   
  2590.0       0.0   
  2595.0       0.0   
  2600.0       4.7350825E-16
  2605.0       4.256114E-15
  2610.0       1.1346002E-14
  2615.0       1.8434108E-14
  2620.0       2.2686587E-14
  2625.0       2.6467374E-14
  2630.0       2.9774682E-14
  2635.0       2.9299374E-14
  2640.0       2.2681201E-14
  2645.0       1.4172622E-14
  2650.0       1.8868292E-15
  2655.0       0.0   
  2660.0       0.0   
  2665.0       0.0   
  2670.0       0.0   
  2675.0       0.0   
  2680.0       0.0   
  2685.0       0.0   
  2690.0       0.0   
  2695.0       0.0   
  2700.0       9.4695005E-15
  2705.0       7.7071264E-14
  2710.0       1.6308787E-13
  2715.0       2.5146115E-13
  2720.0       3.270701E-13
  2725.0       3.8518846E-13
  2730.0       4.106918E-13
  2735.0       3.9460216E-13
  2740.0       3.279392E-13
  2745.0       1.9510695E-13
  2750.0       2.5473977E-14
  2755.0       0.0   
  2760.0       0.0   
  2765.0       0.0   
  2770.0       0.0   
  2775.0       0.0   
  2780.0       0.0   
  2785.0       0.0   
  2790.0       0.0   
  2795.0       0.0   
  2800.0       1.3351089E-13
  2805.0       1.0983808E-12
  2810.0       2.4099414E-12
  2815.0       3.9109905E-12
  2820.0       5.539606E-12
  2825.0       7.230108E-12
  2830.0       8.9224635E-12
  2835.0       1.0548641E-11
  2840.0       1.204859E-11
  2845.0       1.33566535E-11
  2850.0       1.4412783E-11
  2855.0       1.5175434E-11
  2860.0       1.5661155E-11
  2865.0       1.5911548E-11
  2870.0       1.596582E-11
  2875.0       1.586509E-11
  2880.0       1.5650493E-11
  2885.0       1.536124E-11
  2890.0       1.5040356E-11
  2895.0       1.4725126E-11
  2900.0       1.4459554E-11
  2905.0       1.4267728E-11
  2910.0       1.4154794E-11
  2915.0       1.4101881E-11
  2920.0       1.4102863E-11
  2925.0       1.4139725E-11
  2930.0       1.4202131E-11
  2935.0       1.4276324E-11
  2940.0       1.4350037E-11
  2945.0       1.4409576E-11
  2950.0       1.4445026E-11
  2955.0       1.4443574E-11
  2960.0       1.44171055E-11
  2965.0       1.4370302E-11
  2970.0       1.4317855E-11
  2975.0       1.42672775E-11
  2980.0       1.423374E-11
  2985.0       1.4224289E-11
  2990.0       1.425174E-11
  2995.0       1.4325486E-11
  3000.0       1.4458304E-11
  3005.0       1.465447E-11
  3010.0       1.4910156E-11
  3015.0       1.521595E-11
  3020.0       1.5565696E-11
  3025.0       1.594757E-11
  3030.0       1.6357306E-11
  3035.0       1.6780303E-11
  3040.0       1.7210367E-11
  3045.0       1.7639959E-11
  3050.0       1.8059153E-11
  3055.0       1.8463226E-11
  3060.0       1.8849311E-11
  3065.0       1.9220786E-11
  3070.0       1.9583257E-11
  3075.0       1.9935793E-11
  3080.0       2.0283636E-11
  3085.0       2.0628166E-11
  3090.0       2.097267E-11
  3095.0       2.1320511E-11
  3100.0       2.1673096E-11
  3105.0       2.2035115E-11
  3110.0       2.2401827E-11
  3115.0       2.277188E-11
  3120.0       2.3142877E-11
  3125.0       2.3515759E-11
  3130.0       2.3882972E-11
  3135.0       2.4245907E-11
  3140.0       2.4603678E-11
  3145.0       2.494867E-11
  3150.0       2.5284195E-11
  3155.0       2.560649E-11
  3160.0       2.5921253E-11
  3165.0       2.6235528E-11
  3170.0       2.6554092E-11
  3175.0       2.6883488E-11
  3180.0       2.722848E-11
  3185.0       2.7596167E-11
  3190.0       2.7994142E-11
  3195.0       2.8428926E-11
  3200.0       2.890298E-11
  3205.0       2.9424723E-11
  3210.0       2.9994694E-11
  3215.0       3.0608138E-11
  3220.0       3.1268866E-11
  3225.0       3.1972598E-11
  3230.0       3.272072E-11
  3235.0       3.351095E-11
  3240.0       3.4342747E-11
  3245.0       3.5215587E-11
  3250.0       3.6127268E-11
  3255.0       3.7079097E-11
  3260.0       3.8065922E-11
  3265.0       3.9086245E-11
  3270.0       4.0137338E-11
  3275.0       4.121773E-11
  3280.0       4.2322153E-11
  3285.0       4.345215E-11
  3290.0       4.460484E-11
  3295.0       4.5775973E-11
  3300.0       4.6959842E-11
  3305.0       4.815687E-11
  3310.0       4.9357827E-11
  3315.0       5.0551046E-11
  3320.0       5.1725537E-11
  3325.0       5.287006E-11
  3330.0       5.397603E-11
  3335.0       5.502992E-11
  3340.0       5.602272E-11
  3345.0       5.6944276E-11
  3350.0       5.7785998E-11
  3355.0       5.854066E-11
  3360.0       5.9224965E-11
  3365.0       5.986581E-11
  3370.0       6.0482126E-11
  3375.0       6.110122E-11
  3380.0       6.174629E-11
  3385.0       6.243781E-11
  3390.0       6.320104E-11
  3395.0       6.4061124E-11
  3400.0       6.503627E-11
  3405.0       6.614589E-11
  3410.0       6.737954E-11
  3415.0       6.871648E-11
  3420.0       7.014226E-11
  3425.0       7.163433E-11
  3430.0       7.3177374E-11
  3435.0       7.474887E-11
  3440.0       7.6333835E-11
  3445.0       7.7912024E-11
  3450.0       7.946442E-11
  3455.0       8.098055E-11
  3460.0       8.246021E-11
  3465.0       8.391243E-11
  3470.0       8.53426E-11
  3475.0       8.675842E-11
  3480.0       8.81725E-11
  3485.0       8.958737E-11
  3490.0       9.101088E-11
  3495.0       9.245505E-11
  3500.0       9.392312E-11
  3505.0       9.917242E-11
  3510.0       1.2363324E-10
  3515.0       1.3129121E-10
  3520.0       1.2990252E-10
  3525.0       1.236836E-10
  3530.0       1.2855993E-10
  3535.0       1.4831869E-10
  3540.0       1.6403644E-10
  3545.0       1.6635725E-10
  3550.0       1.696541E-10
  3555.0       1.6602299E-10
  3560.0       1.6105559E-10
  3565.0       1.4175047E-10
  3570.0       1.2017794E-10
  3575.0       1.1841164E-10
  3580.0       1.14830305E-10
  3585.0       1.1988376E-10
  3590.0       1.3180973E-10
  3595.0       1.4664557E-10
  3600.0       1.6479844E-10
  3605.0       1.703955E-10
  3610.0       1.6555952E-10
  3615.0       1.6653447E-10
  3620.0       1.7486372E-10
  3625.0       1.801592E-10
  3630.0       1.792228E-10
  3635.0       1.8629648E-10
  3640.0       1.9326934E-10
  3645.0       1.8802683E-10
  3650.0       1.9149524E-10
  3655.0       2.0757866E-10
  3660.0       2.2082103E-10
  3665.0       2.215829E-10
  3670.0       2.1801042E-10
  3675.0       2.1886738E-10
  3680.0       2.1281027E-10
  3685.0       2.0436518E-10
  3690.0       2.0883771E-10
  3695.0       2.2714061E-10
  3700.0       2.313434E-10
  3705.0       2.1311163E-10
  3710.0       2.0766475E-10
  3715.0       2.0578611E-10
  3720.0       1.8590308E-10
  3725.0       1.7777434E-10
  3730.0       1.7000121E-10
  3735.0       1.6507445E-10
  3740.0       1.6490237E-10
  3745.0       1.6329574E-10
  3750.0       1.740357E-10
  3755.0       1.9354329E-10
  3760.0       2.0238873E-10
  3765.0       2.1620185E-10
  3770.0       2.363171E-10
  3775.0       2.5414212E-10
  3780.0       2.630066E-10
  3785.0       2.4207844E-10
  3790.0       2.1891904E-10
  3795.0       2.103211E-10
  3800.0       2.1975363E-10
  3805.0       2.3192231E-10
  3810.0       2.2903338E-10
  3815.0       2.0348503E-10
  3820.0       1.8039732E-10
  3825.0       1.7384717E-10
  3830.0       1.835783E-10
  3835.0       1.9602106E-10
  3840.0       2.1043141E-10
  3845.0       2.2486693E-10
  3850.0       2.2577298E-10
  3855.0       2.0957718E-10
  3860.0       2.0271813E-10
  3865.0       2.1616693E-10
  3870.0       2.2694642E-10
  3875.0       2.2454313E-10
  3880.0       2.1946508E-10
  3885.0       2.2098665E-10
  3890.0       2.3062777E-10
  3895.0       2.403027E-10
  3900.0       2.523409E-10
  3905.0       2.6155805E-10
  3910.0       2.6024033E-10
  3915.0       2.4394656E-10
  3920.0       2.1258242E-10
  3925.0       1.759135E-10
  3930.0       1.4186081E-10
  3935.0       1.3947914E-10
  3940.0       1.7043995E-10
  3945.0       2.1578786E-10
  3950.0       2.539006E-10
  3955.0       2.5434518E-10
  3960.0       2.0958878E-10
  3965.0       1.679894E-10
  3970.0       1.7245165E-10
  3975.0       2.3109024E-10
  3980.0       2.9863326E-10
  3985.0       3.4910516E-10
  3990.0       3.766267E-10
  3995.0       3.9827355E-10
  4000.0       4.303383E-10
  4005.0       4.5036463E-10
  4010.0       4.685793E-10
  4015.0       4.876229E-10
  4020.0       4.843964E-10
  4025.0       4.7412474E-10
  4030.0       4.616847E-10
  4035.0       4.782325E-10
  4040.0       4.967963E-10
  4045.0       4.925815E-10
  4050.0       5.04269E-10
  4055.0       4.9298277E-10
  4060.0       4.817779E-10
  4065.0       4.9508725E-10
  4070.0       5.016625E-10
  4075.0       4.8523274E-10
  4080.0       5.0985866E-10
  4085.0       5.9367433E-10
  4090.0       6.412832E-10
  4095.0       5.963352E-10
  4100.0       5.407988E-10
  4105.0       5.5327803E-10
  4110.0       5.7187843E-10
  4115.0       5.695875E-10
  4120.0       5.630859E-10
  4125.0       5.650409E-10
  4130.0       5.5415944E-10
  4135.0       5.605009E-10
  4140.0       5.670742E-10
  4145.0       5.680689E-10
  4150.0       5.871512E-10
  4155.0       6.365535E-10
  4160.0       6.752484E-10
  4165.0       6.5005273E-10
  4170.0       5.9776645E-10
  4175.0       5.8645455E-10
  4180.0       6.294917E-10
  4185.0       6.6694217E-10
  4190.0       6.65673E-10
  4195.0       6.220906E-10
  4200.0       5.8813604E-10
  4205.0       6.247828E-10
  4210.0       6.7656203E-10
  4215.0       6.7384415E-10
  4220.0       6.191183E-10
  4225.0       5.1862215E-10
  4230.0       5.1187304E-10
  4235.0       5.980734E-10
  4240.0       7.162282E-10
  4245.0       7.569179E-10
  4250.0       7.099172E-10
  4255.0       6.9454165E-10
  4260.0       7.451217E-10
  4265.0       7.893481E-10
  4270.0       7.5139805E-10
  4275.0       7.4673817E-10
  4280.0       7.5756706E-10
  4285.0       7.0464135E-10
  4290.0       6.510993E-10
  4295.0       6.6107714E-10
  4300.0       6.680146E-10
  4305.0       6.964046E-10
  4310.0       8.0612167E-10
  4315.0       9.627162E-10
  4320.0       1.0422437E-9
  4325.0       1.0433082E-9
  4330.0       1.0706412E-9
  4335.0       1.0500627E-9
  4340.0       9.978642E-10
  4345.0       1.0477449E-9
  4350.0       1.1091201E-9
  4355.0       1.1861033E-9
  4360.0       1.244673E-9
  4365.0       1.2594522E-9
  4370.0       1.1870914E-9
  4375.0       1.1086134E-9
  4380.0       1.0212599E-9
  4385.0       9.65036E-10
  4390.0       1.0144108E-9
  4395.0       1.1037773E-9
  4400.0       1.1159147E-9
  4405.0       1.054122E-9
  4410.0       1.0723493E-9
  4415.0       1.1062261E-9
  4420.0       1.1413366E-9
  4425.0       1.1525388E-9
  4430.0       1.1434655E-9
  4435.0       1.1428846E-9
  4440.0       1.187429E-9
  4445.0       1.2467929E-9
  4450.0       1.2489301E-9
  4455.0       1.135008E-9
  4460.0       1.0571031E-9
  4465.0       1.1072895E-9
  4470.0       1.2292349E-9
  4475.0       1.3647597E-9
  4480.0       1.4273549E-9
  4485.0       1.4639933E-9
  4490.0       1.4501431E-9
  4495.0       1.4642967E-9
  4500.0       1.5786742E-9
  4505.0       1.6381484E-9
  4510.0       1.6407576E-9
  4515.0       1.6426063E-9
  4520.0       1.5982455E-9
  4525.0       1.4604051E-9
  4530.0       1.372275E-9
  4535.0       1.4140472E-9
  4540.0       1.475084E-9
  4545.0       1.4867159E-9
  4550.0       1.4941752E-9
  4555.0       1.5674837E-9
  4560.0       1.6707818E-9
  4565.0       1.7604235E-9
  4570.0       1.8159413E-9
  4575.0       1.8030085E-9
  4580.0       1.7610021E-9
  4585.0       1.7467178E-9
  4590.0       1.7033162E-9
  4595.0       1.6720368E-9
  4600.0       1.7077553E-9
  4605.0       1.802638E-9
  4610.0       1.9490902E-9
  4615.0       2.068896E-9
  4620.0       2.1449371E-9
  4625.0       2.1274413E-9
  4630.0       2.0379218E-9
  4635.0       1.9006574E-9
  4640.0       1.7957934E-9
  4645.0       1.7197014E-9
  4650.0       1.7295384E-9
  4655.0       1.8266249E-9
  4660.0       1.923395E-9
  4665.0       1.8761739E-9
  4670.0       1.8583097E-9
  4675.0       1.8815587E-9
  4680.0       1.8604118E-9
  4685.0       1.8701127E-9
  4690.0       1.9392685E-9
  4695.0       2.0378934E-9
  4700.0       2.078184E-9
  4705.0       2.0808941E-9
  4710.0       2.0859254E-9
  4715.0       2.1286681E-9
  4720.0       2.1755426E-9
  4725.0       2.1590547E-9
  4730.0       2.1291102E-9
  4735.0       2.1712085E-9
  4740.0       2.210449E-9
  4745.0       2.2840705E-9
  4750.0       2.3470355E-9
  4755.0       2.2919784E-9
  4760.0       2.1655449E-9
  4765.0       2.0542172E-9
  4770.0       2.001098E-9
  4775.0       1.9935296E-9
  4780.0       1.9797326E-9
  4785.0       1.9894906E-9
  4790.0       2.0571693E-9
  4795.0       2.1315594E-9
  4800.0       2.1690285E-9
  4805.0       2.1324575E-9
  4810.0       2.1040785E-9
  4815.0       2.1323028E-9
  4820.0       2.1574151E-9
  4825.0       2.146336E-9
  4830.0       2.1560171E-9
  4835.0       2.2066942E-9
  4840.0       2.2402105E-9
  4845.0       2.2572293E-9
  4850.0       2.2240505E-9
  4855.0       2.130217E-9
  4860.0       2.0249409E-9
  4865.0       2.028297E-9
  4870.0       2.0808701E-9
  4875.0       2.1441233E-9
  4880.0       2.195322E-9
  4885.0       2.2207867E-9
  4890.0       2.3135325E-9
  4895.0       2.4986577E-9
  4900.0       2.6133087E-9
  4905.0       2.6723215E-9
  4910.0       2.6740739E-9
  4915.0       2.651101E-9
  4920.0       2.6214042E-9
  4925.0       2.7475364E-9
  4930.0       2.84824E-9
  4935.0       2.7748777E-9
  4940.0       2.8218285E-9
  4945.0       3.0347933E-9
  4950.0       3.0775456E-9
  4955.0       2.785913E-9
  4960.0       2.4783993E-9
  4965.0       2.2864293E-9
  4970.0       2.217974E-9
  4975.0       2.2080482E-9
  4980.0       2.1904167E-9
  4985.0       2.256812E-9
  4990.0       2.3203035E-9
  4995.0       2.2993731E-9
  5000.0       2.2470517E-9
  5005.0       2.2036812E-9
  5010.0       2.1158728E-9
  5015.0       2.0474868E-9
  5020.0       2.1329103E-9
  5025.0       2.310763E-9
  5030.0       2.4467666E-9
  5035.0       2.3772118E-9
  5040.0       2.3299485E-9
  5045.0       2.5255562E-9
  5050.0       2.6885183E-9
  5055.0       2.872251E-9
  5060.0       2.9452187E-9
  5065.0       2.8640414E-9
  5070.0       2.8118066E-9
  5075.0       2.730287E-9
  5080.0       2.6936997E-9
  5085.0       2.8160974E-9
  5090.0       2.9376406E-9
  5095.0       2.9806384E-9
  5100.0       2.9649112E-9
  5105.0       2.873707E-9
  5110.0       2.8172715E-9
  5115.0       2.9412002E-9
  5120.0       2.9871117E-9
  5125.0       2.9271E-9
  5130.0       2.9232738E-9
  5135.0       2.956702E-9
  5140.0       2.9277105E-9
  5145.0       2.8277802E-9
  5150.0       2.8130305E-9
  5155.0       3.026006E-9
  5160.0       3.0827911E-9
  5165.0       2.6443299E-9
  5170.0       2.19083E-9
  5175.0       2.0477624E-9
  5180.0       2.041317E-9
  5185.0       2.1099498E-9
  5190.0       2.2078932E-9
  5195.0       2.3305164E-9
  5200.0       2.4016096E-9
  5205.0       2.3003404E-9
  5210.0       2.3062081E-9
  5215.0       2.4479305E-9
  5220.0       2.5966693E-9
  5225.0       2.6971279E-9
  5230.0       2.8719072E-9
  5235.0       3.0317602E-9
  5240.0       3.1192913E-9
  5245.0       2.9278218E-9
  5250.0       2.7075229E-9
  5255.0       2.8032963E-9
  5260.0       2.9203056E-9
  5265.0       2.8290907E-9
  5270.0       2.7775706E-9
  5275.0       2.9274108E-9
  5280.0       3.2166327E-9
  5285.0       3.4977277E-9
  5290.0       3.6085566E-9
  5295.0       3.4669685E-9
  5300.0       3.390425E-9
  5305.0       3.536813E-9
  5310.0       3.7083525E-9
  5315.0       3.749366E-9
  5320.0       3.632036E-9
  5325.0       3.4258478E-9
  5330.0       3.3232042E-9
  5335.0       3.406635E-9
  5340.0       3.5059802E-9
  5345.0       3.6086E-9
  5350.0       3.7541223E-9
  5355.0       3.9824557E-9
  5360.0       4.060873E-9
  5365.0       3.904349E-9
  5370.0       3.7403844E-9
  5375.0       3.813372E-9
  5380.0       3.9310346E-9
  5385.0       3.8679437E-9
  5390.0       3.6930992E-9
  5395.0       3.566581E-9
  5400.0       3.5275174E-9
  5405.0       3.4502126E-9
  5410.0       3.5162033E-9
  5415.0       3.8059236E-9
  5420.0       4.0354156E-9
  5425.0       4.009087E-9
  5430.0       3.8437484E-9
  5435.0       3.8629215E-9
  5440.0       4.0247996E-9
  5445.0       3.8795247E-9
  5450.0       3.475958E-9
  5455.0       3.152304E-9
  5460.0       3.1065468E-9
  5465.0       3.2183787E-9
  5470.0       3.2876073E-9
  5475.0       3.2788778E-9
  5480.0       3.323601E-9
  5485.0       3.4685628E-9
  5490.0       3.5775642E-9
  5495.0       3.575969E-9
  5500.0       3.4668106E-9
  5505.0       3.3643477E-9
  5510.0       3.367416E-9
  5515.0       3.5030798E-9
  5520.0       3.735733E-9
  5525.0       3.819474E-9
  5530.0       3.8109014E-9
  5535.0       3.8560786E-9
  5540.0       3.9859E-9
  5545.0       4.0633505E-9
  5550.0       4.0888977E-9
  5555.0       4.0112815E-9
  5560.0       3.897492E-9
  5565.0       3.8196766E-9
  5570.0       3.8368313E-9
  5575.0       3.9129606E-9
  5580.0       3.9264654E-9
  5585.0       3.7718473E-9
  5590.0       3.6188437E-9
  5595.0       3.5949381E-9
  5600.0       3.581501E-9
  5605.0       3.6549572E-9
  5610.0       3.7431884E-9
  5615.0       3.6528884E-9
  5620.0       3.5430354E-9
  5625.0       3.5053727E-9
  5630.0       3.5405423E-9
  5635.0       3.520002E-9
  5640.0       3.4969798E-9
  5645.0       3.607714E-9
  5650.0       3.767492E-9
  5655.0       3.7855963E-9
  5660.0       3.6729852E-9
  5665.0       3.634774E-9
  5670.0       3.6984706E-9
  5675.0       3.865184E-9
  5680.0       3.9631742E-9
  5685.0       4.002819E-9
  5690.0       4.0635224E-9
  5695.0       4.0469414E-9
  5700.0       3.903129E-9
  5705.0       3.805392E-9
  5710.0       3.8574335E-9
  5715.0       4.066963E-9
  5720.0       4.2129913E-9
  5725.0       4.1772474E-9
  5730.0       4.127423E-9
  5735.0       4.1822914E-9
  5740.0       4.2557584E-9
  5745.0       4.336623E-9
  5750.0       4.3666084E-9
  5755.0       4.3261363E-9
  5760.0       4.253036E-9
  5765.0       4.276388E-9
  5770.0       4.3302513E-9
  5775.0       4.2587387E-9
  5780.0       4.0829424E-9
  5785.0       4.0766133E-9
  5790.0       4.314565E-9
  5795.0       4.5677746E-9
  5800.0       4.7683053E-9
  5805.0       4.7635234E-9
  5810.0       4.609249E-9
  5815.0       4.4718766E-9
  5820.0       4.4682427E-9
  5825.0       4.552562E-9
  5830.0       4.6474335E-9
  5835.0       4.6563176E-9
  5840.0       4.6184634E-9
  5845.0       4.370319E-9
  5850.0       4.0254915E-9
  5855.0       3.8779278E-9
  5860.0       3.8699324E-9
  5865.0       3.869274E-9
  5870.0       3.858995E-9
  5875.0       3.779025E-9
  5880.0       3.6056593E-9
  5885.0       3.238173E-9
  5890.0       2.8375233E-9
  5895.0       2.89292E-9
  5900.0       3.2154266E-9
  5905.0       3.4766294E-9
  5910.0       3.5451675E-9
  5915.0       3.5403214E-9
  5920.0       3.579049E-9
  5925.0       3.686656E-9
  5930.0       3.7579078E-9
  5935.0       3.8016545E-9
  5940.0       3.844251E-9
  5945.0       3.8665013E-9
  5950.0       3.813212E-9
  5955.0       3.818798E-9
  5960.0       3.945582E-9
  5965.0       4.0603503E-9
  5970.0       4.1153205E-9
  5975.0       4.064689E-9
  5980.0       4.075907E-9
  5985.0       4.24509E-9
  5990.0       4.412039E-9
  5995.0       4.423294E-9
  6000.0       4.337701E-9
  6005.0       4.3145953E-9
  6010.0       4.3547974E-9
  6015.0       4.4169455E-9
  6020.0       4.551422E-9
  6025.0       4.6692694E-9
  6030.0       4.8348374E-9
  6035.0       4.9500257E-9
  6040.0       5.0782267E-9
  6045.0       5.186334E-9
  6050.0       5.1484776E-9
  6055.0       5.0574678E-9
  6060.0       5.06099E-9
  6065.0       5.251422E-9
  6070.0       5.4362466E-9
  6075.0       5.323755E-9
  6080.0       5.1643188E-9
  6085.0       5.1631446E-9
  6090.0       5.226869E-9
  6095.0       5.295954E-9
  6100.0       5.2859663E-9
  6105.0       5.352696E-9
  6110.0       5.4197984E-9
  6115.0       5.332893E-9
  6120.0       5.2092726E-9
  6125.0       5.2028213E-9
  6130.0       5.14268E-9
  6135.0       5.0690665E-9
  6140.0       5.111147E-9
  6145.0       5.092131E-9
  6150.0       4.7781983E-9
  6155.0       4.3086703E-9
  6160.0       3.894273E-9
  6165.0       3.8420285E-9
  6170.0       3.8845367E-9
  6175.0       3.9548245E-9
  6180.0       3.920467E-9
  6185.0       3.7496957E-9
  6190.0       3.6518302E-9
  6195.0       3.760549E-9
  6200.0       3.831238E-9
  6205.0       3.849632E-9
  6210.0       3.6769048E-9
  6215.0       3.5002425E-9
  6220.0       3.4252674E-9
  6225.0       3.4162917E-9
  6230.0       3.4436871E-9
  6235.0       3.5037175E-9
  6240.0       3.5106011E-9
  6245.0       3.61476E-9
  6250.0       3.6660686E-9
  6255.0       3.6475754E-9
  6260.0       3.7683234E-9
  6265.0       3.88995E-9
  6270.0       3.950892E-9
  6275.0       3.9751478E-9
  6280.0       4.0201518E-9
  6285.0       4.2271635E-9
  6290.0       4.3838564E-9
  6295.0       4.4000124E-9
  6300.0       4.5009974E-9
  6305.0       4.704436E-9
  6310.0       4.8366844E-9
  6315.0       4.9002087E-9
  6320.0       4.9903592E-9
  6325.0       5.135829E-9
  6330.0       5.2306013E-9
  6335.0       5.2342752E-9
  6340.0       5.2596674E-9
  6345.0       5.2217755E-9
  6350.0       5.146786E-9
  6355.0       4.9716826E-9
  6360.0       5.0002864E-9
  6365.0       5.3352776E-9
  6370.0       5.647644E-9
  6375.0       5.6786353E-9
  6380.0       5.627319E-9
  6385.0       5.6424474E-9
  6390.0       5.67133E-9
  6395.0       5.7735408E-9
  6400.0       5.9192695E-9
  6405.0       5.9871295E-9
  6410.0       5.9154006E-9
  6415.0       5.8428498E-9
  6420.0       5.8255614E-9
  6425.0       5.9113328E-9
  6430.0       5.952447E-9
  6435.0       6.1276775E-9
  6440.0       6.318423E-9
  6445.0       6.2402004E-9
  6450.0       6.127158E-9
  6455.0       6.266634E-9
  6460.0       6.2889156E-9
  6465.0       6.250646E-9
  6470.0       6.1129763E-9
  6475.0       5.878205E-9
  6480.0       5.6253664E-9
  6485.0       5.5412253E-9
  6490.0       5.3776876E-9
  6495.0       5.172829E-9
  6500.0       5.4020495E-9
  6505.0       5.7262257E-9
  6510.0       5.9173026E-9
  6515.0       6.0084138E-9
  6520.0       6.144518E-9
  6525.0       6.198861E-9
  6530.0       6.2150596E-9
  6535.0       6.2625403E-9
  6540.0       6.1708287E-9
  6545.0       5.9092033E-9
  6550.0       5.70367E-9
  6555.0       5.548663E-9
  6560.0       5.388956E-9
  6565.0       5.626936E-9
  6570.0       5.821895E-9
  6575.0       5.892826E-9
  6580.0       6.003726E-9
  6585.0       6.0677268E-9
  6590.0       6.000376E-9
  6595.0       6.0082903E-9
  6600.0       6.058664E-9
  6605.0       5.9577285E-9
  6610.0       5.9447696E-9
  6615.0       6.0380856E-9
  6620.0       6.04065E-9
  6625.0       5.9138237E-9
  6630.0       5.836683E-9
  6635.0       5.809237E-9
  6640.0       5.7851977E-9
  6645.0       5.67315E-9
  6650.0       5.5632254E-9
  6655.0       5.4951257E-9
  6660.0       5.433223E-9
  6665.0       5.46505E-9
  6670.0       5.53813E-9
  6675.0       5.437593E-9
  6680.0       5.341628E-9
  6685.0       5.3657407E-9
  6690.0       5.3927716E-9
  6695.0       5.3862057E-9
  6700.0       5.398002E-9
  6705.0       5.3946145E-9
  6710.0       5.2831846E-9
  6715.0       5.087963E-9
  6720.0       5.056603E-9
  6725.0       5.129786E-9
  6730.0       5.199928E-9
  6735.0       5.203843E-9
  6740.0       5.1705453E-9
  6745.0       5.1645466E-9
  6750.0       5.2187707E-9
  6755.0       5.395731E-9
  6760.0       5.5099467E-9
  6765.0       5.4984484E-9
  6770.0       5.5713034E-9
  6775.0       5.6919554E-9
  6780.0       5.5997043E-9
  6785.0       5.4606426E-9
  6790.0       5.4596416E-9
  6795.0       5.5936638E-9
  6800.0       5.732571E-9
  6805.0       5.80436E-9
  6810.0       5.8104925E-9
  6815.0       5.833894E-9
  6820.0       5.899224E-9
  6825.0       5.943201E-9
  6830.0       5.965402E-9
  6835.0       6.019994E-9
  6840.0       6.0286305E-9
  6845.0       6.072556E-9
  6850.0       6.123189E-9
  6855.0       6.175206E-9
  6860.0       6.2304952E-9
  6865.0       6.2876766E-9
  6870.0       6.3457644E-9
  6875.0       6.4041292E-9
  6880.0       6.4640266E-9
  6885.0       6.525862E-9
  6890.0       6.588511E-9
  6895.0       6.6520838E-9
  6900.0       6.716903E-9
  6905.0       6.7823955E-9
  6910.0       6.8485377E-9
  6915.0       6.916897E-9
  6920.0       6.984954E-9
  6925.0       7.0526447E-9
  6930.0       7.1219506E-9
  6935.0       7.191838E-9
  6940.0       7.2624893E-9
  6945.0       7.332798E-9
  6950.0       7.4016357E-9
  6955.0       7.468574E-9
  6960.0       7.540784E-9
  6965.0       7.618216E-9
  6970.0       7.656445E-9
  6975.0       7.573905E-9
  6980.0       7.606621E-9
  6985.0       7.697781E-9
  6990.0       7.680347E-9
  6995.0       7.714683E-9
  7000.0       7.752008E-9
  7005.0       7.809001E-9
  7010.0       7.879883E-9
  7015.0       7.8913125E-9
  7020.0       7.97195E-9
  7025.0       8.0257925E-9
  7030.0       8.177582E-9
  7035.0       8.299946E-9
  7040.0       8.489135E-9
  7045.0       8.567566E-9
  7050.0       7.999934E-9
  7055.0       6.990492E-9
  7060.0       6.336262E-9
  7065.0       6.220849E-9
  7070.0       6.5650214E-9
  7075.0       6.9032215E-9
  7080.0       6.863134E-9
  7085.0       6.255556E-9
  7090.0       5.715979E-9
  7095.0       5.597034E-9
  7100.0       5.6725655E-9
  7105.0       5.8291123E-9
  7110.0       6.0047767E-9
  7115.0       6.2234555E-9
  7120.0       6.155063E-9
  7125.0       5.5840355E-9
  7130.0       5.184905E-9
  7135.0       5.2236424E-9
  7140.0       5.393451E-9
  7145.0       5.5197207E-9
  7150.0       5.637142E-9
  7155.0       5.752576E-9
  7160.0       5.769499E-9
  7165.0       5.7415552E-9
  7170.0       5.754837E-9
  7175.0       5.7839933E-9
  7180.0       5.834208E-9
  7185.0       5.8140994E-9
  7190.0       5.8719554E-9
  7195.0       5.894112E-9
  7200.0       5.9353216E-9
  7205.0       6.110028E-9
  7210.0       6.3926784E-9
  7215.0       6.6660157E-9
  7220.0       6.839957E-9
  7225.0       6.954668E-9
  7230.0       6.9803043E-9
  7235.0       6.9572486E-9
  7240.0       6.9910033E-9
  7245.0       7.1735946E-9
  7250.0       7.3008275E-9
  7255.0       7.4403186E-9
  7260.0       7.536494E-9
  7265.0       7.679122E-9
  7270.0       7.737731E-9
  7275.0       7.760554E-9
  7280.0       7.769892E-9
  7285.0       7.792439E-9
  7290.0       7.825067E-9
  7295.0       8.1073575E-9
  7300.0       8.291482E-9
  7305.0       8.386802E-9
  7310.0       8.440856E-9
  7315.0       8.461571E-9
  7320.0       8.504377E-9
  7325.0       8.639499E-9
  7330.0       8.841586E-9
  7335.0       9.073197E-9
  7340.0       9.1800105E-9
  7345.0       9.129083E-9
  7350.0       8.996829E-9
  7355.0       8.768015E-9
  7360.0       8.822162E-9
  7365.0       9.133841E-9
  7370.0       9.579524E-9
  7375.0       9.800674E-9
  7380.0       9.696826E-9
  7385.0       9.429703E-9
  7390.0       9.375574E-9
  7395.0       9.54735E-9
  7400.0       9.73804E-9
  7405.0       9.8110755E-9
  7410.0       9.625519E-9
  7415.0       9.455193E-9
  7420.0       9.491526E-9
  7425.0       9.8149116E-9
  7430.0       9.985306E-9
  7435.0       9.999681E-9
  7440.0       9.964228E-9
  7445.0       1.0062964E-8
  7450.0       1.0204205E-8
  7455.0       1.0097871E-8
  7460.0       9.9155955E-9
  7465.0       1.0023169E-8
  7470.0       1.0071011E-8
  7475.0       1.0110522E-8
  7480.0       1.00990905E-8
  7485.0       1.0091359E-8
  7490.0       9.98484E-9
  7495.0       1.0065231E-8
  7500.0       1.02453335E-8
  7505.0       1.0255253E-8
  7510.0       1.0245979E-8
  7515.0       1.0387401E-8
  7520.0       1.0435772E-8
  7525.0       1.0419331E-8
  7530.0       1.0475642E-8
  7535.0       1.0503456E-8
  7540.0       1.0509675E-8
  7545.0       1.0472491E-8
  7550.0       1.0436134E-8
  7555.0       1.0387859E-8
  7560.0       1.0340756E-8
  7565.0       1.0296499E-8
  7570.0       1.0250874E-8
  7575.0       1.0204362E-8
  7580.0       1.0158916E-8
  7585.0       1.0112008E-8
  7590.0       1.0064507E-8
  7595.0       1.0017951E-8
  7600.0       9.970598E-9
  7605.0       9.92256E-9
  7610.0       9.873309E-9
  7615.0       9.823494E-9
  7620.0       9.7732125E-9
  7625.0       9.722722E-9
  7630.0       9.6721955E-9
  7635.0       9.621838E-9
  7640.0       9.5718615E-9
  7645.0       9.522511E-9
  7650.0       9.473953E-9
  7655.0       9.42638E-9
  7660.0       9.3799795E-9
  7665.0       9.334817E-9
  7670.0       9.289834E-9
  7675.0       9.244449E-9
  7680.0       9.20313E-9
  7685.0       9.16855E-9
  7690.0       9.135732E-9
  7695.0       9.100916E-9
  7700.0       9.065358E-9
  7705.0       9.029849E-9
  7710.0       8.997797E-9
  7715.0       8.968422E-9
  7720.0       8.929729E-9
  7725.0       8.887128E-9
  7730.0       8.932061E-9
  7735.0       9.082798E-9
  7740.0       8.970274E-9
  7745.0       8.520562E-9
  7750.0       8.280129E-9
  7755.0       8.480132E-9
  7760.0       8.698188E-9
  7765.0       8.776987E-9
  7770.0       8.817821E-9
  7775.0       8.91746E-9
  7780.0       8.911951E-9
  7785.0       8.8424414E-9
  7790.0       8.864882E-9
  7795.0       9.01361E-9
  7800.0       9.201801E-9
  7805.0       9.313991E-9
  7810.0       9.431078E-9
  7815.0       9.556434E-9
  7820.0       9.5347765E-9
  7825.0       9.3401304E-9
  7830.0       9.035116E-9
  7835.0       8.950913E-9
  7840.0       9.067552E-9
  7845.0       9.124883E-9
  7850.0       9.109796E-9
  7855.0       9.253331E-9
  7860.0       9.3776436E-9
  7865.0       9.392412E-9
  7870.0       9.33249E-9
  7875.0       9.293467E-9
  7880.0       9.270313E-9
  7885.0       9.364613E-9
  7890.0       9.340765E-9
  7895.0       9.135443E-9
  7900.0       9.053776E-9
  7905.0       8.9582E-9
  7910.0       8.782587E-9
  7915.0       8.728218E-9
  7920.0       8.8673255E-9
  7925.0       9.052464E-9
  7930.0       9.147958E-9
  7935.0       9.014234E-9
  7940.0       8.804115E-9
  7945.0       8.747717E-9
  7950.0       8.925159E-9
  7955.0       9.039411E-9
  7960.0       9.088564E-9
  7965.0       9.318449E-9
  7970.0       9.508981E-9
  7975.0       9.494277E-9
  7980.0       9.4557535E-9
  7985.0       9.487179E-9
  7990.0       9.45355E-9
  7995.0       9.29644E-9
  8000.0       9.312131E-9
  8005.0       9.483144E-9
  8010.0       9.733369E-9
  8015.0       9.910231E-9
  8020.0       9.715191E-9
  8025.0       9.273872E-9
  8030.0       9.351211E-9
  8035.0       9.809419E-9
  8040.0       9.896232E-9
  8045.0       9.594995E-9
  8050.0       9.532717E-9
  8055.0       9.725635E-9
  8060.0       9.809037E-9
  8065.0       9.605733E-9
  8070.0       9.377685E-9
  8075.0       9.495452E-9
  8080.0       9.675281E-9
  8085.0       9.731009E-9
  8090.0       9.550194E-9
  8095.0       9.490271E-9
  8100.0       9.520729E-9
  8105.0       9.516819E-9
  8110.0       9.477773E-9
  8115.0       9.40875E-9
  8120.0       9.4518775E-9
  8125.0       9.490627E-9
  8130.0       9.5043395E-9
  8135.0       9.5680255E-9
  8140.0       9.549144E-9
  8145.0       9.466996E-9
  8150.0       9.423994E-9
  8155.0       9.393314E-9
  8160.0       9.31438E-9
  8165.0       9.508523E-9
  8170.0       9.592933E-9
  8175.0       9.463065E-9
  8180.0       9.3359835E-9
  8185.0       9.424889E-9
  8190.0       9.529348E-9
  8195.0       9.367846E-9
  8200.0       9.269721E-9
  8205.0       9.43188E-9
  8210.0       9.760094E-9
  8215.0       9.938791E-9
  8220.0       9.86392E-9
  8225.0       9.483576E-9
  8230.0       9.292972E-9
  8235.0       9.6235695E-9
  8240.0       1.0063014E-8
  8245.0       1.03334115E-8
  8250.0       1.0247496E-8
  8255.0       1.0127309E-8
  8260.0       1.0194417E-8
  8265.0       1.0320183E-8
  8270.0       1.0376348E-8
  8275.0       1.0241288E-8
  8280.0       1.0054263E-8
  8285.0       9.986696E-9
  8290.0       1.0037039E-8
  8295.0       1.0089837E-8
  8300.0       1.0013381E-8
  8305.0       9.790262E-9
  8310.0       9.7993915E-9
  8315.0       9.955854E-9
  8320.0       1.0028714E-8
  8325.0       9.9720445E-9
  8330.0       9.939011E-9
  8335.0       1.00623785E-8
  8340.0       1.016109E-8
  8345.0       1.0050399E-8
  8350.0       1.00263655E-8
  8355.0       1.0136114E-8
  8360.0       1.0176384E-8
  8365.0       1.0265395E-8
  8370.0       1.0295829E-8
  8375.0       1.0198274E-8
  8380.0       1.0022553E-8
  8385.0       9.866549E-9
  8390.0       9.9809965E-9
  8395.0       1.0156217E-8
  8400.0       1.0370916E-8
  8405.0       1.0503686E-8
  8410.0       1.0431198E-8
  8415.0       1.0302394E-8
  8420.0       1.01371445E-8
  8425.0       9.991454E-9
  8430.0       9.818127E-9
  8435.0       9.414078E-9
  8440.0       9.414431E-9
  8445.0       9.563292E-9
  8450.0       9.681587E-9
  8455.0       9.709892E-9
  8460.0       9.675455E-9
  8465.0       9.371314E-9
  8470.0       9.405356E-9
  8475.0       9.766657E-9
  8480.0       1.0066515E-8
  8485.0       1.0235725E-8
  8490.0       9.802653E-9
  8495.0       8.55905E-9
  8500.0       8.287137E-9
  8505.0       9.1192405E-9
  8510.0       9.580779E-9
  8515.0       9.357488E-9
  8520.0       9.2267545E-9
  8525.0       9.27901E-9
  8530.0       9.110866E-9
  8535.0       8.234587E-9
  8540.0       7.0214035E-9
  8545.0       7.204243E-9
  8550.0       8.282056E-9
  8555.0       9.149733E-9
  8560.0       9.592655E-9
  8565.0       9.706759E-9
  8570.0       9.662538E-9
  8575.0       9.656554E-9
  8580.0       9.681484E-9
  8585.0       9.762265E-9
  8590.0       9.838366E-9
  8595.0       9.8277635E-9
  8600.0       9.917596E-9
  8605.0       1.00318145E-8
  8610.0       1.00938635E-8
  8615.0       1.0169956E-8
  8620.0       1.0215012E-8
  8625.0       1.03609255E-8
  8630.0       1.0486067E-8
  8635.0       1.0568621E-8
  8640.0       1.0572826E-8
  8645.0       1.0434905E-8
  8650.0       1.01762865E-8
  8655.0       9.545771E-9
  8660.0       8.387829E-9
  8665.0       8.184273E-9
  8670.0       8.645002E-9
  8675.0       9.251731E-9
  8680.0       9.803569E-9
  8685.0       9.825414E-9
  8690.0       9.940149E-9
  8695.0       1.0561898E-8
  8700.0       1.05911155E-8
  8705.0       1.0647885E-8
  8710.0       1.07029985E-8
  8715.0       1.0796134E-8
  8720.0       1.0930353E-8
  8725.0       1.0914354E-8
  8730.0       1.0774245E-8
  8735.0       1.0720849E-8
  8740.0       1.0748799E-8
  8745.0       1.0801464E-8
  8750.0       1.0806952E-8
  8755.0       1.0814017E-8
  8760.0       1.0721002E-8
  8765.0       1.06164775E-8
  8770.0       1.0594083E-8
  8775.0       1.0757606E-8
  8780.0       1.0960017E-8
  8785.0       1.1076639E-8
  8790.0       1.0995927E-8
  8795.0       1.0898056E-8
  8800.0       1.0617505E-8
  8805.0       1.0233057E-8
  8810.0       1.067342E-8
  8815.0       1.1000228E-8
  8820.0       1.079709E-8
  8825.0       1.0823136E-8
  8830.0       1.10868354E-8
  8835.0       1.0927116E-8
  8840.0       1.0963458E-8
  8845.0       1.1212201E-8
  8850.0       1.139404E-8
  8855.0       1.1290364E-8
  8860.0       1.0879759E-8
  8865.0       1.059374E-8
  8870.0       1.0604392E-8
  8875.0       1.0615135E-8
  8880.0       1.0726501E-8
  8885.0       1.08828E-8
  8890.0       1.091011E-8
  8895.0       1.095304E-8
  8900.0       1.1036798E-8
  8905.0       1.1101102E-8
  8910.0       1.1072233E-8
  8915.0       1.0970931E-8
  8920.0       1.0843717E-8
  8925.0       1.0868496E-8
  8930.0       1.0903782E-8
  8935.0       1.0990929E-8
  8940.0       1.08041895E-8
  8945.0       1.0726322E-8
  8950.0       1.1089947E-8
  8955.0       1.1264565E-8
  8960.0       1.1102613E-8
  8965.0       1.0972546E-8
  8970.0       1.0849835E-8
  8975.0       1.0920104E-8
  8980.0       1.0933595E-8
  8985.0       1.0572709E-8
  8990.0       1.0660154E-8
  8995.0       1.076932E-8
  9000.0       1.0700524E-8
  9005.0       1.0589234E-8
  9010.0       1.0231556E-8
  9015.0       1.0199293E-8
  9020.0       1.0403077E-8
  9025.0       1.0734566E-8
  9030.0       1.1344244E-8
  9035.0       1.1643219E-8
  9040.0       1.1766486E-8
  9045.0       1.1839263E-8
  9050.0       1.1772275E-8
  9055.0       1.1608388E-8
  9060.0       1.1346293E-8
  9065.0       1.1139802E-8
  9070.0       1.0867635E-8
  9075.0       1.0778017E-8
  9080.0       1.0442996E-8
  9085.0       9.926355E-9
  9090.0       1.0127374E-8
  9095.0       1.0525504E-8
  9100.0       1.0506639E-8
  9105.0       1.0408301E-8
  9110.0       1.0376761E-8
  9115.0       1.0221652E-8
  9120.0       1.0460032E-8
  9125.0       1.051987E-8
  9130.0       1.0265739E-8
  9135.0       9.912372E-9
  9140.0       9.535357E-9
  9145.0       9.44057E-9
  9150.0       9.24726E-9
  9155.0       9.218873E-9
  9160.0       9.328436E-9
  9165.0       8.84256E-9
  9170.0       8.383311E-9
  9175.0       8.682146E-9
  9180.0       8.960091E-9
  9185.0       9.028742E-9
  9190.0       8.872471E-9
  9195.0       8.8914875E-9
  9200.0       8.979412E-9
  9205.0       8.914414E-9
  9210.0       8.8669285E-9
  9215.0       8.897027E-9
  9220.0       9.037133E-9
  9225.0       9.025834E-9
  9230.0       9.0290175E-9
  9235.0       9.004988E-9
  9240.0       9.008452E-9
  9245.0       8.964056E-9
  9250.0       9.0949985E-9
  9255.0       9.2005195E-9
  9260.0       9.27725E-9
  9265.0       9.40418E-9
  9270.0       9.459996E-9
  9275.0       9.315413E-9
  9280.0       9.273877E-9
  9285.0       9.271058E-9
  9290.0       9.244072E-9
  9295.0       9.268712E-9
  9300.0       9.344335E-9
  9305.0       9.243757E-9
  9310.0       9.104614E-9
  9315.0       8.880489E-9
  9320.0       8.95526E-9
  9325.0       9.040441E-9
  9330.0       9.0586445E-9
  9335.0       8.875006E-9
  9340.0       8.619216E-9
  9345.0       8.824871E-9
  9350.0       8.8632115E-9
  9355.0       8.726316E-9
  9360.0       9.010878E-9
  9365.0       9.007361E-9
  9370.0       9.058939E-9
  9375.0       9.161037E-9
  9380.0       9.30954E-9
  9385.0       9.679089E-9
  9390.0       1.0021079E-8
  9395.0       1.0138704E-8
  9400.0       1.0110226E-8
  9405.0       9.902034E-9
  9410.0       9.737259E-9
  9415.0       9.705696E-9
  9420.0       9.693506E-9
  9425.0       9.419391E-9
  9430.0       9.432501E-9
  9435.0       9.253663E-9
  9440.0       9.002672E-9
  9445.0       9.208943E-9
  9450.0       9.388658E-9
  9455.0       9.350104E-9
  9460.0       9.340272E-9
  9465.0       9.565056E-9
  9470.0       9.653699E-9
  9475.0       9.5815205E-9
  9480.0       9.484151E-9
  9485.0       9.795569E-9
  9490.0       9.711982E-9
  9495.0       9.418994E-9
  9500.0       9.5439034E-9
  9505.0       9.936797E-9
  9510.0       9.919286E-9
  9515.0       9.587392E-9
  9520.0       9.456914E-9
  9525.0       9.644611E-9
  9530.0       9.785288E-9
  9535.0       9.835262E-9
  9540.0       9.6130375E-9
  9545.0       9.459971E-9
  9550.0       9.541377E-9
  9555.0       9.538778E-9
  9560.0       9.53878E-9
  9565.0       9.427299E-9
  9570.0       9.5452934E-9
  9575.0       9.6766835E-9
  9580.0       9.5765245E-9
  9585.0       9.534667E-9
  9590.0       9.555193E-9
  9595.0       9.554775E-9
  9600.0       9.597774E-9
  9605.0       9.680909E-9
  9610.0       9.820711E-9
  9615.0       9.685156E-9
  9620.0       9.565279E-9
  9625.0       9.646197E-9
  9630.0       9.590726E-9
  9635.0       9.376126E-9
  9640.0       9.323867E-9
  9645.0       9.303087E-9
  9650.0       9.335971E-9
  9655.0       9.394168E-9
  9660.0       9.304643E-9
  9665.0       9.346361E-9
  9670.0       9.337216E-9
  9675.0       9.39702E-9
  9680.0       9.564089E-9
  9685.0       9.517316E-9
  9690.0       9.518451E-9
  9695.0       9.629158E-9
  9700.0       9.552788E-9
  9705.0       9.426164E-9
  9710.0       9.607232E-9
  9715.0       9.543982E-9
  9720.0       9.559011E-9
  9725.0       9.363089E-9
  9730.0       9.345862E-9
  9735.0       9.45283E-9
  9740.0       9.483676E-9
  9745.0       9.478182E-9
  9750.0       9.579498E-9
  9755.0       9.580967E-9
  9760.0       9.688756E-9
  9765.0       9.597106E-9
  9770.0       9.618445E-9
  9775.0       9.662147E-9
  9780.0       9.48797E-9
  9785.0       9.54221E-9
  9790.0       9.675874E-9
  9795.0       9.809977E-9
  9800.0       9.9140065E-9
  9805.0       1.0055215E-8
  9810.0       1.0014687E-8
  9815.0       9.9753E-9
  9820.0       9.999035E-9
  9825.0       9.853811E-9
  9830.0       9.955675E-9
  9835.0       1.0016418E-8
  9840.0       1.01030055E-8
  9845.0       1.0226552E-8
  9850.0       1.0264711E-8
  9855.0       1.0233415E-8
  9860.0       1.0096398E-8
  9865.0       1.0192168E-8
  9870.0       1.0213708E-8
  9875.0       1.0214905E-8
  9880.0       1.01086055E-8
  9885.0       1.0223672E-8
  9890.0       1.02365805E-8
  9895.0       1.0133455E-8
  9900.0       1.0112812E-8
  9905.0       1.01306785E-8
  9910.0       1.0098061E-8
  9915.0       1.01706545E-8
  9920.0       1.0162959E-8
  9925.0       1.0034072E-8
  9930.0       1.0161079E-8
  9935.0       1.0249486E-8
  9940.0       1.0250335E-8
  9945.0       1.0207382E-8
  9950.0       1.0108359E-8
  9955.0       1.0232596E-8
  9960.0       1.015823E-8
  9965.0       1.0310501E-8
  9970.0       1.046684E-8
  9975.0       1.03669535E-8
  9980.0       1.0255634E-8
  9985.0       1.0305862E-8
  9990.0       1.0404445E-8
  9995.0       1.0326632E-8
  10000.0      1.0265353E-8
  10005.0      1.0420297E-8
  10010.0      1.0496875E-8
  10015.0      1.0457739E-8
  10020.0      1.0419808E-8
  10025.0      1.050269E-8
  10030.0      1.03419415E-8
  10035.0      1.0342907E-8
  10040.0      1.0488149E-8
  10045.0      1.0132219E-8
  10050.0      1.0139241E-8
  10055.0      1.0094622E-8
  10060.0      1.0341611E-8
  10065.0      1.0135161E-8
  10070.0      1.0293816E-8
  10075.0      1.033983E-8
  10080.0      1.0272698E-8
  10085.0      1.018449E-8
  10090.0      1.0248982E-8
  10095.0      1.0381099E-8
  10100.0      1.0476938E-8
  10105.0      1.0474057E-8
  10110.0      1.0511315E-8
  10115.0      1.03252304E-8
  10120.0      1.0285209E-8
  10125.0      1.0541361E-8
  10130.0      1.0565499E-8
  10135.0      1.0400399E-8
  10140.0      1.030957E-8
  10145.0      1.02965885E-8
  10150.0      1.0294996E-8
  10155.0      1.0294614E-8
  10160.0      1.0295394E-8
  10165.0      1.0297259E-8
  10170.0      1.0300059E-8
  10175.0      1.0303727E-8
  10180.0      1.03081295E-8
  10185.0      1.0313178E-8
  10190.0      1.0318734E-8
  10195.0      1.0324726E-8
  10200.0      1.033101E-8
  10205.0      1.0337503E-8
  10210.0      1.03442E-8
  10215.0      1.035107E-8
  10220.0      1.0358095E-8
  10225.0      1.0365262E-8
  10230.0      1.0372622E-8
  10235.0      1.0380091E-8
  10240.0      1.03876925E-8
  10245.0      1.0395413E-8
  10250.0      1.0403204E-8
  10255.0      1.0410954E-8
  10260.0      1.0418019E-8
  10265.0      1.0423803E-8
  10270.0      1.0427497E-8
  10275.0      1.0428395E-8
  10280.0      1.0425824E-8
  10285.0      1.0419037E-8
  10290.0      1.040733E-8
  10295.0      1.038994E-8
  10300.0      1.03662385E-8
  10305.0      1.0336154E-8
  10310.0      1.0301045E-8
  10315.0      1.0262893E-8
  10320.0      1.0223702E-8
  10325.0      1.0185478E-8
  10330.0      1.0150265E-8
  10335.0      1.0120055E-8
  10340.0      1.0096902E-8
  10345.0      1.0082788E-8
  10350.0      1.0079664E-8
  10355.0      1.0088569E-8
  10360.0      1.0108334E-8
  10365.0      1.0136901E-8
  10370.0      1.01720845E-8
  10375.0      1.0211765E-8
  10380.0      1.0253786E-8
  10385.0      1.0295986E-8
  10390.0      1.0336183E-8
  10395.0      1.0372307E-8
  10400.0      1.0402228E-8
  10405.0      1.0424557E-8
  10410.0      1.0439721E-8
  10415.0      1.0448772E-8
  10420.0      1.04529105E-8
  10425.0      1.045332E-8
  10430.0      1.04511E-8
  10435.0      1.0447484E-8
  10440.0      1.0443611E-8
  10445.0      1.0440634E-8
  10450.0      1.0439714E-8
  10455.0      1.0441659E-8
  10460.0      1.0446443E-8
  10465.0      1.0453773E-8
  10470.0      1.0463356E-8
  10475.0      1.0474757E-8
  10480.0      1.0487692E-8
  10485.0      1.0501784E-8
  10490.0      1.05167395E-8
  10495.0      1.0532126E-8
  10500.0      1.0547676E-8
  10505.0      1.0563119E-8
  10510.0      1.05783595E-8
  10515.0      1.0593371E-8
  10520.0      1.060818E-8
  10525.0      1.0622773E-8
  10530.0      1.0637188E-8
  10535.0      1.06513856E-8
  10540.0      1.06653735E-8
  10545.0      1.0679162E-8
  10550.0      1.0692751E-8
  10555.0      1.0706107E-8
  10560.0      1.07193E-8
  10565.0      1.0732272E-8
  10570.0      1.07450315E-8
  10575.0      1.0757626E-8
  10580.0      1.0769985E-8
  10585.0      1.0782146E-8
  10590.0      1.0794128E-8
  10595.0      1.0805884E-8
  10600.0      1.0817462E-8
  10605.0      1.0828841E-8
  10610.0      1.0840002E-8
  10615.0      1.0850983E-8
  10620.0      8.144348E-9
