# WAVELENGTH   FLUX  
  1150.0       0.0   
  1155.0       0.0   
  1160.0       0.0   
  1165.0       0.0   
  1170.0       0.0   
  1175.0       0.0   
  1180.0       0.0   
  1185.0       0.0   
  1190.0       0.0   
  1195.0       0.0   
  1200.0       0.0   
  1205.0       0.0   
  1210.0       0.0   
  1215.0       0.0   
  1220.0       0.0   
  1225.0       0.0   
  1230.0       0.0   
  1235.0       0.0   
  1240.0       0.0   
  1245.0       0.0   
  1250.0       0.0   
  1255.0       0.0   
  1260.0       0.0   
  1265.0       0.0   
  1270.0       0.0   
  1275.0       0.0   
  1280.0       0.0   
  1285.0       0.0   
  1290.0       0.0   
  1295.0       0.0   
  1300.0       0.0   
  1305.0       0.0   
  1310.0       0.0   
  1315.0       0.0   
  1320.0       0.0   
  1325.0       0.0   
  1330.0       0.0   
  1335.0       0.0   
  1340.0       0.0   
  1345.0       0.0   
  1350.0       0.0   
  1355.0       0.0   
  1360.0       0.0   
  1365.0       0.0   
  1370.0       0.0   
  1375.0       0.0   
  1380.0       0.0   
  1385.0       0.0   
  1390.0       0.0   
  1395.0       0.0   
  1400.0       0.0   
  1405.0       0.0   
  1410.0       0.0   
  1415.0       0.0   
  1420.0       0.0   
  1425.0       0.0   
  1430.0       0.0   
  1435.0       0.0   
  1440.0       0.0   
  1445.0       0.0   
  1450.0       0.0   
  1455.0       0.0   
  1460.0       0.0   
  1465.0       0.0   
  1470.0       0.0   
  1475.0       0.0   
  1480.0       0.0   
  1485.0       0.0   
  1490.0       0.0   
  1495.0       0.0   
  1500.0       0.0   
  1505.0       0.0   
  1510.0       0.0   
  1515.0       0.0   
  1520.0       0.0   
  1525.0       0.0   
  1530.0       0.0   
  1535.0       0.0   
  1540.0       0.0   
  1545.0       0.0   
  1550.0       0.0   
  1555.0       0.0   
  1560.0       0.0   
  1565.0       0.0   
  1570.0       0.0   
  1575.0       0.0   
  1580.0       0.0   
  1585.0       0.0   
  1590.0       0.0   
  1595.0       0.0   
  1600.0       0.0   
  1605.0       0.0   
  1610.0       0.0   
  1615.0       0.0   
  1620.0       0.0   
  1625.0       0.0   
  1630.0       0.0   
  1635.0       0.0   
  1640.0       0.0   
  1645.0       0.0   
  1650.0       0.0   
  1655.0       0.0   
  1660.0       0.0   
  1665.0       0.0   
  1670.0       0.0   
  1675.0       0.0   
  1680.0       0.0   
  1685.0       0.0   
  1690.0       0.0   
  1695.0       0.0   
  1700.0       0.0   
  1705.0       0.0   
  1710.0       0.0   
  1715.0       0.0   
  1720.0       0.0   
  1725.0       0.0   
  1730.0       0.0   
  1735.0       0.0   
  1740.0       0.0   
  1745.0       0.0   
  1750.0       0.0   
  1755.0       0.0   
  1760.0       0.0   
  1765.0       0.0   
  1770.0       0.0   
  1775.0       0.0   
  1780.0       0.0   
  1785.0       0.0   
  1790.0       0.0   
  1795.0       0.0   
  1800.0       0.0   
  1805.0       0.0   
  1810.0       0.0   
  1815.0       0.0   
  1820.0       0.0   
  1825.0       0.0   
  1830.0       0.0   
  1835.0       0.0   
  1840.0       0.0   
  1845.0       0.0   
  1850.0       0.0   
  1855.0       0.0   
  1860.0       0.0   
  1865.0       0.0   
  1870.0       0.0   
  1875.0       0.0   
  1880.0       0.0   
  1885.0       0.0   
  1890.0       0.0   
  1895.0       0.0   
  1900.0       0.0   
  1905.0       0.0   
  1910.0       0.0   
  1915.0       0.0   
  1920.0       0.0   
  1925.0       0.0   
  1930.0       0.0   
  1935.0       0.0   
  1940.0       0.0   
  1945.0       0.0   
  1950.0       0.0   
  1955.0       0.0   
  1960.0       0.0   
  1965.0       0.0   
  1970.0       0.0   
  1975.0       0.0   
  1980.0       0.0   
  1985.0       0.0   
  1990.0       0.0   
  1995.0       0.0   
  2000.0       0.0   
  2005.0       0.0   
  2010.0       0.0   
  2015.0       0.0   
  2020.0       0.0   
  2025.0       0.0   
  2030.0       0.0   
  2035.0       0.0   
  2040.0       0.0   
  2045.0       0.0   
  2050.0       0.0   
  2055.0       0.0   
  2060.0       0.0   
  2065.0       0.0   
  2070.0       0.0   
  2075.0       0.0   
  2080.0       0.0   
  2085.0       0.0   
  2090.0       0.0   
  2095.0       0.0   
  2100.0       0.0   
  2105.0       0.0   
  2110.0       0.0   
  2115.0       0.0   
  2120.0       0.0   
  2125.0       0.0   
  2130.0       0.0   
  2135.0       0.0   
  2140.0       0.0   
  2145.0       0.0   
  2150.0       0.0   
  2155.0       0.0   
  2160.0       0.0   
  2165.0       0.0   
  2170.0       0.0   
  2175.0       0.0   
  2180.0       0.0   
  2185.0       0.0   
  2190.0       0.0   
  2195.0       0.0   
  2200.0       0.0   
  2205.0       0.0   
  2210.0       0.0   
  2215.0       0.0   
  2220.0       0.0   
  2225.0       0.0   
  2230.0       0.0   
  2235.0       0.0   
  2240.0       0.0   
  2245.0       0.0   
  2250.0       0.0   
  2255.0       0.0   
  2260.0       0.0   
  2265.0       0.0   
  2270.0       0.0   
  2275.0       0.0   
  2280.0       0.0   
  2285.0       0.0   
  2290.0       0.0   
  2295.0       0.0   
  2300.0       0.0   
  2305.0       0.0   
  2310.0       0.0   
  2315.0       0.0   
  2320.0       0.0   
  2325.0       0.0   
  2330.0       0.0   
  2335.0       0.0   
  2340.0       0.0   
  2345.0       0.0   
  2350.0       0.0   
  2355.0       0.0   
  2360.0       0.0   
  2365.0       0.0   
  2370.0       0.0   
  2375.0       0.0   
  2380.0       0.0   
  2385.0       0.0   
  2390.0       0.0   
  2395.0       0.0   
  2400.0       0.0   
  2405.0       4.6856724E-16
  2410.0       3.2741362E-15
  2415.0       3.7407613E-15
  2420.0       3.7407618E-15
  2425.0       3.740763E-15
  2430.0       3.7407597E-15
  2435.0       3.7407592E-15
  2440.0       3.740761E-15
  2445.0       3.2722096E-15
  2450.0       4.6664046E-16
  2455.0       0.0   
  2460.0       0.0   
  2465.0       0.0   
  2470.0       0.0   
  2475.0       0.0   
  2480.0       0.0   
  2485.0       0.0   
  2490.0       0.0   
  2495.0       0.0   
  2500.0       1.8741216E-15
  2505.0       1.4970513E-14
  2510.0       2.9933524E-14
  2515.0       4.4896575E-14
  2520.0       5.892247E-14
  2525.0       6.733734E-14
  2530.0       7.3413315E-14
  2535.0       7.013559E-14
  2540.0       5.844107E-14
  2545.0       3.5522536E-14
  2550.0       4.6667797E-15
  2555.0       0.0   
  2560.0       0.0   
  2565.0       0.0   
  2570.0       0.0   
  2575.0       0.0   
  2580.0       0.0   
  2585.0       0.0   
  2590.0       0.0   
  2595.0       0.0   
  2600.0       2.3424718E-14
  2605.0       1.9415521E-13
  2610.0       4.3545695E-13
  2615.0       7.2071136E-13
  2620.0       1.0517882E-12
  2625.0       1.4188663E-12
  2630.0       1.8219497E-12
  2635.0       2.255422E-12
  2640.0       2.7150777E-12
  2645.0       3.1967126E-12
  2650.0       3.694241E-12
  2655.0       4.20626E-12
  2660.0       4.7294998E-12
  2665.0       5.2611635E-12
  2670.0       5.803105E-12
  2675.0       6.353005E-12
  2680.0       6.9099123E-12
  2685.0       7.4710325E-12
  2690.0       8.035413E-12
  2695.0       8.600742E-12
  2700.0       9.168863E-12
  2705.0       9.736994E-12
  2710.0       1.0301836E-11
  2715.0       1.0863433E-11
  2720.0       1.1423611E-11
  2725.0       1.1977692E-11
  2730.0       1.252712E-11
  2735.0       1.3069518E-11
  2740.0       1.3603981E-11
  2745.0       1.412815E-11
  2750.0       1.4643897E-11
  2755.0       1.5148436E-11
  2760.0       1.563752E-11
  2765.0       1.6104167E-11
  2770.0       1.6541851E-11
  2775.0       1.6948165E-11
  2780.0       1.7314716E-11
  2785.0       1.7639216E-11
  2790.0       1.7915542E-11
  2795.0       1.8138558E-11
  2800.0       1.8300347E-11
  2805.0       1.8407869E-11
  2810.0       1.8483583E-11
  2815.0       1.8562618E-11
  2820.0       1.8678618E-11
  2825.0       1.8862896E-11
  2830.0       1.9150983E-11
  2835.0       1.957468E-11
  2840.0       2.0169547E-11
  2845.0       2.0967372E-11
  2850.0       2.20032E-11
  2855.0       2.330274E-11
  2860.0       2.4877751E-11
  2865.0       2.6729544E-11
  2870.0       2.88591E-11
  2875.0       3.1272006E-11
  2880.0       3.397014E-11
  2885.0       3.6958183E-11
  2890.0       4.0233383E-11
  2895.0       4.3804974E-11
  2900.0       4.766739E-11
  2905.0       5.1794947E-11
  2910.0       5.6087558E-11
  2915.0       6.0414174E-11
  2920.0       6.464302E-11
  2925.0       6.8640364E-11
  2930.0       7.227522E-11
  2935.0       7.541817E-11
  2940.0       7.793119E-11
  2945.0       7.968675E-11
  2950.0       8.055603E-11
  2955.0       8.04817E-11
  2960.0       7.957386E-11
  2965.0       7.801379E-11
  2970.0       7.598325E-11
  2975.0       7.366817E-11
  2980.0       7.125247E-11
  2985.0       6.892261E-11
  2990.0       6.686202E-11
  2995.0       6.525468E-11
  3000.0       6.4280956E-11
  3005.0       6.406432E-11
  3010.0       6.458924E-11
  3015.0       6.5780464E-11
  3020.0       6.755905E-11
  3025.0       6.9846136E-11
  3030.0       7.2563455E-11
  3035.0       7.563202E-11
  3040.0       7.897123E-11
  3045.0       8.250715E-11
  3050.0       8.616096E-11
  3055.0       8.987041E-11
  3060.0       9.361771E-11
  3065.0       9.7396986E-11
  3070.0       1.0121113E-10
  3075.0       1.050538E-10
  3080.0       1.0892772E-10
  3085.0       1.1282662E-10
  3090.0       1.1675391E-10
  3095.0       1.2070699E-10
  3100.0       1.2468077E-10
  3105.0       1.2868151E-10
  3110.0       1.327238E-10
  3115.0       1.3682612E-10
  3120.0       1.4100698E-10
  3125.0       1.45285E-10
  3130.0       1.4967905E-10
  3135.0       1.5420766E-10
  3140.0       1.5888978E-10
  3145.0       1.6374435E-10
  3150.0       1.6878991E-10
  3155.0       1.7400945E-10
  3160.0       1.7930611E-10
  3165.0       1.8455612E-10
  3170.0       1.8962756E-10
  3175.0       1.943923E-10
  3180.0       1.9872197E-10
  3185.0       2.0248463E-10
  3190.0       2.055535E-10
  3195.0       2.0779714E-10
  3200.0       2.0909814E-10
  3205.0       2.0942358E-10
  3210.0       2.0898656E-10
  3215.0       2.0808666E-10
  3220.0       2.070367E-10
  3225.0       2.0614459E-10
  3230.0       2.0572251E-10
  3235.0       2.0607699E-10
  3240.0       2.0752251E-10
  3245.0       2.1037036E-10
  3250.0       2.149112E-10
  3255.0       2.2129411E-10
  3260.0       2.2927216E-10
  3265.0       2.3845764E-10
  3270.0       2.484428E-10
  3275.0       2.5881794E-10
  3280.0       2.691768E-10
  3285.0       2.7911023E-10
  3290.0       2.882131E-10
  3295.0       2.9607974E-10
  3300.0       3.0231145E-10
  3305.0       3.066533E-10
  3310.0       3.0920974E-10
  3315.0       3.1022043E-10
  3320.0       3.0993777E-10
  3325.0       3.0861444E-10
  3330.0       3.0650332E-10
  3335.0       3.0385938E-10
  3340.0       3.0093567E-10
  3345.0       2.9798264E-10
  3350.0       2.95252E-10
  3355.0       2.929312E-10
  3360.0       2.9105915E-10
  3365.0       2.8962244E-10
  3370.0       2.885953E-10
  3375.0       2.879531E-10
  3380.0       2.876772E-10
  3385.0       2.877417E-10
  3390.0       2.8812414E-10
  3395.0       2.888024E-10
  3400.0       2.8975305E-10
  3405.0       2.909518E-10
  3410.0       2.923792E-10
  3415.0       2.9402233E-10
  3420.0       2.9585762E-10
  3425.0       2.9787106E-10
  3430.0       3.00042E-10
  3435.0       3.0235212E-10
  3440.0       3.0478492E-10
  3445.0       3.0732203E-10
  3450.0       3.099432E-10
  3455.0       3.1263228E-10
  3460.0       3.1536063E-10
  3465.0       3.1810582E-10
  3470.0       3.2083736E-10
  3475.0       3.2353145E-10
  3480.0       3.261641E-10
  3485.0       3.2870237E-10
  3490.0       3.311261E-10
  3495.0       3.3340422E-10
  3500.0       3.3551042E-10
  3505.0       3.374096E-10
  3510.0       3.3903821E-10
  3515.0       3.4032083E-10
  3520.0       3.4118938E-10
  3525.0       3.415657E-10
  3530.0       3.4137704E-10
  3535.0       3.405511E-10
  3540.0       3.3901265E-10
  3545.0       3.366916E-10
  3550.0       3.3352482E-10
  3555.0       3.2956865E-10
  3560.0       3.2518704E-10
  3565.0       3.2086864E-10
  3570.0       3.1710778E-10
  3575.0       3.1440178E-10
  3580.0       3.1324496E-10
  3585.0       3.1413475E-10
  3590.0       3.1756808E-10
  3595.0       3.2403963E-10
  3600.0       3.422561E-10
  3605.0       3.974195E-10
  3610.0       3.7328995E-10
  3615.0       3.7403464E-10
  3620.0       4.0774845E-10
  3625.0       4.5003895E-10
  3630.0       5.019676E-10
  3635.0       5.188537E-10
  3640.0       4.982171E-10
  3645.0       4.5472973E-10
  3650.0       4.5585483E-10
  3655.0       5.4101645E-10
  3660.0       6.241562E-10
  3665.0       6.2199595E-10
  3670.0       5.8277455E-10
  3675.0       5.7224514E-10
  3680.0       5.7002125E-10
  3685.0       5.5007177E-10
  3690.0       5.578898E-10
  3695.0       6.228101E-10
  3700.0       6.6147227E-10
  3705.0       6.039047E-10
  3710.0       5.2696675E-10
  3715.0       5.188693E-10
  3720.0       5.4887667E-10
  3725.0       5.5567684E-10
  3730.0       5.21189E-10
  3735.0       4.5469525E-10
  3740.0       3.903663E-10
  3745.0       3.6243003E-10
  3750.0       3.8090942E-10
  3755.0       4.3364887E-10
  3760.0       4.7664395E-10
  3765.0       4.818413E-10
  3770.0       4.9154997E-10
  3775.0       5.410958E-10
  3780.0       5.7866E-10
  3785.0       5.4932103E-10
  3790.0       4.7906906E-10
  3795.0       4.2018058E-10
  3800.0       4.0862047E-10
  3805.0       4.456197E-10
  3810.0       4.624116E-10
  3815.0       4.0378526E-10
  3820.0       3.1778027E-10
  3825.0       2.6798477E-10
  3830.0       2.5466318E-10
  3835.0       2.5844815E-10
  3840.0       2.7383548E-10
  3845.0       2.9616037E-10
  3850.0       3.076889E-10
  3855.0       2.96365E-10
  3860.0       2.7828043E-10
  3865.0       2.7206679E-10
  3870.0       2.754882E-10
  3875.0       2.8711783E-10
  3880.0       3.2795414E-10
  3885.0       4.114896E-10
  3890.0       5.086419E-10
  3895.0       5.8346716E-10
  3900.0       6.25476E-10
  3905.0       6.397657E-10
  3910.0       6.444775E-10
  3915.0       6.442512E-10
  3920.0       5.986201E-10
  3925.0       4.8125387E-10
  3930.0       3.4826692E-10
  3935.0       2.7566313E-10
  3940.0       3.0610184E-10
  3945.0       4.413033E-10
  3950.0       6.091415E-10
  3955.0       7.101502E-10
  3960.0       6.529628E-10
  3965.0       4.4075749E-10
  3970.0       3.0724095E-10
  3975.0       4.428239E-10
  3980.0       6.990674E-10
  3985.0       8.725911E-10
  3990.0       9.576496E-10
  3995.0       1.0104839E-9
  4000.0       1.0444573E-9
  4005.0       1.0628285E-9
  4010.0       1.0905212E-9
  4015.0       1.1414133E-9
  4020.0       1.1784885E-9
  4025.0       1.169522E-9
  4030.0       1.1448823E-9
  4035.0       1.1386155E-9
  4040.0       1.1319988E-9
  4045.0       1.1032003E-9
  4050.0       1.0755173E-9
  4055.0       1.0735239E-9
  4060.0       1.0793132E-9
  4065.0       1.071752E-9
  4070.0       1.0649399E-9
  4075.0       1.0841047E-9
  4080.0       1.1450545E-9
  4085.0       1.235103E-9
  4090.0       1.2806637E-9
  4095.0       1.2342779E-9
  4100.0       1.1747967E-9
  4105.0       1.1851388E-9
  4110.0       1.2322594E-9
  4115.0       1.2531228E-9
  4120.0       1.2264587E-9
  4125.0       1.1653469E-9
  4130.0       1.1252415E-9
  4135.0       1.1397931E-9
  4140.0       1.1478668E-9
  4145.0       1.0964989E-9
  4150.0       1.0471349E-9
  4155.0       1.0678508E-9
  4160.0       1.127376E-9
  4165.0       1.1637569E-9
  4170.0       1.1399842E-9
  4175.0       1.0669335E-9
  4180.0       1.0478918E-9
  4185.0       1.1455039E-9
  4190.0       1.2307115E-9
  4195.0       1.1884623E-9
  4200.0       1.1296923E-9
  4205.0       1.186143E-9
  4210.0       1.3138788E-9
  4215.0       1.4154549E-9
  4220.0       1.4373125E-9
  4225.0       1.3798407E-9
  4230.0       1.3331353E-9
  4235.0       1.3748248E-9
  4240.0       1.4627713E-9
  4245.0       1.5235309E-9
  4250.0       1.5248728E-9
  4255.0       1.4755644E-9
  4260.0       1.4448391E-9
  4265.0       1.4836168E-9
  4270.0       1.5379351E-9
  4275.0       1.5431633E-9
  4280.0       1.5119461E-9
  4285.0       1.4770787E-9
  4290.0       1.4427777E-9
  4295.0       1.3869086E-9
  4300.0       1.2574412E-9
  4305.0       1.0828639E-9
  4310.0       1.1168295E-9
  4315.0       1.5007081E-9
  4320.0       1.8687405E-9
  4325.0       1.871586E-9
  4330.0       1.7077615E-9
  4335.0       1.6729901E-9
  4340.0       1.7598196E-9
  4345.0       1.8601712E-9
  4350.0       1.9215716E-9
  4355.0       1.9368178E-9
  4360.0       1.9497113E-9
  4365.0       1.9937247E-9
  4370.0       2.0272977E-9
  4375.0       1.9920863E-9
  4380.0       1.866478E-9
  4385.0       1.6935285E-9
  4390.0       1.6389674E-9
  4395.0       1.7992565E-9
  4400.0       1.9755246E-9
  4405.0       1.9778292E-9
  4410.0       1.9311963E-9
  4415.0       1.996672E-9
  4420.0       2.1105033E-9
  4425.0       2.162274E-9
  4430.0       2.1535096E-9
  4435.0       2.135418E-9
  4440.0       2.166782E-9
  4445.0       2.2554885E-9
  4450.0       2.278651E-9
  4455.0       2.1533961E-9
  4460.0       2.0275472E-9
  4465.0       2.059204E-9
  4470.0       2.2007842E-9
  4475.0       2.3459774E-9
  4480.0       2.4452462E-9
  4485.0       2.4783695E-9
  4490.0       2.4426885E-9
  4495.0       2.3748605E-9
  4500.0       2.3934805E-9
  4505.0       2.5605165E-9
  4510.0       2.7124698E-9
  4515.0       2.682139E-9
  4520.0       2.5199554E-9
  4525.0       2.3527114E-9
  4530.0       2.2812359E-9
  4535.0       2.3398539E-9
  4540.0       2.424366E-9
  4545.0       2.4377724E-9
  4550.0       2.4350029E-9
  4555.0       2.4858138E-9
  4560.0       2.5461417E-9
  4565.0       2.5583324E-9
  4570.0       2.546372E-9
  4575.0       2.5521827E-9
  4580.0       2.5789817E-9
  4585.0       2.6065272E-9
  4590.0       2.5972997E-9
  4595.0       2.5452265E-9
  4600.0       2.5386004E-9
  4605.0       2.6430198E-9
  4610.0       2.772855E-9
  4615.0       2.8319218E-9
  4620.0       2.8475649E-9
  4625.0       2.8689289E-9
  4630.0       2.875851E-9
  4635.0       2.83442E-9
  4640.0       2.7497913E-9
  4645.0       2.6616132E-9
  4650.0       2.653303E-9
  4655.0       2.7533642E-9
  4660.0       2.810962E-9
  4665.0       2.7110145E-9
  4670.0       2.6057412E-9
  4675.0       2.6547533E-9
  4680.0       2.7690463E-9
  4685.0       2.8175096E-9
  4690.0       2.8122E-9
  4695.0       2.8011382E-9
  4700.0       2.7790545E-9
  4705.0       2.7461546E-9
  4710.0       2.7703075E-9
  4715.0       2.886132E-9
  4720.0       2.9763998E-9
  4725.0       2.9400251E-9
  4730.0       2.8688147E-9
  4735.0       2.8785359E-9
  4740.0       2.9517435E-9
  4745.0       3.0259317E-9
  4750.0       3.0592835E-9
  4755.0       3.0320055E-9
  4760.0       2.9597251E-9
  4765.0       2.8905778E-9
  4770.0       2.9177736E-9
  4775.0       3.072171E-9
  4780.0       3.184382E-9
  4785.0       3.1206395E-9
  4790.0       3.0343617E-9
  4795.0       3.0851341E-9
  4800.0       3.16768E-9
  4805.0       3.1737153E-9
  4810.0       3.1717065E-9
  4815.0       3.2572767E-9
  4820.0       3.2874672E-9
  4825.0       3.2338718E-9
  4830.0       3.1480418E-9
  4835.0       3.1469642E-9
  4840.0       3.1246858E-9
  4845.0       3.1474507E-9
  4850.0       3.0676033E-9
  4855.0       2.8701246E-9
  4860.0       2.707974E-9
  4865.0       2.7547016E-9
  4870.0       2.8306388E-9
  4875.0       2.9611713E-9
  4880.0       3.0238958E-9
  4885.0       2.9086435E-9
  4890.0       2.9348557E-9
  4895.0       3.1824585E-9
  4900.0       3.3019403E-9
  4905.0       3.2762535E-9
  4910.0       3.125763E-9
  4915.0       3.0367988E-9
  4920.0       2.9219E-9
  4925.0       3.0717318E-9
  4930.0       3.244819E-9
  4935.0       3.1203302E-9
  4940.0       3.0977456E-9
  4945.0       3.303386E-9
  4950.0       3.4402026E-9
  4955.0       3.3676733E-9
  4960.0       3.259036E-9
  4965.0       3.2447658E-9
  4970.0       3.2764171E-9
  4975.0       3.2582612E-9
  4980.0       3.1086853E-9
  4985.0       3.0813216E-9
  4990.0       3.1360712E-9
  4995.0       3.1562157E-9
  5000.0       3.0640266E-9
  5005.0       2.9669738E-9
  5010.0       2.9284972E-9
  5015.0       2.8476606E-9
  5020.0       2.895961E-9
  5025.0       3.0632252E-9
  5030.0       3.1626943E-9
  5035.0       3.0862153E-9
  5040.0       2.9775007E-9
  5045.0       3.1032252E-9
  5050.0       3.2236986E-9
  5055.0       3.369782E-9
  5060.0       3.435385E-9
  5065.0       3.3179524E-9
  5070.0       3.198792E-9
  5075.0       3.1005793E-9
  5080.0       3.0013965E-9
  5085.0       3.123531E-9
  5090.0       3.271466E-9
  5095.0       3.2543073E-9
  5100.0       3.1502467E-9
  5105.0       3.0952283E-9
  5110.0       3.119979E-9
  5115.0       3.2514378E-9
  5120.0       3.236894E-9
  5125.0       3.055575E-9
  5130.0       3.0462255E-9
  5135.0       3.0971654E-9
  5140.0       3.0482286E-9
  5145.0       2.9929277E-9
  5150.0       3.0053144E-9
  5155.0       3.156415E-9
  5160.0       3.1515288E-9
  5165.0       2.732372E-9
  5170.0       2.5425266E-9
  5175.0       2.8443934E-9
  5180.0       3.0211784E-9
  5185.0       3.0097584E-9
  5190.0       3.0245142E-9
  5195.0       3.0990652E-9
  5200.0       3.1817147E-9
  5205.0       3.0848246E-9
  5210.0       3.0812728E-9
  5215.0       3.2165337E-9
  5220.0       3.2299503E-9
  5225.0       3.0969716E-9
  5230.0       3.0988596E-9
  5235.0       3.3032277E-9
  5240.0       3.4505927E-9
  5245.0       3.340789E-9
  5250.0       3.2189997E-9
  5255.0       3.286215E-9
  5260.0       3.2230576E-9
  5265.0       2.9539076E-9
  5270.0       2.8471803E-9
  5275.0       3.0895881E-9
  5280.0       3.3798186E-9
  5285.0       3.5743422E-9
  5290.0       3.6360337E-9
  5295.0       3.451824E-9
  5300.0       3.3810157E-9
  5305.0       3.5964036E-9
  5310.0       3.7441654E-9
  5315.0       3.712355E-9
  5320.0       3.5513268E-9
  5325.0       3.31574E-9
  5330.0       3.3144414E-9
  5335.0       3.508649E-9
  5340.0       3.5495156E-9
  5345.0       3.5454364E-9
  5350.0       3.6321683E-9
  5355.0       3.8300976E-9
  5360.0       3.843685E-9
  5365.0       3.6477694E-9
  5370.0       3.4987824E-9
  5375.0       3.6527839E-9
  5380.0       3.7299333E-9
  5385.0       3.6710888E-9
  5390.0       3.5372034E-9
  5395.0       3.4303624E-9
  5400.0       3.3499001E-9
  5405.0       3.3130507E-9
  5410.0       3.4199725E-9
  5415.0       3.6238696E-9
  5420.0       3.6694832E-9
  5425.0       3.6277619E-9
  5430.0       3.5426595E-9
  5435.0       3.592568E-9
  5440.0       3.7795047E-9
  5445.0       3.738183E-9
  5450.0       3.741248E-9
  5455.0       3.6909402E-9
  5460.0       3.748586E-9
  5465.0       3.728559E-9
  5470.0       3.6655008E-9
  5475.0       3.5321903E-9
  5480.0       3.5136294E-9
  5485.0       3.5793035E-9
  5490.0       3.650382E-9
  5495.0       3.7219559E-9
  5500.0       3.6940628E-9
  5505.0       3.6091288E-9
  5510.0       3.576322E-9
  5515.0       3.6871597E-9
  5520.0       3.789404E-9
  5525.0       3.746243E-9
  5530.0       3.719018E-9
  5535.0       3.7381076E-9
  5540.0       3.819207E-9
  5545.0       3.8538683E-9
  5550.0       3.9161914E-9
  5555.0       3.871515E-9
  5560.0       3.802358E-9
  5565.0       3.7249752E-9
  5570.0       3.7369556E-9
  5575.0       3.8111634E-9
  5580.0       3.8108037E-9
  5585.0       3.6363135E-9
  5590.0       3.5265004E-9
  5595.0       3.6198624E-9
  5600.0       3.7012082E-9
  5605.0       3.8910963E-9
  5610.0       3.9813397E-9
  5615.0       3.8070342E-9
  5620.0       3.7217671E-9
  5625.0       3.741181E-9
  5630.0       3.876956E-9
  5635.0       3.811558E-9
  5640.0       3.738451E-9
  5645.0       3.7797356E-9
  5650.0       3.8035624E-9
  5655.0       3.7110788E-9
  5660.0       3.6333438E-9
  5665.0       3.7128634E-9
  5670.0       3.858253E-9
  5675.0       3.946823E-9
  5680.0       3.8933594E-9
  5685.0       3.828532E-9
  5690.0       3.85523E-9
  5695.0       3.837254E-9
  5700.0       3.7157721E-9
  5705.0       3.596513E-9
  5710.0       3.5690204E-9
  5715.0       3.820984E-9
  5720.0       4.024495E-9
  5725.0       4.043806E-9
  5730.0       3.991588E-9
  5735.0       4.008252E-9
  5740.0       4.00347E-9
  5745.0       3.9666865E-9
  5750.0       3.885746E-9
  5755.0       3.874018E-9
  5760.0       3.910052E-9
  5765.0       3.995276E-9
  5770.0       4.0481583E-9
  5775.0       3.959389E-9
  5780.0       3.761821E-9
  5785.0       3.7215737E-9
  5790.0       3.850024E-9
  5795.0       3.962819E-9
  5800.0       4.0381636E-9
  5805.0       3.9945376E-9
  5810.0       4.0078025E-9
  5815.0       4.058693E-9
  5820.0       4.161807E-9
  5825.0       4.1772465E-9
  5830.0       4.1605244E-9
  5835.0       4.159874E-9
  5840.0       4.190028E-9
  5845.0       4.1319552E-9
  5850.0       4.0050856E-9
  5855.0       3.9117274E-9
  5860.0       3.932413E-9
  5865.0       4.0122567E-9
  5870.0       4.095547E-9
  5875.0       4.118785E-9
  5880.0       4.008701E-9
  5885.0       3.773275E-9
  5890.0       3.4275431E-9
  5895.0       3.540643E-9
  5900.0       3.8766634E-9
  5905.0       4.0207624E-9
  5910.0       4.043605E-9
  5915.0       4.037014E-9
  5920.0       4.080264E-9
  5925.0       4.057294E-9
  5930.0       4.0342574E-9
  5935.0       4.057808E-9
  5940.0       4.0602512E-9
  5945.0       4.0578856E-9
  5950.0       4.0449954E-9
  5955.0       4.0498467E-9
  5960.0       4.1162065E-9
  5965.0       4.1446184E-9
  5970.0       4.143991E-9
  5975.0       4.0611483E-9
  5980.0       4.009195E-9
  5985.0       3.9729944E-9
  5990.0       4.0294355E-9
  5995.0       4.035728E-9
  6000.0       3.9815253E-9
  6005.0       3.975087E-9
  6010.0       3.9086894E-9
  6015.0       3.907964E-9
  6020.0       3.9191783E-9
  6025.0       4.000428E-9
  6030.0       4.0850097E-9
  6035.0       4.1275108E-9
  6040.0       4.159634E-9
  6045.0       4.1649573E-9
  6050.0       4.1232773E-9
  6055.0       4.073087E-9
  6060.0       4.07256E-9
  6065.0       4.0942223E-9
  6070.0       4.1597463E-9
  6075.0       4.0854515E-9
  6080.0       3.9737658E-9
  6085.0       3.9633195E-9
  6090.0       3.965901E-9
  6095.0       3.982206E-9
  6100.0       3.9697206E-9
  6105.0       3.976952E-9
  6110.0       4.028987E-9
  6115.0       4.0008548E-9
  6120.0       3.9345376E-9
  6125.0       3.9462544E-9
  6130.0       3.944845E-9
  6135.0       3.7889962E-9
  6140.0       3.8127395E-9
  6145.0       3.918007E-9
  6150.0       3.9237844E-9
  6155.0       3.84068E-9
  6160.0       3.733117E-9
  6165.0       3.720609E-9
  6170.0       3.7939683E-9
  6175.0       3.8948813E-9
  6180.0       3.962357E-9
  6185.0       3.940819E-9
  6190.0       3.870118E-9
  6195.0       3.9257917E-9
  6200.0       3.9826125E-9
  6205.0       4.014944E-9
  6210.0       3.9243355E-9
  6215.0       3.8109462E-9
  6220.0       3.76762E-9
  6225.0       3.7684313E-9
  6230.0       3.749831E-9
  6235.0       3.809867E-9
  6240.0       3.760147E-9
  6245.0       3.7211234E-9
  6250.0       3.7095778E-9
  6255.0       3.625828E-9
  6260.0       3.6928411E-9
  6265.0       3.8288097E-9
  6270.0       3.867083E-9
  6275.0       3.8167944E-9
  6280.0       3.758385E-9
  6285.0       3.7905994E-9
  6290.0       3.8694457E-9
  6295.0       3.8000527E-9
  6300.0       3.7663503E-9
  6305.0       3.850379E-9
  6310.0       3.8460746E-9
  6315.0       3.7343657E-9
  6320.0       3.748789E-9
  6325.0       3.8714822E-9
  6330.0       3.899731E-9
  6335.0       3.828112E-9
  6340.0       3.8199555E-9
  6345.0       3.8691854E-9
  6350.0       3.9099706E-9
  6355.0       3.8164503E-9
  6360.0       3.7231613E-9
  6365.0       3.7959786E-9
  6370.0       3.937597E-9
  6375.0       3.975038E-9
  6380.0       3.9311603E-9
  6385.0       3.9660257E-9
  6390.0       3.9241197E-9
  6395.0       3.913901E-9
  6400.0       3.861672E-9
  6405.0       3.8701393E-9
  6410.0       3.8847165E-9
  6415.0       3.8887533E-9
  6420.0       3.8610835E-9
  6425.0       3.9301953E-9
  6430.0       3.924286E-9
  6435.0       3.9424695E-9
  6440.0       3.950327E-9
  6445.0       3.9205212E-9
  6450.0       3.842042E-9
  6455.0       3.854688E-9
  6460.0       3.8940238E-9
  6465.0       3.89599E-9
  6470.0       3.9164845E-9
  6475.0       3.8944767E-9
  6480.0       3.870253E-9
  6485.0       3.899951E-9
  6490.0       3.7699874E-9
  6495.0       3.5536343E-9
  6500.0       3.6498624E-9
  6505.0       3.8311914E-9
  6510.0       3.9147503E-9
  6515.0       3.917475E-9
  6520.0       3.897531E-9
  6525.0       3.899759E-9
  6530.0       3.907608E-9
  6535.0       3.9044465E-9
  6540.0       3.9265413E-9
  6545.0       3.8647543E-9
  6550.0       3.8013264E-9
  6555.0       3.6223922E-9
  6560.0       3.3482999E-9
  6565.0       3.4858605E-9
  6570.0       3.711554E-9
  6575.0       3.792934E-9
  6580.0       3.8467465E-9
  6585.0       3.863976E-9
  6590.0       3.8365244E-9
  6595.0       3.8233656E-9
  6600.0       3.889708E-9
  6605.0       3.8635286E-9
  6610.0       3.863002E-9
  6615.0       3.9506833E-9
  6620.0       3.9720254E-9
  6625.0       3.9102566E-9
  6630.0       3.848236E-9
  6635.0       3.830457E-9
  6640.0       3.8669836E-9
  6645.0       3.869905E-9
  6650.0       3.9062424E-9
  6655.0       3.9117007E-9
  6660.0       3.847502E-9
  6665.0       3.8445886E-9
  6670.0       3.891006E-9
  6675.0       3.8721746E-9
  6680.0       3.875898E-9
  6685.0       3.9509813E-9
  6690.0       3.9622594E-9
  6695.0       3.904614E-9
  6700.0       3.8710883E-9
  6705.0       3.8598813E-9
  6710.0       3.8473282E-9
  6715.0       3.8206855E-9
  6720.0       3.8577506E-9
  6725.0       3.9256944E-9
  6730.0       3.908929E-9
  6735.0       3.8870818E-9
  6740.0       3.8286148E-9
  6745.0       3.8252073E-9
  6750.0       3.8560373E-9
  6755.0       3.920751E-9
  6760.0       3.947253E-9
  6765.0       3.8744963E-9
  6770.0       3.832976E-9
  6775.0       3.8939145E-9
  6780.0       3.918176E-9
  6785.0       3.8817967E-9
  6790.0       3.8738723E-9
  6795.0       3.8550514E-9
  6800.0       3.904851E-9
  6805.0       3.8596366E-9
  6810.0       3.8495074E-9
  6815.0       3.877824E-9
  6820.0       3.9091645E-9
  6825.0       3.8869414E-9
  6830.0       3.868314E-9
  6835.0       3.8515426E-9
  6840.0       3.804557E-9
  6845.0       3.8313086E-9
  6850.0       3.8438457E-9
  6855.0       3.8052357E-9
  6860.0       3.8047268E-9
  6865.0       3.8473025E-9
  6870.0       3.845801E-9
  6875.0       3.829516E-9
  6880.0       3.8303996E-9
  6885.0       3.847141E-9
  6890.0       3.8706625E-9
  6895.0       3.8548125E-9
  6900.0       3.847451E-9
  6905.0       3.8438532E-9
  6910.0       3.81174E-9
  6915.0       3.802929E-9
  6920.0       3.8129535E-9
  6925.0       3.7777292E-9
  6930.0       3.7635903E-9
  6935.0       3.7709804E-9
  6940.0       3.765637E-9
  6945.0       3.7258356E-9
  6950.0       3.7243368E-9
  6955.0       3.7297965E-9
  6960.0       3.7486365E-9
  6965.0       3.75727E-9
  6970.0       3.7337693E-9
  6975.0       3.6133454E-9
  6980.0       3.5723735E-9
  6985.0       3.6619878E-9
  6990.0       3.706949E-9
  6995.0       3.694267E-9
  7000.0       3.6306065E-9
  7005.0       3.6254681E-9
  7010.0       3.6308905E-9
  7015.0       3.567713E-9
  7020.0       3.5679213E-9
  7025.0       3.587201E-9
  7030.0       3.646624E-9
  7035.0       3.6919416E-9
  7040.0       3.7267363E-9
  7045.0       3.765293E-9
  7050.0       3.761548E-9
  7055.0       3.7346357E-9
  7060.0       3.7640873E-9
  7065.0       3.732953E-9
  7070.0       3.713364E-9
  7075.0       3.7515004E-9
  7080.0       3.7272128E-9
  7085.0       3.6468926E-9
  7090.0       3.6076606E-9
  7095.0       3.6194205E-9
  7100.0       3.632425E-9
  7105.0       3.6133732E-9
  7110.0       3.5718448E-9
  7115.0       3.5786634E-9
  7120.0       3.569665E-9
  7125.0       3.5795371E-9
  7130.0       3.5837848E-9
  7135.0       3.6536156E-9
  7140.0       3.6615915E-9
  7145.0       3.6224053E-9
  7150.0       3.581626E-9
  7155.0       3.6086492E-9
  7160.0       3.600001E-9
  7165.0       3.5602918E-9
  7170.0       3.5758074E-9
  7175.0       3.5266774E-9
  7180.0       3.417088E-9
  7185.0       3.3277674E-9
  7190.0       3.296896E-9
  7195.0       3.3611767E-9
  7200.0       3.4198742E-9
  7205.0       3.456985E-9
  7210.0       3.5052226E-9
  7215.0       3.5208576E-9
  7220.0       3.5559098E-9
  7225.0       3.5673056E-9
  7230.0       3.582249E-9
  7235.0       3.565709E-9
  7240.0       3.541482E-9
  7245.0       3.5547931E-9
  7250.0       3.5420433E-9
  7255.0       3.538371E-9
  7260.0       3.5135939E-9
  7265.0       3.5027168E-9
  7270.0       3.521542E-9
  7275.0       3.5017853E-9
  7280.0       3.4401082E-9
  7285.0       3.3568477E-9
  7290.0       3.3086673E-9
  7295.0       3.422576E-9
  7300.0       3.4679093E-9
  7305.0       3.4503276E-9
  7310.0       3.429859E-9
  7315.0       3.4714567E-9
  7320.0       3.4695995E-9
  7325.0       3.4646621E-9
  7330.0       3.4867027E-9
  7335.0       3.5435161E-9
  7340.0       3.5944263E-9
  7345.0       3.5569345E-9
  7350.0       3.4950798E-9
  7355.0       3.4395573E-9
  7360.0       3.4723502E-9
  7365.0       3.5343712E-9
  7370.0       3.571272E-9
  7375.0       3.5812546E-9
  7380.0       3.5577836E-9
  7385.0       3.4567513E-9
  7390.0       3.4399044E-9
  7395.0       3.482185E-9
  7400.0       3.5144327E-9
  7405.0       3.5211092E-9
  7410.0       3.450876E-9
  7415.0       3.4354455E-9
  7420.0       3.4555905E-9
  7425.0       3.5221208E-9
  7430.0       3.57023E-9
  7435.0       3.566938E-9
  7440.0       3.5271166E-9
  7445.0       3.4608032E-9
  7450.0       3.5244645E-9
  7455.0       3.5391081E-9
  7460.0       3.5031626E-9
  7465.0       3.5491456E-9
  7470.0       3.5432501E-9
  7475.0       3.5012795E-9
  7480.0       3.4865297E-9
  7485.0       3.5203929E-9
  7490.0       3.5032328E-9
  7495.0       3.4620569E-9
  7500.0       3.509832E-9
  7505.0       3.4920329E-9
  7510.0       3.4690855E-9
  7515.0       3.503291E-9
  7520.0       3.499463E-9
  7525.0       3.495196E-9
  7530.0       3.513802E-9
  7535.0       3.5461312E-9
  7540.0       3.552016E-9
  7545.0       3.5416632E-9
  7550.0       3.5407128E-9
  7555.0       3.5269485E-9
  7560.0       3.5223975E-9
  7565.0       3.52349E-9
  7570.0       3.5108851E-9
  7575.0       3.5117875E-9
  7580.0       3.4995955E-9
  7585.0       3.4848744E-9
  7590.0       3.5292675E-9
  7595.0       3.5561956E-9
  7600.0       3.538311E-9
  7605.0       3.5178005E-9
  7610.0       3.5039085E-9
  7615.0       3.4802086E-9
  7620.0       3.499126E-9
  7625.0       3.530416E-9
  7630.0       3.5358785E-9
  7635.0       3.5400713E-9
  7640.0       3.5478507E-9
  7645.0       3.5432015E-9
  7650.0       3.521043E-9
  7655.0       3.4706567E-9
  7660.0       3.4336942E-9
  7665.0       3.445886E-9
  7670.0       3.50298E-9
  7675.0       3.5248282E-9
  7680.0       3.5301257E-9
  7685.0       3.5299228E-9
  7690.0       3.511533E-9
  7695.0       3.4926608E-9
  7700.0       3.511466E-9
  7705.0       3.5133723E-9
  7710.0       3.4629832E-9
  7715.0       3.4499197E-9
  7720.0       3.4706098E-9
  7725.0       3.4830143E-9
  7730.0       3.519543E-9
  7735.0       3.5592316E-9
  7740.0       3.5380912E-9
  7745.0       3.4438787E-9
  7750.0       3.3981045E-9
  7755.0       3.506542E-9
  7760.0       3.5643528E-9
  7765.0       3.5739058E-9
  7770.0       3.556602E-9
  7775.0       3.5344787E-9
  7780.0       3.5106869E-9
  7785.0       3.5072707E-9
  7790.0       3.506727E-9
  7795.0       3.4975358E-9
  7800.0       3.4959289E-9
  7805.0       3.4972398E-9
  7810.0       3.4957615E-9
  7815.0       3.5477123E-9
  7820.0       3.5597336E-9
  7825.0       3.5507837E-9
  7830.0       3.5039038E-9
  7835.0       3.479589E-9
  7840.0       3.5138892E-9
  7845.0       3.5128016E-9
  7850.0       3.5023329E-9
  7855.0       3.52092E-9
  7860.0       3.5358863E-9
  7865.0       3.5174843E-9
  7870.0       3.4460863E-9
  7875.0       3.407821E-9
  7880.0       3.4107017E-9
  7885.0       3.4292196E-9
  7890.0       3.4058205E-9
  7895.0       3.3249634E-9
  7900.0       3.3517729E-9
  7905.0       3.3753844E-9
  7910.0       3.2982976E-9
  7915.0       3.2428387E-9
  7920.0       3.2498402E-9
  7925.0       3.26937E-9
  7930.0       3.2559317E-9
  7935.0       3.2224976E-9
  7940.0       3.1993777E-9
  7945.0       3.2119747E-9
  7950.0       3.2764018E-9
  7955.0       3.2686103E-9
  7960.0       3.2771073E-9
  7965.0       3.304545E-9
  7970.0       3.305774E-9
  7975.0       3.313636E-9
  7980.0       3.302006E-9
  7985.0       3.290573E-9
  7990.0       3.303069E-9
  7995.0       3.2442855E-9
  8000.0       3.21714E-9
  8005.0       3.2462355E-9
  8010.0       3.2778698E-9
  8015.0       3.2993295E-9
  8020.0       3.2644107E-9
  8025.0       3.1982927E-9
  8030.0       3.2025518E-9
  8035.0       3.2671272E-9
  8040.0       3.2562038E-9
  8045.0       3.1759488E-9
  8050.0       3.1613494E-9
  8055.0       3.2283258E-9
  8060.0       3.2541696E-9
  8065.0       3.2141705E-9
  8070.0       3.1432765E-9
  8075.0       3.1313276E-9
  8080.0       3.125166E-9
  8085.0       3.118219E-9
  8090.0       3.058715E-9
  8095.0       3.0401262E-9
  8100.0       3.0431342E-9
  8105.0       3.032824E-9
  8110.0       3.0519087E-9
  8115.0       3.0535345E-9
  8120.0       3.0591414E-9
  8125.0       3.0636316E-9
  8130.0       3.0463712E-9
  8135.0       3.0671563E-9
  8140.0       3.0326917E-9
  8145.0       3.0048972E-9
  8150.0       3.008893E-9
  8155.0       3.0190528E-9
  8160.0       2.9688945E-9
  8165.0       2.938818E-9
  8170.0       2.9523028E-9
  8175.0       2.9414629E-9
  8180.0       2.9213525E-9
  8185.0       2.9335983E-9
  8190.0       2.9132425E-9
  8195.0       2.8777938E-9
  8200.0       2.9281058E-9
  8205.0       2.9810876E-9
  8210.0       3.0115048E-9
  8215.0       3.015999E-9
  8220.0       3.0054343E-9
  8225.0       2.9160236E-9
  8230.0       2.8739233E-9
  8235.0       2.9518161E-9
  8240.0       3.0278464E-9
  8245.0       3.0686984E-9
  8250.0       3.083144E-9
  8255.0       3.0728933E-9
  8260.0       3.0780176E-9
  8265.0       3.086522E-9
  8270.0       3.069104E-9
  8275.0       2.9883045E-9
  8280.0       2.9884708E-9
  8285.0       2.9653642E-9
  8290.0       2.9476865E-9
  8295.0       2.9352771E-9
  8300.0       2.9353344E-9
  8305.0       2.921767E-9
  8310.0       2.9349294E-9
  8315.0       2.9679146E-9
  8320.0       2.9446723E-9
  8325.0       2.9254363E-9
  8330.0       2.8916438E-9
  8335.0       2.9085787E-9
  8340.0       2.9185239E-9
  8345.0       2.932034E-9
  8350.0       2.9726697E-9
  8355.0       3.0002927E-9
  8360.0       2.9955889E-9
  8365.0       2.9812068E-9
  8370.0       3.0186087E-9
  8375.0       3.0247218E-9
  8380.0       2.9698641E-9
  8385.0       2.9036857E-9
  8390.0       2.9520633E-9
  8395.0       3.0155947E-9
  8400.0       3.0231264E-9
  8405.0       3.0319198E-9
  8410.0       3.0067462E-9
  8415.0       2.9982083E-9
  8420.0       3.0004124E-9
  8425.0       2.9817881E-9
  8430.0       3.006439E-9
  8435.0       2.9601177E-9
  8440.0       2.9714875E-9
  8445.0       3.0376972E-9
  8450.0       3.0580871E-9
  8455.0       3.0779896E-9
  8460.0       3.0797294E-9
  8465.0       3.0473586E-9
  8470.0       3.0417528E-9
  8475.0       3.076277E-9
  8480.0       3.0807774E-9
  8485.0       3.075067E-9
  8490.0       3.0036518E-9
  8495.0       2.7491143E-9
  8500.0       2.7174878E-9
  8505.0       2.9028784E-9
  8510.0       2.942844E-9
  8515.0       2.8957572E-9
  8520.0       2.9038063E-9
  8525.0       2.898724E-9
  8530.0       2.8988676E-9
  8535.0       2.7076186E-9
  8540.0       2.3471474E-9
  8545.0       2.2773015E-9
  8550.0       2.4761093E-9
  8555.0       2.720392E-9
  8560.0       2.9235683E-9
  8565.0       2.9863587E-9
  8570.0       2.967869E-9
  8575.0       2.9546106E-9
  8580.0       2.9468494E-9
  8585.0       2.9517242E-9
  8590.0       2.9604188E-9
  8595.0       2.9586054E-9
  8600.0       2.9611145E-9
  8605.0       2.9698262E-9
  8610.0       2.9642182E-9
  8615.0       2.9815634E-9
  8620.0       2.9798368E-9
  8625.0       3.0134677E-9
  8630.0       3.0530976E-9
  8635.0       3.0720733E-9
  8640.0       3.0665706E-9
  8645.0       3.0062508E-9
  8650.0       2.9961504E-9
  8655.0       2.8687142E-9
  8660.0       2.5256655E-9
  8665.0       2.451423E-9
  8670.0       2.59369E-9
  8675.0       2.7684608E-9
  8680.0       2.9166032E-9
  8685.0       2.9171674E-9
  8690.0       2.9388407E-9
  8695.0       3.0349887E-9
  8700.0       2.9667E-9
  8705.0       3.023025E-9
  8710.0       3.0275888E-9
  8715.0       3.068643E-9
  8720.0       3.13413E-9
  8725.0       3.111519E-9
  8730.0       3.0279121E-9
  8735.0       3.0617915E-9
  8740.0       3.0257525E-9
  8745.0       3.009686E-9
  8750.0       2.9870373E-9
  8755.0       2.989316E-9
  8760.0       3.016073E-9
  8765.0       3.0061282E-9
  8770.0       2.994622E-9
  8775.0       3.0267433E-9
  8780.0       3.079957E-9
  8785.0       3.0743466E-9
  8790.0       3.012532E-9
  8795.0       2.9937859E-9
  8800.0       3.0317877E-9
  8805.0       2.910053E-9
  8810.0       2.9448373E-9
  8815.0       3.0378426E-9
  8820.0       3.0207432E-9
  8825.0       3.0078673E-9
  8830.0       3.0147338E-9
  8835.0       2.9917984E-9
  8840.0       3.0214509E-9
  8845.0       3.074549E-9
  8850.0       3.0984648E-9
  8855.0       3.0898646E-9
  8860.0       3.0109724E-9
  8865.0       2.9689327E-9
  8870.0       3.0325786E-9
  8875.0       3.0402942E-9
  8880.0       2.9967582E-9
  8885.0       3.0815073E-9
  8890.0       3.105204E-9
  8895.0       3.086731E-9
  8900.0       3.0935892E-9
  8905.0       3.093079E-9
  8910.0       3.0929297E-9
  8915.0       3.067789E-9
  8920.0       3.052537E-9
  8925.0       3.0515572E-9
  8930.0       3.0526672E-9
  8935.0       3.0531315E-9
  8940.0       3.0468805E-9
  8945.0       3.0222012E-9
  8950.0       3.0154896E-9
  8955.0       3.0551466E-9
  8960.0       3.0374672E-9
  8965.0       3.0052352E-9
  8970.0       3.003303E-9
  8975.0       3.027734E-9
  8980.0       3.0034326E-9
  8985.0       2.9556608E-9
  8990.0       2.9297083E-9
  8995.0       2.9731766E-9
  9000.0       2.9492626E-9
  9005.0       2.9326819E-9
  9010.0       2.9086962E-9
  9015.0       2.8995348E-9
  9020.0       2.9025433E-9
  9025.0       2.9061127E-9
  9030.0       3.0293126E-9
  9035.0       3.0641445E-9
  9040.0       3.0969542E-9
  9045.0       3.0949747E-9
  9050.0       3.0771976E-9
  9055.0       3.0571257E-9
  9060.0       2.9987077E-9
  9065.0       2.9593954E-9
  9070.0       2.9281846E-9
  9075.0       2.9275646E-9
  9080.0       2.8809382E-9
  9085.0       2.8547906E-9
  9090.0       2.8422829E-9
  9095.0       2.8555374E-9
  9100.0       2.8596678E-9
  9105.0       2.8362288E-9
  9110.0       2.8084215E-9
  9115.0       2.8020344E-9
  9120.0       2.8254483E-9
  9125.0       2.835558E-9
  9130.0       2.7712423E-9
  9135.0       2.7265914E-9
  9140.0       2.7252867E-9
  9145.0       2.7073068E-9
  9150.0       2.648068E-9
  9155.0       2.6188385E-9
  9160.0       2.6599347E-9
  9165.0       2.6376028E-9
  9170.0       2.5556322E-9
  9175.0       2.5362439E-9
  9180.0       2.5870288E-9
  9185.0       2.5973013E-9
  9190.0       2.610444E-9
  9195.0       2.5986204E-9
  9200.0       2.5955789E-9
  9205.0       2.5685067E-9
  9210.0       2.5555427E-9
  9215.0       2.5564766E-9
  9220.0       2.6497329E-9
  9225.0       2.6180238E-9
  9230.0       2.5955875E-9
  9235.0       2.5892353E-9
  9240.0       2.571068E-9
  9245.0       2.572472E-9
  9250.0       2.5947335E-9
  9255.0       2.610918E-9
  9260.0       2.6444935E-9
  9265.0       2.7117937E-9
  9270.0       2.730545E-9
  9275.0       2.7017577E-9
  9280.0       2.6593172E-9
  9285.0       2.6834857E-9
  9290.0       2.6789668E-9
  9295.0       2.6309024E-9
  9300.0       2.5838096E-9
  9305.0       2.6218558E-9
  9310.0       2.59305E-9
  9315.0       2.5234126E-9
  9320.0       2.5322842E-9
  9325.0       2.515387E-9
  9330.0       2.5029663E-9
  9335.0       2.4536688E-9
  9340.0       2.3518134E-9
  9345.0       2.3900386E-9
  9350.0       2.4993838E-9
  9355.0       2.4441456E-9
  9360.0       2.5101936E-9
  9365.0       2.5366707E-9
  9370.0       2.4891467E-9
  9375.0       2.5231688E-9
  9380.0       2.5506772E-9
  9385.0       2.7165845E-9
  9390.0       2.8447196E-9
  9395.0       2.8945943E-9
  9400.0       2.8727953E-9
  9405.0       2.8216822E-9
  9410.0       2.7572544E-9
  9415.0       2.6762867E-9
  9420.0       2.5495608E-9
  9425.0       2.5502367E-9
  9430.0       2.5256206E-9
  9435.0       2.56833E-9
  9440.0       2.4594522E-9
  9445.0       2.5125177E-9
  9450.0       2.644006E-9
  9455.0       2.560784E-9
  9460.0       2.5160716E-9
  9465.0       2.5713507E-9
  9470.0       2.6414106E-9
  9475.0       2.6609395E-9
  9480.0       2.567342E-9
  9485.0       2.6331757E-9
  9490.0       2.6717613E-9
  9495.0       2.60682E-9
  9500.0       2.6126576E-9
  9505.0       2.6138076E-9
  9510.0       2.6113793E-9
  9515.0       2.6087277E-9
  9520.0       2.605905E-9
  9525.0       2.6029694E-9
  9530.0       2.5999758E-9
  9535.0       2.596976E-9
  9540.0       2.5940199E-9
  9545.0       2.591183E-9
  9550.0       2.5884919E-9
  9555.0       2.586001E-9
  9560.0       2.5837041E-9
  9565.0       2.5815856E-9
  9570.0       2.5796203E-9
  9575.0       2.5777993E-9
  9580.0       2.576099E-9
  9585.0       2.5745086E-9
  9590.0       2.5729991E-9
  9595.0       2.5715539E-9
  9600.0       2.5701623E-9
  9605.0       2.5687972E-9
  9610.0       2.5674234E-9
  9615.0       2.5660079E-9
  9620.0       2.5645084E-9
  9625.0       2.5628932E-9
  9630.0       2.5611293E-9
  9635.0       2.5591778E-9
  9640.0       2.5570008E-9
  9645.0       2.554553E-9
  9650.0       2.5518112E-9
  9655.0       2.5487703E-9
  9660.0       2.5455096E-9
  9665.0       2.5421336E-9
  9670.0       2.5387494E-9
  9675.0       2.535475E-9
  9680.0       2.5324147E-9
  9685.0       2.5296858E-9
  9690.0       2.5273892E-9
  9695.0       2.525647E-9
  9700.0       2.524557E-9
  9705.0       2.524185E-9
  9710.0       2.5245084E-9
  9715.0       2.5254492E-9
  9720.0       2.526934E-9
  9725.0       2.5288776E-9
  9730.0       2.5312135E-9
  9735.0       2.5338576E-9
  9740.0       2.5367415E-9
  9745.0       2.5397924E-9
  9750.0       2.5429234E-9
  9755.0       2.5460767E-9
  9760.0       2.5492104E-9
  9765.0       2.5523017E-9
  9770.0       2.5553224E-9
  9775.0       2.5582392E-9
  9780.0       2.5610358E-9
  9785.0       2.5636777E-9
  9790.0       2.566144E-9
  9795.0       2.5684E-9
  9800.0       2.57043E-9
  9805.0       2.5722082E-9
  9810.0       2.5737492E-9
  9815.0       2.5750602E-9
  9820.0       2.5761728E-9
  9825.0       2.5770996E-9
  9830.0       2.5778484E-9
  9835.0       2.5784528E-9
  9840.0       2.5789229E-9
  9845.0       2.579275E-9
  9850.0       2.5795295E-9
  9855.0       2.5797051E-9
  9860.0       2.579809E-9
  9865.0       2.5798548E-9
  9870.0       2.5798532E-9
  9875.0       2.5798206E-9
  9880.0       2.5797675E-9
  9885.0       2.5796996E-9
  9890.0       2.579633E-9
  9895.0       2.5795759E-9
  9900.0       2.57954E-9
  9905.0       2.5795306E-9
  9910.0       2.57955E-9
  9915.0       2.579584E-9
  9920.0       2.5796212E-9
  9925.0       2.5796512E-9
  9930.0       2.5796694E-9
  9935.0       2.5796567E-9
  9940.0       2.5796074E-9
  9945.0       2.5795244E-9
  9950.0       2.5793827E-9
  9955.0       2.5791773E-9
  9960.0       2.578891E-9
  9965.0       2.5785039E-9
  9970.0       2.5780176E-9
  9975.0       2.5774096E-9
  9980.0       2.5766602E-9
  9985.0       2.5757638E-9
  9990.0       2.5746982E-9
  9995.0       2.5734486E-9
  10000.0      2.5720117E-9
  10005.0      2.570371E-9
  10010.0      2.568557E-9
  10015.0      2.5666025E-9
  10020.0      2.5645495E-9
  10025.0      2.5624243E-9
  10030.0      2.56027E-9
  10035.0      2.5581117E-9
  10040.0      2.5559965E-9
  10045.0      2.5539533E-9
  10050.0      2.5520128E-9
  10055.0      2.550217E-9
  10060.0      2.5485345E-9
  10065.0      2.5469646E-9
  10070.0      2.545478E-9
  10075.0      2.5440605E-9
  10080.0      2.5427036E-9
  10085.0      2.5413673E-9
  10090.0      2.5400528E-9
  10095.0      2.5387232E-9
  10100.0      2.5373772E-9
  10105.0      2.535994E-9
  10110.0      2.5345563E-9
  10115.0      2.5330753E-9
  10120.0      2.5315379E-9
  10125.0      2.5299371E-9
  10130.0      2.5282756E-9
  10135.0      2.5265428E-9
  10140.0      2.5247455E-9
  10145.0      2.522869E-9
  10150.0      2.5209104E-9
  10155.0      2.5188782E-9
  10160.0      2.516774E-9
  10165.0      2.5146127E-9
  10170.0      2.5124038E-9
  10175.0      2.5101656E-9
  10180.0      2.507905E-9
  10185.0      2.505636E-9
  10190.0      2.5033777E-9
  10195.0      2.5011375E-9
  10200.0      2.4989255E-9
  10205.0      2.4967564E-9
  10210.0      2.494628E-9
  10215.0      2.4925348E-9
  10220.0      2.4904865E-9
  10225.0      2.4884605E-9
  10230.0      2.4864726E-9
  10235.0      2.4845064E-9
  10240.0      2.482573E-9
  10245.0      2.4806581E-9
  10250.0      2.4787654E-9
  10255.0      2.4769016E-9
  10260.0      2.4750368E-9
  10265.0      2.4731936E-9
  10270.0      2.4713593E-9
  10275.0      2.469532E-9
  10280.0      2.467714E-9
  10285.0      2.4659035E-9
  10290.0      2.4640894E-9
  10295.0      2.462276E-9
  10300.0      2.4604605E-9
  10305.0      2.4586355E-9
  10310.0      2.4568096E-9
  10315.0      2.4549833E-9
  10320.0      2.4531475E-9
  10325.0      2.4513158E-9
  10330.0      2.4494842E-9
  10335.0      2.4476488E-9
  10340.0      2.4458147E-9
  10345.0      2.4439792E-9
  10350.0      2.4421536E-9
  10355.0      2.440321E-9
  10360.0      2.4385043E-9
  10365.0      2.436678E-9
  10370.0      2.4348525E-9
  10375.0      2.4330273E-9
  10380.0      2.4311968E-9
  10385.0      2.429369E-9
  10390.0      2.4275348E-9
  10395.0      2.4256928E-9
  10400.0      2.423844E-9
  10405.0      2.421986E-9
  10410.0      2.4201297E-9
  10415.0      2.4182605E-9
  10420.0      2.4164064E-9
  10425.0      2.4145532E-9
  10430.0      2.412714E-9
  10435.0      2.410888E-9
  10440.0      2.4090836E-9
  10445.0      2.4072968E-9
  10450.0      2.405538E-9
  10455.0      2.4038063E-9
  10460.0      2.4021038E-9
  10465.0      2.4004223E-9
  10470.0      2.3987636E-9
  10475.0      2.3971243E-9
  10480.0      2.3954931E-9
  10485.0      2.3938793E-9
  10490.0      2.3922735E-9
  10495.0      2.3906694E-9
  10500.0      2.3890696E-9
  10505.0      2.3874704E-9
  10510.0      2.3858717E-9
  10515.0      2.384272E-9
  10520.0      2.3826694E-9
  10525.0      2.3810687E-9
  10530.0      2.3794633E-9
  10535.0      2.3778632E-9
  10540.0      2.3762559E-9
  10545.0      2.374647E-9
  10550.0      2.3730409E-9
  10555.0      2.3714308E-9
  10560.0      2.369828E-9
  10565.0      2.368215E-9
  10570.0      2.3666027E-9
  10575.0      2.364993E-9
  10580.0      2.3633842E-9
  10585.0      2.361767E-9
  10590.0      2.3601552E-9
  10595.0      2.358537E-9
  10600.0      2.3569242E-9
  10605.0      2.3553075E-9
  10610.0      2.3536915E-9
  10615.0      2.352077E-9
  10620.0      1.7629062E-9
