# WAVELENGTH   FLUX           
  1150.0       4.6819854E-11  
  1155.0       1.8447587E-11  
  1160.0       1.5663485E-12  
  1165.0       7.025204E-13   
  1170.0       5.7548827E-12  
  1175.0       1.1034854E-11  
  1180.0       8.064755E-12   
  1185.0       4.2683222E-12  
  1190.0       8.030097E-12   
  1195.0       8.6289205E-12  
  1200.0       9.730381E-12   
  1205.0       1.0996566E-11  
  1210.0       1.4462962E-11  
  1215.0       2.4083837E-11  
  1220.0       1.8199043E-11  
  1225.0       5.4146943E-12  
  1230.0       1.7993526E-12  
  1235.0       2.8518943E-12  
  1240.0       3.122949E-12   
  1245.0       3.628517E-12   
  1250.0       2.224736E-12   
  1255.0       2.483398E-12   
  1260.0       3.2182683E-12  
  1265.0       2.833781E-12   
  1270.0       2.4103612E-12  
  1275.0       3.1456567E-12  
  1280.0       1.1248737E-12  
  1285.0       4.563367E-13   
  1290.0       2.42479E-12    
  1295.0       2.6443773E-12  
  1300.0       1.6717173E-12  
  1305.0       2.6483193E-12  
  1310.0       4.222496E-12   
  1315.0       5.0261054E-12  
  1320.0       5.1451855E-12  
  1325.0       1.8810595E-12  
  1330.0       2.520909E-12   
  1335.0       4.852123E-12   
  1340.0       4.849656E-12   
  1345.0       3.708858E-12   
  1350.0       2.9861755E-12  
  1355.0       2.843243E-12   
  1360.0       2.746819E-12   
  1365.0       3.5854392E-12  
  1370.0       4.400831E-12   
  1375.0       5.2558964E-12  
  1380.0       4.0558134E-12  
  1385.0       2.9376334E-12  
  1390.0       3.2337841E-12  
  1395.0       4.246057E-12   
  1400.0       2.5715443E-12  
  1405.0       3.3080465E-12  
  1410.0       6.26232E-12    
  1415.0       6.3060347E-12  
  1420.0       4.417486E-12   
  1425.0       5.3126527E-12  
  1430.0       4.4934035E-12  
  1435.0       5.7983006E-12  
  1440.0       5.932493E-12   
  1445.0       7.1609294E-12  
  1450.0       5.4000368E-12  
  1455.0       5.69565E-12    
  1460.0       6.5479623E-12  
  1465.0       6.504158E-12   
  1470.0       9.28378E-12    
  1475.0       1.0249377E-11  
  1480.0       8.6267955E-12  
  1485.0       9.9846294E-12  
  1490.0       1.183692E-11   
  1495.0       1.3464274E-11  
  1500.0       1.20789385E-11 
  1505.0       9.017106E-12   
  1510.0       8.185963E-12   
  1515.0       7.5537E-12     
  1520.0       7.982375E-12   
  1525.0       8.5763445E-12  
  1530.0       8.86442E-12    
  1535.0       8.288054E-12   
  1540.0       6.3537955E-12  
  1545.0       6.369848E-12   
  1550.0       9.724477E-12   
  1555.0       1.2689525E-11  
  1560.0       1.1997484E-11  
  1565.0       1.1225368E-11  
  1570.0       8.642035E-12   
  1575.0       8.7787885E-12  
  1580.0       9.2938235E-12  
  1585.0       3.9838076E-12  
  1590.0       5.2060222E-12  
  1595.0       1.1193459E-11  
  1600.0       9.945832E-12   
  1605.0       9.4063785E-12  
  1610.0       1.037175E-11   
  1615.0       1.0806968E-11  
  1620.0       1.1924095E-11  
  1625.0       1.3363334E-11  
  1630.0       1.6494552E-11  
  1635.0       1.5494796E-11  
  1640.0       1.4625582E-11  
  1645.0       1.2569735E-11  
  1650.0       1.041586E-11   
  1655.0       1.1421933E-11  
  1660.0       1.551817E-11   
  1665.0       1.8616738E-11  
  1670.0       1.7691588E-11  
  1675.0       1.7134247E-11  
  1680.0       2.003461E-11   
  1685.0       2.5317477E-11  
  1690.0       2.7583349E-11  
  1695.0       3.0664683E-11  
  1700.0       3.8668416E-11  
  1705.0       5.3006093E-11  
  1710.0       7.871275E-11   
  1715.0       1.0336631E-10  
  1720.0       1.1835798E-10  
  1725.0       1.1896556E-10  
  1730.0       1.3603711E-10  
  1735.0       1.4281372E-10  
  1740.0       1.388382E-10   
  1745.0       1.4992435E-10  
  1750.0       1.7649869E-10  
  1755.0       1.9608556E-10  
  1760.0       1.931268E-10   
  1765.0       1.960554E-10   
  1770.0       2.7468E-10     
  1775.0       3.836525E-10   
  1780.0       4.219027E-10   
  1785.0       4.199244E-10   
  1790.0       4.133893E-10   
  1795.0       4.2428303E-10  
  1800.0       4.366204E-10   
  1805.0       4.2447737E-10  
  1810.0       4.0480125E-10  
  1815.0       4.4069212E-10  
  1820.0       4.4421902E-10  
  1825.0       4.2901557E-10  
  1830.0       4.085727E-10   
  1835.0       4.0485718E-10  
  1840.0       3.5593054E-10  
  1845.0       3.0347236E-10  
  1850.0       2.7584268E-10  
  1855.0       3.165563E-10   
  1860.0       3.9087686E-10  
  1865.0       4.2933646E-10  
  1870.0       4.545643E-10   
  1875.0       4.928895E-10   
  1880.0       4.9519117E-10  
  1885.0       5.057032E-10   
  1890.0       5.0776644E-10  
  1895.0       4.7809756E-10  
  1900.0       4.5498755E-10  
  1905.0       4.575523E-10   
  1910.0       4.756429E-10   
  1915.0       4.7455E-10     
  1920.0       4.8371823E-10  
  1925.0       4.5733767E-10  
  1930.0       4.0071393E-10  
  1935.0       3.6368578E-10  
  1940.0       4.3780876E-10  
  1945.0       5.294205E-10   
  1950.0       5.958616E-10   
  1955.0       6.9541306E-10  
  1960.0       7.210624E-10   
  1965.0       6.6776434E-10  
  1970.0       6.8284356E-10  
  1975.0       7.5105266E-10  
  1980.0       7.96262E-10    
  1985.0       7.409397E-10   
  1990.0       6.733457E-10   
  1995.0       6.224309E-10   
  2000.0       5.977375E-10   
  2005.0       6.113403E-10   
  2010.0       6.006584E-10   
  2015.0       5.6689387E-10  
  2020.0       6.2467664E-10  
  2025.0       6.6590633E-10  
  2030.0       6.722346E-10   
  2035.0       6.7551625E-10  
  2040.0       6.517237E-10   
  2045.0       6.982075E-10   
  2050.0       8.11037E-10    
  2055.0       8.274531E-10   
  2060.0       8.022552E-10   
  2065.0       7.7294016E-10  
  2070.0       7.930464E-10   
  2075.0       8.908773E-10   
  2080.0       9.996057E-10   
  2085.0       1.0250509E-9   
  2090.0       9.889314E-10   
  2095.0       9.54961E-10    
  2100.0       8.8413116E-10  
  2105.0       8.4904583E-10  
  2110.0       8.327461E-10   
  2115.0       8.101536E-10   
  2120.0       8.29379E-10    
  2125.0       8.7178564E-10  
  2130.0       8.1652507E-10  
  2135.0       6.982389E-10   
  2140.0       6.865406E-10   
  2145.0       7.9498724E-10  
  2150.0       8.6041235E-10  
  2155.0       8.715419E-10   
  2160.0       8.612981E-10   
  2165.0       8.2142937E-10  
  2170.0       7.5132334E-10  
  2175.0       7.2858247E-10  
  2180.0       7.838987E-10   
  2185.0       8.8777663E-10  
  2190.0       9.469818E-10   
  2195.0       9.476123E-10   
  2200.0       9.249308E-10   
  2205.0       8.976625E-10   
  2210.0       8.5554025E-10  
  2215.0       7.654729E-10   
  2220.0       6.837856E-10   
  2225.0       7.0325235E-10  
  2230.0       7.887871E-10   
  2235.0       8.4351826E-10  
  2240.0       8.608224E-10   
  2245.0       8.000365E-10   
  2250.0       7.6848894E-10  
  2255.0       7.671184E-10   
  2260.0       7.80434E-10    
  2265.0       7.504431E-10   
  2270.0       7.1836614E-10  
  2275.0       7.388336E-10   
  2280.0       8.0405926E-10  
  2285.0       8.432672E-10   
  2290.0       8.339242E-10   
  2295.0       8.1757934E-10  
  2300.0       7.891944E-10   
  2305.0       7.982778E-10   
  2310.0       7.9775836E-10  
  2315.0       7.906148E-10   
  2320.0       7.6484064E-10  
  2325.0       7.396821E-10   
  2330.0       6.9945144E-10  
  2335.0       6.654884E-10   
  2340.0       6.340864E-10   
  2345.0       5.5881094E-10  
  2350.0       5.341888E-10   
  2355.0       5.8582067E-10  
  2360.0       6.395252E-10   
  2365.0       6.3801575E-10  
  2370.0       6.238127E-10   
  2375.0       6.514866E-10   
  2380.0       5.959836E-10   
  2385.0       5.093933E-10   
  2390.0       4.9249627E-10  
  2395.0       5.254303E-10   
  2400.0       5.3734833E-10  
  2405.0       5.105681E-10   
  2410.0       4.388972E-10   
  2415.0       4.6288842E-10  
  2420.0       6.647324E-10   
  2425.0       7.841299E-10   
  2430.0       7.8713985E-10  
  2435.0       7.4997714E-10  
  2440.0       7.235966E-10   
  2445.0       7.6521595E-10  
  2450.0       7.520485E-10   
  2455.0       6.913428E-10   
  2460.0       6.724387E-10   
  2465.0       6.427576E-10   
  2470.0       6.1674854E-10  
  2475.0       6.371807E-10   
  2480.0       6.5582306E-10  
  2485.0       6.4205075E-10  
  2490.0       6.2830535E-10  
  2495.0       6.622672E-10   
  2500.0       7.760755E-10   
  2505.0       8.7219815E-10  
  2510.0       7.917352E-10   
  2515.0       7.184547E-10   
  2520.0       6.470314E-10   
  2525.0       5.5395605E-10  
  2530.0       5.0823484E-10  
  2535.0       5.0081655E-10  
  2540.0       5.1267446E-10  
  2545.0       5.2793825E-10  
  2550.0       5.883587E-10   
  2555.0       6.5439265E-10  
  2560.0       7.1175993E-10  
  2565.0       7.4059797E-10  
  2570.0       7.889646E-10   
  2575.0       8.3320273E-10  
  2580.0       7.968108E-10   
  2585.0       7.910386E-10   
  2590.0       8.3709306E-10  
  2595.0       8.5597207E-10  
  2600.0       7.7531964E-10  
  2605.0       7.188609E-10   
  2610.0       7.0788675E-10  
  2615.0       6.8038364E-10  
  2620.0       6.9509837E-10  
  2625.0       7.684711E-10   
  2630.0       7.8965384E-10  
  2635.0       8.1572243E-10  
  2640.0       9.517211E-10   
  2645.0       1.0733499E-9   
  2650.0       1.0952957E-9   
  2655.0       1.0627889E-9   
  2660.0       1.0201371E-9   
  2665.0       9.580706E-10   
  2670.0       9.125132E-10   
  2675.0       9.350355E-10   
  2680.0       9.483768E-10   
  2685.0       9.235438E-10   
  2690.0       8.95503E-10    
  2695.0       8.86398E-10    
  2700.0       8.8265517E-10  
  2705.0       9.126915E-10   
  2710.0       8.9550034E-10  
  2715.0       8.5894397E-10  
  2720.0       8.784395E-10   
  2725.0       8.723869E-10   
  2730.0       8.7084867E-10  
  2735.0       8.639613E-10   
  2740.0       8.273762E-10   
  2745.0       7.8517093E-10  
  2750.0       7.566743E-10   
  2755.0       7.6599E-10     
  2760.0       8.191099E-10   
  2765.0       8.555831E-10   
  2770.0       8.6862073E-10  
  2775.0       8.9754937E-10  
  2780.0       9.0582614E-10  
  2785.0       8.7486784E-10  
  2790.0       8.1920015E-10  
  2795.0       6.875783E-10   
  2800.0       5.172882E-10   
  2805.0       5.2760646E-10  
  2810.0       7.069983E-10   
  2815.0       8.895132E-10   
  2820.0       9.982739E-10   
  2825.0       1.0258581E-9   
  2830.0       9.960245E-10   
  2835.0       9.641737E-10   
  2840.0       9.550342E-10   
  2845.0       9.65596E-10    
  2850.0       9.33334E-10    
  2855.0       8.970368E-10   
  2860.0       9.154898E-10   
  2865.0       9.774598E-10   
  2870.0       9.916759E-10   
  2875.0       9.809098E-10   
  2880.0       9.835927E-10   
  2885.0       9.953411E-10   
  2890.0       1.0169784E-9   
  2895.0       1.0215477E-9   
  2900.0       1.0353942E-9   
  2905.0       1.0577937E-9   
  2910.0       1.0730558E-9   
  2915.0       1.0972329E-9   
  2920.0       1.1151838E-9   
  2925.0       1.1265684E-9   
  2930.0       1.1229505E-9   
  2935.0       1.1372059E-9   
  2940.0       1.1273408E-9   
  2945.0       1.1209168E-9   
  2950.0       1.126003E-9    
  2955.0       1.1754033E-9   
  2960.0       1.2273158E-9   
  2965.0       1.2283449E-9   
  2970.0       1.1975404E-9   
  2975.0       1.2035969E-9   
  2980.0       1.2387422E-9   
  2985.0       1.2513942E-9   
  2990.0       1.2800273E-9   
  2995.0       1.3239507E-9   
  3000.0       1.290067E-9    
  3005.0       1.2792485E-9   
  3010.0       1.3352496E-9   
  3015.0       1.3725191E-9   
  3020.0       1.34012E-9     
  3025.0       1.3217579E-9   
  3030.0       1.32832E-9     
  3035.0       1.3533955E-9   
  3040.0       1.3967956E-9   
  3045.0       1.4266996E-9   
  3050.0       1.4532363E-9   
  3055.0       1.4806505E-9   
  3060.0       1.4813865E-9   
  3065.0       1.4935397E-9   
  3070.0       1.514687E-9    
  3075.0       1.5360058E-9   
  3080.0       1.6176697E-9   
  3085.0       1.6750593E-9   
  3090.0       1.6968675E-9   
  3095.0       1.6853324E-9   
  3100.0       1.6779911E-9   
  3105.0       1.6428343E-9   
  3110.0       1.7007425E-9   
  3115.0       1.8191965E-9   
  3120.0       1.8355277E-9   
  3125.0       1.7842473E-9   
  3130.0       1.7987648E-9   
  3135.0       1.7879218E-9   
  3140.0       1.888847E-9    
  3145.0       1.9194522E-9   
  3150.0       1.8989277E-9   
  3155.0       1.9811646E-9   
  3160.0       1.8510334E-9   
  3165.0       1.7216569E-9   
  3170.0       1.8277837E-9   
  3175.0       1.8481005E-9   
  3180.0       1.7334898E-9   
  3185.0       1.6342255E-9   
  3190.0       1.6980055E-9   
  3195.0       1.8521047E-9   
  3200.0       1.9796778E-9   
  3205.0       2.030266E-9    
  3210.0       2.0564188E-9   
  3215.0       2.0442106E-9   
  3220.0       1.9405353E-9   
  3225.0       1.747922E-9    
  3230.0       1.6349934E-9   
  3235.0       1.7251169E-9   
  3240.0       1.863148E-9    
  3245.0       1.8873139E-9   
  3250.0       1.8947395E-9   
  3255.0       2.006676E-9    
  3260.0       2.1442477E-9   
  3265.0       2.193256E-9    
  3270.0       2.1552506E-9   
  3275.0       2.0843127E-9   
  3280.0       2.0498954E-9   
  3285.0       2.1014759E-9   
  3290.0       2.2222602E-9   
  3295.0       2.3521802E-9   
  3300.0       2.3875106E-9   
  3305.0       2.270202E-9    
  3310.0       2.1027626E-9   
  3315.0       2.013616E-9    
  3320.0       2.0356716E-9   
  3325.0       2.1315045E-9   
  3330.0       2.183245E-9    
  3335.0       2.1169326E-9   
  3340.0       2.0455033E-9   
  3345.0       2.0778148E-9   
  3350.0       2.127713E-9    
  3355.0       2.0887114E-9   
  3360.0       1.999331E-9    
  3365.0       1.933798E-9    
  3370.0       1.910011E-9    
  3375.0       1.9242163E-9   
  3380.0       1.9761583E-9   
  3385.0       2.0641517E-9   
  3390.0       2.1751938E-9   
  3395.0       2.2758917E-9   
  3400.0       2.2951139E-9   
  3405.0       2.2025886E-9   
  3410.0       2.1097362E-9   
  3415.0       2.1271607E-9   
  3420.0       2.2204247E-9   
  3425.0       2.3007218E-9   
  3430.0       2.2893987E-9   
  3435.0       2.1735655E-9   
  3440.0       2.0923177E-9   
  3445.0       2.1508995E-9   
  3450.0       2.2211883E-9   
  3455.0       2.1726754E-9   
  3460.0       2.1003825E-9   
  3465.0       2.1189193E-9   
  3470.0       2.1655875E-9   
  3475.0       2.1505213E-9   
  3480.0       2.0954882E-9   
  3485.0       2.054369E-9    
  3490.0       2.0481634E-9   
  3495.0       2.0757174E-9   
  3500.0       2.1146047E-9   
  3505.0       2.1779207E-9   
  3510.0       2.4082953E-9   
  3515.0       2.4727576E-9   
  3520.0       2.4317E-9      
  3525.0       2.3602826E-9   
  3530.0       2.4318494E-9   
  3535.0       2.5883429E-9   
  3540.0       2.7963458E-9   
  3545.0       2.837718E-9    
  3550.0       2.7198346E-9   
  3555.0       2.6178473E-9   
  3560.0       2.5228641E-9   
  3565.0       2.3714084E-9   
  3570.0       2.26352E-9     
  3575.0       2.254292E-9    
  3580.0       2.2296869E-9   
  3585.0       2.1874005E-9   
  3590.0       2.2797926E-9   
  3595.0       2.4495155E-9   
  3600.0       2.5207842E-9   
  3605.0       2.4477633E-9   
  3610.0       2.361192E-9    
  3615.0       2.3467446E-9   
  3620.0       2.39154E-9     
  3625.0       2.4945208E-9   
  3630.0       2.5069251E-9   
  3635.0       2.5071145E-9   
  3640.0       2.57366E-9     
  3645.0       2.5617146E-9   
  3650.0       2.5884348E-9   
  3655.0       2.74795E-9     
  3660.0       2.921499E-9    
  3665.0       2.9253588E-9   
  3670.0       2.8879894E-9   
  3675.0       2.7941678E-9   
  3680.0       2.7089293E-9   
  3685.0       2.7067977E-9   
  3690.0       2.7952132E-9   
  3695.0       2.9363487E-9   
  3700.0       2.9273928E-9   
  3705.0       2.7637923E-9   
  3710.0       2.7707137E-9   
  3715.0       2.8974871E-9   
  3720.0       2.8704765E-9   
  3725.0       2.8170637E-9   
  3730.0       2.7641762E-9   
  3735.0       2.701486E-9    
  3740.0       2.7649463E-9   
  3745.0       2.691997E-9    
  3750.0       2.6505806E-9   
  3755.0       2.9027707E-9   
  3760.0       3.0404783E-9   
  3765.0       2.9961635E-9   
  3770.0       2.9825449E-9   
  3775.0       3.2650354E-9   
  3780.0       3.5678331E-9   
  3785.0       3.528579E-9    
  3790.0       3.2238687E-9   
  3795.0       2.9746352E-9   
  3800.0       3.0454708E-9   
  3805.0       3.394907E-9    
  3810.0       3.6047003E-9   
  3815.0       3.5290413E-9   
  3820.0       3.3068144E-9   
  3825.0       2.9550076E-9   
  3830.0       2.5948443E-9   
  3835.0       2.4637696E-9   
  3840.0       2.7559115E-9   
  3845.0       3.29193E-9     
  3850.0       3.6678403E-9   
  3855.0       3.761082E-9    
  3860.0       3.7632923E-9   
  3865.0       3.835681E-9    
  3870.0       3.8019223E-9   
  3875.0       3.6737124E-9   
  3880.0       3.4314458E-9   
  3885.0       3.0501288E-9   
  3890.0       2.8850364E-9   
  3895.0       3.1717804E-9   
  3900.0       3.5363492E-9   
  3905.0       3.7939953E-9   
  3910.0       3.936596E-9    
  3915.0       3.932933E-9    
  3920.0       3.6467778E-9   
  3925.0       3.0491805E-9   
  3930.0       2.4070075E-9   
  3935.0       2.289411E-9    
  3940.0       2.7585358E-9   
  3945.0       3.2855172E-9   
  3950.0       3.5934609E-9   
  3955.0       3.5746661E-9   
  3960.0       3.1826455E-9   
  3965.0       2.5626419E-9   
  3970.0       2.339918E-9    
  3975.0       2.8788567E-9   
  3980.0       3.61365E-9     
  3985.0       4.0632058E-9   
  3990.0       4.2843196E-9   
  3995.0       4.3916946E-9   
  4000.0       4.4549897E-9   
  4005.0       4.4711523E-9   
  4010.0       4.5337805E-9   
  4015.0       4.6304818E-9   
  4020.0       4.6883097E-9   
  4025.0       4.643372E-9    
  4030.0       4.556801E-9    
  4035.0       4.5858375E-9   
  4040.0       4.657497E-9    
  4045.0       4.626809E-9    
  4050.0       4.5919877E-9   
  4055.0       4.5119197E-9   
  4060.0       4.4376E-9      
  4065.0       4.407488E-9    
  4070.0       4.3869814E-9   
  4075.0       4.305517E-9    
  4080.0       4.2879975E-9   
  4085.0       4.372284E-9    
  4090.0       4.3146238E-9   
  4095.0       3.990222E-9    
  4100.0       3.6588472E-9   
  4105.0       3.74947E-9     
  4110.0       4.106192E-9    
  4115.0       4.376118E-9    
  4120.0       4.4715396E-9   
  4125.0       4.4510458E-9   
  4130.0       4.44619E-9     
  4135.0       4.5396478E-9   
  4140.0       4.6515525E-9   
  4145.0       4.6407833E-9   
  4150.0       4.597883E-9    
  4155.0       4.592253E-9    
  4160.0       4.6485837E-9   
  4165.0       4.6281188E-9   
  4170.0       4.502568E-9    
  4175.0       4.3956034E-9   
  4180.0       4.4114694E-9   
  4185.0       4.477521E-9    
  4190.0       4.5345185E-9   
  4195.0       4.4946455E-9   
  4200.0       4.440407E-9    
  4205.0       4.530628E-9    
  4210.0       4.6326556E-9   
  4215.0       4.6339963E-9   
  4220.0       4.540314E-9    
  4225.0       4.3948654E-9   
  4230.0       4.367255E-9    
  4235.0       4.396147E-9    
  4240.0       4.4037023E-9   
  4245.0       4.4221276E-9   
  4250.0       4.4556527E-9   
  4255.0       4.492782E-9    
  4260.0       4.5050217E-9   
  4265.0       4.511058E-9    
  4270.0       4.4790576E-9   
  4275.0       4.4776254E-9   
  4280.0       4.493208E-9    
  4285.0       4.3884705E-9   
  4290.0       4.227036E-9    
  4295.0       4.086064E-9    
  4300.0       3.9330823E-9   
  4305.0       3.8880383E-9   
  4310.0       3.976182E-9    
  4315.0       4.1604458E-9   
  4320.0       4.2918114E-9   
  4325.0       4.2388217E-9   
  4330.0       4.0912433E-9   
  4335.0       3.7873664E-9   
  4340.0       3.4934584E-9   
  4345.0       3.6231171E-9   
  4350.0       3.981375E-9    
  4355.0       4.276084E-9    
  4360.0       4.478432E-9    
  4365.0       4.550427E-9    
  4370.0       4.4989665E-9   
  4375.0       4.4353103E-9   
  4380.0       4.376433E-9    
  4385.0       4.294324E-9    
  4390.0       4.3251442E-9   
  4395.0       4.3882693E-9   
  4400.0       4.4228816E-9   
  4405.0       4.438594E-9    
  4410.0       4.4759743E-9   
  4415.0       4.498469E-9    
  4420.0       4.526637E-9    
  4425.0       4.559485E-9    
  4430.0       4.559101E-9    
  4435.0       4.524209E-9    
  4440.0       4.516894E-9    
  4445.0       4.5108024E-9   
  4450.0       4.489473E-9    
  4455.0       4.391296E-9    
  4460.0       4.344024E-9    
  4465.0       4.4004547E-9   
  4470.0       4.498234E-9    
  4475.0       4.567235E-9    
  4480.0       4.5390025E-9   
  4485.0       4.527003E-9    
  4490.0       4.5372266E-9   
  4495.0       4.596288E-9    
  4500.0       4.6871365E-9   
  4505.0       4.763615E-9    
  4510.0       4.7704645E-9   
  4515.0       4.6993804E-9   
  4520.0       4.583067E-9    
  4525.0       4.4254747E-9   
  4530.0       4.345541E-9    
  4535.0       4.4238155E-9   
  4540.0       4.5198614E-9   
  4545.0       4.4881654E-9   
  4550.0       4.413915E-9    
  4555.0       4.441215E-9    
  4560.0       4.51986E-9     
  4565.0       4.5682746E-9   
  4570.0       4.5833106E-9   
  4575.0       4.561129E-9    
  4580.0       4.488321E-9    
  4585.0       4.4603135E-9   
  4590.0       4.4902295E-9   
  4595.0       4.508665E-9    
  4600.0       4.524782E-9    
  4605.0       4.5726187E-9   
  4610.0       4.6028177E-9   
  4615.0       4.5886686E-9   
  4620.0       4.5825437E-9   
  4625.0       4.585127E-9    
  4630.0       4.574136E-9    
  4635.0       4.5448254E-9   
  4640.0       4.5181023E-9   
  4645.0       4.4775055E-9   
  4650.0       4.468845E-9    
  4655.0       4.508287E-9    
  4660.0       4.5021626E-9   
  4665.0       4.401641E-9    
  4670.0       4.3677253E-9   
  4675.0       4.4335238E-9   
  4680.0       4.4815187E-9   
  4685.0       4.5149413E-9   
  4690.0       4.510124E-9    
  4695.0       4.4648303E-9   
  4700.0       4.3783905E-9   
  4705.0       4.3344466E-9   
  4710.0       4.3695816E-9   
  4715.0       4.449908E-9    
  4720.0       4.5090602E-9   
  4725.0       4.491284E-9    
  4730.0       4.4302535E-9   
  4735.0       4.4245105E-9   
  4740.0       4.4446793E-9   
  4745.0       4.4515036E-9   
  4750.0       4.415473E-9    
  4755.0       4.3651838E-9   
  4760.0       4.3308535E-9   
  4765.0       4.322388E-9    
  4770.0       4.3648796E-9   
  4775.0       4.414262E-9    
  4780.0       4.428653E-9    
  4785.0       4.401065E-9    
  4790.0       4.391367E-9    
  4795.0       4.4096886E-9   
  4800.0       4.39899E-9     
  4805.0       4.373443E-9    
  4810.0       4.3608734E-9   
  4815.0       4.371513E-9    
  4820.0       4.3526214E-9   
  4825.0       4.3132253E-9   
  4830.0       4.2878168E-9   
  4835.0       4.252164E-9    
  4840.0       4.1944936E-9   
  4845.0       4.105295E-9    
  4850.0       3.900796E-9    
  4855.0       3.537856E-9    
  4860.0       3.2440965E-9   
  4865.0       3.3307457E-9   
  4870.0       3.6203973E-9   
  4875.0       3.8487125E-9   
  4880.0       3.9835446E-9   
  4885.0       4.0426142E-9   
  4890.0       4.0926906E-9   
  4895.0       4.181029E-9    
  4900.0       4.255097E-9    
  4905.0       4.2525294E-9   
  4910.0       4.184376E-9    
  4915.0       4.1031E-9      
  4920.0       4.043527E-9    
  4925.0       4.0663153E-9   
  4930.0       4.146361E-9    
  4935.0       4.171259E-9    
  4940.0       4.177646E-9    
  4945.0       4.2237738E-9   
  4950.0       4.253305E-9    
  4955.0       4.2318438E-9   
  4960.0       4.2146415E-9   
  4965.0       4.23852E-9     
  4970.0       4.231748E-9    
  4975.0       4.169943E-9    
  4980.0       4.091791E-9    
  4985.0       4.0607078E-9   
  4990.0       4.0953347E-9   
  4995.0       4.105187E-9    
  5000.0       4.0553596E-9   
  5005.0       3.9864605E-9   
  5010.0       3.9393555E-9   
  5015.0       3.893973E-9    
  5020.0       3.8977928E-9   
  5025.0       3.9739616E-9   
  5030.0       4.032603E-9    
  5035.0       4.006334E-9    
  5040.0       3.952224E-9    
  5045.0       3.9659764E-9   
  5050.0       4.0306865E-9   
  5055.0       4.096927E-9    
  5060.0       4.1421684E-9   
  5065.0       4.1233514E-9   
  5070.0       4.0570196E-9   
  5075.0       3.9937573E-9   
  5080.0       3.9659334E-9   
  5085.0       4.0006687E-9   
  5090.0       4.0543546E-9   
  5095.0       4.0484647E-9   
  5100.0       4.0070054E-9   
  5105.0       4.0029926E-9   
  5110.0       4.0172137E-9   
  5115.0       4.0337973E-9   
  5120.0       4.0182306E-9   
  5125.0       3.9572736E-9   
  5130.0       3.907388E-9    
  5135.0       3.874594E-9    
  5140.0       3.8451247E-9   
  5145.0       3.8420596E-9   
  5150.0       3.8679295E-9   
  5155.0       3.8874033E-9   
  5160.0       3.8534496E-9   
  5165.0       3.716365E-9    
  5170.0       3.594848E-9    
  5175.0       3.6310497E-9   
  5180.0       3.706456E-9    
  5185.0       3.6839065E-9   
  5190.0       3.6582009E-9   
  5195.0       3.6863856E-9   
  5200.0       3.7220007E-9   
  5205.0       3.7375427E-9   
  5210.0       3.756106E-9    
  5215.0       3.7996584E-9   
  5220.0       3.8126866E-9   
  5225.0       3.7573E-9      
  5230.0       3.7096703E-9   
  5235.0       3.7433576E-9   
  5240.0       3.8126444E-9   
  5245.0       3.8406394E-9   
  5250.0       3.8252437E-9   
  5255.0       3.794775E-9    
  5260.0       3.7230998E-9   
  5265.0       3.592235E-9    
  5270.0       3.5239802E-9   
  5275.0       3.5779628E-9   
  5280.0       3.6998102E-9   
  5285.0       3.8031205E-9   
  5290.0       3.861197E-9    
  5295.0       3.8465386E-9   
  5300.0       3.8067136E-9   
  5305.0       3.815002E-9    
  5310.0       3.834919E-9    
  5315.0       3.819986E-9    
  5320.0       3.769489E-9    
  5325.0       3.6976724E-9   
  5330.0       3.6510048E-9   
  5335.0       3.6718812E-9   
  5340.0       3.7016337E-9   
  5345.0       3.7236938E-9   
  5350.0       3.766118E-9    
  5355.0       3.817161E-9    
  5360.0       3.8132586E-9   
  5365.0       3.752229E-9    
  5370.0       3.7046273E-9   
  5375.0       3.7109238E-9   
  5380.0       3.7346606E-9   
  5385.0       3.7327514E-9   
  5390.0       3.7055377E-9   
  5395.0       3.6550196E-9   
  5400.0       3.6057466E-9   
  5405.0       3.5827667E-9   
  5410.0       3.5977892E-9   
  5415.0       3.642615E-9    
  5420.0       3.666055E-9    
  5425.0       3.6586423E-9   
  5430.0       3.6561134E-9   
  5435.0       3.6798216E-9   
  5440.0       3.7153849E-9   
  5445.0       3.7130514E-9   
  5450.0       3.691922E-9    
  5455.0       3.6875831E-9   
  5460.0       3.693351E-9    
  5465.0       3.6862382E-9   
  5470.0       3.6632994E-9   
  5475.0       3.6304693E-9   
  5480.0       3.6146157E-9   
  5485.0       3.6397636E-9   
  5490.0       3.6727155E-9   
  5495.0       3.680971E-9    
  5500.0       3.6679448E-9   
  5505.0       3.6470709E-9   
  5510.0       3.6378751E-9   
  5515.0       3.6492693E-9   
  5520.0       3.651654E-9    
  5525.0       3.6237173E-9   
  5530.0       3.5999357E-9   
  5535.0       3.6116006E-9   
  5540.0       3.6408385E-9   
  5545.0       3.659395E-9    
  5550.0       3.6671612E-9   
  5555.0       3.6481655E-9   
  5560.0       3.6164123E-9   
  5565.0       3.5879222E-9   
  5570.0       3.5726941E-9   
  5575.0       3.5813852E-9   
  5580.0       3.5769918E-9   
  5585.0       3.52457E-9     
  5590.0       3.4622E-9      
  5595.0       3.4495975E-9   
  5600.0       3.4798988E-9   
  5605.0       3.5337655E-9   
  5610.0       3.5757308E-9   
  5615.0       3.5594572E-9   
  5620.0       3.5318495E-9   
  5625.0       3.5348946E-9   
  5630.0       3.5467242E-9   
  5635.0       3.5469292E-9   
  5640.0       3.533624E-9    
  5645.0       3.537468E-9    
  5650.0       3.5279548E-9   
  5655.0       3.4626475E-9   
  5660.0       3.4034477E-9   
  5665.0       3.4197252E-9   
  5670.0       3.4706606E-9   
  5675.0       3.4982468E-9   
  5680.0       3.4873031E-9   
  5685.0       3.463961E-9    
  5690.0       3.4637955E-9   
  5695.0       3.4763803E-9   
  5700.0       3.4695922E-9   
  5705.0       3.4247762E-9   
  5710.0       3.390064E-9    
  5715.0       3.4083043E-9   
  5720.0       3.4532748E-9   
  5725.0       3.4877081E-9   
  5730.0       3.499913E-9    
  5735.0       3.4976784E-9   
  5740.0       3.476321E-9    
  5745.0       3.4411214E-9   
  5750.0       3.41033E-9     
  5755.0       3.3914884E-9   
  5760.0       3.3967729E-9   
  5765.0       3.4163534E-9   
  5770.0       3.4314271E-9   
  5775.0       3.4218237E-9   
  5780.0       3.3970253E-9   
  5785.0       3.3777272E-9   
  5790.0       3.3806882E-9   
  5795.0       3.3942418E-9   
  5800.0       3.4041017E-9   
  5805.0       3.4145875E-9   
  5810.0       3.4201424E-9   
  5815.0       3.4308396E-9   
  5820.0       3.4364322E-9   
  5825.0       3.4277916E-9   
  5830.0       3.4225365E-9   
  5835.0       3.4326044E-9   
  5840.0       3.446595E-9    
  5845.0       3.437677E-9    
  5850.0       3.4031147E-9   
  5855.0       3.3561889E-9   
  5860.0       3.3370533E-9   
  5865.0       3.3543397E-9   
  5870.0       3.3839203E-9   
  5875.0       3.3925371E-9   
  5880.0       3.359431E-9    
  5885.0       3.2793968E-9   
  5890.0       3.1931582E-9   
  5895.0       3.1738696E-9   
  5900.0       3.2217478E-9   
  5905.0       3.2836551E-9   
  5910.0       3.3128618E-9   
  5915.0       3.3269194E-9   
  5920.0       3.3306626E-9   
  5925.0       3.3130647E-9   
  5930.0       3.288113E-9    
  5935.0       3.2847258E-9   
  5940.0       3.2887197E-9   
  5945.0       3.276018E-9    
  5950.0       3.2609286E-9   
  5955.0       3.2661642E-9   
  5960.0       3.2769165E-9   
  5965.0       3.2815515E-9   
  5970.0       3.2761014E-9   
  5975.0       3.2531162E-9   
  5980.0       3.227092E-9    
  5985.0       3.2148002E-9   
  5990.0       3.2223528E-9   
  5995.0       3.234111E-9    
  6000.0       3.2248688E-9   
  6005.0       3.2054994E-9   
  6010.0       3.1849297E-9   
  6015.0       3.17234E-9     
  6020.0       3.1655158E-9   
  6025.0       3.1712344E-9   
  6030.0       3.2015737E-9   
  6035.0       3.222439E-9    
  6040.0       3.2220373E-9   
  6045.0       3.2135639E-9   
  6050.0       3.203586E-9    
  6055.0       3.19403E-9     
  6060.0       3.1949186E-9   
  6065.0       3.1935037E-9   
  6070.0       3.1962084E-9   
  6075.0       3.1818006E-9   
  6080.0       3.1647918E-9   
  6085.0       3.1620941E-9   
  6090.0       3.1548795E-9   
  6095.0       3.1302931E-9   
  6100.0       3.103853E-9    
  6105.0       3.1138692E-9   
  6110.0       3.140909E-9    
  6115.0       3.1397633E-9   
  6120.0       3.1246226E-9   
  6125.0       3.1149197E-9   
  6130.0       3.0974128E-9   
  6135.0       3.0459666E-9   
  6140.0       3.026583E-9    
  6145.0       3.0447107E-9   
  6150.0       3.0599268E-9   
  6155.0       3.0420055E-9   
  6160.0       3.0014302E-9   
  6165.0       2.980971E-9    
  6170.0       2.9961622E-9   
  6175.0       3.0401526E-9   
  6180.0       3.070797E-9    
  6185.0       3.0693748E-9   
  6190.0       3.0614682E-9   
  6195.0       3.0765177E-9   
  6200.0       3.0950953E-9   
  6205.0       3.098079E-9    
  6210.0       3.0772789E-9   
  6215.0       3.0488532E-9   
  6220.0       3.0388927E-9   
  6225.0       3.0326077E-9   
  6230.0       3.002358E-9    
  6235.0       2.9825422E-9   
  6240.0       2.9683263E-9   
  6245.0       2.94787E-9     
  6250.0       2.9526486E-9   
  6255.0       2.962345E-9    
  6260.0       2.989087E-9    
  6265.0       3.0103315E-9   
  6270.0       3.0082004E-9   
  6275.0       2.9664329E-9   
  6280.0       2.9377927E-9   
  6285.0       2.9667078E-9   
  6290.0       2.9739555E-9   
  6295.0       2.9539196E-9   
  6300.0       2.93341E-9     
  6305.0       2.949948E-9    
  6310.0       2.9569018E-9   
  6315.0       2.9342153E-9   
  6320.0       2.9312799E-9   
  6325.0       2.9550589E-9   
  6330.0       2.9555498E-9   
  6335.0       2.9340788E-9   
  6340.0       2.9286198E-9   
  6345.0       2.9398162E-9   
  6350.0       2.950547E-9    
  6355.0       2.9455558E-9   
  6360.0       2.9341818E-9   
  6365.0       2.9335407E-9   
  6370.0       2.941087E-9    
  6375.0       2.9502103E-9   
  6380.0       2.9459144E-9   
  6385.0       2.9331302E-9   
  6390.0       2.916464E-9    
  6395.0       2.9017544E-9   
  6400.0       2.8960843E-9   
  6405.0       2.8889897E-9   
  6410.0       2.8760925E-9   
  6415.0       2.864501E-9    
  6420.0       2.866375E-9    
  6425.0       2.8826197E-9   
  6430.0       2.8867166E-9   
  6435.0       2.8905864E-9   
  6440.0       2.8943685E-9   
  6445.0       2.894037E-9    
  6450.0       2.868061E-9    
  6455.0       2.8370897E-9   
  6460.0       2.821237E-9    
  6465.0       2.8249192E-9   
  6470.0       2.8388112E-9   
  6475.0       2.8452285E-9   
  6480.0       2.8403158E-9   
  6485.0       2.8142715E-9   
  6490.0       2.7684248E-9   
  6495.0       2.7312885E-9   
  6500.0       2.7739344E-9   
  6505.0       2.8326201E-9   
  6510.0       2.847612E-9    
  6515.0       2.8238945E-9   
  6520.0       2.8126343E-9   
  6525.0       2.8115836E-9   
  6530.0       2.8074207E-9   
  6535.0       2.8004814E-9   
  6540.0       2.7858453E-9   
  6545.0       2.7408713E-9   
  6550.0       2.6283613E-9   
  6555.0       2.414811E-9    
  6560.0       2.1775581E-9   
  6565.0       2.2009636E-9   
  6570.0       2.4370634E-9   
  6575.0       2.601419E-9    
  6580.0       2.6824398E-9   
  6585.0       2.7077598E-9   
  6590.0       2.707457E-9    
  6595.0       2.7146545E-9   
  6600.0       2.7381408E-9   
  6605.0       2.7516704E-9   
  6610.0       2.7673839E-9   
  6615.0       2.7852687E-9   
  6620.0       2.7898754E-9   
  6625.0       2.7739944E-9   
  6630.0       2.7432745E-9   
  6635.0       2.7287634E-9   
  6640.0       2.7372782E-9   
  6645.0       2.7507507E-9   
  6650.0       2.7629168E-9   
  6655.0       2.7563667E-9   
  6660.0       2.739067E-9    
  6665.0       2.7320068E-9   
  6670.0       2.7351694E-9   
  6675.0       2.7249167E-9   
  6680.0       2.7213536E-9   
  6685.0       2.7330331E-9   
  6690.0       2.7348603E-9   
  6695.0       2.7229594E-9   
  6700.0       2.7139735E-9   
  6705.0       2.7039353E-9   
  6710.0       2.6876807E-9   
  6715.0       2.6661962E-9   
  6720.0       2.6653937E-9   
  6725.0       2.6785096E-9   
  6730.0       2.6875728E-9   
  6735.0       2.6953575E-9   
  6740.0       2.68909E-9     
  6745.0       2.6742843E-9   
  6750.0       2.654413E-9    
  6755.0       2.6498375E-9   
  6760.0       2.6539688E-9   
  6765.0       2.6565101E-9   
  6770.0       2.653427E-9    
  6775.0       2.6536362E-9   
  6780.0       2.646832E-9    
  6785.0       2.6393436E-9   
  6790.0       2.6457019E-9   
  6795.0       2.645998E-9    
  6800.0       2.6446052E-9   
  6805.0       2.6413518E-9   
  6810.0       2.6369245E-9   
  6815.0       2.6286129E-9   
  6820.0       2.6171407E-9   
  6825.0       2.607108E-9    
  6830.0       2.5978022E-9   
  6835.0       2.5898947E-9   
  6840.0       2.588344E-9    
  6845.0       2.5876827E-9   
  6850.0       2.5873765E-9   
  6855.0       2.5828593E-9   
  6860.0       2.570086E-9    
  6865.0       2.5509443E-9   
  6870.0       2.5334324E-9   
  6875.0       2.5263986E-9   
  6880.0       2.5328264E-9   
  6885.0       2.5474605E-9   
  6890.0       2.5608031E-9   
  6895.0       2.5664566E-9   
  6900.0       2.565631E-9    
  6905.0       2.5647318E-9   
  6910.0       2.5684757E-9   
  6915.0       2.575039E-9    
  6920.0       2.5769602E-9   
  6925.0       2.5673754E-9   
  6930.0       2.5473723E-9   
  6935.0       2.525857E-9    
  6940.0       2.5133475E-9   
  6945.0       2.514029E-9    
  6950.0       2.5225668E-9   
  6955.0       2.5292624E-9   
  6960.0       2.5270956E-9   
  6965.0       2.5154665E-9   
  6970.0       2.4970779E-9   
  6975.0       2.4754703E-9   
  6980.0       2.4636078E-9   
  6985.0       2.4743574E-9   
  6990.0       2.4781739E-9   
  6995.0       2.4704032E-9   
  7000.0       2.4482367E-9   
  7005.0       2.4333697E-9   
  7010.0       2.4463642E-9   
  7015.0       2.4391122E-9   
  7020.0       2.4316393E-9   
  7025.0       2.4296223E-9   
  7030.0       2.4302937E-9   
  7035.0       2.4267723E-9   
  7040.0       2.434662E-9    
  7045.0       2.4529552E-9   
  7050.0       2.4635376E-9   
  7055.0       2.4657836E-9   
  7060.0       2.457034E-9    
  7065.0       2.4440372E-9   
  7070.0       2.4399018E-9   
  7075.0       2.4487832E-9   
  7080.0       2.4495823E-9   
  7085.0       2.4379865E-9   
  7090.0       2.4345803E-9   
  7095.0       2.4384823E-9   
  7100.0       2.4401083E-9   
  7105.0       2.430391E-9    
  7110.0       2.4136226E-9   
  7115.0       2.4084112E-9   
  7120.0       2.416166E-9    
  7125.0       2.4295053E-9   
  7130.0       2.43338E-9     
  7135.0       2.4280382E-9   
  7140.0       2.4082394E-9   
  7145.0       2.370697E-9    
  7150.0       2.3486089E-9   
  7155.0       2.353829E-9    
  7160.0       2.3614337E-9   
  7165.0       2.3555888E-9   
  7170.0       2.3568607E-9   
  7175.0       2.3481352E-9   
  7180.0       2.3172926E-9   
  7185.0       2.2764939E-9   
  7190.0       2.2691655E-9   
  7195.0       2.2819089E-9   
  7200.0       2.2912887E-9   
  7205.0       2.3005886E-9   
  7210.0       2.3234104E-9   
  7215.0       2.3398126E-9   
  7220.0       2.3405118E-9   
  7225.0       2.3365079E-9   
  7230.0       2.3334377E-9   
  7235.0       2.324893E-9    
  7240.0       2.3129814E-9   
  7245.0       2.3049447E-9   
  7250.0       2.3006592E-9   
  7255.0       2.3067641E-9   
  7260.0       2.3181181E-9   
  7265.0       2.3178537E-9   
  7270.0       2.3110278E-9   
  7275.0       2.2881892E-9   
  7280.0       2.2717377E-9   
  7285.0       2.2440096E-9   
  7290.0       2.2226025E-9   
  7295.0       2.238923E-9    
  7300.0       2.245731E-9    
  7305.0       2.2330033E-9   
  7310.0       2.2293658E-9   
  7315.0       2.240187E-9    
  7320.0       2.2442221E-9   
  7325.0       2.2376843E-9   
  7330.0       2.2362803E-9   
  7335.0       2.2532511E-9   
  7340.0       2.2608766E-9   
  7345.0       2.2527544E-9   
  7350.0       2.2386746E-9   
  7355.0       2.2234028E-9   
  7360.0       2.2191236E-9   
  7365.0       2.2162943E-9   
  7370.0       2.2197204E-9   
  7375.0       2.2192914E-9   
  7380.0       2.2079634E-9   
  7385.0       2.1686417E-9   
  7390.0       2.1537967E-9   
  7395.0       2.1773912E-9   
  7400.0       2.1856625E-9   
  7405.0       2.166961E-9    
  7410.0       2.1418198E-9   
  7415.0       2.1330218E-9   
  7420.0       2.1437099E-9   
  7425.0       2.1781992E-9   
  7430.0       2.197496E-9    
  7435.0       2.1972446E-9   
  7440.0       2.1831479E-9   
  7445.0       2.1673539E-9   
  7450.0       2.173214E-9    
  7455.0       2.1833129E-9   
  7460.0       2.1785806E-9   
  7465.0       2.181301E-9    
  7470.0       2.188977E-9    
  7475.0       2.1806517E-9   
  7480.0       2.1722437E-9   
  7485.0       2.1675555E-9   
  7490.0       2.1606874E-9   
  7495.0       2.1510935E-9   
  7500.0       2.1511826E-9   
  7505.0       2.1360023E-9   
  7510.0       2.1182973E-9   
  7515.0       2.1284596E-9   
  7520.0       2.1436029E-9   
  7525.0       2.1367244E-9   
  7530.0       2.1279263E-9   
  7535.0       2.1329538E-9   
  7540.0       2.1410889E-9   
  7545.0       2.137907E-9    
  7550.0       2.133492E-9    
  7555.0       2.1307045E-9   
  7560.0       2.1276187E-9   
  7565.0       2.124741E-9    
  7570.0       2.1218949E-9   
  7575.0       2.1188673E-9   
  7580.0       2.1159485E-9   
  7585.0       2.113112E-9    
  7590.0       2.11018E-9     
  7595.0       2.1072604E-9   
  7600.0       2.1045223E-9   
  7605.0       2.1019535E-9   
  7610.0       2.0992768E-9   
  7615.0       2.0965336E-9   
  7620.0       2.0937874E-9   
  7625.0       2.0910473E-9   
  7630.0       2.088309E-9    
  7635.0       2.0855728E-9   
  7640.0       2.0828324E-9   
  7645.0       2.0800883E-9   
  7650.0       2.0773343E-9   
  7655.0       2.074579E-9    
  7660.0       2.071811E-9    
  7665.0       2.0690272E-9   
  7670.0       2.0662276E-9   
  7675.0       2.063316E-9    
  7680.0       2.0604758E-9   
  7685.0       2.0578903E-9   
  7690.0       2.0553026E-9   
  7695.0       2.0525008E-9   
  7700.0       2.0495017E-9   
  7705.0       2.0465871E-9   
  7710.0       2.0442834E-9   
  7715.0       2.0424364E-9   
  7720.0       2.0396924E-9   
  7725.0       2.036198E-9    
  7730.0       2.0355324E-9   
  7735.0       2.040965E-9    
  7740.0       2.030718E-9    
  7745.0       2.0060216E-9   
  7750.0       1.9999844E-9   
  7755.0       2.0128752E-9   
  7760.0       2.023445E-9    
  7765.0       2.0139077E-9   
  7770.0       1.9775734E-9   
  7775.0       1.946748E-9    
  7780.0       1.9592166E-9   
  7785.0       1.9858073E-9   
  7790.0       2.0044806E-9   
  7795.0       1.996293E-9    
  7800.0       1.9783148E-9   
  7805.0       1.980041E-9    
  7810.0       1.9864876E-9   
  7815.0       1.995905E-9    
  7820.0       2.0020208E-9   
  7825.0       1.995094E-9    
  7830.0       1.978079E-9    
  7835.0       1.9698714E-9   
  7840.0       1.9773314E-9   
  7845.0       1.9773796E-9   
  7850.0       1.9733057E-9   
  7855.0       1.9744466E-9   
  7860.0       1.9756905E-9   
  7865.0       1.9721769E-9   
  7870.0       1.9674835E-9   
  7875.0       1.9573163E-9   
  7880.0       1.9512776E-9   
  7885.0       1.9571007E-9   
  7890.0       1.9597686E-9   
  7895.0       1.9503232E-9   
  7900.0       1.9456396E-9   
  7905.0       1.9477562E-9   
  7910.0       1.9486153E-9   
  7915.0       1.9417306E-9   
  7920.0       1.9284716E-9   
  7925.0       1.91798E-9     
  7930.0       1.9025344E-9   
  7935.0       1.8904192E-9   
  7940.0       1.8865978E-9   
  7945.0       1.8827206E-9   
  7950.0       1.8935107E-9   
  7955.0       1.9047994E-9   
  7960.0       1.9117485E-9   
  7965.0       1.9192026E-9   
  7970.0       1.9178228E-9   
  7975.0       1.9163315E-9   
  7980.0       1.9146005E-9   
  7985.0       1.9163926E-9   
  7990.0       1.913727E-9    
  7995.0       1.8919233E-9   
  8000.0       1.8716853E-9   
  8005.0       1.8747193E-9   
  8010.0       1.882486E-9    
  8015.0       1.8902886E-9   
  8020.0       1.8887727E-9   
  8025.0       1.8800208E-9   
  8030.0       1.8732276E-9   
  8035.0       1.879193E-9    
  8040.0       1.8785247E-9   
  8045.0       1.8583528E-9   
  8050.0       1.8468359E-9   
  8055.0       1.8555381E-9   
  8060.0       1.8659025E-9   
  8065.0       1.867584E-9    
  8070.0       1.8618903E-9   
  8075.0       1.8621196E-9   
  8080.0       1.8617522E-9   
  8085.0       1.8507245E-9   
  8090.0       1.8428391E-9   
  8095.0       1.8356209E-9   
  8100.0       1.8396463E-9   
  8105.0       1.8477182E-9   
  8110.0       1.8492956E-9   
  8115.0       1.8460535E-9   
  8120.0       1.8408505E-9   
  8125.0       1.8383487E-9   
  8130.0       1.8333814E-9   
  8135.0       1.8256155E-9   
  8140.0       1.819553E-9    
  8145.0       1.8113117E-9   
  8150.0       1.8042565E-9   
  8155.0       1.7990115E-9   
  8160.0       1.7924101E-9   
  8165.0       1.7824808E-9   
  8170.0       1.7816262E-9   
  8175.0       1.7768911E-9   
  8180.0       1.7701577E-9   
  8185.0       1.7649447E-9   
  8190.0       1.7585641E-9   
  8195.0       1.7458541E-9   
  8200.0       1.7503252E-9   
  8205.0       1.7773749E-9   
  8210.0       1.7914271E-9   
  8215.0       1.7819258E-9   
  8220.0       1.7595246E-9   
  8225.0       1.7302921E-9   
  8230.0       1.719546E-9    
  8235.0       1.7437751E-9   
  8240.0       1.768136E-9    
  8245.0       1.7699037E-9   
  8250.0       1.758361E-9    
  8255.0       1.7516313E-9   
  8260.0       1.757471E-9    
  8265.0       1.7650623E-9   
  8270.0       1.7652096E-9   
  8275.0       1.7523382E-9   
  8280.0       1.7431202E-9   
  8285.0       1.7474756E-9   
  8290.0       1.7487453E-9   
  8295.0       1.7439241E-9   
  8300.0       1.7387667E-9   
  8305.0       1.735626E-9    
  8310.0       1.7367104E-9   
  8315.0       1.7376899E-9   
  8320.0       1.7355657E-9   
  8325.0       1.73002E-9     
  8330.0       1.7146384E-9   
  8335.0       1.6964101E-9   
  8340.0       1.6932868E-9   
  8345.0       1.7067289E-9   
  8350.0       1.725138E-9    
  8355.0       1.7347236E-9   
  8360.0       1.7337148E-9   
  8365.0       1.7308588E-9   
  8370.0       1.7294518E-9   
  8375.0       1.7281508E-9   
  8380.0       1.7249792E-9   
  8385.0       1.7158636E-9   
  8390.0       1.7138478E-9   
  8395.0       1.7214535E-9   
  8400.0       1.7257985E-9   
  8405.0       1.7198133E-9   
  8410.0       1.7125805E-9   
  8415.0       1.7096624E-9   
  8420.0       1.7094923E-9   
  8425.0       1.7164485E-9   
  8430.0       1.7202475E-9   
  8435.0       1.7014969E-9   
  8440.0       1.6806317E-9   
  8445.0       1.6677477E-9   
  8450.0       1.6774977E-9   
  8455.0       1.6993685E-9   
  8460.0       1.7084312E-9   
  8465.0       1.6934941E-9   
  8470.0       1.6705994E-9   
  8475.0       1.6767018E-9   
  8480.0       1.6936055E-9   
  8485.0       1.6974386E-9   
  8490.0       1.6705249E-9   
  8495.0       1.5940206E-9   
  8500.0       1.5435968E-9   
  8505.0       1.5912904E-9   
  8510.0       1.6245145E-9   
  8515.0       1.6320352E-9   
  8520.0       1.6416137E-9   
  8525.0       1.6398894E-9   
  8530.0       1.6221029E-9   
  8535.0       1.555454E-9    
  8540.0       1.418368E-9    
  8545.0       1.3447858E-9   
  8550.0       1.4095208E-9   
  8555.0       1.5008352E-9   
  8560.0       1.5808801E-9   
  8565.0       1.6187952E-9   
  8570.0       1.617896E-9    
  8575.0       1.6096215E-9   
  8580.0       1.6004993E-9   
  8585.0       1.5910294E-9   
  8590.0       1.5763879E-9   
  8595.0       1.5471534E-9   
  8600.0       1.5359757E-9   
  8605.0       1.5544187E-9   
  8610.0       1.5704346E-9   
  8615.0       1.5824874E-9   
  8620.0       1.5983831E-9   
  8625.0       1.6112655E-9   
  8630.0       1.6214599E-9   
  8635.0       1.6206883E-9   
  8640.0       1.6105458E-9   
  8645.0       1.5964935E-9   
  8650.0       1.5766274E-9   
  8655.0       1.531369E-9    
  8660.0       1.4143278E-9   
  8665.0       1.3407734E-9   
  8670.0       1.3785278E-9   
  8675.0       1.4517342E-9   
  8680.0       1.5098179E-9   
  8685.0       1.5224162E-9   
  8690.0       1.532208E-9    
  8695.0       1.5651627E-9   
  8700.0       1.5464098E-9   
  8705.0       1.5777969E-9   
  8710.0       1.5749911E-9   
  8715.0       1.5678716E-9   
  8720.0       1.5724867E-9   
  8725.0       1.5697331E-9   
  8730.0       1.5522168E-9   
  8735.0       1.5321899E-9   
  8740.0       1.514416E-9    
  8745.0       1.492194E-9    
  8750.0       1.4696417E-9   
  8755.0       1.4882702E-9   
  8760.0       1.5299307E-9   
  8765.0       1.5493861E-9   
  8770.0       1.5457783E-9   
  8775.0       1.5491962E-9   
  8780.0       1.5581814E-9   
  8785.0       1.5486604E-9   
  8790.0       1.5345427E-9   
  8795.0       1.5355611E-9   
  8800.0       1.5368247E-9   
  8805.0       1.51385E-9     
  8810.0       1.518244E-9    
  8815.0       1.5349838E-9   
  8820.0       1.5452836E-9   
  8825.0       1.5517917E-9   
  8830.0       1.5491225E-9   
  8835.0       1.5329411E-9   
  8840.0       1.5129987E-9   
  8845.0       1.5046383E-9   
  8850.0       1.4938945E-9   
  8855.0       1.4650585E-9   
  8860.0       1.4148014E-9   
  8865.0       1.4107115E-9   
  8870.0       1.4462207E-9   
  8875.0       1.47363E-9     
  8880.0       1.4953078E-9   
  8885.0       1.5143142E-9   
  8890.0       1.5116636E-9   
  8895.0       1.5059765E-9   
  8900.0       1.5136E-9      
  8905.0       1.5110895E-9   
  8910.0       1.5013274E-9   
  8915.0       1.5044694E-9   
  8920.0       1.5045959E-9   
  8925.0       1.4769835E-9   
  8930.0       1.5141344E-9   
  8935.0       1.5399552E-9   
  8940.0       1.5460443E-9   
  8945.0       1.535271E-9    
  8950.0       1.5408382E-9   
  8955.0       1.5499716E-9   
  8960.0       1.5402366E-9   
  8965.0       1.5302394E-9   
  8970.0       1.5291886E-9   
  8975.0       1.5234769E-9   
  8980.0       1.5111906E-9   
  8985.0       1.4878936E-9   
  8990.0       1.4638716E-9   
  8995.0       1.4750694E-9   
  9000.0       1.4431094E-9   
  9005.0       1.4201648E-9   
  9010.0       1.3723517E-9   
  9015.0       1.3418521E-9   
  9020.0       1.3787012E-9   
  9025.0       1.4387282E-9   
  9030.0       1.4960971E-9   
  9035.0       1.5343511E-9   
  9040.0       1.540262E-9    
  9045.0       1.5434367E-9   
  9050.0       1.5420032E-9   
  9055.0       1.5347111E-9   
  9060.0       1.4959914E-9   
  9065.0       1.4821067E-9   
  9070.0       1.4846911E-9   
  9075.0       1.474791E-9    
  9080.0       1.4512949E-9   
  9085.0       1.4453968E-9   
  9090.0       1.4249415E-9   
  9095.0       1.4277313E-9   
  9100.0       1.4478841E-9   
  9105.0       1.4708649E-9   
  9110.0       1.4765903E-9   
  9115.0       1.4723397E-9   
  9120.0       1.4779341E-9   
  9125.0       1.4891147E-9   
  9130.0       1.4768571E-9   
  9135.0       1.4651421E-9   
  9140.0       1.4824539E-9   
  9145.0       1.47986E-9     
  9150.0       1.4535971E-9   
  9155.0       1.4443869E-9   
  9160.0       1.4624343E-9   
  9165.0       1.4649176E-9   
  9170.0       1.4593452E-9   
  9175.0       1.4506726E-9   
  9180.0       1.4717277E-9   
  9185.0       1.4836217E-9   
  9190.0       1.4888701E-9   
  9195.0       1.4823842E-9   
  9200.0       1.4841806E-9   
  9205.0       1.4594849E-9   
  9210.0       1.4220718E-9   
  9215.0       1.3843293E-9   
  9220.0       1.3633615E-9   
  9225.0       1.3337893E-9   
  9230.0       1.309791E-9    
  9235.0       1.3358712E-9   
  9240.0       1.3825546E-9   
  9245.0       1.418388E-9    
  9250.0       1.4425519E-9   
  9255.0       1.4336777E-9   
  9260.0       1.4514642E-9   
  9265.0       1.4864951E-9   
  9270.0       1.5015644E-9   
  9275.0       1.5003566E-9   
  9280.0       1.512461E-9    
  9285.0       1.5132612E-9   
  9290.0       1.5067481E-9   
  9295.0       1.4827538E-9   
  9300.0       1.4642885E-9   
  9305.0       1.4330501E-9   
  9310.0       1.4008321E-9   
  9315.0       1.3572815E-9   
  9320.0       1.3423231E-9   
  9325.0       1.3265719E-9   
  9330.0       1.3349392E-9   
  9335.0       1.3108142E-9   
  9340.0       1.2497174E-9   
  9345.0       1.250472E-9    
  9350.0       1.330862E-9    
  9355.0       1.2971347E-9   
  9360.0       1.3296412E-9   
  9365.0       1.3506782E-9   
  9370.0       1.340418E-9    
  9375.0       1.3693159E-9   
  9380.0       1.3772806E-9   
  9385.0       1.4418734E-9   
  9390.0       1.4969654E-9   
  9395.0       1.5075844E-9   
  9400.0       1.4877702E-9   
  9405.0       1.4720848E-9   
  9410.0       1.425104E-9    
  9415.0       1.4037079E-9   
  9420.0       1.4145024E-9   
  9425.0       1.3655375E-9   
  9430.0       1.328179E-9    
  9435.0       1.3193714E-9   
  9440.0       1.2762582E-9   
  9445.0       1.3232094E-9   
  9450.0       1.3654716E-9   
  9455.0       1.3372458E-9   
  9460.0       1.34333E-9     
  9465.0       1.396212E-9    
  9470.0       1.4135969E-9   
  9475.0       1.4060777E-9   
  9480.0       1.3802719E-9   
  9485.0       1.4005274E-9   
  9490.0       1.4069558E-9   
  9495.0       1.3455891E-9   
  9500.0       1.3339205E-9   
  9505.0       1.405747E-9    
  9510.0       1.4400379E-9   
  9515.0       1.3609234E-9   
  9520.0       1.3056518E-9   
  9525.0       1.3256655E-9   
  9530.0       1.3465525E-9   
  9535.0       1.3232873E-9   
  9540.0       1.2461219E-9   
  9545.0       1.2052539E-9   
  9550.0       1.2285754E-9   
  9555.0       1.2619293E-9   
  9560.0       1.3120289E-9   
  9565.0       1.3236671E-9   
  9570.0       1.3501429E-9   
  9575.0       1.3836051E-9   
  9580.0       1.3562392E-9   
  9585.0       1.3397351E-9   
  9590.0       1.322683E-9    
  9595.0       1.3452947E-9   
  9600.0       1.3609164E-9   
  9605.0       1.3563876E-9   
  9610.0       1.3586017E-9   
  9615.0       1.3387503E-9   
  9620.0       1.3098874E-9   
  9625.0       1.3110047E-9   
  9630.0       1.3258813E-9   
  9635.0       1.3085569E-9   
  9640.0       1.3118748E-9   
  9645.0       1.3091741E-9   
  9650.0       1.3166831E-9   
  9655.0       1.2993925E-9   
  9660.0       1.288265E-9    
  9665.0       1.3033014E-9   
  9670.0       1.3292794E-9   
  9675.0       1.3224486E-9   
  9680.0       1.3145584E-9   
  9685.0       1.3296416E-9   
  9690.0       1.3281218E-9   
  9695.0       1.3290963E-9   
  9700.0       1.3292464E-9   
  9705.0       1.328859E-9    
  9710.0       1.3269111E-9   
  9715.0       1.3104497E-9   
  9720.0       1.306734E-9    
  9725.0       1.2984792E-9   
  9730.0       1.2952408E-9   
  9735.0       1.2982965E-9   
  9740.0       1.2739491E-9   
  9745.0       1.2686966E-9   
  9750.0       1.2772287E-9   
  9755.0       1.2790574E-9   
  9760.0       1.2742627E-9   
  9765.0       1.2688076E-9   
  9770.0       1.2969831E-9   
  9775.0       1.285461E-9    
  9780.0       1.2792228E-9   
  9785.0       1.2808463E-9   
  9790.0       1.2777925E-9   
  9795.0       1.2872424E-9   
  9800.0       1.2941279E-9   
  9805.0       1.275119E-9    
  9810.0       1.2756498E-9   
  9815.0       1.2761314E-9   
  9820.0       1.286099E-9    
  9825.0       1.2715702E-9   
  9830.0       1.2594082E-9   
  9835.0       1.2679336E-9   
  9840.0       1.2913814E-9   
  9845.0       1.2708785E-9   
  9850.0       1.2582829E-9   
  9855.0       1.2626266E-9   
  9860.0       1.2424757E-9   
  9865.0       1.2608513E-9   
  9870.0       1.2680721E-9   
  9875.0       1.2465958E-9   
  9880.0       1.2396237E-9   
  9885.0       1.2472297E-9   
  9890.0       1.2257976E-9   
  9895.0       1.2412181E-9   
  9900.0       1.238228E-9    
  9905.0       1.2317517E-9   
  9910.0       1.2528467E-9   
  9915.0       1.2341468E-9   
  9920.0       1.2355877E-9   
  9925.0       1.259012E-9    
  9930.0       1.2550395E-9   
  9935.0       1.2359371E-9   
  9940.0       1.2240725E-9   
  9945.0       1.2466346E-9   
  9950.0       1.2408048E-9   
  9955.0       1.250465E-9    
  9960.0       1.2366256E-9   
  9965.0       1.2405346E-9   
  9970.0       1.2132827E-9   
  9975.0       1.237036E-9    
  9980.0       1.2509421E-9   
  9985.0       1.2400722E-9   
  9990.0       1.2238675E-9   
  9995.0       1.2478892E-9   
  10000.0      1.2539237E-9   
  10005.0      1.2229014E-9   
  10010.0      1.2104197E-9   
  10015.0      1.2212136E-9   
  10020.0      1.2166922E-9   
  10025.0      1.2132023E-9   
  10030.0      1.244571E-9    
  10035.0      1.2162288E-9   
  10040.0      1.175529E-9    
  10045.0      1.1444844E-9   
  10050.0      1.1327876E-9   
  10055.0      1.1357233E-9   
  10060.0      1.1467445E-9   
  10065.0      1.1721433E-9   
  10070.0      1.1767495E-9   
  10075.0      1.1902801E-9   
  10080.0      1.207445E-9    
  10085.0      1.2166452E-9   
  10090.0      1.2054027E-9   
  10095.0      1.1809047E-9   
  10100.0      1.1971683E-9   
  10105.0      1.2030767E-9   
  10110.0      1.1973571E-9   
  10115.0      1.1981824E-9   
  10120.0      1.1980569E-9   
  10125.0      1.1921177E-9   
  10130.0      1.1857578E-9   
  10135.0      1.1800219E-9   
  10140.0      1.1802064E-9   
  10145.0      1.1839872E-9   
  10150.0      1.1804917E-9   
  10155.0      1.1783512E-9   
  10160.0      1.1767524E-9   
  10165.0      1.1752362E-9   
  10170.0      1.1737813E-9   
  10175.0      1.172377E-9    
  10180.0      1.1710105E-9   
  10185.0      1.169657E-9    
  10190.0      1.1683094E-9   
  10195.0      1.1669441E-9   
  10200.0      1.1655518E-9   
  10205.0      1.1641166E-9   
  10210.0      1.1626504E-9   
  10215.0      1.1611604E-9   
  10220.0      1.1596603E-9   
  10225.0      1.1581613E-9   
  10230.0      1.1566731E-9   
  10235.0      1.1552084E-9   
  10240.0      1.1537802E-9   
  10245.0      1.1524044E-9   
  10250.0      1.1510841E-9   
  10255.0      1.1498348E-9   
  10260.0      1.1486442E-9   
  10265.0      1.1475044E-9   
  10270.0      1.146414E-9    
  10275.0      1.1453527E-9   
  10280.0      1.1443166E-9   
  10285.0      1.1432963E-9   
  10290.0      1.1422785E-9   
  10295.0      1.1412514E-9   
  10300.0      1.1402157E-9   
  10305.0      1.1391559E-9   
  10310.0      1.1380779E-9   
  10315.0      1.1369863E-9   
  10320.0      1.1358845E-9   
  10325.0      1.1347792E-9   
  10330.0      1.1336743E-9   
  10335.0      1.1325721E-9   
  10340.0      1.131487E-9    
  10345.0      1.1304133E-9   
  10350.0      1.1293606E-9   
  10355.0      1.1283308E-9   
  10360.0      1.1273164E-9   
  10365.0      1.1263078E-9   
  10370.0      1.1252902E-9   
  10375.0      1.124257E-9    
  10380.0      1.1232021E-9   
  10385.0      1.1221072E-9   
  10390.0      1.1209627E-9   
  10395.0      1.11976E-9     
  10400.0      1.1184916E-9   
  10405.0      1.1171476E-9   
  10410.0      1.1157423E-9   
  10415.0      1.1142854E-9   
  10420.0      1.1127975E-9   
  10425.0      1.111292E-9    
  10430.0      1.1097824E-9   
  10435.0      1.1082859E-9   
  10440.0      1.1068186E-9   
  10445.0      1.1053957E-9   
  10450.0      1.1040273E-9   
  10455.0      1.1027346E-9   
  10460.0      1.1015007E-9   
  10465.0      1.1003292E-9   
  10470.0      1.0992081E-9   
  10475.0      1.0981346E-9   
  10480.0      1.0970961E-9   
  10485.0      1.0960857E-9   
  10490.0      1.0950983E-9   
  10495.0      1.0941295E-9   
  10500.0      1.093161E-9    
  10505.0      1.0921951E-9   
  10510.0      1.0912318E-9   
  10515.0      1.0902647E-9   
  10520.0      1.0893002E-9   
  10525.0      1.0883332E-9   
  10530.0      1.087368E-9    
  10535.0      1.0864003E-9   
  10540.0      1.0854295E-9   
  10545.0      1.0844602E-9   
  10550.0      1.0834906E-9   
  10555.0      1.0825234E-9   
  10560.0      1.0815523E-9   
  10565.0      1.0805807E-9   
  10570.0      1.0796101E-9   
  10575.0      1.0786388E-9   
  10580.0      1.0776664E-9   
  10585.0      1.0766907E-9   
  10590.0      1.0757158E-9   
  10595.0      1.0747442E-9   
  10600.0      1.0737679E-9   
  10605.0      1.07279E-9     
  10610.0      1.0718149E-9   
  10615.0      1.0708388E-9   
  10620.0      8.024553E-10   
