# WAVELENGTH   FLUX           
  1150.0       0.0            
  1155.0       0.0            
  1160.0       0.0            
  1165.0       0.0            
  1170.0       0.0            
  1175.0       0.0            
  1180.0       0.0            
  1185.0       0.0            
  1190.0       0.0            
  1195.0       0.0            
  1200.0       0.0            
  1205.0       0.0            
  1210.0       0.0            
  1215.0       0.0            
  1220.0       0.0            
  1225.0       0.0            
  1230.0       0.0            
  1235.0       0.0            
  1240.0       0.0            
  1245.0       0.0            
  1250.0       0.0            
  1255.0       0.0            
  1260.0       0.0            
  1265.0       0.0            
  1270.0       0.0            
  1275.0       0.0            
  1280.0       0.0            
  1285.0       0.0            
  1290.0       0.0            
  1295.0       0.0            
  1300.0       0.0            
  1305.0       0.0            
  1310.0       0.0            
  1315.0       0.0            
  1320.0       0.0            
  1325.0       0.0            
  1330.0       0.0            
  1335.0       0.0            
  1340.0       0.0            
  1345.0       0.0            
  1350.0       0.0            
  1355.0       0.0            
  1360.0       0.0            
  1365.0       0.0            
  1370.0       0.0            
  1375.0       0.0            
  1380.0       0.0            
  1385.0       0.0            
  1390.0       0.0            
  1395.0       0.0            
  1400.0       0.0            
  1405.0       0.0            
  1410.0       0.0            
  1415.0       0.0            
  1420.0       0.0            
  1425.0       0.0            
  1430.0       0.0            
  1435.0       0.0            
  1440.0       0.0            
  1445.0       0.0            
  1450.0       0.0            
  1455.0       0.0            
  1460.0       0.0            
  1465.0       0.0            
  1470.0       0.0            
  1475.0       0.0            
  1480.0       0.0            
  1485.0       0.0            
  1490.0       0.0            
  1495.0       0.0            
  1500.0       0.0            
  1505.0       0.0            
  1510.0       0.0            
  1515.0       0.0            
  1520.0       0.0            
  1525.0       0.0            
  1530.0       0.0            
  1535.0       0.0            
  1540.0       0.0            
  1545.0       0.0            
  1550.0       0.0            
  1555.0       0.0            
  1560.0       0.0            
  1565.0       0.0            
  1570.0       0.0            
  1575.0       0.0            
  1580.0       0.0            
  1585.0       0.0            
  1590.0       0.0            
  1595.0       0.0            
  1600.0       0.0            
  1605.0       0.0            
  1610.0       0.0            
  1615.0       0.0            
  1620.0       0.0            
  1625.0       0.0            
  1630.0       0.0            
  1635.0       0.0            
  1640.0       0.0            
  1645.0       0.0            
  1650.0       0.0            
  1655.0       0.0            
  1660.0       0.0            
  1665.0       0.0            
  1670.0       0.0            
  1675.0       0.0            
  1680.0       0.0            
  1685.0       0.0            
  1690.0       0.0            
  1695.0       0.0            
  1700.0       0.0            
  1705.0       0.0            
  1710.0       0.0            
  1715.0       0.0            
  1720.0       0.0            
  1725.0       0.0            
  1730.0       0.0            
  1735.0       0.0            
  1740.0       0.0            
  1745.0       0.0            
  1750.0       0.0            
  1755.0       0.0            
  1760.0       0.0            
  1765.0       0.0            
  1770.0       0.0            
  1775.0       0.0            
  1780.0       0.0            
  1785.0       0.0            
  1790.0       0.0            
  1795.0       0.0            
  1800.0       0.0            
  1805.0       0.0            
  1810.0       0.0            
  1815.0       0.0            
  1820.0       0.0            
  1825.0       0.0            
  1830.0       0.0            
  1835.0       0.0            
  1840.0       0.0            
  1845.0       0.0            
  1850.0       0.0            
  1855.0       0.0            
  1860.0       0.0            
  1865.0       0.0            
  1870.0       0.0            
  1875.0       0.0            
  1880.0       0.0            
  1885.0       0.0            
  1890.0       0.0            
  1895.0       0.0            
  1900.0       4.6092065E-16  
  1905.0       4.1410136E-15  
  1910.0       1.0576959E-14  
  1915.0       1.4713145E-14  
  1920.0       1.839081E-14   
  1925.0       2.1607582E-14  
  1930.0       2.2066113E-14  
  1935.0       2.16052E-14    
  1940.0       1.7925167E-14  
  1945.0       1.056744E-14   
  1950.0       1.3755946E-15  
  1955.0       0.0            
  1960.0       0.0            
  1965.0       0.0            
  1970.0       0.0            
  1975.0       0.0            
  1980.0       0.0            
  1985.0       0.0            
  1990.0       0.0            
  1995.0       0.0            
  2000.0       7.3737505E-15  
  2005.0       6.026221E-14   
  2010.0       1.292233E-13   
  2015.0       2.0093587E-13  
  2020.0       2.6252774E-13  
  2025.0       3.0618788E-13  
  2030.0       3.2685755E-13  
  2035.0       3.1488267E-13  
  2040.0       2.6152705E-13  
  2045.0       1.5484048E-13  
  2050.0       2.0177926E-14  
  2055.0       0.0            
  2060.0       0.0            
  2065.0       0.0            
  2070.0       0.0            
  2075.0       0.0            
  2080.0       0.0            
  2085.0       0.0            
  2090.0       0.0            
  2095.0       0.0            
  2100.0       1.06906807E-13 
  2105.0       8.8137825E-13  
  2110.0       1.9521667E-12  
  2115.0       3.2164729E-12  
  2120.0       4.639821E-12   
  2125.0       6.191872E-12   
  2130.0       7.8431974E-12  
  2135.0       9.563916E-12   
  2140.0       1.132141E-11   
  2145.0       1.3083005E-11  
  2150.0       1.4819306E-11  
  2155.0       1.6507339E-11  
  2160.0       1.8143884E-11  
  2165.0       1.9729844E-11  
  2170.0       2.1269844E-11  
  2175.0       2.2761132E-11  
  2180.0       2.4212863E-11  
  2185.0       2.562278E-11   
  2190.0       2.6997763E-11  
  2195.0       2.83373E-11    
  2200.0       2.9646122E-11  
  2205.0       3.0923163E-11  
  2210.0       3.2172168E-11  
  2215.0       3.3386238E-11  
  2220.0       3.456582E-11   
  2225.0       3.570592E-11   
  2230.0       3.68055E-11    
  2235.0       3.7864205E-11  
  2240.0       3.887877E-11   
  2245.0       3.9845488E-11  
  2250.0       4.0761637E-11  
  2255.0       4.1629585E-11  
  2260.0       4.245105E-11   
  2265.0       4.3234867E-11  
  2270.0       4.3986027E-11  
  2275.0       4.471142E-11   
  2280.0       4.5418412E-11  
  2285.0       4.611352E-11   
  2290.0       4.6799384E-11  
  2295.0       4.74871E-11    
  2300.0       4.8179478E-11  
  2305.0       4.8879074E-11  
  2310.0       4.9567343E-11  
  2315.0       5.021959E-11   
  2320.0       5.0815834E-11  
  2325.0       5.1331075E-11  
  2330.0       5.1740192E-11  
  2335.0       5.2020534E-11  
  2340.0       5.214958E-11   
  2345.0       5.2102617E-11  
  2350.0       5.1859347E-11  
  2355.0       5.1422037E-11  
  2360.0       5.0849203E-11  
  2365.0       5.023089E-11   
  2370.0       4.9653594E-11  
  2375.0       4.9204987E-11  
  2380.0       4.8973346E-11  
  2385.0       4.904668E-11   
  2390.0       4.9510732E-11  
  2395.0       5.045571E-11   
  2400.0       5.1962483E-11  
  2405.0       5.4061394E-11  
  2410.0       5.6639603E-11  
  2415.0       5.952762E-11   
  2420.0       6.2554795E-11  
  2425.0       6.554886E-11   
  2430.0       6.833687E-11   
  2435.0       7.0746464E-11  
  2440.0       7.2607066E-11  
  2445.0       7.3744476E-11  
  2450.0       7.399721E-11   
  2455.0       7.32727E-11    
  2460.0       7.169317E-11   
  2465.0       6.9448655E-11  
  2470.0       6.6738004E-11  
  2475.0       6.376589E-11   
  2480.0       6.0734084E-11  
  2485.0       5.783983E-11   
  2490.0       5.5286376E-11  
  2495.0       5.32718E-11    
  2500.0       5.199653E-11   
  2505.0       5.159563E-11   
  2510.0       5.205437E-11   
  2515.0       5.3306165E-11  
  2520.0       5.527264E-11   
  2525.0       5.7880874E-11  
  2530.0       6.1049873E-11  
  2535.0       6.4707656E-11  
  2540.0       6.87798E-11    
  2545.0       7.318729E-11   
  2550.0       7.7858074E-11  
  2555.0       8.277614E-11   
  2560.0       8.805339E-11   
  2565.0       9.3855285E-11  
  2570.0       1.003467E-10   
  2575.0       1.0770124E-10  
  2580.0       1.16086E-10    
  2585.0       1.2566975E-10  
  2590.0       1.3662162E-10  
  2595.0       1.4911118E-10  
  2600.0       1.6329742E-10  
  2605.0       1.7920547E-10  
  2610.0       1.9653118E-10  
  2615.0       2.1484267E-10  
  2620.0       2.336969E-10   
  2625.0       2.5264452E-10  
  2630.0       2.712418E-10   
  2635.0       2.8904454E-10  
  2640.0       3.0560754E-10  
  2645.0       3.2048555E-10  
  2650.0       3.3324432E-10  
  2655.0       3.4358122E-10  
  2660.0       3.5152262E-10  
  2665.0       3.5721778E-10  
  2670.0       3.608382E-10   
  2675.0       3.6254877E-10  
  2680.0       3.6251424E-10  
  2685.0       3.6090142E-10  
  2690.0       3.5787603E-10  
  2695.0       3.5360492E-10  
  2700.0       3.4825412E-10  
  2705.0       3.4197362E-10  
  2710.0       3.3486575E-10  
  2715.0       3.2703182E-10  
  2720.0       3.1855843E-10  
  2725.0       3.0953723E-10  
  2730.0       3.0006023E-10  
  2735.0       2.9021882E-10  
  2740.0       2.8010266E-10  
  2745.0       2.698081E-10   
  2750.0       2.5942312E-10  
  2755.0       2.490378E-10   
  2760.0       2.3874744E-10  
  2765.0       2.2863827E-10  
  2770.0       2.18801E-10    
  2775.0       2.0932794E-10  
  2780.0       2.0031038E-10  
  2785.0       1.9183723E-10  
  2790.0       1.8399791E-10  
  2795.0       1.7688545E-10  
  2800.0       1.705994E-10   
  2805.0       1.6533012E-10  
  2810.0       1.6149906E-10  
  2815.0       1.5962687E-10  
  2820.0       1.6023502E-10  
  2825.0       1.6385002E-10  
  2830.0       1.7099452E-10  
  2835.0       1.8219685E-10  
  2840.0       1.9797997E-10  
  2845.0       2.1886698E-10  
  2850.0       2.4535068E-10  
  2855.0       2.7757743E-10  
  2860.0       3.1480135E-10  
  2865.0       3.559362E-10   
  2870.0       3.9985573E-10  
  2875.0       4.4544157E-10  
  2880.0       4.9157267E-10  
  2885.0       5.371206E-10   
  2890.0       5.8096805E-10  
  2895.0       6.219896E-10   
  2900.0       6.590914E-10   
  2905.0       6.9142275E-10  
  2910.0       7.1878353E-10  
  2915.0       7.412204E-10   
  2920.0       7.5881135E-10  
  2925.0       7.71627E-10    
  2930.0       7.797376E-10   
  2935.0       7.832188E-10   
  2940.0       7.821414E-10   
  2945.0       7.76584E-10    
  2950.0       7.666388E-10   
  2955.0       7.5264117E-10  
  2960.0       7.3553685E-10  
  2965.0       7.1651113E-10  
  2970.0       6.9677275E-10  
  2975.0       6.775318E-10   
  2980.0       6.5999006E-10  
  2985.0       6.4535854E-10  
  2990.0       6.3484695E-10  
  2995.0       6.296594E-10   
  3000.0       6.3095357E-10  
  3005.0       6.393692E-10   
  3010.0       6.541909E-10   
  3015.0       6.74193E-10    
  3020.0       6.9809886E-10  
  3025.0       7.2462447E-10  
  3030.0       7.524917E-10   
  3035.0       7.804192E-10   
  3040.0       8.071307E-10   
  3045.0       8.31345E-10    
  3050.0       8.518182E-10   
  3055.0       8.6771496E-10  
  3060.0       8.7924146E-10  
  3065.0       8.8699215E-10  
  3070.0       8.916171E-10   
  3075.0       8.937562E-10   
  3080.0       8.940487E-10   
  3085.0       8.931409E-10   
  3090.0       8.916757E-10   
  3095.0       8.902921E-10   
  3100.0       8.8961977E-10  
  3105.0       8.9014635E-10  
  3110.0       8.919817E-10   
  3115.0       8.9509417E-10  
  3120.0       8.9944036E-10  
  3125.0       9.04974E-10    
  3130.0       9.1165187E-10  
  3135.0       9.194268E-10   
  3140.0       9.2825286E-10  
  3145.0       9.380847E-10   
  3150.0       9.488771E-10   
  3155.0       9.608709E-10   
  3160.0       9.76294E-10    
  3165.0       9.986025E-10   
  3170.0       1.0313598E-9   
  3175.0       1.0701853E-9   
  3180.0       1.080958E-9    
  3185.0       1.0469958E-9   
  3190.0       1.0252212E-9   
  3195.0       1.0681289E-9   
  3200.0       1.1439723E-9   
  3205.0       1.1256149E-9   
  3210.0       1.0436892E-9   
  3215.0       9.747312E-10   
  3220.0       9.440502E-10   
  3225.0       9.514391E-10   
  3230.0       9.858449E-10   
  3235.0       1.0356533E-9   
  3240.0       1.0963951E-9   
  3245.0       1.1666296E-9   
  3250.0       1.2451822E-9   
  3255.0       1.3267543E-9   
  3260.0       1.3956947E-9   
  3265.0       1.4393771E-9   
  3270.0       1.4633835E-9   
  3275.0       1.4776192E-9   
  3280.0       1.4857062E-9   
  3285.0       1.4949121E-9   
  3290.0       1.526961E-9    
  3295.0       1.5865114E-9   
  3300.0       1.620814E-9    
  3305.0       1.5884049E-9   
  3310.0       1.5334168E-9   
  3315.0       1.5072347E-9   
  3320.0       1.4943901E-9   
  3325.0       1.4670088E-9   
  3330.0       1.4337942E-9   
  3335.0       1.4169408E-9   
  3340.0       1.4336345E-9   
  3345.0       1.4783503E-9   
  3350.0       1.49419E-9     
  3355.0       1.4377406E-9   
  3360.0       1.3513798E-9   
  3365.0       1.2948921E-9   
  3370.0       1.2866145E-9   
  3375.0       1.3219693E-9   
  3380.0       1.3798211E-9   
  3385.0       1.4378998E-9   
  3390.0       1.4857542E-9   
  3395.0       1.5178805E-9   
  3400.0       1.530074E-9    
  3405.0       1.5214576E-9   
  3410.0       1.4997681E-9   
  3415.0       1.4795841E-9   
  3420.0       1.4829206E-9   
  3425.0       1.5103045E-9   
  3430.0       1.5013305E-9   
  3435.0       1.4127288E-9   
  3440.0       1.3062432E-9   
  3445.0       1.2621116E-9   
  3450.0       1.3006477E-9   
  3455.0       1.3949646E-9   
  3460.0       1.4599059E-9   
  3465.0       1.4371689E-9   
  3470.0       1.3922861E-9   
  3475.0       1.3974516E-9   
  3480.0       1.4201263E-9   
  3485.0       1.4177678E-9   
  3490.0       1.427858E-9    
  3495.0       1.4944828E-9   
  3500.0       1.5949044E-9   
  3505.0       1.6532291E-9   
  3510.0       1.5240951E-9   
  3515.0       1.4400809E-9   
  3520.0       1.3589223E-9   
  3525.0       1.3359186E-9   
  3530.0       1.4681748E-9   
  3535.0       1.6216583E-9   
  3540.0       1.7015523E-9   
  3545.0       1.6841739E-9   
  3550.0       1.605283E-9    
  3555.0       1.4907546E-9   
  3560.0       1.3873969E-9   
  3565.0       1.2583335E-9   
  3570.0       1.1550234E-9   
  3575.0       1.0828712E-9   
  3580.0       9.711814E-10   
  3585.0       9.86576E-10    
  3590.0       1.1835655E-9   
  3595.0       1.332962E-9    
  3600.0       1.5323215E-9   
  3605.0       1.4745771E-9   
  3610.0       1.3387995E-9   
  3615.0       1.3476185E-9   
  3620.0       1.4099999E-9   
  3625.0       1.5380556E-9   
  3630.0       1.5524145E-9   
  3635.0       1.5499348E-9   
  3640.0       1.6517894E-9   
  3645.0       1.6294416E-9   
  3650.0       1.6594957E-9   
  3655.0       1.8840023E-9   
  3660.0       2.0273718E-9   
  3665.0       1.996308E-9    
  3670.0       1.9203958E-9   
  3675.0       1.871531E-9    
  3680.0       1.7773847E-9   
  3685.0       1.7319878E-9   
  3690.0       1.7915144E-9   
  3695.0       1.9137676E-9   
  3700.0       1.9215807E-9   
  3705.0       1.750683E-9    
  3710.0       1.6714404E-9   
  3715.0       1.6377477E-9   
  3720.0       1.437931E-9    
  3725.0       1.3696442E-9   
  3730.0       1.2945331E-9   
  3735.0       1.1691387E-9   
  3740.0       1.1757383E-9   
  3745.0       1.173575E-9    
  3750.0       1.2648655E-9   
  3755.0       1.4672462E-9   
  3760.0       1.5157164E-9   
  3765.0       1.6240619E-9   
  3770.0       1.8374663E-9   
  3775.0       2.0061586E-9   
  3780.0       2.036678E-9    
  3785.0       1.8868251E-9   
  3790.0       1.6690541E-9   
  3795.0       1.5797369E-9   
  3800.0       1.6233844E-9   
  3805.0       1.6754915E-9   
  3810.0       1.5509886E-9   
  3815.0       1.2782615E-9   
  3820.0       1.0291857E-9   
  3825.0       8.9114066E-10  
  3830.0       8.727069E-10   
  3835.0       9.322069E-10   
  3840.0       1.0870279E-9   
  3845.0       1.3130573E-9   
  3850.0       1.3868358E-9   
  3855.0       1.288643E-9    
  3860.0       1.2252296E-9   
  3865.0       1.2935147E-9   
  3870.0       1.336645E-9    
  3875.0       1.3793392E-9   
  3880.0       1.4012737E-9   
  3885.0       1.4718406E-9   
  3890.0       1.6297049E-9   
  3895.0       1.7518769E-9   
  3900.0       1.77529E-9     
  3905.0       1.8155772E-9   
  3910.0       1.893452E-9    
  3915.0       1.8067292E-9   
  3920.0       1.529183E-9    
  3925.0       1.2166889E-9   
  3930.0       9.56125E-10    
  3935.0       9.606774E-10   
  3940.0       1.2121718E-9   
  3945.0       1.5116381E-9   
  3950.0       1.741095E-9    
  3955.0       1.7412664E-9   
  3960.0       1.4791841E-9   
  3965.0       1.1582225E-9   
  3970.0       1.182863E-9    
  3975.0       1.6528499E-9   
  3980.0       2.1695068E-9   
  3985.0       2.4530524E-9   
  3990.0       2.5795694E-9   
  3995.0       2.6403437E-9   
  4000.0       2.704331E-9    
  4005.0       2.7519023E-9   
  4010.0       2.8166793E-9   
  4015.0       2.8797251E-9   
  4020.0       2.8839118E-9   
  4025.0       2.8221336E-9   
  4030.0       2.7124407E-9   
  4035.0       2.732973E-9    
  4040.0       2.761822E-9    
  4045.0       2.6441695E-9   
  4050.0       2.6577986E-9   
  4055.0       2.6266067E-9   
  4060.0       2.5576077E-9   
  4065.0       2.5637712E-9   
  4070.0       2.6336946E-9   
  4075.0       2.7077969E-9   
  4080.0       2.866416E-9    
  4085.0       3.0647849E-9   
  4090.0       3.1107947E-9   
  4095.0       2.9409537E-9   
  4100.0       2.7851628E-9   
  4105.0       2.8452505E-9   
  4110.0       2.9916833E-9   
  4115.0       3.0632887E-9   
  4120.0       3.035779E-9    
  4125.0       2.960035E-9    
  4130.0       2.8619993E-9   
  4135.0       2.859322E-9    
  4140.0       2.8680747E-9   
  4145.0       2.8477045E-9   
  4150.0       2.8787348E-9   
  4155.0       2.916262E-9    
  4160.0       2.9749148E-9   
  4165.0       2.955238E-9    
  4170.0       2.85846E-9     
  4175.0       2.789259E-9    
  4180.0       2.7992288E-9   
  4185.0       2.8118843E-9   
  4190.0       2.8053109E-9   
  4195.0       2.744637E-9    
  4200.0       2.715373E-9    
  4205.0       2.8509501E-9   
  4210.0       2.964758E-9    
  4215.0       2.9558478E-9   
  4220.0       2.8448794E-9   
  4225.0       2.6085634E-9   
  4230.0       2.6096016E-9   
  4235.0       2.7276583E-9   
  4240.0       2.8494433E-9   
  4245.0       2.8866451E-9   
  4250.0       2.782182E-9    
  4255.0       2.7305123E-9   
  4260.0       2.75223E-9     
  4265.0       2.7726133E-9   
  4270.0       2.655679E-9    
  4275.0       2.6519487E-9   
  4280.0       2.7130358E-9   
  4285.0       2.643035E-9    
  4290.0       2.5219136E-9   
  4295.0       2.3988889E-9   
  4300.0       2.2081825E-9   
  4305.0       2.108511E-9    
  4310.0       2.3023345E-9   
  4315.0       2.8452212E-9   
  4320.0       3.174003E-9    
  4325.0       3.1353156E-9   
  4330.0       3.207569E-9    
  4335.0       3.1990057E-9   
  4340.0       3.1192966E-9   
  4345.0       3.220699E-9    
  4350.0       3.2817533E-9   
  4355.0       3.3255383E-9   
  4360.0       3.414298E-9    
  4365.0       3.4372893E-9   
  4370.0       3.3084244E-9   
  4375.0       3.132268E-9    
  4380.0       2.9471305E-9   
  4385.0       2.8584117E-9   
  4390.0       3.0159173E-9   
  4395.0       3.1674237E-9   
  4400.0       3.173981E-9    
  4405.0       3.1184393E-9   
  4410.0       3.241781E-9    
  4415.0       3.3532344E-9   
  4420.0       3.431329E-9    
  4425.0       3.453468E-9    
  4430.0       3.4398993E-9   
  4435.0       3.4293683E-9   
  4440.0       3.4838719E-9   
  4445.0       3.5240908E-9   
  4450.0       3.4999057E-9   
  4455.0       3.3477556E-9   
  4460.0       3.3005476E-9   
  4465.0       3.4544747E-9   
  4470.0       3.6433296E-9   
  4475.0       3.7682635E-9   
  4480.0       3.7617967E-9   
  4485.0       3.7684322E-9   
  4490.0       3.75841E-9     
  4495.0       3.799269E-9    
  4500.0       3.928204E-9    
  4505.0       4.024006E-9    
  4510.0       3.9958072E-9   
  4515.0       3.9079953E-9   
  4520.0       3.8083647E-9   
  4525.0       3.5980885E-9   
  4530.0       3.4769079E-9   
  4535.0       3.594333E-9    
  4540.0       3.7377754E-9   
  4545.0       3.74444E-9     
  4550.0       3.73492E-9     
  4555.0       3.824502E-9    
  4560.0       3.924061E-9    
  4565.0       3.936158E-9    
  4570.0       3.9445993E-9   
  4575.0       3.9142773E-9   
  4580.0       3.8285144E-9   
  4585.0       3.812686E-9    
  4590.0       3.8297587E-9   
  4595.0       3.783991E-9    
  4600.0       3.767304E-9    
  4605.0       3.868144E-9    
  4610.0       3.97939E-9     
  4615.0       4.0008636E-9   
  4620.0       4.0067136E-9   
  4625.0       4.005523E-9    
  4630.0       3.96585E-9     
  4635.0       3.87518E-9     
  4640.0       3.80209E-9     
  4645.0       3.7361634E-9   
  4650.0       3.761927E-9    
  4655.0       3.8602193E-9   
  4660.0       3.8892995E-9   
  4665.0       3.733628E-9    
  4670.0       3.7074768E-9   
  4675.0       3.7857544E-9   
  4680.0       3.799887E-9    
  4685.0       3.8176755E-9   
  4690.0       3.803953E-9    
  4695.0       3.7687697E-9   
  4700.0       3.6557837E-9   
  4705.0       3.6385668E-9   
  4710.0       3.7234216E-9   
  4715.0       3.85674E-9     
  4720.0       3.9520187E-9   
  4725.0       3.886505E-9    
  4730.0       3.7682435E-9   
  4735.0       3.8025747E-9   
  4740.0       3.8767567E-9   
  4745.0       3.944854E-9    
  4750.0       3.927525E-9    
  4755.0       3.8636796E-9   
  4760.0       3.8198156E-9   
  4765.0       3.7756385E-9   
  4770.0       3.849867E-9    
  4775.0       3.952705E-9    
  4780.0       3.9498156E-9   
  4785.0       3.8788994E-9   
  4790.0       3.901981E-9    
  4795.0       3.9838444E-9   
  4800.0       3.9903187E-9   
  4805.0       3.964379E-9    
  4810.0       3.9696166E-9   
  4815.0       4.0223855E-9   
  4820.0       4.0160573E-9   
  4825.0       3.9588235E-9   
  4830.0       3.9167007E-9   
  4835.0       3.902964E-9    
  4840.0       3.8835735E-9   
  4845.0       3.8803623E-9   
  4850.0       3.822815E-9    
  4855.0       3.6008532E-9   
  4860.0       3.3797511E-9   
  4865.0       3.4298606E-9   
  4870.0       3.5287648E-9   
  4875.0       3.6257228E-9   
  4880.0       3.7156076E-9   
  4885.0       3.6416414E-9   
  4890.0       3.6137338E-9   
  4895.0       3.799468E-9    
  4900.0       3.9126813E-9   
  4905.0       3.8692187E-9   
  4910.0       3.7641144E-9   
  4915.0       3.6392742E-9   
  4920.0       3.5098517E-9   
  4925.0       3.651908E-9    
  4930.0       3.833334E-9    
  4935.0       3.783212E-9    
  4940.0       3.7722354E-9   
  4945.0       3.8926085E-9   
  4950.0       3.9263512E-9   
  4955.0       3.8066674E-9   
  4960.0       3.7652943E-9   
  4965.0       3.7999217E-9   
  4970.0       3.8135495E-9   
  4975.0       3.808032E-9    
  4980.0       3.6590695E-9   
  4985.0       3.597052E-9    
  4990.0       3.6928542E-9   
  4995.0       3.7105143E-9   
  5000.0       3.6149783E-9   
  5005.0       3.510105E-9    
  5010.0       3.49012E-9     
  5015.0       3.4458543E-9   
  5020.0       3.5015322E-9   
  5025.0       3.587819E-9    
  5030.0       3.6764651E-9   
  5035.0       3.631007E-9    
  5040.0       3.5108152E-9   
  5045.0       3.5839445E-9   
  5050.0       3.67193E-9     
  5055.0       3.764376E-9    
  5060.0       3.800152E-9    
  5065.0       3.6908436E-9   
  5070.0       3.5990033E-9   
  5075.0       3.5485268E-9   
  5080.0       3.5127103E-9   
  5085.0       3.5927556E-9   
  5090.0       3.6964192E-9   
  5095.0       3.668424E-9    
  5100.0       3.5882395E-9   
  5105.0       3.5731904E-9   
  5110.0       3.5872016E-9   
  5115.0       3.6694998E-9   
  5120.0       3.635455E-9    
  5125.0       3.4971368E-9   
  5130.0       3.4635013E-9   
  5135.0       3.462749E-9    
  5140.0       3.4112762E-9   
  5145.0       3.3791103E-9   
  5150.0       3.4043446E-9   
  5155.0       3.4843672E-9   
  5160.0       3.4091796E-9   
  5165.0       2.9665337E-9   
  5170.0       2.6356344E-9   
  5175.0       2.776993E-9    
  5180.0       2.935972E-9    
  5185.0       2.9983962E-9   
  5190.0       3.2288885E-9   
  5195.0       3.3946639E-9   
  5200.0       3.4781809E-9   
  5205.0       3.3754985E-9   
  5210.0       3.380847E-9    
  5215.0       3.533701E-9    
  5220.0       3.5942838E-9   
  5225.0       3.4776746E-9   
  5230.0       3.4635474E-9   
  5235.0       3.6342E-9      
  5240.0       3.7949235E-9   
  5245.0       3.7504293E-9   
  5250.0       3.6534284E-9   
  5255.0       3.6513863E-9   
  5260.0       3.5446834E-9   
  5265.0       3.2425116E-9   
  5270.0       3.17018E-9     
  5275.0       3.418275E-9    
  5280.0       3.6510432E-9   
  5285.0       3.776271E-9    
  5290.0       3.861835E-9    
  5295.0       3.7518113E-9   
  5300.0       3.6847334E-9   
  5305.0       3.8116794E-9   
  5310.0       3.908146E-9    
  5315.0       3.8701597E-9   
  5320.0       3.7210324E-9   
  5325.0       3.5068832E-9   
  5330.0       3.4731993E-9   
  5335.0       3.6323347E-9   
  5340.0       3.6832826E-9   
  5345.0       3.710256E-9    
  5350.0       3.789372E-9    
  5355.0       3.8972643E-9   
  5360.0       3.893452E-9    
  5365.0       3.714981E-9    
  5370.0       3.585805E-9    
  5375.0       3.683528E-9    
  5380.0       3.7739087E-9   
  5385.0       3.7477257E-9   
  5390.0       3.6594516E-9   
  5395.0       3.5507517E-9   
  5400.0       3.4994765E-9   
  5405.0       3.4617966E-9   
  5410.0       3.5286662E-9   
  5415.0       3.6645276E-9   
  5420.0       3.7141548E-9   
  5425.0       3.6677419E-9   
  5430.0       3.60732E-9     
  5435.0       3.6470769E-9   
  5440.0       3.7646806E-9   
  5445.0       3.74189E-9     
  5450.0       3.7113979E-9   
  5455.0       3.7008738E-9   
  5460.0       3.7084475E-9   
  5465.0       3.7129564E-9   
  5470.0       3.7014267E-9   
  5475.0       3.6205654E-9   
  5480.0       3.6024004E-9   
  5485.0       3.6886714E-9   
  5490.0       3.7467327E-9   
  5495.0       3.7613614E-9   
  5500.0       3.7438057E-9   
  5505.0       3.6987529E-9   
  5510.0       3.6827643E-9   
  5515.0       3.721291E-9    
  5520.0       3.7769956E-9   
  5525.0       3.712412E-9    
  5530.0       3.6552372E-9   
  5535.0       3.7042325E-9   
  5540.0       3.777975E-9    
  5545.0       3.81111E-9     
  5550.0       3.826068E-9    
  5555.0       3.8015453E-9   
  5560.0       3.7472727E-9   
  5565.0       3.6615169E-9   
  5570.0       3.6098027E-9   
  5575.0       3.6658545E-9   
  5580.0       3.6909997E-9   
  5585.0       3.5570085E-9   
  5590.0       3.4560985E-9   
  5595.0       3.50008E-9     
  5600.0       3.5694165E-9   
  5605.0       3.6780614E-9   
  5610.0       3.7456815E-9   
  5615.0       3.65439E-9     
  5620.0       3.6195928E-9   
  5625.0       3.6537242E-9   
  5630.0       3.7162948E-9   
  5635.0       3.7258054E-9   
  5640.0       3.691975E-9    
  5645.0       3.6870222E-9   
  5650.0       3.6680292E-9   
  5655.0       3.5936525E-9   
  5660.0       3.5447134E-9   
  5665.0       3.6143855E-9   
  5670.0       3.6988084E-9   
  5675.0       3.7335304E-9   
  5680.0       3.6930823E-9   
  5685.0       3.6352026E-9   
  5690.0       3.641689E-9    
  5695.0       3.6575671E-9   
  5700.0       3.5944894E-9   
  5705.0       3.498858E-9    
  5710.0       3.463669E-9    
  5715.0       3.5911623E-9   
  5720.0       3.7371106E-9   
  5725.0       3.7717625E-9   
  5730.0       3.743132E-9    
  5735.0       3.7443777E-9   
  5740.0       3.743809E-9    
  5745.0       3.7195902E-9   
  5750.0       3.6681806E-9   
  5755.0       3.643944E-9    
  5760.0       3.6684424E-9   
  5765.0       3.7135188E-9   
  5770.0       3.736219E-9    
  5775.0       3.6870869E-9   
  5780.0       3.6020498E-9   
  5785.0       3.5630672E-9   
  5790.0       3.629903E-9    
  5795.0       3.6991923E-9   
  5800.0       3.7223293E-9   
  5805.0       3.710941E-9    
  5810.0       3.703987E-9    
  5815.0       3.7136598E-9   
  5820.0       3.7497823E-9   
  5825.0       3.773379E-9    
  5830.0       3.7676733E-9   
  5835.0       3.759416E-9    
  5840.0       3.7569756E-9   
  5845.0       3.733935E-9    
  5850.0       3.6811911E-9   
  5855.0       3.6004777E-9   
  5860.0       3.582007E-9    
  5865.0       3.638222E-9    
  5870.0       3.6951162E-9   
  5875.0       3.7183352E-9   
  5880.0       3.6400136E-9   
  5885.0       3.3711984E-9   
  5890.0       3.074873E-9    
  5895.0       3.1124432E-9   
  5900.0       3.3974077E-9   
  5905.0       3.597903E-9    
  5910.0       3.646292E-9    
  5915.0       3.6358871E-9   
  5920.0       3.6436818E-9   
  5925.0       3.642526E-9    
  5930.0       3.6281804E-9   
  5935.0       3.6341787E-9   
  5940.0       3.6247596E-9   
  5945.0       3.598191E-9    
  5950.0       3.580932E-9    
  5955.0       3.5978893E-9   
  5960.0       3.6308667E-9   
  5965.0       3.6489214E-9   
  5970.0       3.6512482E-9   
  5975.0       3.6084369E-9   
  5980.0       3.5742729E-9   
  5985.0       3.5703673E-9   
  5990.0       3.5950443E-9   
  5995.0       3.5919971E-9   
  6000.0       3.5655787E-9   
  6005.0       3.5296304E-9   
  6010.0       3.511851E-9    
  6015.0       3.4789223E-9   
  6020.0       3.4566572E-9   
  6025.0       3.5130785E-9   
  6030.0       3.5910324E-9   
  6035.0       3.6201804E-9   
  6040.0       3.599596E-9    
  6045.0       3.5945094E-9   
  6050.0       3.5907086E-9   
  6055.0       3.567178E-9    
  6060.0       3.5553622E-9   
  6065.0       3.5556238E-9   
  6070.0       3.5706773E-9   
  6075.0       3.5400685E-9   
  6080.0       3.4946033E-9   
  6085.0       3.494226E-9    
  6090.0       3.4905612E-9   
  6095.0       3.464442E-9    
  6100.0       3.4196992E-9   
  6105.0       3.4349743E-9   
  6110.0       3.4960828E-9   
  6115.0       3.4717318E-9   
  6120.0       3.399391E-9    
  6125.0       3.3938512E-9   
  6130.0       3.416941E-9    
  6135.0       3.3607248E-9   
  6140.0       3.360878E-9    
  6145.0       3.4216632E-9   
  6150.0       3.4310756E-9   
  6155.0       3.3606908E-9   
  6160.0       3.2360585E-9   
  6165.0       3.2263041E-9   
  6170.0       3.3159644E-9   
  6175.0       3.4178673E-9   
  6180.0       3.4635816E-9   
  6185.0       3.4297973E-9   
  6190.0       3.3843979E-9   
  6195.0       3.4359016E-9   
  6200.0       3.481489E-9    
  6205.0       3.495078E-9    
  6210.0       3.4475818E-9   
  6215.0       3.3824095E-9   
  6220.0       3.3718217E-9   
  6225.0       3.3728078E-9   
  6230.0       3.3456535E-9   
  6235.0       3.3560343E-9   
  6240.0       3.3471685E-9   
  6245.0       3.323716E-9    
  6250.0       3.3090464E-9   
  6255.0       3.2608745E-9   
  6260.0       3.2884564E-9   
  6265.0       3.35104E-9     
  6270.0       3.3671608E-9   
  6275.0       3.3144008E-9   
  6280.0       3.266146E-9    
  6285.0       3.322438E-9    
  6290.0       3.3563452E-9   
  6295.0       3.3055603E-9   
  6300.0       3.2589647E-9   
  6305.0       3.2985428E-9   
  6310.0       3.3290248E-9   
  6315.0       3.2742484E-9   
  6320.0       3.2760157E-9   
  6325.0       3.3316638E-9   
  6330.0       3.3470662E-9   
  6335.0       3.3141174E-9   
  6340.0       3.3014664E-9   
  6345.0       3.3445366E-9   
  6350.0       3.376552E-9    
  6355.0       3.343017E-9    
  6360.0       3.2871952E-9   
  6365.0       3.3208405E-9   
  6370.0       3.379833E-9    
  6375.0       3.396231E-9    
  6380.0       3.3863508E-9   
  6385.0       3.3659384E-9   
  6390.0       3.3247904E-9   
  6395.0       3.285775E-9    
  6400.0       3.2724319E-9   
  6405.0       3.2751568E-9   
  6410.0       3.2673817E-9   
  6415.0       3.2803296E-9   
  6420.0       3.2968415E-9   
  6425.0       3.31361E-9     
  6430.0       3.2994454E-9   
  6435.0       3.2890493E-9   
  6440.0       3.2949619E-9   
  6445.0       3.2913565E-9   
  6450.0       3.2541216E-9   
  6455.0       3.2553886E-9   
  6460.0       3.2545788E-9   
  6465.0       3.259588E-9    
  6470.0       3.2956236E-9   
  6475.0       3.3075382E-9   
  6480.0       3.3018155E-9   
  6485.0       3.2716319E-9   
  6490.0       3.1974265E-9   
  6495.0       3.121965E-9    
  6500.0       3.1918246E-9   
  6505.0       3.2926963E-9   
  6510.0       3.3254108E-9   
  6515.0       3.3157042E-9   
  6520.0       3.3199048E-9   
  6525.0       3.3346068E-9   
  6530.0       3.3335437E-9   
  6535.0       3.3296474E-9   
  6540.0       3.3212941E-9   
  6545.0       3.3009497E-9   
  6550.0       3.2341545E-9   
  6555.0       3.0663108E-9   
  6560.0       2.8650822E-9   
  6565.0       2.9005212E-9   
  6570.0       3.1083793E-9   
  6575.0       3.229458E-9    
  6580.0       3.2743848E-9   
  6585.0       3.2671734E-9   
  6590.0       3.2351803E-9   
  6595.0       3.2291572E-9   
  6600.0       3.2670944E-9   
  6605.0       3.2751961E-9   
  6610.0       3.2779384E-9   
  6615.0       3.3060206E-9   
  6620.0       3.3062053E-9   
  6625.0       3.2811938E-9   
  6630.0       3.2485075E-9   
  6635.0       3.2251877E-9   
  6640.0       3.2357748E-9   
  6645.0       3.2568916E-9   
  6650.0       3.285475E-9    
  6655.0       3.282175E-9    
  6660.0       3.2477734E-9   
  6665.0       3.2308138E-9   
  6670.0       3.2451175E-9   
  6675.0       3.2378187E-9   
  6680.0       3.2333634E-9   
  6685.0       3.2595109E-9   
  6690.0       3.265612E-9    
  6695.0       3.2422187E-9   
  6700.0       3.2181773E-9   
  6705.0       3.2134806E-9   
  6710.0       3.199043E-9    
  6715.0       3.1716478E-9   
  6720.0       3.1748406E-9   
  6725.0       3.1958878E-9   
  6730.0       3.2033514E-9   
  6735.0       3.1959007E-9   
  6740.0       3.1868959E-9   
  6745.0       3.1788956E-9   
  6750.0       3.1735583E-9   
  6755.0       3.1943934E-9   
  6760.0       3.2155787E-9   
  6765.0       3.1954241E-9   
  6770.0       3.1747318E-9   
  6775.0       3.1852785E-9   
  6780.0       3.1924974E-9   
  6785.0       3.1835317E-9   
  6790.0       3.176028E-9    
  6795.0       3.1651537E-9   
  6800.0       3.1560052E-9   
  6805.0       3.160601E-9    
  6810.0       3.1774865E-9   
  6815.0       3.194215E-9    
  6820.0       3.206979E-9    
  6825.0       3.2094118E-9   
  6830.0       3.1908738E-9   
  6835.0       3.1675043E-9   
  6840.0       3.1460543E-9   
  6845.0       3.132964E-9    
  6850.0       3.1190581E-9   
  6855.0       3.103766E-9    
  6860.0       3.088449E-9    
  6865.0       3.0745124E-9   
  6870.0       3.0634266E-9   
  6875.0       3.0566933E-9   
  6880.0       3.0557394E-9   
  6885.0       3.0609753E-9   
  6890.0       3.0702474E-9   
  6895.0       3.080422E-9    
  6900.0       3.0883325E-9   
  6905.0       3.091885E-9    
  6910.0       3.091593E-9    
  6915.0       3.0890295E-9   
  6920.0       3.0858158E-9   
  6925.0       3.0831384E-9   
  6930.0       3.0810947E-9   
  6935.0       3.0793235E-9   
  6940.0       3.0774732E-9   
  6945.0       3.0752052E-9   
  6950.0       3.0723697E-9   
  6955.0       3.068879E-9    
  6960.0       3.0646503E-9   
  6965.0       3.059763E-9    
  6970.0       3.0549099E-9   
  6975.0       3.0479945E-9   
  6980.0       3.0240184E-9   
  6985.0       3.0284597E-9   
  6990.0       3.031842E-9    
  6995.0       3.0334681E-9   
  7000.0       3.0175193E-9   
  7005.0       3.0003073E-9   
  7010.0       2.998941E-9    
  7015.0       2.9888958E-9   
  7020.0       2.9712124E-9   
  7025.0       2.974637E-9    
  7030.0       3.0025797E-9   
  7035.0       3.0086655E-9   
  7040.0       3.0149387E-9   
  7045.0       3.0274965E-9   
  7050.0       3.034533E-9    
  7055.0       3.0373053E-9   
  7060.0       3.0290965E-9   
  7065.0       3.0073095E-9   
  7070.0       3.0121745E-9   
  7075.0       3.0254763E-9   
  7080.0       3.0172957E-9   
  7085.0       2.9887495E-9   
  7090.0       2.9817808E-9   
  7095.0       2.9979403E-9   
  7100.0       3.0128475E-9   
  7105.0       3.0068381E-9   
  7110.0       2.990366E-9    
  7115.0       2.9824314E-9   
  7120.0       2.976814E-9    
  7125.0       2.982536E-9    
  7130.0       2.9852048E-9   
  7135.0       2.9954592E-9   
  7140.0       2.9883966E-9   
  7145.0       2.9634293E-9   
  7150.0       2.9486007E-9   
  7155.0       2.960548E-9    
  7160.0       2.9605016E-9   
  7165.0       2.9282423E-9   
  7170.0       2.8914142E-9   
  7175.0       2.8514022E-9   
  7180.0       2.8139984E-9   
  7185.0       2.7687168E-9   
  7190.0       2.760502E-9    
  7195.0       2.7760976E-9   
  7200.0       2.794839E-9    
  7205.0       2.8139382E-9   
  7210.0       2.8570852E-9   
  7215.0       2.8976257E-9   
  7220.0       2.9189615E-9   
  7225.0       2.909022E-9    
  7230.0       2.8799805E-9   
  7235.0       2.8559013E-9   
  7240.0       2.8489213E-9   
  7245.0       2.851373E-9    
  7250.0       2.848973E-9    
  7255.0       2.8339202E-9   
  7260.0       2.8333924E-9   
  7265.0       2.8454343E-9   
  7270.0       2.8548628E-9   
  7275.0       2.826873E-9    
  7280.0       2.806184E-9    
  7285.0       2.7818694E-9   
  7290.0       2.764E-9       
  7295.0       2.7933251E-9   
  7300.0       2.8177571E-9   
  7305.0       2.8190725E-9   
  7310.0       2.8230573E-9   
  7315.0       2.8297023E-9   
  7320.0       2.835048E-9    
  7325.0       2.838553E-9    
  7330.0       2.8444969E-9   
  7335.0       2.8619376E-9   
  7340.0       2.8695453E-9   
  7345.0       2.853556E-9    
  7350.0       2.833739E-9    
  7355.0       2.815466E-9    
  7360.0       2.8085625E-9   
  7365.0       2.8135387E-9   
  7370.0       2.831246E-9    
  7375.0       2.8503493E-9   
  7380.0       2.8351577E-9   
  7385.0       2.777021E-9    
  7390.0       2.7564857E-9   
  7395.0       2.7843288E-9   
  7400.0       2.782844E-9    
  7405.0       2.7554525E-9   
  7410.0       2.7381877E-9   
  7415.0       2.7680715E-9   
  7420.0       2.7880476E-9   
  7425.0       2.801689E-9    
  7430.0       2.8211715E-9   
  7435.0       2.8256302E-9   
  7440.0       2.8144747E-9   
  7445.0       2.8004277E-9   
  7450.0       2.8063474E-9   
  7455.0       2.8142673E-9   
  7460.0       2.8063871E-9   
  7465.0       2.8062999E-9   
  7470.0       2.810941E-9    
  7475.0       2.8043066E-9   
  7480.0       2.7951388E-9   
  7485.0       2.7826164E-9   
  7490.0       2.761882E-9    
  7495.0       2.7493723E-9   
  7500.0       2.7585187E-9   
  7505.0       2.746082E-9    
  7510.0       2.7322575E-9   
  7515.0       2.7583837E-9   
  7520.0       2.7778722E-9   
  7525.0       2.7668383E-9   
  7530.0       2.7573532E-9   
  7535.0       2.7636153E-9   
  7540.0       2.7691214E-9   
  7545.0       2.7601437E-9   
  7550.0       2.7526104E-9   
  7555.0       2.749729E-9    
  7560.0       2.7475366E-9   
  7565.0       2.7453484E-9   
  7570.0       2.743155E-9    
  7575.0       2.74096E-9     
  7580.0       2.7387708E-9   
  7585.0       2.7365754E-9   
  7590.0       2.7343874E-9   
  7595.0       2.7321916E-9   
  7600.0       2.7300033E-9   
  7605.0       2.7278113E-9   
  7610.0       2.725611E-9    
  7615.0       2.723422E-9    
  7620.0       2.721231E-9    
  7625.0       2.7190359E-9   
  7630.0       2.7168399E-9   
  7635.0       2.7146534E-9   
  7640.0       2.712458E-9    
  7645.0       2.710265E-9    
  7650.0       2.70807E-9     
  7655.0       2.70588E-9     
  7660.0       2.7036848E-9   
  7665.0       2.701499E-9    
  7670.0       2.6992992E-9   
  7675.0       2.6971108E-9   
  7680.0       2.6949123E-9   
  7685.0       2.6927274E-9   
  7690.0       2.6905276E-9   
  7695.0       2.688333E-9    
  7700.0       2.68615E-9     
  7705.0       2.6839566E-9   
  7710.0       2.6817593E-9   
  7715.0       2.6795672E-9   
  7720.0       2.6773734E-9   
  7725.0       2.6751819E-9   
  7730.0       2.6747962E-9   
  7735.0       2.6825666E-9   
  7740.0       2.672819E-9    
  7745.0       2.6440874E-9   
  7750.0       2.631591E-9    
  7755.0       2.6459854E-9   
  7760.0       2.6588614E-9   
  7765.0       2.6601117E-9   
  7770.0       2.6544689E-9   
  7775.0       2.6521718E-9   
  7780.0       2.6508915E-9   
  7785.0       2.6473441E-9   
  7790.0       2.6412625E-9   
  7795.0       2.637433E-9    
  7800.0       2.6317608E-9   
  7805.0       2.6271294E-9   
  7810.0       2.6247415E-9   
  7815.0       2.63536E-9     
  7820.0       2.6410678E-9   
  7825.0       2.6263136E-9   
  7830.0       2.6001719E-9   
  7835.0       2.5957039E-9   
  7840.0       2.612295E-9    
  7845.0       2.6189657E-9   
  7850.0       2.6190117E-9   
  7855.0       2.6206641E-9   
  7860.0       2.6223106E-9   
  7865.0       2.619708E-9    
  7870.0       2.6082445E-9   
  7875.0       2.592065E-9    
  7880.0       2.5842175E-9   
  7885.0       2.5907185E-9   
  7890.0       2.5959601E-9   
  7895.0       2.5868496E-9   
  7900.0       2.576918E-9    
  7905.0       2.570042E-9    
  7910.0       2.5615676E-9   
  7915.0       2.5524456E-9   
  7920.0       2.5455482E-9   
  7925.0       2.5372737E-9   
  7930.0       2.5187168E-9   
  7935.0       2.5030074E-9   
  7940.0       2.4987727E-9   
  7945.0       2.5065718E-9   
  7950.0       2.531593E-9    
  7955.0       2.546883E-9    
  7960.0       2.552055E-9    
  7965.0       2.5632032E-9   
  7970.0       2.5715454E-9   
  7975.0       2.5711664E-9   
  7980.0       2.5680953E-9   
  7985.0       2.5667495E-9   
  7990.0       2.5581093E-9   
  7995.0       2.5288176E-9   
  8000.0       2.5107174E-9   
  8005.0       2.5250309E-9   
  8010.0       2.5439373E-9   
  8015.0       2.5567577E-9   
  8020.0       2.5511686E-9   
  8025.0       2.5273272E-9   
  8030.0       2.5155735E-9   
  8035.0       2.5243065E-9   
  8040.0       2.520224E-9    
  8045.0       2.492995E-9    
  8050.0       2.4836195E-9   
  8055.0       2.5039686E-9   
  8060.0       2.5211109E-9   
  8065.0       2.5186884E-9   
  8070.0       2.5054885E-9   
  8075.0       2.5015832E-9   
  8080.0       2.498253E-9    
  8085.0       2.4914169E-9   
  8090.0       2.4846878E-9   
  8095.0       2.472031E-9    
  8100.0       2.4675753E-9   
  8105.0       2.4741518E-9   
  8110.0       2.4848792E-9   
  8115.0       2.4915987E-9   
  8120.0       2.492795E-9    
  8125.0       2.489399E-9    
  8130.0       2.481905E-9    
  8135.0       2.470689E-9    
  8140.0       2.4563964E-9   
  8145.0       2.4394695E-9   
  8150.0       2.4197144E-9   
  8155.0       2.3989952E-9   
  8160.0       2.3847062E-9   
  8165.0       2.3804365E-9   
  8170.0       2.3748143E-9   
  8175.0       2.3596942E-9   
  8180.0       2.3495177E-9   
  8185.0       2.3550188E-9   
  8190.0       2.3555953E-9   
  8195.0       2.335844E-9    
  8200.0       2.3245332E-9   
  8205.0       2.3481692E-9   
  8210.0       2.3823772E-9   
  8215.0       2.390115E-9    
  8220.0       2.354928E-9    
  8225.0       2.2892934E-9   
  8230.0       2.2572606E-9   
  8235.0       2.3044304E-9   
  8240.0       2.3785152E-9   
  8245.0       2.4145481E-9   
  8250.0       2.413091E-9    
  8255.0       2.3994635E-9   
  8260.0       2.3949933E-9   
  8265.0       2.405516E-9    
  8270.0       2.4037994E-9   
  8275.0       2.3700366E-9   
  8280.0       2.3355275E-9   
  8285.0       2.3335285E-9   
  8290.0       2.3509186E-9   
  8295.0       2.362837E-9    
  8300.0       2.3614304E-9   
  8305.0       2.3489595E-9   
  8310.0       2.3355355E-9   
  8315.0       2.3294178E-9   
  8320.0       2.326995E-9    
  8325.0       2.3227038E-9   
  8330.0       2.317797E-9    
  8335.0       2.3157951E-9   
  8340.0       2.3188806E-9   
  8345.0       2.3272835E-9   
  8350.0       2.337712E-9    
  8355.0       2.3465054E-9   
  8360.0       2.352481E-9    
  8365.0       2.3557463E-9   
  8370.0       2.3571254E-9   
  8375.0       2.3563247E-9   
  8380.0       2.349968E-9    
  8385.0       2.3386957E-9   
  8390.0       2.3361575E-9   
  8395.0       2.351799E-9    
  8400.0       2.3712559E-9   
  8405.0       2.3805733E-9   
  8410.0       2.392051E-9    
  8415.0       2.3899605E-9   
  8420.0       2.385319E-9    
  8425.0       2.3774898E-9   
  8430.0       2.3663873E-9   
  8435.0       2.3350453E-9   
  8440.0       2.3290079E-9   
  8445.0       2.3605826E-9   
  8450.0       2.38815E-9     
  8455.0       2.39933E-9     
  8460.0       2.3838718E-9   
  8465.0       2.3387783E-9   
  8470.0       2.3080722E-9   
  8475.0       2.3258286E-9   
  8480.0       2.35061E-9     
  8485.0       2.3503497E-9   
  8490.0       2.276436E-9    
  8495.0       2.1026192E-9   
  8500.0       2.0318407E-9   
  8505.0       2.1505264E-9   
  8510.0       2.2454392E-9   
  8515.0       2.2416407E-9   
  8520.0       2.2243456E-9   
  8525.0       2.2104618E-9   
  8530.0       2.1547994E-9   
  8535.0       1.985943E-9    
  8540.0       1.7965596E-9   
  8545.0       1.8441396E-9   
  8550.0       2.035595E-9    
  8555.0       2.1312145E-9   
  8560.0       2.1752187E-9   
  8565.0       2.1919557E-9   
  8570.0       2.1837756E-9   
  8575.0       2.172161E-9    
  8580.0       2.1640547E-9   
  8585.0       2.1624542E-9   
  8590.0       2.1554127E-9   
  8595.0       2.1308102E-9   
  8600.0       2.1331419E-9   
  8605.0       2.1811466E-9   
  8610.0       2.2228932E-9   
  8615.0       2.236403E-9    
  8620.0       2.2380708E-9   
  8625.0       2.2527704E-9   
  8630.0       2.271177E-9    
  8635.0       2.2755182E-9   
  8640.0       2.2636066E-9   
  8645.0       2.233082E-9    
  8650.0       2.1903712E-9   
  8655.0       2.1058428E-9   
  8660.0       1.9845725E-9   
  8665.0       1.9931088E-9   
  8670.0       2.0824742E-9   
  8675.0       2.1194144E-9   
  8680.0       2.1386362E-9   
  8685.0       2.1190403E-9   
  8690.0       2.1149253E-9   
  8695.0       2.1550415E-9   
  8700.0       2.1898985E-9   
  8705.0       2.1901718E-9   
  8710.0       2.1670128E-9   
  8715.0       2.165658E-9    
  8720.0       2.1852944E-9   
  8725.0       2.1864668E-9   
  8730.0       2.1691868E-9   
  8735.0       2.151512E-9    
  8740.0       2.152121E-9    
  8745.0       2.1603874E-9   
  8750.0       2.1570468E-9   
  8755.0       2.1636846E-9   
  8760.0       2.167712E-9    
  8765.0       2.1657973E-9   
  8770.0       2.15973E-9     
  8775.0       2.1654294E-9   
  8780.0       2.179493E-9    
  8785.0       2.1703925E-9   
  8790.0       2.1428195E-9   
  8795.0       2.1359554E-9   
  8800.0       2.1146933E-9   
  8805.0       2.0440707E-9   
  8810.0       2.0841662E-9   
  8815.0       2.1594033E-9   
  8820.0       2.153667E-9    
  8825.0       2.1520121E-9   
  8830.0       2.1689623E-9   
  8835.0       2.1666309E-9   
  8840.0       2.1620725E-9   
  8845.0       2.171641E-9    
  8850.0       2.1807542E-9   
  8855.0       2.1763218E-9   
  8860.0       2.1458975E-9   
  8865.0       2.1248647E-9   
  8870.0       2.1487272E-9   
  8875.0       2.1729512E-9   
  8880.0       2.185204E-9    
  8885.0       2.1964643E-9   
  8890.0       2.1925273E-9   
  8895.0       2.1860291E-9   
  8900.0       2.1905742E-9   
  8905.0       2.1930813E-9   
  8910.0       2.1872046E-9   
  8915.0       2.1865825E-9   
  8920.0       2.1686215E-9   
  8925.0       2.0985538E-9   
  8930.0       2.055059E-9    
  8935.0       2.0441797E-9   
  8940.0       2.0432442E-9   
  8945.0       2.049807E-9    
  8950.0       2.0606836E-9   
  8955.0       2.0708022E-9   
  8960.0       2.0750717E-9   
  8965.0       2.0702406E-9   
  8970.0       2.0578323E-9   
  8975.0       2.041205E-9    
  8980.0       2.0238653E-9   
  8985.0       2.0088606E-9   
  8990.0       1.9981004E-9   
  8995.0       1.9930546E-9   
  9000.0       1.9950686E-9   
  9005.0       2.0047115E-9   
  9010.0       2.0205664E-9   
  9015.0       2.040432E-9    
  9020.0       2.0620503E-9   
  9025.0       2.0831663E-9   
  9030.0       2.101609E-9    
  9035.0       2.1152433E-9   
  9040.0       2.1219602E-9   
  9045.0       2.1201716E-9   
  9050.0       2.1096205E-9   
  9055.0       2.090531E-9    
  9060.0       2.0633395E-9   
  9065.0       2.0299429E-9   
  9070.0       1.9960509E-9   
  9075.0       1.968843E-9    
  9080.0       1.955304E-9    
  9085.0       1.9591166E-9   
  9090.0       1.9753854E-9   
  9095.0       1.995887E-9    
  9100.0       2.0123385E-9   
  9105.0       2.0189246E-9   
  9110.0       2.0162823E-9   
  9115.0       2.0075133E-9   
  9120.0       1.9958977E-9   
  9125.0       1.983765E-9    
  9130.0       1.9710715E-9   
  9135.0       1.9568382E-9   
  9140.0       1.940102E-9    
  9145.0       1.9210424E-9   
  9150.0       1.9027548E-9   
  9155.0       1.8894803E-9   
  9160.0       1.885337E-9    
  9165.0       1.892321E-9    
  9170.0       1.9068391E-9   
  9175.0       1.9231723E-9   
  9180.0       1.9355861E-9   
  9185.0       1.9404882E-9   
  9190.0       1.9397937E-9   
  9195.0       1.937562E-9    
  9200.0       1.9378732E-9   
  9205.0       1.9430122E-9   
  9210.0       1.9505657E-9   
  9215.0       1.9563173E-9   
  9220.0       1.9560498E-9   
  9225.0       1.9472073E-9   
  9230.0       1.9315887E-9   
  9235.0       1.9126662E-9   
  9240.0       1.8940118E-9   
  9245.0       1.8785198E-9   
  9250.0       1.8673327E-9   
  9255.0       1.860919E-9    
  9260.0       1.8595416E-9   
  9265.0       1.8621584E-9   
  9270.0       1.8642745E-9   
  9275.0       1.8600836E-9   
  9280.0       1.843937E-9    
  9285.0       1.8130111E-9   
  9290.0       1.7718382E-9   
  9295.0       1.7277642E-9   
  9300.0       1.6883427E-9   
  9305.0       1.6601425E-9   
  9310.0       1.6472301E-9   
  9315.0       1.652691E-9    
  9320.0       1.6790866E-9   
  9325.0       1.7246955E-9   
  9330.0       1.776621E-9    
  9335.0       1.8176953E-9   
  9340.0       1.8311297E-9   
  9345.0       1.8083233E-9   
  9350.0       1.7619901E-9   
  9355.0       1.7130313E-9   
  9360.0       1.6824834E-9   
  9365.0       1.6846093E-9   
  9370.0       1.7160144E-9   
  9375.0       1.7665381E-9   
  9380.0       1.8253655E-9   
  9385.0       1.8820414E-9   
  9390.0       1.9270285E-9   
  9395.0       1.9511517E-9   
  9400.0       1.9457156E-9   
  9405.0       1.906741E-9    
  9410.0       1.8423798E-9   
  9415.0       1.7654663E-9   
  9420.0       1.6891323E-9   
  9425.0       1.6245988E-9   
  9430.0       1.5781888E-9   
  9435.0       1.5543163E-9   
  9440.0       1.5568528E-9   
  9445.0       1.5859822E-9   
  9450.0       1.6323016E-9   
  9455.0       1.6827209E-9   
  9460.0       1.7241802E-9   
  9465.0       1.7476952E-9   
  9470.0       1.75483E-9     
  9475.0       1.7512239E-9   
  9480.0       1.742829E-9    
  9485.0       1.7348892E-9   
  9490.0       1.7307552E-9   
  9495.0       1.7330672E-9   
  9500.0       1.7442161E-9   
  9505.0       1.7650298E-9   
  9510.0       1.792216E-9    
  9515.0       1.8209074E-9   
  9520.0       1.8461397E-9   
  9525.0       1.8636195E-9   
  9530.0       1.8708226E-9   
  9535.0       1.865876E-9    
  9540.0       1.8472194E-9   
  9545.0       1.8155023E-9   
  9550.0       1.7771574E-9   
  9555.0       1.7408347E-9   
  9560.0       1.7151089E-9   
  9565.0       1.7055094E-9   
  9570.0       1.7096115E-9   
  9575.0       1.721949E-9    
  9580.0       1.7368823E-9   
  9585.0       1.75002E-9     
  9590.0       1.7602417E-9   
  9595.0       1.767682E-9    
  9600.0       1.7725797E-9   
  9605.0       1.7749591E-9   
  9610.0       1.7742684E-9   
  9615.0       1.7697329E-9   
  9620.0       1.760682E-9    
  9625.0       1.7476817E-9   
  9630.0       1.7345388E-9   
  9635.0       1.7262799E-9   
  9640.0       1.727826E-9    
  9645.0       1.7415966E-9   
  9650.0       1.7635658E-9   
  9655.0       1.7872388E-9   
  9660.0       1.8060541E-9   
  9665.0       1.8155321E-9   
  9670.0       1.8165807E-9   
  9675.0       1.8121513E-9   
  9680.0       1.80535E-9     
  9685.0       1.7986362E-9   
  9690.0       1.7927845E-9   
  9695.0       1.7879114E-9   
  9700.0       1.7840528E-9   
  9705.0       1.7810502E-9   
  9710.0       1.7782458E-9   
  9715.0       1.7747661E-9   
  9720.0       1.769802E-9    
  9725.0       1.7631137E-9   
  9730.0       1.7559875E-9   
  9735.0       1.750306E-9    
  9740.0       1.7478925E-9   
  9745.0       1.7494938E-9   
  9750.0       1.7530914E-9   
  9755.0       1.7555642E-9   
  9760.0       1.7538448E-9   
  9765.0       1.7462229E-9   
  9770.0       1.7345844E-9   
  9775.0       1.7221764E-9   
  9780.0       1.7122661E-9   
  9785.0       1.7069081E-9   
  9790.0       1.705003E-9    
  9795.0       1.7042311E-9   
  9800.0       1.7022826E-9   
  9805.0       1.6978913E-9   
  9810.0       1.6925957E-9   
  9815.0       1.6889927E-9   
  9820.0       1.689651E-9    
  9825.0       1.6957317E-9   
  9830.0       1.7047112E-9   
  9835.0       1.7126517E-9   
  9840.0       1.7156412E-9   
  9845.0       1.71133E-9     
  9850.0       1.7014383E-9   
  9855.0       1.6892503E-9   
  9860.0       1.6781465E-9   
  9865.0       1.6709601E-9   
  9870.0       1.669058E-9    
  9875.0       1.6732674E-9   
  9880.0       1.6842124E-9   
  9885.0       1.7013232E-9   
  9890.0       1.720829E-9    
  9895.0       1.7377636E-9   
  9900.0       1.7472193E-9   
  9905.0       1.7461605E-9   
  9910.0       1.7364642E-9   
  9915.0       1.7218759E-9   
  9920.0       1.7062638E-9   
  9925.0       1.6928187E-9   
  9930.0       1.6829504E-9   
  9935.0       1.6773785E-9   
  9940.0       1.6766896E-9   
  9945.0       1.6806518E-9   
  9950.0       1.6869637E-9   
  9955.0       1.6925163E-9   
  9960.0       1.6942799E-9   
  9965.0       1.6909305E-9   
  9970.0       1.6855021E-9   
  9975.0       1.682729E-9    
  9980.0       1.6872533E-9   
  9985.0       1.7012451E-9   
  9990.0       1.7204482E-9   
  9995.0       1.7381279E-9   
  10000.0      1.747561E-9    
  10005.0      1.7446401E-9   
  10010.0      1.7320284E-9   
  10015.0      1.7149965E-9   
  10020.0      1.6989403E-9   
  10025.0      1.687844E-9    
  10030.0      1.6820344E-9   
  10035.0      1.6804336E-9   
  10040.0      1.6818277E-9   
  10045.0      1.6850534E-9   
  10050.0      1.6890676E-9   
  10055.0      1.6928798E-9   
  10060.0      1.6955384E-9   
  10065.0      1.6964898E-9   
  10070.0      1.6962234E-9   
  10075.0      1.6955974E-9   
  10080.0      1.6954851E-9   
  10085.0      1.6961549E-9   
  10090.0      1.6964034E-9   
  10095.0      1.6944318E-9   
  10100.0      1.6885129E-9   
  10105.0      1.6779906E-9   
  10110.0      1.6650593E-9   
  10115.0      1.6529826E-9   
  10120.0      1.6450029E-9   
  10125.0      1.6428401E-9   
  10130.0      1.6443038E-9   
  10135.0      1.6456929E-9   
  10140.0      1.643324E-9    
  10145.0      1.6351706E-9   
  10150.0      1.6234866E-9   
  10155.0      1.6121864E-9   
  10160.0      1.6051754E-9   
  10165.0      1.6047582E-9   
  10170.0      1.6090062E-9   
  10175.0      1.6143703E-9   
  10180.0      1.6172973E-9   
  10185.0      1.6156977E-9   
  10190.0      1.6112722E-9   
  10195.0      1.6072055E-9   
  10200.0      1.6066559E-9   
  10205.0      1.6113075E-9   
  10210.0      1.618933E-9    
  10215.0      1.6258248E-9   
  10220.0      1.6282744E-9   
  10225.0      1.6241886E-9   
  10230.0      1.6156486E-9   
  10235.0      1.6063366E-9   
  10240.0      1.5999714E-9   
  10245.0      1.5988525E-9   
  10250.0      1.6016228E-9   
  10255.0      1.6055127E-9   
  10260.0      1.6077036E-9   
  10265.0      1.6061902E-9   
  10270.0      1.6010877E-9   
  10275.0      1.593346E-9    
  10280.0      1.5839876E-9   
  10285.0      1.5741768E-9   
  10290.0      1.5653798E-9   
  10295.0      1.5591826E-9   
  10300.0      1.5571245E-9   
  10305.0      1.5600202E-9   
  10310.0      1.566854E-9    
  10315.0      1.5758908E-9   
  10320.0      1.585335E-9    
  10325.0      1.5934453E-9   
  10330.0      1.5986116E-9   
  10335.0      1.5992893E-9   
  10340.0      1.5940673E-9   
  10345.0      1.5829097E-9   
  10350.0      1.5693223E-9   
  10355.0      1.5582011E-9   
  10360.0      1.5543543E-9   
  10365.0      1.5605255E-9   
  10370.0      1.5740674E-9   
  10375.0      1.5902747E-9   
  10380.0      1.6043457E-9   
  10385.0      1.612571E-9    
  10390.0      1.6141327E-9   
  10395.0      1.6093248E-9   
  10400.0      1.5986423E-9   
  10405.0      1.5835947E-9   
  10410.0      1.5683248E-9   
  10415.0      1.5579759E-9   
  10420.0      1.5575006E-9   
  10425.0      1.5688648E-9   
  10430.0      1.5862611E-9   
  10435.0      1.6008883E-9   
  10440.0      1.6040435E-9   
  10445.0      1.5907666E-9   
  10450.0      1.5658846E-9   
  10455.0      1.5379895E-9   
  10460.0      1.5157957E-9   
  10465.0      1.5054333E-9   
  10470.0      1.5063637E-9   
  10475.0      1.5154595E-9   
  10480.0      1.5293787E-9   
  10485.0      1.5449908E-9   
  10490.0      1.55978E-9     
  10495.0      1.5714475E-9   
  10500.0      1.5778372E-9   
  10505.0      1.5779031E-9   
  10510.0      1.5735064E-9   
  10515.0      1.5676414E-9   
  10520.0      1.5632694E-9   
  10525.0      1.5620463E-9   
  10530.0      1.562225E-9    
  10535.0      1.5607547E-9   
  10540.0      1.5546175E-9   
  10545.0      1.542483E-9    
  10550.0      1.5273987E-9   
  10555.0      1.5140987E-9   
  10560.0      1.5072891E-9   
  10565.0      1.5097337E-9   
  10570.0      1.5191661E-9   
  10575.0      1.5313674E-9   
  10580.0      1.5420595E-9   
  10585.0      1.5481814E-9   
  10590.0      1.5498615E-9   
  10595.0      1.548453E-9    
  10600.0      1.5454004E-9   
  10605.0      1.5418464E-9   
  10610.0      1.5381599E-9   
  10615.0      1.5344015E-9   
  10620.0      1.148342E-9    
