# WAVELENGTH   FLUX           
  1150.0       2.318935E-11   
  1155.0       1.7622926E-11  
  1160.0       6.6674444E-12  
  1165.0       4.102076E-12   
  1170.0       4.5079695E-12  
  1175.0       3.4051037E-12  
  1180.0       2.8196614E-12  
  1185.0       6.2743533E-13  
  1190.0       1.7683563E-12  
  1195.0       3.0568087E-12  
  1200.0       2.729801E-12   
  1205.0       3.4043296E-12  
  1210.0       4.2779435E-12  
  1215.0       3.924917E-12   
  1220.0       2.8017014E-12  
  1225.0       2.5582186E-12  
  1230.0       1.9630705E-12  
  1235.0       1.2938612E-12  
  1240.0       1.2945309E-12  
  1245.0       1.6911031E-12  
  1250.0       1.6563351E-12  
  1255.0       1.3758508E-12  
  1260.0       1.1903127E-12  
  1265.0       1.2572686E-12  
  1270.0       1.1386325E-12  
  1275.0       9.310271E-13   
  1280.0       1.0168305E-12  
  1285.0       7.490069E-13   
  1290.0       7.2454916E-13  
  1295.0       1.4374319E-12  
  1300.0       1.6524078E-12  
  1305.0       1.2296312E-12  
  1310.0       1.0546645E-12  
  1315.0       9.577966E-13   
  1320.0       8.266623E-13   
  1325.0       8.4530755E-13  
  1330.0       1.0030079E-12  
  1335.0       1.2297302E-12  
  1340.0       1.3584362E-12  
  1345.0       1.1285939E-12  
  1350.0       1.1043836E-12  
  1355.0       8.503288E-13   
  1360.0       8.047668E-13   
  1365.0       9.679077E-13   
  1370.0       1.394421E-12   
  1375.0       1.4164381E-12  
  1380.0       1.0415603E-12  
  1385.0       5.5258006E-13  
  1390.0       3.6051462E-13  
  1395.0       4.5177395E-13  
  1400.0       5.4059307E-13  
  1405.0       4.868585E-13   
  1410.0       5.402701E-13   
  1415.0       7.172125E-13   
  1420.0       7.4751143E-13  
  1425.0       8.0568283E-13  
  1430.0       9.245556E-13   
  1435.0       1.0580505E-12  
  1440.0       1.4328964E-12  
  1445.0       1.90057E-12    
  1450.0       1.7310798E-12  
  1455.0       1.3030533E-12  
  1460.0       8.8701935E-13  
  1465.0       1.1931579E-12  
  1470.0       1.2252884E-12  
  1475.0       1.6344401E-12  
  1480.0       1.8986663E-12  
  1485.0       1.8068407E-12  
  1490.0       2.2831335E-12  
  1495.0       2.1049432E-12  
  1500.0       2.0228233E-12  
  1505.0       2.0269689E-12  
  1510.0       1.5546646E-12  
  1515.0       1.7414451E-12  
  1520.0       2.361421E-12   
  1525.0       2.820453E-12   
  1530.0       2.4077437E-12  
  1535.0       2.4063653E-12  
  1540.0       2.5933602E-12  
  1545.0       2.532174E-12   
  1550.0       2.7074137E-12  
  1555.0       2.5780192E-12  
  1560.0       2.0419712E-12  
  1565.0       2.218188E-12   
  1570.0       2.7864855E-12  
  1575.0       2.9780442E-12  
  1580.0       2.8650001E-12  
  1585.0       3.1552402E-12  
  1590.0       3.2513926E-12  
  1595.0       3.045639E-12   
  1600.0       2.7768233E-12  
  1605.0       2.9034275E-12  
  1610.0       3.1586554E-12  
  1615.0       3.1581387E-12  
  1620.0       3.208706E-12   
  1625.0       3.0620795E-12  
  1630.0       3.046301E-12   
  1635.0       3.0017675E-12  
  1640.0       2.8692626E-12  
  1645.0       2.758192E-12   
  1650.0       2.3580528E-12  
  1655.0       2.4811566E-12  
  1660.0       3.4970965E-12  
  1665.0       3.5141625E-12  
  1670.0       3.5268088E-12  
  1675.0       4.038E-12      
  1680.0       4.3955495E-12  
  1685.0       5.2835067E-12  
  1690.0       6.7320793E-12  
  1695.0       8.306709E-12   
  1700.0       9.805682E-12   
  1705.0       1.1466245E-11  
  1710.0       1.3170942E-11  
  1715.0       1.5156657E-11  
  1720.0       1.6691655E-11  
  1725.0       1.8298075E-11  
  1730.0       1.7920042E-11  
  1735.0       1.788732E-11   
  1740.0       1.934257E-11   
  1745.0       2.3335452E-11  
  1750.0       2.6961829E-11  
  1755.0       2.7596071E-11  
  1760.0       2.7193133E-11  
  1765.0       3.0786203E-11  
  1770.0       3.7668115E-11  
  1775.0       4.278546E-11   
  1780.0       3.9668838E-11  
  1785.0       3.694551E-11   
  1790.0       5.067553E-11   
  1795.0       5.82493E-11    
  1800.0       5.402809E-11   
  1805.0       5.217658E-11   
  1810.0       6.041508E-11   
  1815.0       6.15924E-11    
  1820.0       5.9357144E-11  
  1825.0       5.4395877E-11  
  1830.0       5.227303E-11   
  1835.0       5.1380913E-11  
  1840.0       4.5951895E-11  
  1845.0       4.1865917E-11  
  1850.0       4.1773585E-11  
  1855.0       4.3946916E-11  
  1860.0       4.7420692E-11  
  1865.0       5.565903E-11   
  1870.0       6.416313E-11   
  1875.0       7.491354E-11   
  1880.0       9.3269927E-11  
  1885.0       9.950272E-11   
  1890.0       9.916779E-11   
  1895.0       8.309467E-11   
  1900.0       7.058707E-11   
  1905.0       7.2533986E-11  
  1910.0       9.2474736E-11  
  1915.0       1.1967012E-10  
  1920.0       1.1729788E-10  
  1925.0       8.347593E-11   
  1930.0       6.7537614E-11  
  1935.0       9.860605E-11   
  1940.0       1.4352733E-10  
  1945.0       1.5725435E-10  
  1950.0       1.4080964E-10  
  1955.0       1.0036581E-10  
  1960.0       8.562031E-11   
  1965.0       8.952493E-11   
  1970.0       9.616339E-11   
  1975.0       9.662027E-11   
  1980.0       9.70601E-11    
  1985.0       9.560688E-11   
  1990.0       8.834399E-11   
  1995.0       7.9074455E-11  
  2000.0       7.8294426E-11  
  2005.0       8.6457945E-11  
  2010.0       1.0542036E-10  
  2015.0       1.1508162E-10  
  2020.0       1.1815308E-10  
  2025.0       1.1982043E-10  
  2030.0       1.0770102E-10  
  2035.0       1.13266736E-10 
  2040.0       1.2182841E-10  
  2045.0       1.1843221E-10  
  2050.0       1.26293E-10    
  2055.0       1.4567464E-10  
  2060.0       1.2423676E-10  
  2065.0       1.2650432E-10  
  2070.0       1.2988857E-10  
  2075.0       1.4134022E-10  
  2080.0       1.5541932E-10  
  2085.0       1.581673E-10   
  2090.0       1.5754968E-10  
  2095.0       1.4677876E-10  
  2100.0       1.4772725E-10  
  2105.0       1.7416571E-10  
  2110.0       1.7164155E-10  
  2115.0       1.504418E-10   
  2120.0       1.5640217E-10  
  2125.0       1.7727643E-10  
  2130.0       1.7341868E-10  
  2135.0       1.4837837E-10  
  2140.0       1.3751934E-10  
  2145.0       1.4851456E-10  
  2150.0       1.5811545E-10  
  2155.0       1.6952714E-10  
  2160.0       1.7487815E-10  
  2165.0       1.6688959E-10  
  2170.0       1.5594753E-10  
  2175.0       1.5046601E-10  
  2180.0       1.4336884E-10  
  2185.0       1.3708554E-10  
  2190.0       1.7925014E-10  
  2195.0       2.2609152E-10  
  2200.0       2.3349575E-10  
  2205.0       2.2751791E-10  
  2210.0       2.0081087E-10  
  2215.0       1.6503332E-10  
  2220.0       1.3562523E-10  
  2225.0       1.4611164E-10  
  2230.0       1.6467147E-10  
  2235.0       1.7306771E-10  
  2240.0       1.8197795E-10  
  2245.0       1.8709652E-10  
  2250.0       1.8686987E-10  
  2255.0       1.8061042E-10  
  2260.0       1.7137174E-10  
  2265.0       1.7644215E-10  
  2270.0       1.829353E-10   
  2275.0       1.8144061E-10  
  2280.0       1.7900209E-10  
  2285.0       2.0440595E-10  
  2290.0       2.2209608E-10  
  2295.0       2.2238936E-10  
  2300.0       2.0823912E-10  
  2305.0       1.8224107E-10  
  2310.0       1.9044744E-10  
  2315.0       2.0831725E-10  
  2320.0       2.0288589E-10  
  2325.0       2.0141805E-10  
  2330.0       1.903607E-10   
  2335.0       1.5154E-10     
  2340.0       1.2162815E-10  
  2345.0       1.2606852E-10  
  2350.0       1.05273325E-10 
  2355.0       1.0699224E-10  
  2360.0       1.2513289E-10  
  2365.0       1.2241821E-10  
  2370.0       1.2717456E-10  
  2375.0       1.5129888E-10  
  2380.0       1.6183493E-10  
  2385.0       1.395141E-10   
  2390.0       1.1304118E-10  
  2395.0       1.0886261E-10  
  2400.0       1.0383225E-10  
  2405.0       7.891308E-11   
  2410.0       8.6374734E-11  
  2415.0       1.01443486E-10 
  2420.0       1.3946481E-10  
  2425.0       2.0458636E-10  
  2430.0       2.3999014E-10  
  2435.0       2.3294564E-10  
  2440.0       2.3583344E-10  
  2445.0       2.5334837E-10  
  2450.0       2.5063146E-10  
  2455.0       2.4543387E-10  
  2460.0       2.54335E-10    
  2465.0       2.3723015E-10  
  2470.0       2.149738E-10   
  2475.0       2.1907934E-10  
  2480.0       2.256904E-10   
  2485.0       2.2171102E-10  
  2490.0       2.157437E-10   
  2495.0       2.197221E-10   
  2500.0       2.4431496E-10  
  2505.0       2.703868E-10   
  2510.0       2.777414E-10   
  2515.0       2.6994287E-10  
  2520.0       2.3635094E-10  
  2525.0       2.0508603E-10  
  2530.0       1.8925872E-10  
  2535.0       1.9501632E-10  
  2540.0       1.9568998E-10  
  2545.0       1.9998284E-10  
  2550.0       2.1595455E-10  
  2555.0       2.3591437E-10  
  2560.0       2.515705E-10   
  2565.0       2.735872E-10   
  2570.0       2.7901909E-10  
  2575.0       2.7279112E-10  
  2580.0       2.363274E-10   
  2585.0       2.233931E-10   
  2590.0       2.4155805E-10  
  2595.0       2.4689226E-10  
  2600.0       2.2203214E-10  
  2605.0       1.9633588E-10  
  2610.0       1.949364E-10   
  2615.0       1.8838148E-10  
  2620.0       2.0045404E-10  
  2625.0       2.1364345E-10  
  2630.0       2.2550163E-10  
  2635.0       2.5857513E-10  
  2640.0       3.5999076E-10  
  2645.0       4.990621E-10   
  2650.0       5.747786E-10   
  2655.0       5.9458477E-10  
  2660.0       5.7657906E-10  
  2665.0       5.244729E-10   
  2670.0       4.7907095E-10  
  2675.0       4.713508E-10   
  2680.0       4.8757665E-10  
  2685.0       4.7470855E-10  
  2690.0       4.3152446E-10  
  2695.0       4.0980266E-10  
  2700.0       4.2476594E-10  
  2705.0       4.6710574E-10  
  2710.0       4.7492144E-10  
  2715.0       4.4315732E-10  
  2720.0       4.144223E-10   
  2725.0       4.0876963E-10  
  2730.0       4.2213802E-10  
  2735.0       4.4159942E-10  
  2740.0       4.052671E-10   
  2745.0       3.1890748E-10  
  2750.0       2.6705332E-10  
  2755.0       2.6118244E-10  
  2760.0       2.8549682E-10  
  2765.0       3.1939323E-10  
  2770.0       3.538116E-10   
  2775.0       3.8006717E-10  
  2780.0       3.8390574E-10  
  2785.0       3.427742E-10   
  2790.0       2.7887953E-10  
  2795.0       2.0043432E-10  
  2800.0       1.2602457E-10  
  2805.0       1.1062419E-10  
  2810.0       1.6315331E-10  
  2815.0       2.7322977E-10  
  2820.0       4.0843326E-10  
  2825.0       5.178808E-10   
  2830.0       5.6621174E-10  
  2835.0       5.723297E-10   
  2840.0       5.572115E-10   
  2845.0       5.2813576E-10  
  2850.0       5.1130766E-10  
  2855.0       4.915956E-10   
  2860.0       5.313944E-10   
  2865.0       5.99882E-10    
  2870.0       6.0923455E-10  
  2875.0       5.9880445E-10  
  2880.0       5.950993E-10   
  2885.0       6.036213E-10   
  2890.0       6.485513E-10   
  2895.0       6.495522E-10   
  2900.0       6.679946E-10   
  2905.0       7.51194E-10    
  2910.0       8.053062E-10   
  2915.0       8.177075E-10   
  2920.0       8.2045515E-10  
  2925.0       7.7335044E-10  
  2930.0       7.2430933E-10  
  2935.0       7.343976E-10   
  2940.0       7.825222E-10   
  2945.0       7.9108325E-10  
  2950.0       7.7218604E-10  
  2955.0       7.6774065E-10  
  2960.0       8.304357E-10   
  2965.0       8.950604E-10   
  2970.0       8.724746E-10   
  2975.0       8.5882745E-10  
  2980.0       9.2331276E-10  
  2985.0       8.9193E-10     
  2990.0       8.683428E-10   
  2995.0       9.2912933E-10  
  3000.0       9.796124E-10   
  3005.0       9.422896E-10   
  3010.0       9.40674E-10    
  3015.0       9.9375E-10     
  3020.0       9.869658E-10   
  3025.0       9.599371E-10   
  3030.0       9.549836E-10   
  3035.0       9.416955E-10   
  3040.0       9.325907E-10   
  3045.0       9.414851E-10   
  3050.0       9.666385E-10   
  3055.0       9.94549E-10    
  3060.0       9.674472E-10   
  3065.0       9.414333E-10   
  3070.0       1.0096465E-9   
  3075.0       1.0677764E-9   
  3080.0       1.0880112E-9   
  3085.0       1.1149917E-9   
  3090.0       1.1503622E-9   
  3095.0       1.1025131E-9   
  3100.0       1.0193172E-9   
  3105.0       1.0394704E-9   
  3110.0       1.0807732E-9   
  3115.0       1.1097789E-9   
  3120.0       1.0843964E-9   
  3125.0       1.0706172E-9   
  3130.0       1.0925985E-9   
  3135.0       1.1040309E-9   
  3140.0       1.1347955E-9   
  3145.0       1.1719161E-9   
  3150.0       1.1652966E-9   
  3155.0       1.1679571E-9   
  3160.0       1.1372734E-9   
  3165.0       1.0994932E-9   
  3170.0       1.117027E-9    
  3175.0       1.1897503E-9   
  3180.0       1.1957629E-9   
  3185.0       1.1161447E-9   
  3190.0       1.1216101E-9   
  3195.0       1.1394519E-9   
  3200.0       1.1180054E-9   
  3205.0       1.1178803E-9   
  3210.0       1.1242532E-9   
  3215.0       1.1324428E-9   
  3220.0       1.1422095E-9   
  3225.0       1.1533274E-9   
  3230.0       1.1655631E-9   
  3235.0       1.1786753E-9   
  3240.0       1.1924417E-9   
  3245.0       1.2066269E-9   
  3250.0       1.2209994E-9   
  3255.0       1.2353608E-9   
  3260.0       1.2495847E-9   
  3265.0       1.2635665E-9   
  3270.0       1.277208E-9    
  3275.0       1.290419E-9    
  3280.0       1.303103E-9    
  3285.0       1.3151522E-9   
  3290.0       1.326477E-9    
  3295.0       1.3369811E-9   
  3300.0       1.346569E-9    
  3305.0       1.3551844E-9   
  3310.0       1.3628736E-9   
  3315.0       1.3697085E-9   
  3320.0       1.3757715E-9   
  3325.0       1.381148E-9    
  3330.0       1.3859086E-9   
  3335.0       1.39015E-9     
  3340.0       1.3939436E-9   
  3345.0       1.3973799E-9   
  3350.0       1.4005345E-9   
  3355.0       1.4034898E-9   
  3360.0       1.4063414E-9   
  3365.0       1.4091812E-9   
  3370.0       1.412099E-9    
  3375.0       1.4151933E-9   
  3380.0       1.4185568E-9   
  3385.0       1.4222811E-9   
  3390.0       1.4264605E-9   
  3395.0       1.4311904E-9   
  3400.0       1.4365548E-9   
  3405.0       1.4425744E-9   
  3410.0       1.449081E-9    
  3415.0       1.4558378E-9   
  3420.0       1.4626161E-9   
  3425.0       1.4691645E-9   
  3430.0       1.4752511E-9   
  3435.0       1.4806311E-9   
  3440.0       1.4850646E-9   
  3445.0       1.4883077E-9   
  3450.0       1.4901403E-9   
  3455.0       1.4904453E-9   
  3460.0       1.4894248E-9   
  3465.0       1.4873952E-9   
  3470.0       1.4846857E-9   
  3475.0       1.4816268E-9   
  3480.0       1.4785462E-9   
  3485.0       1.475772E-9    
  3490.0       1.4736343E-9   
  3495.0       1.4724593E-9   
  3500.0       1.4725724E-9   
  3505.0       1.500641E-9    
  3510.0       1.6660197E-9   
  3515.0       1.7153229E-9   
  3520.0       1.7023786E-9   
  3525.0       1.7161081E-9   
  3530.0       1.7664508E-9   
  3535.0       1.8046421E-9   
  3540.0       1.8493153E-9   
  3545.0       1.8589478E-9   
  3550.0       1.8467732E-9   
  3555.0       1.8290104E-9   
  3560.0       1.8186977E-9   
  3565.0       1.7534295E-9   
  3570.0       1.6882352E-9   
  3575.0       1.6956885E-9   
  3580.0       1.694083E-9    
  3585.0       1.6494965E-9   
  3590.0       1.7114694E-9   
  3595.0       1.8481607E-9   
  3600.0       2.034883E-9    
  3605.0       1.9803021E-9   
  3610.0       1.92027E-9     
  3615.0       1.9652378E-9   
  3620.0       2.0195008E-9   
  3625.0       2.0749016E-9   
  3630.0       1.9763324E-9   
  3635.0       2.020868E-9    
  3640.0       2.0536424E-9   
  3645.0       2.0303503E-9   
  3650.0       2.1072388E-9   
  3655.0       2.2874755E-9   
  3660.0       2.3476507E-9   
  3665.0       2.2946585E-9   
  3670.0       2.315995E-9    
  3675.0       2.3757605E-9   
  3680.0       2.4152857E-9   
  3685.0       2.5157836E-9   
  3690.0       2.7694838E-9   
  3695.0       2.9284308E-9   
  3700.0       3.0016112E-9   
  3705.0       2.8210032E-9   
  3710.0       2.9516407E-9   
  3715.0       3.3016716E-9   
  3720.0       3.245702E-9    
  3725.0       3.282769E-9    
  3730.0       3.2299383E-9   
  3735.0       3.0702392E-9   
  3740.0       3.4851075E-9   
  3745.0       3.2807155E-9   
  3750.0       3.1231764E-9   
  3755.0       3.6338474E-9   
  3760.0       3.6844476E-9   
  3765.0       3.6689292E-9   
  3770.0       3.5645E-9      
  3775.0       4.1715267E-9   
  3780.0       4.9421605E-9   
  3785.0       4.8014295E-9   
  3790.0       4.204645E-9    
  3795.0       3.694406E-9    
  3800.0       4.063784E-9    
  3805.0       4.890737E-9    
  3810.0       5.203497E-9    
  3815.0       5.0067825E-9   
  3820.0       4.9014384E-9   
  3825.0       4.345432E-9    
  3830.0       3.63917E-9     
  3835.0       3.276947E-9    
  3840.0       3.980047E-9    
  3845.0       4.766677E-9    
  3850.0       5.1415756E-9   
  3855.0       5.3574496E-9   
  3860.0       5.576061E-9    
  3865.0       5.823837E-9    
  3870.0       5.7069394E-9   
  3875.0       5.3060347E-9   
  3880.0       4.798138E-9    
  3885.0       3.9414036E-9   
  3890.0       3.6847967E-9   
  3895.0       4.1681276E-9   
  3900.0       4.614668E-9    
  3905.0       4.897556E-9    
  3910.0       5.040815E-9    
  3915.0       4.656351E-9    
  3920.0       4.218134E-9    
  3925.0       3.3354473E-9   
  3930.0       1.9494624E-9   
  3935.0       1.7565767E-9   
  3940.0       2.9439282E-9   
  3945.0       3.924823E-9    
  3950.0       4.3316164E-9   
  3955.0       4.3334123E-9   
  3960.0       3.5996004E-9   
  3965.0       2.2858477E-9   
  3970.0       2.0919377E-9   
  3975.0       3.4320142E-9   
  3980.0       4.6054023E-9   
  3985.0       5.1633493E-9   
  3990.0       5.4204055E-9   
  3995.0       5.4089777E-9   
  4000.0       5.4185043E-9   
  4005.0       5.559554E-9    
  4010.0       5.800709E-9    
  4015.0       5.9790417E-9   
  4020.0       5.9858105E-9   
  4025.0       5.7327347E-9   
  4030.0       5.5046856E-9   
  4035.0       5.678196E-9    
  4040.0       5.8349685E-9   
  4045.0       5.6999467E-9   
  4050.0       5.6457594E-9   
  4055.0       5.599208E-9    
  4060.0       5.628365E-9    
  4065.0       5.53294E-9     
  4070.0       5.356505E-9    
  4075.0       5.0553393E-9   
  4080.0       5.1500972E-9   
  4085.0       5.395307E-9    
  4090.0       5.4360947E-9   
  4095.0       4.8628603E-9   
  4100.0       4.105835E-9    
  4105.0       4.389651E-9    
  4110.0       5.049335E-9    
  4115.0       5.397876E-9    
  4120.0       5.2601643E-9   
  4125.0       5.0830136E-9   
  4130.0       5.066891E-9    
  4135.0       5.495093E-9    
  4140.0       5.703874E-9    
  4145.0       5.590756E-9    
  4150.0       5.476511E-9    
  4155.0       5.423275E-9    
  4160.0       5.5475713E-9   
  4165.0       5.6332214E-9   
  4170.0       5.219646E-9    
  4175.0       4.7958584E-9   
  4180.0       4.8679145E-9   
  4185.0       5.0966023E-9   
  4190.0       5.3479026E-9   
  4195.0       5.344656E-9    
  4200.0       5.1125646E-9   
  4205.0       5.1173537E-9   
  4210.0       5.4064033E-9   
  4215.0       5.5065286E-9   
  4220.0       5.3869473E-9   
  4225.0       5.1224225E-9   
  4230.0       5.2615685E-9   
  4235.0       5.2067435E-9   
  4240.0       5.306579E-9    
  4245.0       5.2713727E-9   
  4250.0       5.232605E-9    
  4255.0       5.3525198E-9   
  4260.0       5.444841E-9    
  4265.0       5.582221E-9    
  4270.0       5.3249885E-9   
  4275.0       5.3117857E-9   
  4280.0       5.3739253E-9   
  4285.0       5.129835E-9    
  4290.0       4.8725406E-9   
  4295.0       4.7399893E-9   
  4300.0       4.481239E-9    
  4305.0       4.6578625E-9   
  4310.0       4.93221E-9     
  4315.0       5.01049E-9     
  4320.0       5.1650475E-9   
  4325.0       5.0864934E-9   
  4330.0       4.88533E-9     
  4335.0       4.2788595E-9   
  4340.0       3.683117E-9    
  4345.0       4.2499213E-9   
  4350.0       4.8330318E-9   
  4355.0       5.2555342E-9   
  4360.0       5.5693694E-9   
  4365.0       5.6605924E-9   
  4370.0       5.4172147E-9   
  4375.0       5.3712297E-9   
  4380.0       5.325389E-9    
  4385.0       4.997875E-9    
  4390.0       5.065109E-9    
  4395.0       4.958918E-9    
  4400.0       4.9454276E-9   
  4405.0       5.071483E-9    
  4410.0       4.9701763E-9   
  4415.0       4.7505604E-9   
  4420.0       4.8168927E-9   
  4425.0       4.936204E-9    
  4430.0       4.923698E-9    
  4435.0       5.0161164E-9   
  4440.0       5.0081117E-9   
  4445.0       4.8603557E-9   
  4450.0       4.988985E-9    
  4455.0       4.9107496E-9   
  4460.0       4.827285E-9    
  4465.0       4.840303E-9    
  4470.0       4.960449E-9    
  4475.0       5.2638773E-9   
  4480.0       5.1973172E-9   
  4485.0       5.1603006E-9   
  4490.0       5.0687574E-9   
  4495.0       5.165615E-9    
  4500.0       5.382723E-9    
  4505.0       5.525003E-9    
  4510.0       5.5380824E-9   
  4515.0       5.3249383E-9   
  4520.0       5.0560764E-9   
  4525.0       4.8768363E-9   
  4530.0       4.825273E-9    
  4535.0       5.027993E-9    
  4540.0       5.1028515E-9   
  4545.0       4.959294E-9    
  4550.0       4.747571E-9    
  4555.0       4.7796878E-9   
  4560.0       4.9722635E-9   
  4565.0       5.1131335E-9   
  4570.0       5.172858E-9    
  4575.0       5.097116E-9    
  4580.0       4.871399E-9    
  4585.0       4.812122E-9    
  4590.0       4.916353E-9    
  4595.0       5.082634E-9    
  4600.0       5.174549E-9    
  4605.0       5.303228E-9    
  4610.0       5.3650178E-9   
  4615.0       5.230206E-9    
  4620.0       5.231279E-9    
  4625.0       5.3011977E-9   
  4630.0       5.2036775E-9   
  4635.0       5.230675E-9    
  4640.0       5.353169E-9    
  4645.0       5.2994613E-9   
  4650.0       5.276543E-9    
  4655.0       5.259442E-9    
  4660.0       5.2212576E-9   
  4665.0       4.9660405E-9   
  4670.0       4.9927897E-9   
  4675.0       5.274857E-9    
  4680.0       5.3194875E-9   
  4685.0       5.3590274E-9   
  4690.0       5.3308704E-9   
  4695.0       5.262513E-9    
  4700.0       5.1295475E-9   
  4705.0       5.025411E-9    
  4710.0       5.036279E-9    
  4715.0       5.154324E-9    
  4720.0       5.2332725E-9   
  4725.0       5.149467E-9    
  4730.0       4.9564908E-9   
  4735.0       4.9641034E-9   
  4740.0       5.1014255E-9   
  4745.0       5.2154414E-9   
  4750.0       5.2068345E-9   
  4755.0       5.0685847E-9   
  4760.0       4.870408E-9    
  4765.0       4.779682E-9    
  4770.0       4.9763274E-9   
  4775.0       5.0856053E-9   
  4780.0       5.032545E-9    
  4785.0       4.9667337E-9   
  4790.0       4.979579E-9    
  4795.0       4.987669E-9    
  4800.0       4.935124E-9    
  4805.0       4.90374E-9     
  4810.0       4.9785416E-9   
  4815.0       5.024151E-9    
  4820.0       4.9182547E-9   
  4825.0       4.8145203E-9   
  4830.0       4.824907E-9    
  4835.0       4.8173447E-9   
  4840.0       4.7847286E-9   
  4845.0       4.6752184E-9   
  4850.0       4.406436E-9    
  4855.0       3.9151398E-9   
  4860.0       3.3834584E-9   
  4865.0       3.3712342E-9   
  4870.0       3.747667E-9    
  4875.0       4.024243E-9    
  4880.0       4.2219943E-9   
  4885.0       4.3046384E-9   
  4890.0       4.3253694E-9   
  4895.0       4.430295E-9    
  4900.0       4.560495E-9    
  4905.0       4.642023E-9    
  4910.0       4.6210733E-9   
  4915.0       4.567656E-9    
  4920.0       4.3940416E-9   
  4925.0       4.387478E-9    
  4930.0       4.5691833E-9   
  4935.0       4.6280824E-9   
  4940.0       4.6406035E-9   
  4945.0       4.7332773E-9   
  4950.0       4.771892E-9    
  4955.0       4.6877613E-9   
  4960.0       4.6495123E-9   
  4965.0       4.660274E-9    
  4970.0       4.6605995E-9   
  4975.0       4.633471E-9    
  4980.0       4.485734E-9    
  4985.0       4.356216E-9    
  4990.0       4.364393E-9    
  4995.0       4.4206665E-9   
  5000.0       4.3323274E-9   
  5005.0       4.208144E-9    
  5010.0       4.1451376E-9   
  5015.0       4.073249E-9    
  5020.0       4.078176E-9    
  5025.0       4.2360426E-9   
  5030.0       4.334754E-9    
  5035.0       4.3261625E-9   
  5040.0       4.276965E-9    
  5045.0       4.296916E-9    
  5050.0       4.3349466E-9   
  5055.0       4.411664E-9    
  5060.0       4.4849897E-9   
  5065.0       4.4522013E-9   
  5070.0       4.3453836E-9   
  5075.0       4.2602415E-9   
  5080.0       4.22453E-9     
  5085.0       4.25408E-9     
  5090.0       4.3369943E-9   
  5095.0       4.325607E-9    
  5100.0       4.27919E-9     
  5105.0       4.2881636E-9   
  5110.0       4.30197E-9     
  5115.0       4.2935824E-9   
  5120.0       4.2405555E-9   
  5125.0       4.1481703E-9   
  5130.0       4.0767403E-9   
  5135.0       4.090761E-9    
  5140.0       4.1074957E-9   
  5145.0       4.091134E-9    
  5150.0       4.0824335E-9   
  5155.0       4.0605097E-9   
  5160.0       4.031334E-9    
  5165.0       3.881037E-9    
  5170.0       3.8002512E-9   
  5175.0       3.93228E-9     
  5180.0       4.028396E-9    
  5185.0       3.926086E-9    
  5190.0       3.797538E-9    
  5195.0       3.7633154E-9   
  5200.0       3.7918255E-9   
  5205.0       3.802338E-9    
  5210.0       3.885319E-9    
  5215.0       3.9788954E-9   
  5220.0       4.008231E-9    
  5225.0       3.884895E-9    
  5230.0       3.773737E-9    
  5235.0       3.7592924E-9   
  5240.0       3.9012527E-9   
  5245.0       3.983005E-9    
  5250.0       3.954709E-9    
  5255.0       3.913716E-9    
  5260.0       3.806255E-9    
  5265.0       3.5647632E-9   
  5270.0       3.4443044E-9   
  5275.0       3.4983993E-9   
  5280.0       3.6531218E-9   
  5285.0       3.7943315E-9   
  5290.0       3.933163E-9    
  5295.0       3.966761E-9    
  5300.0       3.9144865E-9   
  5305.0       3.88303E-9     
  5310.0       3.855569E-9    
  5315.0       3.8105625E-9   
  5320.0       3.7824375E-9   
  5325.0       3.7052872E-9   
  5330.0       3.6399452E-9   
  5335.0       3.6510988E-9   
  5340.0       3.6973702E-9   
  5345.0       3.7749164E-9   
  5350.0       3.84534E-9     
  5355.0       3.918423E-9    
  5360.0       3.8923846E-9   
  5365.0       3.760134E-9    
  5370.0       3.6953975E-9   
  5375.0       3.742657E-9    
  5380.0       3.7568952E-9   
  5385.0       3.7759573E-9   
  5390.0       3.7914365E-9   
  5395.0       3.7168373E-9   
  5400.0       3.6290495E-9   
  5405.0       3.569455E-9    
  5410.0       3.562093E-9    
  5415.0       3.6146888E-9   
  5420.0       3.6401284E-9   
  5425.0       3.6318364E-9   
  5430.0       3.6216257E-9   
  5435.0       3.65143E-9     
  5440.0       3.7076584E-9   
  5445.0       3.6835037E-9   
  5450.0       3.6608123E-9   
  5455.0       3.6637435E-9   
  5460.0       3.6830101E-9   
  5465.0       3.68789E-9     
  5470.0       3.6607006E-9   
  5475.0       3.6104726E-9   
  5480.0       3.5750642E-9   
  5485.0       3.6146388E-9   
  5490.0       3.6470496E-9   
  5495.0       3.630698E-9    
  5500.0       3.587994E-9    
  5505.0       3.5395393E-9   
  5510.0       3.536301E-9    
  5515.0       3.6101313E-9   
  5520.0       3.6250076E-9   
  5525.0       3.5409646E-9   
  5530.0       3.4734093E-9   
  5535.0       3.4957313E-9   
  5540.0       3.5479593E-9   
  5545.0       3.5680847E-9   
  5550.0       3.5932568E-9   
  5555.0       3.6136771E-9   
  5560.0       3.5949776E-9   
  5565.0       3.550951E-9    
  5570.0       3.5131942E-9   
  5575.0       3.516714E-9    
  5580.0       3.5175562E-9   
  5585.0       3.4672782E-9   
  5590.0       3.4155925E-9   
  5595.0       3.3926602E-9   
  5600.0       3.406763E-9    
  5605.0       3.4511207E-9   
  5610.0       3.4982877E-9   
  5615.0       3.4640624E-9   
  5620.0       3.436953E-9    
  5625.0       3.4375964E-9   
  5630.0       3.457818E-9    
  5635.0       3.4654926E-9   
  5640.0       3.4419978E-9   
  5645.0       3.433042E-9    
  5650.0       3.4233096E-9   
  5655.0       3.3375909E-9   
  5660.0       3.2406287E-9   
  5665.0       3.2147893E-9   
  5670.0       3.2580616E-9   
  5675.0       3.3436323E-9   
  5680.0       3.3633938E-9   
  5685.0       3.3051895E-9   
  5690.0       3.2888434E-9   
  5695.0       3.303665E-9    
  5700.0       3.3180387E-9   
  5705.0       3.2686627E-9   
  5710.0       3.2297909E-9   
  5715.0       3.265457E-9    
  5720.0       3.328159E-9    
  5725.0       3.3667755E-9   
  5730.0       3.365537E-9    
  5735.0       3.3489491E-9   
  5740.0       3.3294651E-9   
  5745.0       3.3043495E-9   
  5750.0       3.2864407E-9   
  5755.0       3.2874417E-9   
  5760.0       3.2977798E-9   
  5765.0       3.2916152E-9   
  5770.0       3.2723761E-9   
  5775.0       3.2178022E-9   
  5780.0       3.1321505E-9   
  5785.0       3.0990428E-9   
  5790.0       3.129245E-9    
  5795.0       3.1544993E-9   
  5800.0       3.1662877E-9   
  5805.0       3.1815581E-9   
  5810.0       3.1878986E-9   
  5815.0       3.203019E-9    
  5820.0       3.2356753E-9   
  5825.0       3.2594132E-9   
  5830.0       3.2585692E-9   
  5835.0       3.2706358E-9   
  5840.0       3.2984497E-9   
  5845.0       3.279817E-9    
  5850.0       3.2258116E-9   
  5855.0       3.1769742E-9   
  5860.0       3.1772933E-9   
  5865.0       3.2295449E-9   
  5870.0       3.2911822E-9   
  5875.0       3.30259E-9     
  5880.0       3.258651E-9    
  5885.0       3.085287E-9    
  5890.0       2.8435116E-9   
  5895.0       2.8081275E-9   
  5900.0       2.966264E-9    
  5905.0       3.1632283E-9   
  5910.0       3.230664E-9    
  5915.0       3.2400094E-9   
  5920.0       3.2397371E-9   
  5925.0       3.2216572E-9   
  5930.0       3.2054022E-9   
  5935.0       3.2041827E-9   
  5940.0       3.208321E-9    
  5945.0       3.1748724E-9   
  5950.0       3.1418212E-9   
  5955.0       3.154044E-9    
  5960.0       3.1851408E-9   
  5965.0       3.1821517E-9   
  5970.0       3.1634733E-9   
  5975.0       3.1365415E-9   
  5980.0       3.1074072E-9   
  5985.0       3.0943212E-9   
  5990.0       3.0747478E-9   
  5995.0       3.1051688E-9   
  6000.0       3.1075535E-9   
  6005.0       3.0822163E-9   
  6010.0       3.0741665E-9   
  6015.0       3.0647267E-9   
  6020.0       3.0397733E-9   
  6025.0       3.0196938E-9   
  6030.0       3.0462974E-9   
  6035.0       3.069271E-9    
  6040.0       3.0573357E-9   
  6045.0       3.0533582E-9   
  6050.0       3.0650569E-9   
  6055.0       3.0601044E-9   
  6060.0       3.0718583E-9   
  6065.0       3.055126E-9    
  6070.0       3.0688425E-9   
  6075.0       3.0596707E-9   
  6080.0       3.0260794E-9   
  6085.0       3.006905E-9    
  6090.0       3.029346E-9    
  6095.0       3.0204375E-9   
  6100.0       2.9861937E-9   
  6105.0       2.9801146E-9   
  6110.0       2.990056E-9    
  6115.0       2.9769494E-9   
  6120.0       2.965296E-9    
  6125.0       2.9617178E-9   
  6130.0       2.9600924E-9   
  6135.0       2.8939589E-9   
  6140.0       2.8187304E-9   
  6145.0       2.8462734E-9   
  6150.0       2.8834384E-9   
  6155.0       2.9071978E-9   
  6160.0       2.8657163E-9   
  6165.0       2.8459772E-9   
  6170.0       2.8603147E-9   
  6175.0       2.8986213E-9   
  6180.0       2.9359872E-9   
  6185.0       2.9458722E-9   
  6190.0       2.9312672E-9   
  6195.0       2.9463803E-9   
  6200.0       2.9634433E-9   
  6205.0       2.964659E-9    
  6210.0       2.953267E-9    
  6215.0       2.9220564E-9   
  6220.0       2.9132676E-9   
  6225.0       2.920434E-9    
  6230.0       2.8621892E-9   
  6235.0       2.823076E-9    
  6240.0       2.8021083E-9   
  6245.0       2.765419E-9    
  6250.0       2.7982396E-9   
  6255.0       2.8265854E-9   
  6260.0       2.8540668E-9   
  6265.0       2.8619818E-9   
  6270.0       2.8512621E-9   
  6275.0       2.8067335E-9   
  6280.0       2.707988E-9    
  6285.0       2.7428155E-9   
  6290.0       2.82192E-9     
  6295.0       2.83716E-9     
  6300.0       2.793656E-9    
  6305.0       2.7979354E-9   
  6310.0       2.7982958E-9   
  6315.0       2.7733114E-9   
  6320.0       2.7689553E-9   
  6325.0       2.8130578E-9   
  6330.0       2.821053E-9    
  6335.0       2.7946712E-9   
  6340.0       2.778033E-9    
  6345.0       2.7494325E-9   
  6350.0       2.7649953E-9   
  6355.0       2.7969465E-9   
  6360.0       2.7766378E-9   
  6365.0       2.7443683E-9   
  6370.0       2.7173512E-9   
  6375.0       2.7488627E-9   
  6380.0       2.7597666E-9   
  6385.0       2.7501468E-9   
  6390.0       2.7439233E-9   
  6395.0       2.7320606E-9   
  6400.0       2.7340175E-9   
  6405.0       2.725936E-9    
  6410.0       2.6968425E-9   
  6415.0       2.6745135E-9   
  6420.0       2.682834E-9    
  6425.0       2.7161766E-9   
  6430.0       2.6899103E-9   
  6435.0       2.684404E-9    
  6440.0       2.695127E-9    
  6445.0       2.70266E-9     
  6450.0       2.6698892E-9   
  6455.0       2.6023486E-9   
  6460.0       2.600504E-9    
  6465.0       2.6306664E-9   
  6470.0       2.6532434E-9   
  6475.0       2.6553244E-9   
  6480.0       2.6289526E-9   
  6485.0       2.586866E-9    
  6490.0       2.4992595E-9   
  6495.0       2.4060167E-9   
  6500.0       2.5246454E-9   
  6505.0       2.6393632E-9   
  6510.0       2.643343E-9    
  6515.0       2.582321E-9    
  6520.0       2.5895748E-9   
  6525.0       2.602793E-9    
  6530.0       2.5965614E-9   
  6535.0       2.5910627E-9   
  6540.0       2.574046E-9    
  6545.0       2.5310147E-9   
  6550.0       2.4532554E-9   
  6555.0       2.2791036E-9   
  6560.0       1.9868984E-9   
  6565.0       1.9692552E-9   
  6570.0       2.2714877E-9   
  6575.0       2.4449296E-9   
  6580.0       2.5136688E-9   
  6585.0       2.5248614E-9   
  6590.0       2.516193E-9    
  6595.0       2.5264881E-9   
  6600.0       2.5581468E-9   
  6605.0       2.5545261E-9   
  6610.0       2.5628435E-9   
  6615.0       2.583388E-9    
  6620.0       2.5984845E-9   
  6625.0       2.5870581E-9   
  6630.0       2.5587275E-9   
  6635.0       2.5352322E-9   
  6640.0       2.5318079E-9   
  6645.0       2.530153E-9    
  6650.0       2.5446447E-9   
  6655.0       2.5359643E-9   
  6660.0       2.521576E-9    
  6665.0       2.5162077E-9   
  6670.0       2.5127953E-9   
  6675.0       2.4873321E-9   
  6680.0       2.480652E-9    
  6685.0       2.5202278E-9   
  6690.0       2.525065E-9    
  6695.0       2.5102507E-9   
  6700.0       2.5058637E-9   
  6705.0       2.4930802E-9   
  6710.0       2.4762092E-9   
  6715.0       2.4475457E-9   
  6720.0       2.456038E-9    
  6725.0       2.4808477E-9   
  6730.0       2.4824598E-9   
  6735.0       2.4777824E-9   
  6740.0       2.4628448E-9   
  6745.0       2.449646E-9    
  6750.0       2.4327471E-9   
  6755.0       2.4332127E-9   
  6760.0       2.4490834E-9   
  6765.0       2.4480629E-9   
  6770.0       2.4376903E-9   
  6775.0       2.4398659E-9   
  6780.0       2.4361082E-9   
  6785.0       2.4263798E-9   
  6790.0       2.4256537E-9   
  6795.0       2.4188782E-9   
  6800.0       2.42346E-9     
  6805.0       2.426857E-9    
  6810.0       2.4284268E-9   
  6815.0       2.419208E-9    
  6820.0       2.4029059E-9   
  6825.0       2.3908284E-9   
  6830.0       2.3817086E-9   
  6835.0       2.380469E-9    
  6840.0       2.3828668E-9   
  6845.0       2.3801037E-9   
  6850.0       2.3764717E-9   
  6855.0       2.3728266E-9   
  6860.0       2.3688822E-9   
  6865.0       2.365333E-9    
  6870.0       2.3620181E-9   
  6875.0       2.358732E-9    
  6880.0       2.3554665E-9   
  6885.0       2.3521978E-9   
  6890.0       2.3486662E-9   
  6895.0       2.3448992E-9   
  6900.0       2.3413178E-9   
  6905.0       2.337756E-9    
  6910.0       2.3342241E-9   
  6915.0       2.3314322E-9   
  6920.0       2.3293136E-9   
  6925.0       2.3264384E-9   
  6930.0       2.3235038E-9   
  6935.0       2.3209408E-9   
  6940.0       2.3195583E-9   
  6945.0       2.318484E-9    
  6950.0       2.3162974E-9   
  6955.0       2.314129E-9    
  6960.0       2.312114E-9    
  6965.0       2.3099807E-9   
  6970.0       2.3067381E-9   
  6975.0       2.286003E-9    
  6980.0       2.2700897E-9   
  6985.0       2.277537E-9    
  6990.0       2.2673345E-9   
  6995.0       2.2465478E-9   
  7000.0       2.2110915E-9   
  7005.0       2.2116888E-9   
  7010.0       2.2432263E-9   
  7015.0       2.2435105E-9   
  7020.0       2.2358235E-9   
  7025.0       2.229617E-9    
  7030.0       2.237784E-9    
  7035.0       2.2409887E-9   
  7040.0       2.2383E-9      
  7045.0       2.2423223E-9   
  7050.0       2.2367888E-9   
  7055.0       2.235829E-9    
  7060.0       2.2325186E-9   
  7065.0       2.219173E-9    
  7070.0       2.2126219E-9   
  7075.0       2.22011E-9     
  7080.0       2.2216073E-9   
  7085.0       2.215301E-9    
  7090.0       2.2065512E-9   
  7095.0       2.200762E-9    
  7100.0       2.2019593E-9   
  7105.0       2.203211E-9    
  7110.0       2.1826085E-9   
  7115.0       2.166387E-9    
  7120.0       2.1724158E-9   
  7125.0       2.1986428E-9   
  7130.0       2.2122655E-9   
  7135.0       2.2186564E-9   
  7140.0       2.2088027E-9   
  7145.0       2.1877955E-9   
  7150.0       2.1955513E-9   
  7155.0       2.2231068E-9   
  7160.0       2.2039948E-9   
  7165.0       2.1595297E-9   
  7170.0       2.137436E-9    
  7175.0       2.1140318E-9   
  7180.0       2.0734325E-9   
  7185.0       2.023556E-9    
  7190.0       2.0338649E-9   
  7195.0       2.0620734E-9   
  7200.0       2.0633746E-9   
  7205.0       2.0759172E-9   
  7210.0       2.1330702E-9   
  7215.0       2.1625621E-9   
  7220.0       2.1444793E-9   
  7225.0       2.129958E-9    
  7230.0       2.134421E-9    
  7235.0       2.1186215E-9   
  7240.0       2.1134994E-9   
  7245.0       2.1140067E-9   
  7250.0       2.1162012E-9   
  7255.0       2.1117652E-9   
  7260.0       2.107451E-9    
  7265.0       2.0911621E-9   
  7270.0       2.0897157E-9   
  7275.0       2.05415E-9     
  7280.0       2.0545348E-9   
  7285.0       2.045917E-9    
  7290.0       2.0108741E-9   
  7295.0       2.0374569E-9   
  7300.0       2.0510504E-9   
  7305.0       2.0251598E-9   
  7310.0       2.0173156E-9   
  7315.0       2.0453652E-9   
  7320.0       2.0532545E-9   
  7325.0       2.055486E-9    
  7330.0       2.0572406E-9   
  7335.0       2.0705127E-9   
  7340.0       2.0836604E-9   
  7345.0       2.071202E-9    
  7350.0       2.0475746E-9   
  7355.0       2.022832E-9    
  7360.0       2.0325759E-9   
  7365.0       2.0407178E-9   
  7370.0       2.0385584E-9   
  7375.0       2.0359707E-9   
  7380.0       2.025077E-9    
  7385.0       1.99083E-9     
  7390.0       1.9751643E-9   
  7395.0       1.9909838E-9   
  7400.0       2.0033135E-9   
  7405.0       1.9858897E-9   
  7410.0       1.944761E-9    
  7415.0       1.9347455E-9   
  7420.0       1.9505746E-9   
  7425.0       1.9657806E-9   
  7430.0       1.9846698E-9   
  7435.0       1.988477E-9    
  7440.0       1.9797117E-9   
  7445.0       1.9531634E-9   
  7450.0       1.9549384E-9   
  7455.0       1.9791624E-9   
  7460.0       1.9749697E-9   
  7465.0       1.9611963E-9   
  7470.0       1.9757815E-9   
  7475.0       1.9723378E-9   
  7480.0       1.959721E-9    
  7485.0       1.9609885E-9   
  7490.0       1.9545725E-9   
  7495.0       1.9328144E-9   
  7500.0       1.9402802E-9   
  7505.0       1.9363027E-9   
  7510.0       1.9074702E-9   
  7515.0       1.898692E-9    
  7520.0       1.9233588E-9   
  7525.0       1.9159312E-9   
  7530.0       1.9107087E-9   
  7535.0       1.9074298E-9   
  7540.0       1.934779E-9    
  7545.0       1.9336255E-9   
  7550.0       1.9242836E-9   
  7555.0       1.9205784E-9   
  7560.0       1.916628E-9    
  7565.0       1.913111E-9    
  7570.0       1.9095183E-9   
  7575.0       1.9049724E-9   
  7580.0       1.9004578E-9   
  7585.0       1.8969335E-9   
  7590.0       1.8932835E-9   
  7595.0       1.8895514E-9   
  7600.0       1.8859232E-9   
  7605.0       1.8834359E-9   
  7610.0       1.8809547E-9   
  7615.0       1.878259E-9    
  7620.0       1.8755455E-9   
  7625.0       1.8728277E-9   
  7630.0       1.8701058E-9   
  7635.0       1.867383E-9    
  7640.0       1.8646509E-9   
  7645.0       1.8619226E-9   
  7650.0       1.8591899E-9   
  7655.0       1.856453E-9    
  7660.0       1.8537059E-9   
  7665.0       1.850955E-9    
  7670.0       1.8481614E-9   
  7675.0       1.845032E-9    
  7680.0       1.8418354E-9   
  7685.0       1.8391944E-9   
  7690.0       1.8370594E-9   
  7695.0       1.8344549E-9   
  7700.0       1.8314688E-9   
  7705.0       1.828845E-9    
  7710.0       1.8284111E-9   
  7715.0       1.8305113E-9   
  7720.0       1.8308225E-9   
  7725.0       1.8285754E-9   
  7730.0       1.8262091E-9   
  7735.0       1.8319356E-9   
  7740.0       1.8282893E-9   
  7745.0       1.8101712E-9   
  7750.0       1.7957136E-9   
  7755.0       1.8053996E-9   
  7760.0       1.8088545E-9   
  7765.0       1.7936237E-9   
  7770.0       1.7321504E-9   
  7775.0       1.6712536E-9   
  7780.0       1.7253609E-9   
  7785.0       1.7782268E-9   
  7790.0       1.7958974E-9   
  7795.0       1.7942515E-9   
  7800.0       1.7831512E-9   
  7805.0       1.786523E-9    
  7810.0       1.7870891E-9   
  7815.0       1.7891978E-9   
  7820.0       1.7940339E-9   
  7825.0       1.785752E-9    
  7830.0       1.7659343E-9   
  7835.0       1.7493474E-9   
  7840.0       1.7531124E-9   
  7845.0       1.752813E-9    
  7850.0       1.7455214E-9   
  7855.0       1.7409156E-9   
  7860.0       1.7476491E-9   
  7865.0       1.7470407E-9   
  7870.0       1.7497519E-9   
  7875.0       1.7397896E-9   
  7880.0       1.7326011E-9   
  7885.0       1.740873E-9    
  7890.0       1.7476801E-9   
  7895.0       1.7325203E-9   
  7900.0       1.7331638E-9   
  7905.0       1.7464006E-9   
  7910.0       1.7345861E-9   
  7915.0       1.7237333E-9   
  7920.0       1.7064231E-9   
  7925.0       1.7027598E-9   
  7930.0       1.6998887E-9   
  7935.0       1.6852463E-9   
  7940.0       1.6819048E-9   
  7945.0       1.676577E-9    
  7950.0       1.6871129E-9   
  7955.0       1.7037941E-9   
  7960.0       1.7072334E-9   
  7965.0       1.7046953E-9   
  7970.0       1.7073976E-9   
  7975.0       1.7095291E-9   
  7980.0       1.7064554E-9   
  7985.0       1.7028219E-9   
  7990.0       1.6950756E-9   
  7995.0       1.6832012E-9   
  8000.0       1.668276E-9    
  8005.0       1.6810203E-9   
  8010.0       1.6791503E-9   
  8015.0       1.6766668E-9   
  8020.0       1.678203E-9    
  8025.0       1.6718771E-9   
  8030.0       1.6720019E-9   
  8035.0       1.6691488E-9   
  8040.0       1.6664521E-9   
  8045.0       1.652864E-9    
  8050.0       1.6519703E-9   
  8055.0       1.6610407E-9   
  8060.0       1.6582381E-9   
  8065.0       1.6615969E-9   
  8070.0       1.6619088E-9   
  8075.0       1.6618973E-9   
  8080.0       1.6537359E-9   
  8085.0       1.6427077E-9   
  8090.0       1.6469972E-9   
  8095.0       1.6484761E-9   
  8100.0       1.6483863E-9   
  8105.0       1.6573417E-9   
  8110.0       1.65422E-9     
  8115.0       1.6530326E-9   
  8120.0       1.658184E-9    
  8125.0       1.6551105E-9   
  8130.0       1.651474E-9    
  8135.0       1.6409695E-9   
  8140.0       1.6416308E-9   
  8145.0       1.6226639E-9   
  8150.0       1.6164771E-9   
  8155.0       1.6124747E-9   
  8160.0       1.5968392E-9   
  8165.0       1.5816426E-9   
  8170.0       1.6040588E-9   
  8175.0       1.6070911E-9   
  8180.0       1.5721737E-9   
  8185.0       1.5538738E-9   
  8190.0       1.5678588E-9   
  8195.0       1.5548327E-9   
  8200.0       1.563606E-9    
  8205.0       1.6064333E-9   
  8210.0       1.6270123E-9   
  8215.0       1.6021345E-9   
  8220.0       1.5756308E-9   
  8225.0       1.5460739E-9   
  8230.0       1.5137845E-9   
  8235.0       1.546828E-9    
  8240.0       1.5932952E-9   
  8245.0       1.5912808E-9   
  8250.0       1.5803531E-9   
  8255.0       1.5792879E-9   
  8260.0       1.5929287E-9   
  8265.0       1.6102982E-9   
  8270.0       1.6038181E-9   
  8275.0       1.586021E-9    
  8280.0       1.5734983E-9   
  8285.0       1.5714252E-9   
  8290.0       1.5619559E-9   
  8295.0       1.5639535E-9   
  8300.0       1.5747663E-9   
  8305.0       1.5668957E-9   
  8310.0       1.5592994E-9   
  8315.0       1.5559881E-9   
  8320.0       1.541421E-9    
  8325.0       1.5278825E-9   
  8330.0       1.5092309E-9   
  8335.0       1.4916631E-9   
  8340.0       1.5109819E-9   
  8345.0       1.5449522E-9   
  8350.0       1.5596067E-9   
  8355.0       1.5582572E-9   
  8360.0       1.5493772E-9   
  8365.0       1.5527054E-9   
  8370.0       1.5509175E-9   
  8375.0       1.5383502E-9   
  8380.0       1.5449347E-9   
  8385.0       1.5362335E-9   
  8390.0       1.5108822E-9   
  8395.0       1.5162466E-9   
  8400.0       1.5408755E-9   
  8405.0       1.5463895E-9   
  8410.0       1.521309E-9    
  8415.0       1.5014288E-9   
  8420.0       1.5219336E-9   
  8425.0       1.5383346E-9   
  8430.0       1.528466E-9    
  8435.0       1.4922145E-9   
  8440.0       1.4652696E-9   
  8445.0       1.4784779E-9   
  8450.0       1.5061113E-9   
  8455.0       1.5328592E-9   
  8460.0       1.5201685E-9   
  8465.0       1.4593302E-9   
  8470.0       1.4508561E-9   
  8475.0       1.5018098E-9   
  8480.0       1.533245E-9    
  8485.0       1.5466005E-9   
  8490.0       1.5236861E-9   
  8495.0       1.4061273E-9   
  8500.0       1.2768713E-9   
  8505.0       1.3519554E-9   
  8510.0       1.4499018E-9   
  8515.0       1.4786004E-9   
  8520.0       1.4919521E-9   
  8525.0       1.4899791E-9   
  8530.0       1.4524212E-9   
  8535.0       1.344613E-9    
  8540.0       1.1424146E-9   
  8545.0       1.0569733E-9   
  8550.0       1.2538225E-9   
  8555.0       1.400185E-9    
  8560.0       1.4561455E-9   
  8565.0       1.4784683E-9   
  8570.0       1.4740847E-9   
  8575.0       1.4720878E-9   
  8580.0       1.4620307E-9   
  8585.0       1.4368786E-9   
  8590.0       1.4110071E-9   
  8595.0       1.3613793E-9   
  8600.0       1.3344394E-9   
  8605.0       1.3882544E-9   
  8610.0       1.4206131E-9   
  8615.0       1.4317325E-9   
  8620.0       1.45733E-9     
  8625.0       1.4675537E-9   
  8630.0       1.4705014E-9   
  8635.0       1.4770362E-9   
  8640.0       1.4800762E-9   
  8645.0       1.4646051E-9   
  8650.0       1.4181477E-9   
  8655.0       1.3424906E-9   
  8660.0       1.1573309E-9   
  8665.0       1.0701512E-9   
  8670.0       1.221392E-9    
  8675.0       1.3358773E-9   
  8680.0       1.373117E-9    
  8685.0       1.3896359E-9   
  8690.0       1.4136042E-9   
  8695.0       1.4413061E-9   
  8700.0       1.463289E-9    
  8705.0       1.4826678E-9   
  8710.0       1.4852846E-9   
  8715.0       1.4864382E-9   
  8720.0       1.4958638E-9   
  8725.0       1.4835255E-9   
  8730.0       1.462666E-9    
  8735.0       1.4450787E-9   
  8740.0       1.4197246E-9   
  8745.0       1.3783378E-9   
  8750.0       1.312715E-9    
  8755.0       1.3226248E-9   
  8760.0       1.3891155E-9   
  8765.0       1.4187248E-9   
  8770.0       1.4281096E-9   
  8775.0       1.4376075E-9   
  8780.0       1.4451024E-9   
  8785.0       1.4331244E-9   
  8790.0       1.4270068E-9   
  8795.0       1.409766E-9    
  8800.0       1.4229063E-9   
  8805.0       1.4103337E-9   
  8810.0       1.4086916E-9   
  8815.0       1.427688E-9    
  8820.0       1.4243834E-9   
  8825.0       1.4073835E-9   
  8830.0       1.4190145E-9   
  8835.0       1.4258457E-9   
  8840.0       1.4063526E-9   
  8845.0       1.4079959E-9   
  8850.0       1.3873782E-9   
  8855.0       1.359757E-9    
  8860.0       1.3021684E-9   
  8865.0       1.2717661E-9   
  8870.0       1.3168524E-9   
  8875.0       1.3674506E-9   
  8880.0       1.3872692E-9   
  8885.0       1.3991143E-9   
  8890.0       1.4168778E-9   
  8895.0       1.4218633E-9   
  8900.0       1.4243517E-9   
  8905.0       1.4177663E-9   
  8910.0       1.4028632E-9   
  8915.0       1.3971081E-9   
  8920.0       1.408404E-9    
  8925.0       1.3824379E-9   
  8930.0       1.3675587E-9   
  8935.0       1.4095322E-9   
  8940.0       1.4193506E-9   
  8945.0       1.4015465E-9   
  8950.0       1.3862169E-9   
  8955.0       1.4007485E-9   
  8960.0       1.412395E-9    
  8965.0       1.3840096E-9   
  8970.0       1.3688463E-9   
  8975.0       1.3660664E-9   
  8980.0       1.3616285E-9   
  8985.0       1.3315654E-9   
  8990.0       1.2850576E-9   
  8995.0       1.3206939E-9   
  9000.0       1.2957133E-9   
  9005.0       1.279272E-9    
  9010.0       1.2406777E-9   
  9015.0       1.1812897E-9   
  9020.0       1.21325E-9     
  9025.0       1.2888441E-9   
  9030.0       1.3478774E-9   
  9035.0       1.3971581E-9   
  9040.0       1.4061475E-9   
  9045.0       1.4203808E-9   
  9050.0       1.4151829E-9   
  9055.0       1.3970269E-9   
  9060.0       1.3341005E-9   
  9065.0       1.3141751E-9   
  9070.0       1.3373875E-9   
  9075.0       1.3268391E-9   
  9080.0       1.3004672E-9   
  9085.0       1.303003E-9    
  9090.0       1.2740988E-9   
  9095.0       1.2830729E-9   
  9100.0       1.3113383E-9   
  9105.0       1.3471452E-9   
  9110.0       1.3454978E-9   
  9115.0       1.3443164E-9   
  9120.0       1.3569837E-9   
  9125.0       1.3810162E-9   
  9130.0       1.354143E-9    
  9135.0       1.335277E-9    
  9140.0       1.3509595E-9   
  9145.0       1.3630816E-9   
  9150.0       1.3325628E-9   
  9155.0       1.2980663E-9   
  9160.0       1.3048874E-9   
  9165.0       1.3230992E-9   
  9170.0       1.3195444E-9   
  9175.0       1.294054E-9    
  9180.0       1.3080614E-9   
  9185.0       1.3223372E-9   
  9190.0       1.3337391E-9   
  9195.0       1.3294975E-9   
  9200.0       1.3257154E-9   
  9205.0       1.3172734E-9   
  9210.0       1.2788447E-9   
  9215.0       1.2288335E-9   
  9220.0       1.203976E-9    
  9225.0       1.1767234E-9   
  9230.0       1.1325597E-9   
  9235.0       1.1735416E-9   
  9240.0       1.218245E-9    
  9245.0       1.2370739E-9   
  9250.0       1.2664021E-9   
  9255.0       1.2751586E-9   
  9260.0       1.2764712E-9   
  9265.0       1.2977281E-9   
  9270.0       1.3276653E-9   
  9275.0       1.3422025E-9   
  9280.0       1.3365016E-9   
  9285.0       1.3402682E-9   
  9290.0       1.3404206E-9   
  9295.0       1.3231132E-9   
  9300.0       1.2911813E-9   
  9305.0       1.2769694E-9   
  9310.0       1.248879E-9    
  9315.0       1.2030642E-9   
  9320.0       1.1591942E-9   
  9325.0       1.1718949E-9   
  9330.0       1.1760198E-9   
  9335.0       1.1436833E-9   
  9340.0       1.1090575E-9   
  9345.0       1.0718134E-9   
  9350.0       1.1806042E-9   
  9355.0       1.1547188E-9   
  9360.0       1.1629339E-9   
  9365.0       1.2161258E-9   
  9370.0       1.1821248E-9   
  9375.0       1.2223199E-9   
  9380.0       1.2287779E-9   
  9385.0       1.2731527E-9   
  9390.0       1.347653E-9    
  9395.0       1.3727148E-9   
  9400.0       1.3651561E-9   
  9405.0       1.3174175E-9   
  9410.0       1.2829345E-9   
  9415.0       1.2896249E-9   
  9420.0       1.2906487E-9   
  9425.0       1.2482033E-9   
  9430.0       1.1782222E-9   
  9435.0       1.1985611E-9   
  9440.0       1.1288744E-9   
  9445.0       1.1503559E-9   
  9450.0       1.2189036E-9   
  9455.0       1.1991153E-9   
  9460.0       1.1522685E-9   
  9465.0       1.2059388E-9   
  9470.0       1.2490733E-9   
  9475.0       1.2801091E-9   
  9480.0       1.2037964E-9   
  9485.0       1.2224473E-9   
  9490.0       1.2504332E-9   
  9495.0       1.1800745E-9   
  9500.0       1.1266786E-9   
  9505.0       1.169902E-9    
  9510.0       1.2471462E-9   
  9515.0       1.2205765E-9   
  9520.0       1.127211E-9    
  9525.0       1.1104718E-9   
  9530.0       1.1712379E-9   
  9535.0       1.1748316E-9   
  9540.0       1.1263536E-9   
  9545.0       1.038478E-9    
  9550.0       1.055373E-9    
  9555.0       1.0958655E-9   
  9560.0       1.1254887E-9   
  9565.0       1.1257715E-9   
  9570.0       1.1435863E-9   
  9575.0       1.2036167E-9   
  9580.0       1.1838154E-9   
  9585.0       1.1635531E-9   
  9590.0       1.1388174E-9   
  9595.0       1.1332892E-9   
  9600.0       1.1604936E-9   
  9605.0       1.1653057E-9   
  9610.0       1.181598E-9    
  9615.0       1.1845037E-9   
  9620.0       1.148837E-9    
  9625.0       1.1361092E-9   
  9630.0       1.1604993E-9   
  9635.0       1.1537589E-9   
  9640.0       1.1466899E-9   
  9645.0       1.1572205E-9   
  9650.0       1.1666503E-9   
  9655.0       1.158036E-9    
  9660.0       1.124341E-9    
  9665.0       1.1484389E-9   
  9670.0       1.171509E-9    
  9675.0       1.1905765E-9   
  9680.0       1.173684E-9    
  9685.0       1.1856565E-9   
  9690.0       1.1827731E-9   
  9695.0       1.1927563E-9   
  9700.0       1.1758592E-9   
  9705.0       1.1766571E-9   
  9710.0       1.1736349E-9   
  9715.0       1.1530574E-9   
  9720.0       1.1582721E-9   
  9725.0       1.1581495E-9   
  9730.0       1.1520407E-9   
  9735.0       1.1364649E-9   
  9740.0       1.1372128E-9   
  9745.0       1.1338978E-9   
  9750.0       1.1248713E-9   
  9755.0       1.1262224E-9   
  9760.0       1.1251392E-9   
  9765.0       1.1308E-9      
  9770.0       1.1389969E-9   
  9775.0       1.1351643E-9   
  9780.0       1.1274492E-9   
  9785.0       1.1094459E-9   
  9790.0       1.1219154E-9   
  9795.0       1.133342E-9    
  9800.0       1.1142631E-9   
  9805.0       1.1177953E-9   
  9810.0       1.1286954E-9   
  9815.0       1.1221943E-9   
  9820.0       1.1241474E-9   
  9825.0       1.1194392E-9   
  9830.0       1.1176223E-9   
  9835.0       1.1178508E-9   
  9840.0       1.1223723E-9   
  9845.0       1.1107637E-9   
  9850.0       1.1078468E-9   
  9855.0       1.101928E-9    
  9860.0       1.1015815E-9   
  9865.0       1.0786424E-9   
  9870.0       1.1097662E-9   
  9875.0       1.1090407E-9   
  9880.0       1.1030703E-9   
  9885.0       1.0971528E-9   
  9890.0       1.0918063E-9   
  9895.0       1.1009385E-9   
  9900.0       1.0889664E-9   
  9905.0       1.0929583E-9   
  9910.0       1.0938925E-9   
  9915.0       1.0992197E-9   
  9920.0       1.0811435E-9   
  9925.0       1.0815664E-9   
  9930.0       1.084045E-9    
  9935.0       1.0888016E-9   
  9940.0       1.1041439E-9   
  9945.0       1.1064459E-9   
  9950.0       1.0714467E-9   
  9955.0       1.0743543E-9   
  9960.0       1.0843368E-9   
  9965.0       1.0790762E-9   
  9970.0       1.0727342E-9   
  9975.0       1.0666208E-9   
  9980.0       1.0743337E-9   
  9985.0       1.0742414E-9   
  9990.0       1.0742496E-9   
  9995.0       1.0802291E-9   
  10000.0      1.0687471E-9   
  10005.0      1.0718414E-9   
  10010.0      1.0545338E-9   
  10015.0      1.0338986E-9   
  10020.0      1.0571717E-9   
  10025.0      1.0388918E-9   
  10030.0      1.019233E-9    
  10035.0      1.0072078E-9   
  10040.0      9.872183E-10   
  10045.0      9.744366E-10   
  10050.0      9.50405E-10    
  10055.0      9.62892E-10    
  10060.0      9.922742E-10   
  10065.0      9.933508E-10   
  10070.0      9.851113E-10   
  10075.0      9.936868E-10   
  10080.0      1.0174727E-9   
  10085.0      1.0128233E-9   
  10090.0      1.0060305E-9   
  10095.0      1.0148614E-9   
  10100.0      9.780441E-10   
  10105.0      1.0056411E-9   
  10110.0      1.0054224E-9   
  10115.0      9.971102E-10   
  10120.0      1.0059836E-9   
  10125.0      1.0053018E-9   
  10130.0      1.0020469E-9   
  10135.0      9.938766E-10   
  10140.0      9.953007E-10   
  10145.0      9.950117E-10   
  10150.0      9.948858E-10   
  10155.0      9.957668E-10   
  10160.0      9.975514E-10   
  10165.0      1.0000395E-9   
  10170.0      1.0030284E-9   
  10175.0      1.0063052E-9   
  10180.0      1.0096646E-9   
  10185.0      1.0128992E-9   
  10190.0      1.0157997E-9   
  10195.0      1.0181604E-9   
  10200.0      1.019781E-9    
  10205.0      1.0205279E-9   
  10210.0      1.0204534E-9   
  10215.0      1.0196831E-9   
  10220.0      1.0183441E-9   
  10225.0      1.0165617E-9   
  10230.0      1.0144728E-9   
  10235.0      1.0121972E-9   
  10240.0      1.0098684E-9   
  10245.0      1.0076174E-9   
  10250.0      1.0055672E-9   
  10255.0      1.0038036E-9   
  10260.0      1.0023206E-9   
  10265.0      1.0010743E-9   
  10270.0      1.0000106E-9   
  10275.0      9.99083E-10    
  10280.0      9.982424E-10   
  10285.0      9.97433E-10    
  10290.0      9.966135E-10   
  10295.0      9.957296E-10   
  10300.0      9.94735E-10    
  10305.0      9.935973E-10   
  10310.0      9.923242E-10   
  10315.0      9.909421E-10   
  10320.0      9.894761E-10   
  10325.0      9.879507E-10   
  10330.0      9.863979E-10   
  10335.0      9.8484E-10     
  10340.0      9.833035E-10   
  10345.0      9.81815E-10    
  10350.0      9.804011E-10   
  10355.0      9.790804E-10   
  10360.0      9.778462E-10   
  10365.0      9.76685E-10    
  10370.0      9.755898E-10   
  10375.0      9.745452E-10   
  10380.0      9.735349E-10   
  10385.0      9.725485E-10   
  10390.0      9.715769E-10   
  10395.0      9.706009E-10   
  10400.0      9.696141E-10   
  10405.0      9.68602E-10    
  10410.0      9.67567E-10    
  10415.0      9.665125E-10   
  10420.0      9.654391E-10   
  10425.0      9.643547E-10   
  10430.0      9.632596E-10   
  10435.0      9.621569E-10   
  10440.0      9.6105E-10     
  10445.0      9.599461E-10   
  10450.0      9.588437E-10   
  10455.0      9.577461E-10   
  10460.0      9.566543E-10   
  10465.0      9.555698E-10   
  10470.0      9.54487E-10    
  10475.0      9.534092E-10   
  10480.0      9.523388E-10   
  10485.0      9.512694E-10   
  10490.0      9.502004E-10   
  10495.0      9.491348E-10   
  10500.0      9.480697E-10   
  10505.0      9.47004E-10    
  10510.0      9.459394E-10   
  10515.0      9.448785E-10   
  10520.0      9.438155E-10   
  10525.0      9.427541E-10   
  10530.0      9.416931E-10   
  10535.0      9.406335E-10   
  10540.0      9.395719E-10   
  10545.0      9.385117E-10   
  10550.0      9.374537E-10   
  10555.0      9.363963E-10   
  10560.0      9.35336E-10    
  10565.0      9.342793E-10   
  10570.0      9.332234E-10   
  10575.0      9.321662E-10   
  10580.0      9.311098E-10   
  10585.0      9.300561E-10   
  10590.0      9.290002E-10   
  10595.0      9.2794733E-10  
  10600.0      9.268943E-10   
  10605.0      9.25842E-10    
  10610.0      9.2478913E-10  
  10615.0      9.237361E-10   
  10620.0      6.920908E-10   
