# WAVELENGTH   FLUX           
  1150.0       1.4155857E-12  
  1155.0       1.5611764E-12  
  1160.0       4.3053686E-12  
  1165.0       6.5832166E-12  
  1170.0       6.506606E-12   
  1175.0       6.6672674E-12  
  1180.0       3.7940315E-12  
  1185.0       1.2371692E-12  
  1190.0       1.2336511E-12  
  1195.0       1.6046606E-12  
  1200.0       8.662649E-12   
  1205.0       3.285094E-11   
  1210.0       1.08673015E-10 
  1215.0       1.5646166E-10  
  1220.0       8.7886504E-11  
  1225.0       2.2122384E-11  
  1230.0       4.476545E-12   
  1235.0       3.0634406E-12  
  1240.0       3.1047276E-12  
  1245.0       2.0288662E-12  
  1250.0       1.9493487E-12  
  1255.0       2.2812618E-12  
  1260.0       3.1442555E-12  
  1265.0       2.316982E-12   
  1270.0       8.670074E-13   
  1275.0       7.618069E-13   
  1280.0       7.8417275E-13  
  1285.0       8.5588486E-13  
  1290.0       1.1890807E-12  
  1295.0       1.7660948E-12  
  1300.0       4.965013E-12   
  1305.0       5.8990265E-12  
  1310.0       2.8828153E-12  
  1315.0       1.6093514E-12  
  1320.0       1.4161724E-12  
  1325.0       2.213487E-12   
  1330.0       5.0247436E-12  
  1335.0       7.8463555E-12  
  1340.0       3.5062105E-12  
  1345.0       1.3482458E-12  
  1350.0       1.9226144E-12  
  1355.0       2.0218321E-12  
  1360.0       1.5403574E-12  
  1365.0       1.2207779E-12  
  1370.0       7.935949E-13   
  1375.0       5.248653E-13   
  1380.0       9.393509E-13   
  1385.0       1.6262165E-12  
  1390.0       2.7007387E-12  
  1395.0       2.6753634E-12  
  1400.0       1.940056E-12   
  1405.0       2.1001033E-12  
  1410.0       1.7517411E-12  
  1415.0       1.7038917E-12  
  1420.0       1.7814831E-12  
  1425.0       1.7371919E-12  
  1430.0       1.1843097E-12  
  1435.0       1.0720724E-12  
  1440.0       1.2095971E-12  
  1445.0       1.4540615E-12  
  1450.0       1.6266202E-12  
  1455.0       1.3023725E-12  
  1460.0       1.6168164E-12  
  1465.0       2.0144663E-12  
  1470.0       2.3733355E-12  
  1475.0       2.6347984E-12  
  1480.0       2.5843789E-12  
  1485.0       2.818343E-12   
  1490.0       2.481832E-12   
  1495.0       2.7126133E-12  
  1500.0       2.8900732E-12  
  1505.0       2.07614E-12    
  1510.0       1.6518993E-12  
  1515.0       1.8222919E-12  
  1520.0       2.1224324E-12  
  1525.0       2.5700128E-12  
  1530.0       2.641771E-12   
  1535.0       2.6585411E-12  
  1540.0       3.279096E-12   
  1545.0       7.82712E-12    
  1550.0       9.535935E-12   
  1555.0       5.0762064E-12  
  1560.0       3.9481413E-12  
  1565.0       2.6829706E-12  
  1570.0       2.1871888E-12  
  1575.0       2.681037E-12   
  1580.0       2.217693E-12   
  1585.0       2.3577976E-12  
  1590.0       2.5091223E-12  
  1595.0       2.5692933E-12  
  1600.0       2.5611436E-12  
  1605.0       2.9532802E-12  
  1610.0       2.1323264E-12  
  1615.0       1.8288689E-12  
  1620.0       1.5505791E-12  
  1625.0       1.9196862E-12  
  1630.0       2.661872E-12   
  1635.0       4.539074E-12   
  1640.0       6.5402653E-12  
  1645.0       3.8070207E-12  
  1650.0       2.5968823E-12  
  1655.0       5.5127907E-12  
  1660.0       6.0276896E-12  
  1665.0       4.2941197E-12  
  1670.0       3.5429955E-12  
  1675.0       2.2796001E-12  
  1680.0       1.3361352E-12  
  1685.0       1.2095356E-12  
  1690.0       1.6024703E-12  
  1695.0       2.3663417E-12  
  1700.0       2.3298759E-12  
  1705.0       2.1685475E-12  
  1710.0       2.8053013E-12  
  1715.0       3.1389307E-12  
  1720.0       2.6955174E-12  
  1725.0       2.0417322E-12  
  1730.0       1.6033654E-12  
  1735.0       1.9901845E-12  
  1740.0       2.343238E-12   
  1745.0       2.337108E-12   
  1750.0       2.4960069E-12  
  1755.0       2.4365126E-12  
  1760.0       2.2883583E-12  
  1765.0       2.1397148E-12  
  1770.0       1.958536E-12   
  1775.0       2.1432628E-12  
  1780.0       2.2477794E-12  
  1785.0       2.1553135E-12  
  1790.0       2.3732004E-12  
  1795.0       2.6224697E-12  
  1800.0       3.7790413E-12  
  1805.0       7.316972E-12   
  1810.0       1.0740222E-11  
  1815.0       1.4384855E-11  
  1820.0       1.3146528E-11  
  1825.0       6.1692314E-12  
  1830.0       3.8205836E-12  
  1835.0       3.3197147E-12  
  1840.0       3.3189291E-12  
  1845.0       3.3774092E-12  
  1850.0       3.6308612E-12  
  1855.0       4.071984E-12   
  1860.0       4.2184355E-12  
  1865.0       3.9678378E-12  
  1870.0       3.8442344E-12  
  1875.0       4.128023E-12   
  1880.0       4.3541585E-12  
  1885.0       4.609369E-12   
  1890.0       4.915391E-12   
  1895.0       4.996158E-12   
  1900.0       5.0315013E-12  
  1905.0       4.6088446E-12  
  1910.0       4.226849E-12   
  1915.0       4.432698E-12   
  1920.0       4.6208853E-12  
  1925.0       4.6275228E-12  
  1930.0       4.962544E-12   
  1935.0       4.8413673E-12  
  1940.0       4.90699E-12    
  1945.0       5.4647363E-12  
  1950.0       8.25206E-12    
  1955.0       1.4093737E-11  
  1960.0       9.660963E-12   
  1965.0       3.1209473E-12  
  1970.0       6.677547E-12   
  1975.0       1.2837747E-11  
  1980.0       8.55424E-12    
  1985.0       6.88044E-12    
  1990.0       4.197609E-12   
  1995.0       5.90158E-12    
  2000.0       1.3425932E-11  
  2005.0       1.3203388E-11  
  2010.0       1.204385E-11   
  2015.0       1.5627659E-11  
  2020.0       1.4277139E-11  
  2025.0       1.1869455E-11  
  2030.0       7.618902E-12   
  2035.0       7.886651E-12   
  2040.0       6.0494617E-12  
  2045.0       5.666098E-12   
  2050.0       7.0527984E-12  
  2055.0       9.873524E-12   
  2060.0       1.1206561E-11  
  2065.0       1.09555455E-11 
  2070.0       1.0976815E-11  
  2075.0       1.37539815E-11 
  2080.0       1.5366717E-11  
  2085.0       1.2606454E-11  
  2090.0       1.315886E-11   
  2095.0       1.3587193E-11  
  2100.0       1.2987469E-11  
  2105.0       1.3748767E-11  
  2110.0       1.9061105E-11  
  2115.0       1.9508834E-11  
  2120.0       1.9345863E-11  
  2125.0       2.1816363E-11  
  2130.0       2.3177243E-11  
  2135.0       2.0962756E-11  
  2140.0       2.047438E-11   
  2145.0       2.309295E-11   
  2150.0       1.9318007E-11  
  2155.0       2.2802768E-11  
  2160.0       2.626816E-11   
  2165.0       2.4159369E-11  
  2170.0       2.515874E-11   
  2175.0       2.536898E-11   
  2180.0       2.418085E-11   
  2185.0       2.4706119E-11  
  2190.0       3.1374788E-11  
  2195.0       3.5752E-11     
  2200.0       3.4960597E-11  
  2205.0       2.8959276E-11  
  2210.0       2.807044E-11   
  2215.0       3.056546E-11   
  2220.0       2.9972132E-11  
  2225.0       3.3559863E-11  
  2230.0       3.8611517E-11  
  2235.0       4.370193E-11   
  2240.0       4.4937432E-11  
  2245.0       4.2358905E-11  
  2250.0       4.6104603E-11  
  2255.0       4.9646124E-11  
  2260.0       4.7387066E-11  
  2265.0       4.0922394E-11  
  2270.0       3.7128E-11     
  2275.0       3.58022E-11    
  2280.0       3.9299175E-11  
  2285.0       4.6894762E-11  
  2290.0       4.4528003E-11  
  2295.0       4.3181472E-11  
  2300.0       4.9694304E-11  
  2305.0       5.3192936E-11  
  2310.0       4.9760952E-11  
  2315.0       4.5772247E-11  
  2320.0       4.654251E-11   
  2325.0       5.5809645E-11  
  2330.0       6.847573E-11   
  2335.0       7.156921E-11   
  2340.0       6.830385E-11   
  2345.0       6.855895E-11   
  2350.0       6.497138E-11   
  2355.0       5.900481E-11   
  2360.0       6.5175504E-11  
  2365.0       7.439941E-11   
  2370.0       7.361415E-11   
  2375.0       7.4516955E-11  
  2380.0       8.17183E-11    
  2385.0       8.4492746E-11  
  2390.0       7.8503704E-11  
  2395.0       7.262026E-11   
  2400.0       7.970946E-11   
  2405.0       7.844383E-11   
  2410.0       7.5900036E-11  
  2415.0       7.016611E-11   
  2420.0       6.392948E-11   
  2425.0       6.830568E-11   
  2430.0       7.700662E-11   
  2435.0       7.7756024E-11  
  2440.0       7.549505E-11   
  2445.0       8.3383085E-11  
  2450.0       8.65844E-11    
  2455.0       8.429531E-11   
  2460.0       8.105728E-11   
  2465.0       7.6962464E-11  
  2470.0       7.493654E-11   
  2475.0       7.544185E-11   
  2480.0       7.780682E-11   
  2485.0       7.09313E-11    
  2490.0       6.4171356E-11  
  2495.0       7.3932735E-11  
  2500.0       8.994218E-11   
  2505.0       9.4918795E-11  
  2510.0       9.2128534E-11  
  2515.0       8.494146E-11   
  2520.0       7.3451197E-11  
  2525.0       7.0337264E-11  
  2530.0       8.055926E-11   
  2535.0       9.4185416E-11  
  2540.0       1.0412867E-10  
  2545.0       1.0745459E-10  
  2550.0       1.1457082E-10  
  2555.0       1.2697216E-10  
  2560.0       1.374902E-10   
  2565.0       1.471031E-10   
  2570.0       1.4895303E-10  
  2575.0       1.3296787E-10  
  2580.0       9.53716E-11    
  2585.0       1.11459765E-10 
  2590.0       1.5421249E-10  
  2595.0       1.6879936E-10  
  2600.0       1.6725053E-10  
  2605.0       1.6411252E-10  
  2610.0       1.610293E-10   
  2615.0       1.5909243E-10  
  2620.0       1.6306051E-10  
  2625.0       1.656084E-10   
  2630.0       1.6821498E-10  
  2635.0       1.6855442E-10  
  2640.0       1.7482622E-10  
  2645.0       1.788195E-10   
  2650.0       1.7591013E-10  
  2655.0       1.7840386E-10  
  2660.0       1.8143409E-10  
  2665.0       1.7815262E-10  
  2670.0       1.763272E-10   
  2675.0       1.7315079E-10  
  2680.0       1.7024195E-10  
  2685.0       1.7250311E-10  
  2690.0       1.7339419E-10  
  2695.0       1.6994861E-10  
  2700.0       1.712154E-10   
  2705.0       1.7429312E-10  
  2710.0       1.7308205E-10  
  2715.0       1.6794216E-10  
  2720.0       1.5321389E-10  
  2725.0       1.464816E-10   
  2730.0       1.5732082E-10  
  2735.0       1.611044E-10   
  2740.0       1.5322216E-10  
  2745.0       1.526115E-10   
  2750.0       1.5549964E-10  
  2755.0       1.5978785E-10  
  2760.0       1.65215E-10    
  2765.0       1.7091684E-10  
  2770.0       1.7422414E-10  
  2775.0       1.7834187E-10  
  2780.0       1.7111847E-10  
  2785.0       1.6388615E-10  
  2790.0       1.6879673E-10  
  2795.0       1.821229E-10   
  2800.0       1.887991E-10   
  2805.0       1.844561E-10   
  2810.0       1.7721877E-10  
  2815.0       1.7900267E-10  
  2820.0       1.8510997E-10  
  2825.0       1.8538587E-10  
  2830.0       1.8590184E-10  
  2835.0       1.8850198E-10  
  2840.0       1.8425698E-10  
  2845.0       1.7125054E-10  
  2850.0       1.500268E-10   
  2855.0       1.3706042E-10  
  2860.0       1.5222913E-10  
  2865.0       1.7425841E-10  
  2870.0       1.8819578E-10  
  2875.0       1.9162173E-10  
  2880.0       1.939061E-10   
  2885.0       2.031015E-10   
  2890.0       2.1731895E-10  
  2895.0       2.2778546E-10  
  2900.0       2.431702E-10   
  2905.0       2.518071E-10   
  2910.0       2.5288407E-10  
  2915.0       2.515054E-10   
  2920.0       2.5267613E-10  
  2925.0       2.535315E-10   
  2930.0       2.5408256E-10  
  2935.0       2.5567826E-10  
  2940.0       2.5352134E-10  
  2945.0       2.5564476E-10  
  2950.0       2.6096736E-10  
  2955.0       2.69957E-10    
  2960.0       2.7593716E-10  
  2965.0       2.7163166E-10  
  2970.0       2.6098554E-10  
  2975.0       2.6880925E-10  
  2980.0       2.8305494E-10  
  2985.0       2.7480213E-10  
  2990.0       2.7184294E-10  
  2995.0       2.7459143E-10  
  3000.0       2.7174424E-10  
  3005.0       2.6940955E-10  
  3010.0       2.7481553E-10  
  3015.0       2.7587338E-10  
  3020.0       2.7440625E-10  
  3025.0       2.9111222E-10  
  3030.0       3.2090136E-10  
  3035.0       3.3753084E-10  
  3040.0       3.4434194E-10  
  3045.0       3.466278E-10   
  3050.0       3.5165815E-10  
  3055.0       3.53012E-10    
  3060.0       3.569343E-10   
  3065.0       3.7297726E-10  
  3070.0       4.0515616E-10  
  3075.0       4.268796E-10   
  3080.0       4.3162285E-10  
  3085.0       4.3665696E-10  
  3090.0       4.3738657E-10  
  3095.0       4.3682302E-10  
  3100.0       4.522527E-10   
  3105.0       4.893533E-10   
  3110.0       5.3846955E-10  
  3115.0       5.5260735E-10  
  3120.0       5.465284E-10   
  3125.0       5.4850824E-10  
  3130.0       5.695923E-10   
  3135.0       5.881178E-10   
  3140.0       6.0152516E-10  
  3145.0       6.219608E-10   
  3150.0       6.540351E-10   
  3155.0       6.73558E-10    
  3160.0       6.5323774E-10  
  3165.0       6.7540784E-10  
  3170.0       7.110382E-10   
  3175.0       7.4685913E-10  
  3180.0       7.638387E-10   
  3185.0       7.5656487E-10  
  3190.0       7.6075846E-10  
  3195.0       7.656586E-10   
  3200.0       7.213451E-10   
  3205.0       7.005127E-10   
  3210.0       6.6133243E-10  
  3215.0       6.1431094E-10  
  3220.0       5.747038E-10   
  3225.0       5.5129556E-10  
  3230.0       5.4439925E-10  
  3235.0       5.5353566E-10  
  3240.0       5.8380517E-10  
  3245.0       6.388185E-10   
  3250.0       7.12184E-10    
  3255.0       7.927891E-10   
  3260.0       8.6690294E-10  
  3265.0       9.1888963E-10  
  3270.0       9.319728E-10   
  3275.0       9.05941E-10    
  3280.0       8.843091E-10   
  3285.0       9.080271E-10   
  3290.0       9.669692E-10   
  3295.0       1.0273127E-9   
  3300.0       1.0465641E-9   
  3305.0       1.0040978E-9   
  3310.0       9.428884E-10   
  3315.0       9.107829E-10   
  3320.0       9.0535296E-10  
  3325.0       9.0804847E-10  
  3330.0       9.1002034E-10  
  3335.0       9.106684E-10   
  3340.0       9.1889524E-10  
  3345.0       9.370396E-10   
  3350.0       9.418827E-10   
  3355.0       9.1216773E-10  
  3360.0       8.579564E-10   
  3365.0       8.0272217E-10  
  3370.0       7.7272255E-10  
  3375.0       7.844675E-10   
  3380.0       8.268703E-10   
  3385.0       8.806725E-10   
  3390.0       9.321547E-10   
  3395.0       9.694298E-10   
  3400.0       9.798993E-10   
  3405.0       9.599226E-10   
  3410.0       9.3044017E-10  
  3415.0       9.1597396E-10  
  3420.0       9.2454244E-10  
  3425.0       9.423815E-10   
  3430.0       9.1839814E-10  
  3435.0       8.2623214E-10  
  3440.0       7.390511E-10   
  3445.0       7.3196377E-10  
  3450.0       7.8492945E-10  
  3455.0       8.456774E-10   
  3460.0       8.7604757E-10  
  3465.0       8.6449703E-10  
  3470.0       8.506928E-10   
  3475.0       8.680292E-10   
  3480.0       8.8543456E-10  
  3485.0       8.753998E-10   
  3490.0       8.830282E-10   
  3495.0       9.496209E-10   
  3500.0       1.0326241E-9   
  3505.0       1.0717357E-9   
  3510.0       1.0473221E-9   
  3515.0       9.73803E-10    
  3520.0       9.112016E-10   
  3525.0       9.146697E-10   
  3530.0       9.815145E-10   
  3535.0       1.0785302E-9   
  3540.0       1.1515136E-9   
  3545.0       1.1561355E-9   
  3550.0       1.0940803E-9   
  3555.0       9.910737E-10   
  3560.0       8.8892005E-10  
  3565.0       8.1513285E-10  
  3570.0       7.4682444E-10  
  3575.0       6.6531286E-10  
  3580.0       6.12337E-10    
  3585.0       6.3548233E-10  
  3590.0       7.3398504E-10  
  3595.0       8.708295E-10   
  3600.0       9.663456E-10   
  3605.0       9.676485E-10   
  3610.0       9.31885E-10    
  3615.0       9.31002E-10    
  3620.0       9.654286E-10   
  3625.0       1.0082412E-9   
  3630.0       1.0360224E-9   
  3635.0       1.0420642E-9   
  3640.0       1.0570985E-9   
  3645.0       1.1145092E-9   
  3650.0       1.216765E-9    
  3655.0       1.3452004E-9   
  3660.0       1.4571537E-9   
  3665.0       1.5074018E-9   
  3670.0       1.4697953E-9   
  3675.0       1.3566497E-9   
  3680.0       1.2593514E-9   
  3685.0       1.2536496E-9   
  3690.0       1.2969982E-9   
  3695.0       1.3214155E-9   
  3700.0       1.3115824E-9   
  3705.0       1.2733808E-9   
  3710.0       1.2122792E-9   
  3715.0       1.1304008E-9   
  3720.0       1.02445E-9     
  3725.0       8.986361E-10   
  3730.0       7.820565E-10   
  3735.0       7.070264E-10   
  3740.0       6.8844574E-10  
  3745.0       7.2484857E-10  
  3750.0       7.901329E-10   
  3755.0       8.5993507E-10  
  3760.0       9.382355E-10   
  3765.0       1.0371083E-9   
  3770.0       1.1591388E-9   
  3775.0       1.2826964E-9   
  3780.0       1.3359428E-9   
  3785.0       1.2711749E-9   
  3790.0       1.1530457E-9   
  3795.0       1.0650195E-9   
  3800.0       1.025572E-9    
  3805.0       1.0130861E-9   
  3810.0       9.703428E-10   
  3815.0       8.577696E-10   
  3820.0       7.1534906E-10  
  3825.0       6.042269E-10   
  3830.0       5.600246E-10   
  3835.0       5.901285E-10   
  3840.0       6.5540934E-10  
  3845.0       7.090097E-10   
  3850.0       7.298749E-10   
  3855.0       7.1923145E-10  
  3860.0       7.091686E-10   
  3865.0       7.264392E-10   
  3870.0       7.55316E-10    
  3875.0       7.796608E-10   
  3880.0       8.238371E-10   
  3885.0       9.092039E-10   
  3890.0       1.0083094E-9   
  3895.0       1.0884145E-9   
  3900.0       1.1361033E-9   
  3905.0       1.098134E-9    
  3910.0       1.1355197E-9   
  3915.0       1.1613427E-9   
  3920.0       1.1143549E-9   
  3925.0       9.795399E-10   
  3930.0       8.233577E-10   
  3935.0       7.4051065E-10  
  3940.0       7.8141815E-10  
  3945.0       9.3062896E-10  
  3950.0       1.088961E-9    
  3955.0       1.150228E-9    
  3960.0       1.09895E-9     
  3965.0       1.0008954E-9   
  3970.0       9.776644E-10   
  3975.0       1.1195138E-9   
  3980.0       1.3847447E-9   
  3985.0       1.6660137E-9   
  3990.0       1.8786166E-9   
  3995.0       1.9854958E-9   
  4000.0       2.017834E-9    
  4005.0       2.037791E-9    
  4010.0       2.0834006E-9   
  4015.0       2.1521909E-9   
  4020.0       2.2024684E-9   
  4025.0       2.190793E-9    
  4030.0       2.1142574E-9   
  4035.0       2.0123583E-9   
  4040.0       1.9540012E-9   
  4045.0       1.9770872E-9   
  4050.0       2.0304112E-9   
  4055.0       2.0410003E-9   
  4060.0       1.9937278E-9   
  4065.0       1.9224424E-9   
  4070.0       1.8926665E-9   
  4075.0       1.9565176E-9   
  4080.0       2.095303E-9    
  4085.0       2.245331E-9    
  4090.0       2.338113E-9    
  4095.0       2.3381517E-9   
  4100.0       2.284945E-9    
  4105.0       2.24404E-9     
  4110.0       2.2432884E-9   
  4115.0       2.2738793E-9   
  4120.0       2.2979776E-9   
  4125.0       2.2768374E-9   
  4130.0       2.2094566E-9   
  4135.0       2.1218671E-9   
  4140.0       2.0441238E-9   
  4145.0       2.0014743E-9   
  4150.0       2.0064677E-9   
  4155.0       2.0497135E-9   
  4160.0       2.0963669E-9   
  4165.0       2.1161304E-9   
  4170.0       2.1051976E-9   
  4175.0       2.0742208E-9   
  4180.0       2.0427495E-9   
  4185.0       2.0253719E-9   
  4190.0       2.020999E-9    
  4195.0       2.032936E-9    
  4200.0       2.0767725E-9   
  4205.0       2.1496307E-9   
  4210.0       2.2026894E-9   
  4215.0       2.1865036E-9   
  4220.0       2.1127189E-9   
  4225.0       2.0322208E-9   
  4230.0       2.001853E-9    
  4235.0       2.0557651E-9   
  4240.0       2.1596542E-9   
  4245.0       2.2499886E-9   
  4250.0       2.2979163E-9   
  4255.0       2.296806E-9    
  4260.0       2.252163E-9    
  4265.0       2.1914044E-9   
  4270.0       2.147477E-9    
  4275.0       2.1377844E-9   
  4280.0       2.1591258E-9   
  4285.0       2.176862E-9    
  4290.0       2.1241673E-9   
  4295.0       1.9825406E-9   
  4300.0       1.8522477E-9   
  4305.0       1.8457875E-9   
  4310.0       1.974333E-9    
  4315.0       2.1876316E-9   
  4320.0       2.4156477E-9   
  4325.0       2.596216E-9    
  4330.0       2.714734E-9    
  4335.0       2.7838312E-9   
  4340.0       2.8096823E-9   
  4345.0       2.8107556E-9   
  4350.0       2.8365046E-9   
  4355.0       2.907527E-9    
  4360.0       2.9684375E-9   
  4365.0       2.952442E-9    
  4370.0       2.837554E-9    
  4375.0       2.6549505E-9   
  4380.0       2.499843E-9    
  4385.0       2.4499751E-9   
  4390.0       2.4847921E-9   
  4395.0       2.5484024E-9   
  4400.0       2.6094213E-9   
  4405.0       2.658966E-9    
  4410.0       2.7130815E-9   
  4415.0       2.7857083E-9   
  4420.0       2.8547706E-9   
  4425.0       2.9006004E-9   
  4430.0       2.9448743E-9   
  4435.0       3.004792E-9    
  4440.0       3.0538132E-9   
  4445.0       3.0578815E-9   
  4450.0       3.013761E-9    
  4455.0       2.951706E-9    
  4460.0       2.9318348E-9   
  4465.0       2.998876E-9    
  4470.0       3.130112E-9    
  4475.0       3.2626946E-9   
  4480.0       3.3373035E-9   
  4485.0       3.336003E-9    
  4490.0       3.3170464E-9   
  4495.0       3.355458E-9    
  4500.0       3.4629197E-9   
  4505.0       3.5934113E-9   
  4510.0       3.6694707E-9   
  4515.0       3.6314876E-9   
  4520.0       3.4959797E-9   
  4525.0       3.3336078E-9   
  4530.0       3.222965E-9    
  4535.0       3.2092886E-9   
  4540.0       3.2734289E-9   
  4545.0       3.363852E-9    
  4550.0       3.4412673E-9   
  4555.0       3.4929528E-9   
  4560.0       3.5305592E-9   
  4565.0       3.5660268E-9   
  4570.0       3.5862904E-9   
  4575.0       3.574255E-9    
  4580.0       3.5423757E-9   
  4585.0       3.5139935E-9   
  4590.0       3.5008583E-9   
  4595.0       3.5074779E-9   
  4600.0       3.5331185E-9   
  4605.0       3.5742558E-9   
  4610.0       3.6263013E-9   
  4615.0       3.6823593E-9   
  4620.0       3.7297085E-9   
  4625.0       3.748388E-9    
  4630.0       3.7171402E-9   
  4635.0       3.6354126E-9   
  4640.0       3.542721E-9    
  4645.0       3.4834269E-9   
  4650.0       3.465865E-9    
  4655.0       3.4710694E-9   
  4660.0       3.4704242E-9   
  4665.0       3.449493E-9    
  4670.0       3.4290828E-9   
  4675.0       3.4357908E-9   
  4680.0       3.4636076E-9   
  4685.0       3.4849605E-9   
  4690.0       3.4731298E-9   
  4695.0       3.4214516E-9   
  4700.0       3.3618561E-9   
  4705.0       3.3404146E-9   
  4710.0       3.3849772E-9   
  4715.0       3.4850038E-9   
  4720.0       3.5789252E-9   
  4725.0       3.6141956E-9   
  4730.0       3.606634E-9    
  4735.0       3.5998715E-9   
  4740.0       3.6174315E-9   
  4745.0       3.6538954E-9   
  4750.0       3.672944E-9    
  4755.0       3.6465044E-9   
  4760.0       3.6011565E-9   
  4765.0       3.5787064E-9   
  4770.0       3.5838754E-9   
  4775.0       3.6046168E-9   
  4780.0       3.6349603E-9   
  4785.0       3.6686134E-9   
  4790.0       3.7015144E-9   
  4795.0       3.7349905E-9   
  4800.0       3.769341E-9    
  4805.0       3.800789E-9    
  4810.0       3.820964E-9    
  4815.0       3.819274E-9    
  4820.0       3.7906234E-9   
  4825.0       3.7443755E-9   
  4830.0       3.7066439E-9   
  4835.0       3.6972214E-9   
  4840.0       3.7075423E-9   
  4845.0       3.7087227E-9   
  4850.0       3.6649894E-9   
  4855.0       3.5634797E-9   
  4860.0       3.4415832E-9   
  4865.0       3.3514582E-9   
  4870.0       3.3224092E-9   
  4875.0       3.353609E-9    
  4880.0       3.409058E-9    
  4885.0       3.4560552E-9   
  4890.0       3.5017005E-9   
  4895.0       3.5586722E-9   
  4900.0       3.6068835E-9   
  4905.0       3.615088E-9    
  4910.0       3.5707433E-9   
  4915.0       3.4872187E-9   
  4920.0       3.4112884E-9   
  4925.0       3.3916119E-9   
  4930.0       3.4374914E-9   
  4935.0       3.5227414E-9   
  4940.0       3.598253E-9    
  4945.0       3.6243384E-9   
  4950.0       3.6042438E-9   
  4955.0       3.5709573E-9   
  4960.0       3.5655061E-9   
  4965.0       3.5984915E-9   
  4970.0       3.6169203E-9   
  4975.0       3.571911E-9    
  4980.0       3.4913066E-9   
  4985.0       3.426752E-9    
  4990.0       3.3918859E-9   
  4995.0       3.3729595E-9   
  5000.0       3.3417626E-9   
  5005.0       3.2826852E-9   
  5010.0       3.227934E-9    
  5015.0       3.2176022E-9   
  5020.0       3.248226E-9    
  5025.0       3.2921823E-9   
  5030.0       3.3217318E-9   
  5035.0       3.3211762E-9   
  5040.0       3.3039766E-9   
  5045.0       3.2976637E-9   
  5050.0       3.3164804E-9   
  5055.0       3.3535597E-9   
  5060.0       3.3825485E-9   
  5065.0       3.3765948E-9   
  5070.0       3.3326693E-9   
  5075.0       3.274219E-9    
  5080.0       3.241023E-9    
  5085.0       3.2534355E-9   
  5090.0       3.280582E-9    
  5095.0       3.2828507E-9   
  5100.0       3.263327E-9    
  5105.0       3.2456864E-9   
  5110.0       3.2392766E-9   
  5115.0       3.2410703E-9   
  5120.0       3.2384808E-9   
  5125.0       3.2148346E-9   
  5130.0       3.1696388E-9   
  5135.0       3.1208032E-9   
  5140.0       3.0921306E-9   
  5145.0       3.0947016E-9   
  5150.0       3.1034344E-9   
  5155.0       3.0710068E-9   
  5160.0       2.961427E-9    
  5165.0       2.7781069E-9   
  5170.0       2.5857554E-9   
  5175.0       2.4690483E-9   
  5180.0       2.4773048E-9   
  5185.0       2.6050069E-9   
  5190.0       2.7863445E-9   
  5195.0       2.94373E-9     
  5200.0       3.0363978E-9   
  5205.0       3.073735E-9    
  5210.0       3.1128995E-9   
  5215.0       3.1946055E-9   
  5220.0       3.2888339E-9   
  5225.0       3.3519634E-9   
  5230.0       3.3952676E-9   
  5235.0       3.4534495E-9   
  5240.0       3.5334418E-9   
  5245.0       3.6113927E-9   
  5250.0       3.6325398E-9   
  5255.0       3.5500085E-9   
  5260.0       3.3853031E-9   
  5265.0       3.2151548E-9   
  5270.0       3.1401826E-9   
  5275.0       3.219342E-9    
  5280.0       3.395912E-9    
  5285.0       3.5665015E-9   
  5290.0       3.672032E-9    
  5295.0       3.7078847E-9   
  5300.0       3.7211416E-9   
  5305.0       3.7563668E-9   
  5310.0       3.7879957E-9   
  5315.0       3.7638386E-9   
  5320.0       3.6783967E-9   
  5325.0       3.5649668E-9   
  5330.0       3.4781633E-9   
  5335.0       3.468276E-9    
  5340.0       3.5325705E-9   
  5345.0       3.6292616E-9   
  5350.0       3.7210828E-9   
  5355.0       3.7777483E-9   
  5360.0       3.771904E-9    
  5365.0       3.7140873E-9   
  5370.0       3.665823E-9    
  5375.0       3.6696803E-9   
  5380.0       3.7011745E-9   
  5385.0       3.7087433E-9   
  5390.0       3.6571897E-9   
  5395.0       3.5520993E-9   
  5400.0       3.4505787E-9   
  5405.0       3.4120822E-9   
  5410.0       3.453486E-9    
  5415.0       3.5475647E-9   
  5420.0       3.626049E-9    
  5425.0       3.6400825E-9   
  5430.0       3.6186238E-9   
  5435.0       3.6126364E-9   
  5440.0       3.6331043E-9   
  5445.0       3.6693015E-9   
  5450.0       3.7116328E-9   
  5455.0       3.745961E-9    
  5460.0       3.754603E-9    
  5465.0       3.732956E-9    
  5470.0       3.6962935E-9   
  5475.0       3.6673526E-9   
  5480.0       3.665291E-9    
  5485.0       3.6928336E-9   
  5490.0       3.7297374E-9   
  5495.0       3.7512122E-9   
  5500.0       3.7405057E-9   
  5505.0       3.7021206E-9   
  5510.0       3.6761707E-9   
  5515.0       3.6937735E-9   
  5520.0       3.734952E-9    
  5525.0       3.7677856E-9   
  5530.0       3.7824024E-9   
  5535.0       3.7867403E-9   
  5540.0       3.8042947E-9   
  5545.0       3.8463543E-9   
  5550.0       3.885252E-9    
  5555.0       3.889594E-9    
  5560.0       3.8578807E-9   
  5565.0       3.806259E-9    
  5570.0       3.7586627E-9   
  5575.0       3.7277896E-9   
  5580.0       3.6968466E-9   
  5585.0       3.6503236E-9   
  5590.0       3.600821E-9    
  5595.0       3.5751373E-9   
  5600.0       3.6012104E-9   
  5605.0       3.6808152E-9   
  5610.0       3.765772E-9    
  5615.0       3.807336E-9    
  5620.0       3.8025205E-9   
  5625.0       3.779116E-9    
  5630.0       3.777695E-9    
  5635.0       3.816322E-9    
  5640.0       3.8595163E-9   
  5645.0       3.8664916E-9   
  5650.0       3.844325E-9    
  5655.0       3.8180086E-9   
  5660.0       3.788981E-9    
  5665.0       3.7603884E-9   
  5670.0       3.7673438E-9   
  5675.0       3.8250736E-9   
  5680.0       3.884082E-9    
  5685.0       3.8946584E-9   
  5690.0       3.8615204E-9   
  5695.0       3.8108463E-9   
  5700.0       3.759396E-9    
  5705.0       3.7216152E-9   
  5710.0       3.7193073E-9   
  5715.0       3.764365E-9    
  5720.0       3.840119E-9    
  5725.0       3.915955E-9    
  5730.0       3.961919E-9    
  5735.0       3.9630628E-9   
  5740.0       3.933975E-9    
  5745.0       3.900419E-9    
  5750.0       3.878333E-9    
  5755.0       3.871834E-9    
  5760.0       3.8751633E-9   
  5765.0       3.8787933E-9   
  5770.0       3.8762664E-9   
  5775.0       3.8667016E-9   
  5780.0       3.8530428E-9   
  5785.0       3.8391983E-9   
  5790.0       3.8296926E-9   
  5795.0       3.829232E-9    
  5800.0       3.8422927E-9   
  5805.0       3.8701606E-9   
  5810.0       3.9073456E-9   
  5815.0       3.9445927E-9   
  5820.0       3.9741486E-9   
  5825.0       3.993737E-9    
  5830.0       4.0057846E-9   
  5835.0       4.010904E-9    
  5840.0       4.0044723E-9   
  5845.0       3.98048E-9     
  5850.0       3.941512E-9    
  5855.0       3.906577E-9    
  5860.0       3.8863446E-9   
  5865.0       3.9003663E-9   
  5870.0       3.8538532E-9   
  5875.0       3.8111665E-9   
  5880.0       3.6948402E-9   
  5885.0       3.5202414E-9   
  5890.0       3.3132457E-9   
  5895.0       3.2665373E-9   
  5900.0       3.401289E-9    
  5905.0       3.5721635E-9   
  5910.0       3.6747725E-9   
  5915.0       3.7588315E-9   
  5920.0       3.8249914E-9   
  5925.0       3.879497E-9    
  5930.0       3.884268E-9    
  5935.0       3.8545793E-9   
  5940.0       3.8647068E-9   
  5945.0       3.8479415E-9   
  5950.0       3.857329E-9    
  5955.0       3.85347E-9     
  5960.0       3.845428E-9    
  5965.0       3.8424544E-9   
  5970.0       3.853918E-9    
  5975.0       3.8551655E-9   
  5980.0       3.8396397E-9   
  5985.0       3.823618E-9    
  5990.0       3.8263037E-9   
  5995.0       3.830893E-9    
  6000.0       3.8255257E-9   
  6005.0       3.798903E-9    
  6010.0       3.78267E-9     
  6015.0       3.7621155E-9   
  6020.0       3.7525463E-9   
  6025.0       3.770171E-9    
  6030.0       3.816558E-9    
  6035.0       3.858835E-9    
  6040.0       3.870166E-9    
  6045.0       3.89821E-9     
  6050.0       3.891934E-9    
  6055.0       3.8899826E-9   
  6060.0       3.873782E-9    
  6065.0       3.865902E-9    
  6070.0       3.8684558E-9   
  6075.0       3.844961E-9    
  6080.0       3.8131103E-9   
  6085.0       3.78079E-9     
  6090.0       3.7602277E-9   
  6095.0       3.7437067E-9   
  6100.0       3.7293217E-9   
  6105.0       3.7188468E-9   
  6110.0       3.737925E-9    
  6115.0       3.739931E-9    
  6120.0       3.7092784E-9   
  6125.0       3.693073E-9    
  6130.0       3.691566E-9    
  6135.0       3.6602654E-9   
  6140.0       3.652897E-9    
  6145.0       3.6908727E-9   
  6150.0       3.6735355E-9   
  6155.0       3.6240528E-9   
  6160.0       3.5533343E-9   
  6165.0       3.5188241E-9   
  6170.0       3.5568815E-9   
  6175.0       3.6096306E-9   
  6180.0       3.6648307E-9   
  6185.0       3.6978864E-9   
  6190.0       3.7151988E-9   
  6195.0       3.737714E-9    
  6200.0       3.7441676E-9   
  6205.0       3.7554555E-9   
  6210.0       3.7317953E-9   
  6215.0       3.6930452E-9   
  6220.0       3.6778585E-9   
  6225.0       3.6803307E-9   
  6230.0       3.6541257E-9   
  6235.0       3.6382632E-9   
  6240.0       3.6294487E-9   
  6245.0       3.6120054E-9   
  6250.0       3.5986354E-9   
  6255.0       3.5849448E-9   
  6260.0       3.6029426E-9   
  6265.0       3.630833E-9    
  6270.0       3.654554E-9    
  6275.0       3.6667658E-9   
  6280.0       3.649623E-9    
  6285.0       3.6717727E-9   
  6290.0       3.6831553E-9   
  6295.0       3.6628942E-9   
  6300.0       3.640224E-9    
  6305.0       3.6424836E-9   
  6310.0       3.6592125E-9   
  6315.0       3.6403984E-9   
  6320.0       3.6457948E-9   
  6325.0       3.6773207E-9   
  6330.0       3.6840426E-9   
  6335.0       3.672138E-9    
  6340.0       3.6792265E-9   
  6345.0       3.686811E-9    
  6350.0       3.7049128E-9   
  6355.0       3.689994E-9    
  6360.0       3.6681467E-9   
  6365.0       3.670775E-9    
  6370.0       3.7088386E-9   
  6375.0       3.7421057E-9   
  6380.0       3.7448387E-9   
  6385.0       3.745689E-9    
  6390.0       3.7237782E-9   
  6395.0       3.6789367E-9   
  6400.0       3.6425865E-9   
  6405.0       3.6337588E-9   
  6410.0       3.6231593E-9   
  6415.0       3.6309404E-9   
  6420.0       3.6553964E-9   
  6425.0       3.6695509E-9   
  6430.0       3.6761025E-9   
  6435.0       3.6840455E-9   
  6440.0       3.676348E-9    
  6445.0       3.6742418E-9   
  6450.0       3.6626386E-9   
  6455.0       3.6578136E-9   
  6460.0       3.6444112E-9   
  6465.0       3.6309176E-9   
  6470.0       3.64605E-9     
  6475.0       3.647192E-9    
  6480.0       3.6387138E-9   
  6485.0       3.618725E-9    
  6490.0       3.585726E-9    
  6495.0       3.535166E-9    
  6500.0       3.5840937E-9   
  6505.0       3.6415577E-9   
  6510.0       3.6823475E-9   
  6515.0       3.6910783E-9   
  6520.0       3.6977281E-9   
  6525.0       3.6953405E-9   
  6530.0       3.687672E-9    
  6535.0       3.6994765E-9   
  6540.0       3.7105163E-9   
  6545.0       3.692059E-9    
  6550.0       3.6442858E-9   
  6555.0       3.570767E-9    
  6560.0       3.4614163E-9   
  6565.0       3.414224E-9    
  6570.0       3.4998358E-9   
  6575.0       3.5690102E-9   
  6580.0       3.631384E-9    
  6585.0       3.6456185E-9   
  6590.0       3.6405008E-9   
  6595.0       3.626912E-9    
  6600.0       3.6365628E-9   
  6605.0       3.639303E-9    
  6610.0       3.6498828E-9   
  6615.0       3.6677386E-9   
  6620.0       3.66612E-9     
  6625.0       3.6420693E-9   
  6630.0       3.6022358E-9   
  6635.0       3.5893237E-9   
  6640.0       3.6055245E-9   
  6645.0       3.6243972E-9   
  6650.0       3.6488852E-9   
  6655.0       3.6558716E-9   
  6660.0       3.6356913E-9   
  6665.0       3.615417E-9    
  6670.0       3.6136174E-9   
  6675.0       3.6001861E-9   
  6680.0       3.6144387E-9   
  6685.0       3.6458259E-9   
  6690.0       3.6477579E-9   
  6695.0       3.6316417E-9   
  6700.0       3.6211387E-9   
  6705.0       3.6131553E-9   
  6710.0       3.6004246E-9   
  6715.0       3.5731562E-9   
  6720.0       3.573229E-9    
  6725.0       3.5842458E-9   
  6730.0       3.6008552E-9   
  6735.0       3.5960854E-9   
  6740.0       3.5911916E-9   
  6745.0       3.584833E-9    
  6750.0       3.5757979E-9   
  6755.0       3.569653E-9    
  6760.0       3.5638932E-9   
  6765.0       3.567356E-9    
  6770.0       3.565639E-9    
  6775.0       3.581873E-9    
  6780.0       3.58665E-9     
  6785.0       3.5813623E-9   
  6790.0       3.5822287E-9   
  6795.0       3.5838126E-9   
  6800.0       3.563493E-9    
  6805.0       3.5476855E-9   
  6810.0       3.5537056E-9   
  6815.0       3.5631258E-9   
  6820.0       3.565963E-9    
  6825.0       3.5648717E-9   
  6830.0       3.564161E-9    
  6835.0       3.5584342E-9   
  6840.0       3.5478855E-9   
  6845.0       3.5351848E-9   
  6850.0       3.5212802E-9   
  6855.0       3.5051124E-9   
  6860.0       3.4847891E-9   
  6865.0       3.4605427E-9   
  6870.0       3.4372996E-9   
  6875.0       3.4225343E-9   
  6880.0       3.4207992E-9   
  6885.0       3.4304488E-9   
  6890.0       3.4438215E-9   
  6895.0       3.4519454E-9   
  6900.0       3.4498897E-9   
  6905.0       3.439925E-9    
  6910.0       3.4297778E-9   
  6915.0       3.4267227E-9   
  6920.0       3.4316778E-9   
  6925.0       3.438019E-9    
  6930.0       3.4383179E-9   
  6935.0       3.4292555E-9   
  6940.0       3.4150547E-9   
  6945.0       3.4035874E-9   
  6950.0       3.399858E-9    
  6955.0       3.4029883E-9   
  6960.0       3.405076E-9    
  6965.0       3.3989114E-9   
  6970.0       3.3830145E-9   
  6975.0       3.353317E-9    
  6980.0       3.3346048E-9   
  6985.0       3.351438E-9    
  6990.0       3.3604783E-9   
  6995.0       3.367157E-9    
  7000.0       3.3552785E-9   
  7005.0       3.3379866E-9   
  7010.0       3.3350074E-9   
  7015.0       3.3202527E-9   
  7020.0       3.3136696E-9   
  7025.0       3.313889E-9    
  7030.0       3.3334504E-9   
  7035.0       3.3351E-9      
  7040.0       3.356145E-9    
  7045.0       3.3841543E-9   
  7050.0       3.394148E-9    
  7055.0       3.3943077E-9   
  7060.0       3.3880971E-9   
  7065.0       3.3849439E-9   
  7070.0       3.3938157E-9   
  7075.0       3.414419E-9    
  7080.0       3.4204448E-9   
  7085.0       3.3986183E-9   
  7090.0       3.3837793E-9   
  7095.0       3.3771732E-9   
  7100.0       3.3788974E-9   
  7105.0       3.372472E-9    
  7110.0       3.3705645E-9   
  7115.0       3.3614205E-9   
  7120.0       3.3501357E-9   
  7125.0       3.3296776E-9   
  7130.0       3.3076872E-9   
  7135.0       3.3074727E-9   
  7140.0       3.312923E-9    
  7145.0       3.3073706E-9   
  7150.0       3.3097274E-9   
  7155.0       3.3391663E-9   
  7160.0       3.345996E-9    
  7165.0       3.3370338E-9   
  7170.0       3.333555E-9    
  7175.0       3.3072698E-9   
  7180.0       3.267679E-9    
  7185.0       3.2202632E-9   
  7190.0       3.2031424E-9   
  7195.0       3.1986938E-9   
  7200.0       3.1883545E-9   
  7205.0       3.1821252E-9   
  7210.0       3.2137542E-9   
  7215.0       3.2584853E-9   
  7220.0       3.2829224E-9   
  7225.0       3.3038798E-9   
  7230.0       3.2995964E-9   
  7235.0       3.271291E-9    
  7240.0       3.2421024E-9   
  7245.0       3.2206646E-9   
  7250.0       3.2095022E-9   
  7255.0       3.2119418E-9   
  7260.0       3.2277512E-9   
  7265.0       3.2332912E-9   
  7270.0       3.2459202E-9   
  7275.0       3.2332035E-9   
  7280.0       3.216387E-9    
  7285.0       3.1898295E-9   
  7290.0       3.1618812E-9   
  7295.0       3.1731309E-9   
  7300.0       3.175742E-9    
  7305.0       3.1619238E-9   
  7310.0       3.1571226E-9   
  7315.0       3.1682308E-9   
  7320.0       3.1812832E-9   
  7325.0       3.1932228E-9   
  7330.0       3.2026761E-9   
  7335.0       3.2123486E-9   
  7340.0       3.213258E-9    
  7345.0       3.1909282E-9   
  7350.0       3.1604344E-9   
  7355.0       3.1500385E-9   
  7360.0       3.1618446E-9   
  7365.0       3.188847E-9    
  7370.0       3.2060654E-9   
  7375.0       3.2094853E-9   
  7380.0       3.1931822E-9   
  7385.0       3.1518956E-9   
  7390.0       3.1363419E-9   
  7395.0       3.1493492E-9   
  7400.0       3.153404E-9    
  7405.0       3.1621263E-9   
  7410.0       3.1559717E-9   
  7415.0       3.161287E-9    
  7420.0       3.172159E-9    
  7425.0       3.195849E-9    
  7430.0       3.2088088E-9   
  7435.0       3.2004757E-9   
  7440.0       3.177503E-9    
  7445.0       3.1508096E-9   
  7450.0       3.1614888E-9   
  7455.0       3.1808542E-9   
  7460.0       3.1829384E-9   
  7465.0       3.1933232E-9   
  7470.0       3.2024168E-9   
  7475.0       3.1808638E-9   
  7480.0       3.1597278E-9   
  7485.0       3.138816E-9    
  7490.0       3.1280458E-9   
  7495.0       3.1232072E-9   
  7500.0       3.1531178E-9   
  7505.0       3.1601095E-9   
  7510.0       3.1516827E-9   
  7515.0       3.1712561E-9   
  7520.0       3.171237E-9    
  7525.0       3.152615E-9    
  7530.0       3.1410954E-9   
  7535.0       3.133905E-9    
  7540.0       3.1236589E-9   
  7545.0       3.1145166E-9   
  7550.0       3.118153E-9    
  7555.0       3.132531E-9    
  7560.0       3.1406195E-9   
  7565.0       3.13727E-9     
  7570.0       3.1263654E-9   
  7575.0       3.1195257E-9   
  7580.0       3.1273901E-9   
  7585.0       3.1465204E-9   
  7590.0       3.1615452E-9   
  7595.0       3.1562999E-9   
  7600.0       3.1266916E-9   
  7605.0       3.085434E-9    
  7610.0       3.0553182E-9   
  7615.0       3.0542002E-9   
  7620.0       3.081513E-9    
  7625.0       3.1183125E-9   
  7630.0       3.140622E-9    
  7635.0       3.1352014E-9   
  7640.0       3.1072895E-9   
  7645.0       3.0757283E-9   
  7650.0       3.0590446E-9   
  7655.0       3.0635585E-9   
  7660.0       3.0817224E-9   
  7665.0       3.0999263E-9   
  7670.0       3.1087624E-9   
  7675.0       3.108671E-9    
  7680.0       3.1074585E-9   
  7685.0       3.1109884E-9   
  7690.0       3.1165448E-9   
  7695.0       3.1149654E-9   
  7700.0       3.100321E-9    
  7705.0       3.0753955E-9   
  7710.0       3.0520793E-9   
  7715.0       3.0433336E-9   
  7720.0       3.0532765E-9   
  7725.0       3.0732679E-9   
  7730.0       3.0919334E-9   
  7735.0       3.0993086E-9   
  7740.0       3.079493E-9    
  7745.0       3.0463363E-9   
  7750.0       3.0378944E-9   
  7755.0       3.065747E-9    
  7760.0       3.0828846E-9   
  7765.0       3.0894378E-9   
  7770.0       3.0825371E-9   
  7775.0       3.0666318E-9   
  7780.0       3.0508402E-9   
  7785.0       3.0654521E-9   
  7790.0       3.073982E-9    
  7795.0       3.0722977E-9   
  7800.0       3.0615945E-9   
  7805.0       3.0562177E-9   
  7810.0       3.0362268E-9   
  7815.0       3.0399425E-9   
  7820.0       3.0493055E-9   
  7825.0       3.0468912E-9   
  7830.0       3.0259146E-9   
  7835.0       2.9936467E-9   
  7840.0       2.9937977E-9   
  7845.0       2.9898077E-9   
  7850.0       2.9901177E-9   
  7855.0       2.9962015E-9   
  7860.0       3.0039464E-9   
  7865.0       3.0007963E-9   
  7870.0       2.9982072E-9   
  7875.0       2.995637E-9    
  7880.0       2.978567E-9    
  7885.0       2.956413E-9    
  7890.0       2.9349145E-9   
  7895.0       2.9124074E-9   
  7900.0       2.906E-9       
  7905.0       2.89767E-9     
  7910.0       2.8941243E-9   
  7915.0       2.8849885E-9   
  7920.0       2.8758025E-9   
  7925.0       2.8665201E-9   
  7930.0       2.8522416E-9   
  7935.0       2.8412717E-9   
  7940.0       2.8434148E-9   
  7945.0       2.836888E-9    
  7950.0       2.8465383E-9   
  7955.0       2.8600098E-9   
  7960.0       2.8850082E-9   
  7965.0       2.9032612E-9   
  7970.0       2.9294238E-9   
  7975.0       2.945825E-9    
  7980.0       2.941427E-9    
  7985.0       2.9236678E-9   
  7990.0       2.9051779E-9   
  7995.0       2.8919753E-9   
  8000.0       2.8893856E-9   
  8005.0       2.9136382E-9   
  8010.0       2.916605E-9    
  8015.0       2.903551E-9    
  8020.0       2.8855267E-9   
  8025.0       2.8619167E-9   
  8030.0       2.8484965E-9   
  8035.0       2.8533336E-9   
  8040.0       2.8544347E-9   
  8045.0       2.8356841E-9   
  8050.0       2.8290523E-9   
  8055.0       2.8361333E-9   
  8060.0       2.8491658E-9   
  8065.0       2.8551421E-9   
  8070.0       2.8478078E-9   
  8075.0       2.8401141E-9   
  8080.0       2.8357303E-9   
  8085.0       2.8225857E-9   
  8090.0       2.8132467E-9   
  8095.0       2.804562E-9    
  8100.0       2.8027394E-9   
  8105.0       2.8189118E-9   
  8110.0       2.836416E-9    
  8115.0       2.8447256E-9   
  8120.0       2.8609897E-9   
  8125.0       2.8816194E-9   
  8130.0       2.891172E-9    
  8135.0       2.8936145E-9   
  8140.0       2.8916143E-9   
  8145.0       2.8722742E-9   
  8150.0       2.855262E-9    
  8155.0       2.8384026E-9   
  8160.0       2.8207676E-9   
  8165.0       2.8083567E-9   
  8170.0       2.8123752E-9   
  8175.0       2.7916722E-9   
  8180.0       2.753041E-9    
  8185.0       2.7149076E-9   
  8190.0       2.713684E-9    
  8195.0       2.701763E-9    
  8200.0       2.7344902E-9   
  8205.0       2.7752622E-9   
  8210.0       2.7765386E-9   
  8215.0       2.770214E-9    
  8220.0       2.7440807E-9   
  8225.0       2.7352458E-9   
  8230.0       2.7344467E-9   
  8235.0       2.780806E-9    
  8240.0       2.817837E-9    
  8245.0       2.8334033E-9   
  8250.0       2.8431275E-9   
  8255.0       2.8328038E-9   
  8260.0       2.8324778E-9   
  8265.0       2.834153E-9    
  8270.0       2.823333E-9    
  8275.0       2.8084033E-9   
  8280.0       2.8089495E-9   
  8285.0       2.802003E-9    
  8290.0       2.7871645E-9   
  8295.0       2.7719032E-9   
  8300.0       2.7637979E-9   
  8305.0       2.754307E-9    
  8310.0       2.7455418E-9   
  8315.0       2.741941E-9    
  8320.0       2.717106E-9    
  8325.0       2.6919265E-9   
  8330.0       2.6736742E-9   
  8335.0       2.6815157E-9   
  8340.0       2.6869575E-9   
  8345.0       2.6957894E-9   
  8350.0       2.705316E-9    
  8355.0       2.7256384E-9   
  8360.0       2.7282965E-9   
  8365.0       2.7374012E-9   
  8370.0       2.739798E-9    
  8375.0       2.7400076E-9   
  8380.0       2.7268088E-9   
  8385.0       2.706521E-9    
  8390.0       2.7082847E-9   
  8395.0       2.7294946E-9   
  8400.0       2.7417635E-9   
  8405.0       2.7460458E-9   
  8410.0       2.752967E-9    
  8415.0       2.7377525E-9   
  8420.0       2.7048879E-9   
  8425.0       2.7011962E-9   
  8430.0       2.6817424E-9   
  8435.0       2.676693E-9    
  8440.0       2.711528E-9    
  8445.0       2.747907E-9    
  8450.0       2.7734706E-9   
  8455.0       2.7875562E-9   
  8460.0       2.787202E-9    
  8465.0       2.7596654E-9   
  8470.0       2.7449278E-9   
  8475.0       2.7541316E-9   
  8480.0       2.7678677E-9   
  8485.0       2.7618643E-9   
  8490.0       2.724082E-9    
  8495.0       2.6214224E-9   
  8500.0       2.5382136E-9   
  8505.0       2.5946534E-9   
  8510.0       2.6472073E-9   
  8515.0       2.6535127E-9   
  8520.0       2.65501E-9     
  8525.0       2.614358E-9    
  8530.0       2.5184523E-9   
  8535.0       2.3629902E-9   
  8540.0       2.1890147E-9   
  8545.0       2.1936166E-9   
  8550.0       2.3853075E-9   
  8555.0       2.5316986E-9   
  8560.0       2.6085827E-9   
  8565.0       2.6328133E-9   
  8570.0       2.6286249E-9   
  8575.0       2.620148E-9    
  8580.0       2.6169313E-9   
  8585.0       2.6104567E-9   
  8590.0       2.6092202E-9   
  8595.0       2.6070266E-9   
  8600.0       2.606507E-9    
  8605.0       2.5861933E-9   
  8610.0       2.562654E-9    
  8615.0       2.5629474E-9   
  8620.0       2.5685876E-9   
  8625.0       2.5819902E-9   
  8630.0       2.6046423E-9   
  8635.0       2.6327778E-9   
  8640.0       2.6370799E-9   
  8645.0       2.6042484E-9   
  8650.0       2.5169902E-9   
  8655.0       2.4040696E-9   
  8660.0       2.273791E-9    
  8665.0       2.265439E-9    
  8670.0       2.399613E-9    
  8675.0       2.4933935E-9   
  8680.0       2.5585019E-9   
  8685.0       2.5664386E-9   
  8690.0       2.5366425E-9   
  8695.0       2.5576523E-9   
  8700.0       2.5675766E-9   
  8705.0       2.598866E-9    
  8710.0       2.6115652E-9   
  8715.0       2.619206E-9    
  8720.0       2.6241116E-9   
  8725.0       2.601055E-9    
  8730.0       2.590477E-9    
  8735.0       2.574842E-9    
  8740.0       2.5754663E-9   
  8745.0       2.5948415E-9   
  8750.0       2.5843288E-9   
  8755.0       2.5557545E-9   
  8760.0       2.5346705E-9   
  8765.0       2.507645E-9    
  8770.0       2.503024E-9    
  8775.0       2.5096074E-9   
  8780.0       2.5341018E-9   
  8785.0       2.5461284E-9   
  8790.0       2.5240436E-9   
  8795.0       2.4972309E-9   
  8800.0       2.487533E-9    
  8805.0       2.445848E-9    
  8810.0       2.46168E-9     
  8815.0       2.5167672E-9   
  8820.0       2.545003E-9    
  8825.0       2.5407878E-9   
  8830.0       2.563172E-9    
  8835.0       2.5608806E-9   
  8840.0       2.5568574E-9   
  8845.0       2.580157E-9    
  8850.0       2.5794173E-9   
  8855.0       2.5673195E-9   
  8860.0       2.5303621E-9   
  8865.0       2.4855824E-9   
  8870.0       2.4729825E-9   
  8875.0       2.4843319E-9   
  8880.0       2.475957E-9    
  8885.0       2.4787496E-9   
  8890.0       2.4871805E-9   
  8895.0       2.5044657E-9   
  8900.0       2.5125273E-9   
  8905.0       2.5147706E-9   
  8910.0       2.5139828E-9   
  8915.0       2.5222773E-9   
  8920.0       2.510906E-9    
  8925.0       2.5039522E-9   
  8930.0       2.4910616E-9   
  8935.0       2.4788755E-9   
  8940.0       2.4680273E-9   
  8945.0       2.461898E-9    
  8950.0       2.4736224E-9   
  8955.0       2.5015034E-9   
  8960.0       2.5272169E-9   
  8965.0       2.515847E-9    
  8970.0       2.5017701E-9   
  8975.0       2.4913351E-9   
  8980.0       2.4701847E-9   
  8985.0       2.438988E-9    
  8990.0       2.4128923E-9   
  8995.0       2.4270008E-9   
  9000.0       2.4192954E-9   
  9005.0       2.41025E-9     
  9010.0       2.4029585E-9   
  9015.0       2.4083142E-9   
  9020.0       2.4300486E-9   
  9025.0       2.4513265E-9   
  9030.0       2.484167E-9    
  9035.0       2.5145896E-9   
  9040.0       2.527867E-9    
  9045.0       2.534163E-9    
  9050.0       2.5271705E-9   
  9055.0       2.5057767E-9   
  9060.0       2.493479E-9    
  9065.0       2.4632725E-9   
  9070.0       2.423895E-9    
  9075.0       2.3853135E-9   
  9080.0       2.3561024E-9   
  9085.0       2.336384E-9    
  9090.0       2.3307944E-9   
  9095.0       2.3397846E-9   
  9100.0       2.3487987E-9   
  9105.0       2.350458E-9    
  9110.0       2.3504516E-9   
  9115.0       2.3328413E-9   
  9120.0       2.3241233E-9   
  9125.0       2.3302358E-9   
  9130.0       2.3213127E-9   
  9135.0       2.3072841E-9   
  9140.0       2.3107993E-9   
  9145.0       2.304002E-9    
  9150.0       2.2875035E-9   
  9155.0       2.2813986E-9   
  9160.0       2.3007596E-9   
  9165.0       2.3097246E-9   
  9170.0       2.300288E-9    
  9175.0       2.2906668E-9   
  9180.0       2.3104965E-9   
  9185.0       2.3296483E-9   
  9190.0       2.3298083E-9   
  9195.0       2.327852E-9    
  9200.0       2.3263043E-9   
  9205.0       2.3175284E-9   
  9210.0       2.2896816E-9   
  9215.0       2.2809814E-9   
  9220.0       2.2924307E-9   
  9225.0       2.2956865E-9   
  9230.0       2.2859783E-9   
  9235.0       2.2697084E-9   
  9240.0       2.2451885E-9   
  9245.0       2.2235638E-9   
  9250.0       2.2043034E-9   
  9255.0       2.1995243E-9   
  9260.0       2.2187951E-9   
  9265.0       2.2642885E-9   
  9270.0       2.3120268E-9   
  9275.0       2.3365208E-9   
  9280.0       2.3295619E-9   
  9285.0       2.35251E-9     
  9290.0       2.346928E-9    
  9295.0       2.345136E-9    
  9300.0       2.3396283E-9   
  9305.0       2.3164344E-9   
  9310.0       2.2881044E-9   
  9315.0       2.2404136E-9   
  9320.0       2.2201325E-9   
  9325.0       2.2069038E-9   
  9330.0       2.2046371E-9   
  9335.0       2.186627E-9    
  9340.0       2.1678843E-9   
  9345.0       2.1558852E-9   
  9350.0       2.19028E-9     
  9355.0       2.163903E-9    
  9360.0       2.181458E-9    
  9365.0       2.2041111E-9   
  9370.0       2.2140472E-9   
  9375.0       2.2553714E-9   
  9380.0       2.3035767E-9   
  9385.0       2.3809534E-9   
  9390.0       2.4688755E-9   
  9395.0       2.5126512E-9   
  9400.0       2.4679983E-9   
  9405.0       2.4246913E-9   
  9410.0       2.3523823E-9   
  9415.0       2.2675584E-9   
  9420.0       2.2222184E-9   
  9425.0       2.1833246E-9   
  9430.0       2.1204134E-9   
  9435.0       2.1242297E-9   
  9440.0       2.073844E-9    
  9445.0       2.1111848E-9   
  9450.0       2.1594178E-9   
  9455.0       2.1494442E-9   
  9460.0       2.1644648E-9   
  9465.0       2.2221494E-9   
  9470.0       2.2437008E-9   
  9475.0       2.2405617E-9   
  9480.0       2.2331845E-9   
  9485.0       2.2428321E-9   
  9490.0       2.2352284E-9   
  9495.0       2.1905744E-9   
  9500.0       2.169241E-9    
  9505.0       2.2432873E-9   
  9510.0       2.328241E-9    
  9515.0       2.3339688E-9   
  9520.0       2.3241113E-9   
  9525.0       2.331805E-9    
  9530.0       2.3687818E-9   
  9535.0       2.3479547E-9   
  9540.0       2.2863722E-9   
  9545.0       2.2357274E-9   
  9550.0       2.2260727E-9   
  9555.0       2.1609925E-9   
  9560.0       2.2286635E-9   
  9565.0       2.2077413E-9   
  9570.0       2.2164524E-9   
  9575.0       2.2078837E-9   
  9580.0       2.185979E-9    
  9585.0       2.152659E-9    
  9590.0       2.1482887E-9   
  9595.0       2.1444844E-9   
  9600.0       2.1727464E-9   
  9605.0       2.1722717E-9   
  9610.0       2.1715258E-9   
  9615.0       2.1855793E-9   
  9620.0       2.1758075E-9   
  9625.0       2.1858464E-9   
  9630.0       2.1798992E-9   
  9635.0       2.166012E-9    
  9640.0       2.150458E-9    
  9645.0       2.163211E-9    
  9650.0       2.1701565E-9   
  9655.0       2.136919E-9    
  9660.0       2.1220685E-9   
  9665.0       2.1140483E-9   
  9670.0       2.1526891E-9   
  9675.0       2.1418756E-9   
  9680.0       2.1164694E-9   
  9685.0       2.1386375E-9   
  9690.0       2.140671E-9    
  9695.0       2.1385944E-9   
  9700.0       2.104716E-9    
  9705.0       2.1286222E-9   
  9710.0       2.1447808E-9   
  9715.0       2.1617503E-9   
  9720.0       2.1604047E-9   
  9725.0       2.119198E-9    
  9730.0       2.1057363E-9   
  9735.0       2.0944335E-9   
  9740.0       2.0810376E-9   
  9745.0       2.047211E-9    
  9750.0       2.048144E-9    
  9755.0       2.0750361E-9   
  9760.0       2.0922628E-9   
  9765.0       2.0843343E-9   
  9770.0       2.0793616E-9   
  9775.0       2.0942836E-9   
  9780.0       2.0977518E-9   
  9785.0       2.0972946E-9   
  9790.0       2.0993343E-9   
  9795.0       2.12139E-9     
  9800.0       2.1357516E-9   
  9805.0       2.143795E-9    
  9810.0       2.1233708E-9   
  9815.0       2.0884587E-9   
  9820.0       2.063216E-9    
  9825.0       2.0933655E-9   
  9830.0       2.0671098E-9   
  9835.0       2.0483213E-9   
  9840.0       2.034124E-9    
  9845.0       2.0236157E-9   
  9850.0       2.0269328E-9   
  9855.0       2.0010684E-9   
  9860.0       1.9937734E-9   
  9865.0       2.0295254E-9   
  9870.0       2.0447735E-9   
  9875.0       2.0466016E-9   
  9880.0       2.011737E-9    
  9885.0       2.0519129E-9   
  9890.0       2.099675E-9    
  9895.0       2.0629172E-9   
  9900.0       2.0391335E-9   
  9905.0       2.0759572E-9   
  9910.0       2.1215267E-9   
  9915.0       2.1098139E-9   
  9920.0       2.1366289E-9   
  9925.0       2.1099062E-9   
  9930.0       2.132042E-9    
  9935.0       2.0806268E-9   
  9940.0       2.0576547E-9   
  9945.0       2.0520292E-9   
  9950.0       2.0501587E-9   
  9955.0       2.048386E-9    
  9960.0       2.0621052E-9   
  9965.0       2.0768163E-9   
  9970.0       2.0476159E-9   
  9975.0       2.1263047E-9   
  9980.0       2.0920448E-9   
  9985.0       2.0633022E-9   
  9990.0       2.0254867E-9   
  9995.0       2.054748E-9    
  10000.0      2.1535351E-9   
  10005.0      2.0575215E-9   
  10010.0      2.070448E-9    
  10015.0      2.0959907E-9   
  10020.0      2.0503637E-9   
  10025.0      2.0195523E-9   
  10030.0      2.0180495E-9   
  10035.0      2.0743234E-9   
  10040.0      1.9699464E-9   
  10045.0      2.0633866E-9   
  10050.0      2.0250395E-9   
  10055.0      2.0955873E-9   
  10060.0      1.9633093E-9   
  10065.0      1.9408963E-9   
  10070.0      2.0379782E-9   
  10075.0      1.9108286E-9   
  10080.0      1.9236044E-9   
  10085.0      1.9817958E-9   
  10090.0      2.042001E-9    
  10095.0      2.033463E-9    
  10100.0      1.9843893E-9   
  10105.0      2.0023172E-9   
  10110.0      2.1212794E-9   
  10115.0      2.1179216E-9   
  10120.0      2.0438293E-9   
  10125.0      1.8889876E-9   
  10130.0      1.8501713E-9   
  10135.0      1.9719595E-9   
  10140.0      1.8934285E-9   
  10145.0      1.9606425E-9   
  10150.0      1.955084E-9    
  10155.0      1.9650177E-9   
  10160.0      2.0521633E-9   
  10165.0      1.987421E-9    
  10170.0      1.8306411E-9   
  10175.0      1.8231395E-9   
  10180.0      1.9037323E-9   
  10185.0      1.912712E-9    
  10190.0      1.905554E-9    
  10195.0      1.8961586E-9   
  10200.0      1.8847621E-9   
  10205.0      1.8719581E-9   
  10210.0      1.8591946E-9   
  10215.0      1.848276E-9    
  10220.0      1.8409589E-9   
  10225.0      1.838557E-9    
  10230.0      1.8411558E-9   
  10235.0      1.8483494E-9   
  10240.0      1.8596404E-9   
  10245.0      1.8739117E-9   
  10250.0      1.8884543E-9   
  10255.0      1.8999473E-9   
  10260.0      1.9052055E-9   
  10265.0      1.9029205E-9   
  10270.0      1.8967121E-9   
  10275.0      1.8920823E-9   
  10280.0      1.89449E-9     
  10285.0      1.906788E-9    
  10290.0      1.9251654E-9   
  10295.0      1.9432589E-9   
  10300.0      1.9546367E-9   
  10305.0      1.9550541E-9   
  10310.0      1.94594E-9     
  10315.0      1.9308979E-9   
  10320.0      1.9137267E-9   
  10325.0      1.8981303E-9   
  10330.0      1.8875346E-9   
  10335.0      1.8852553E-9   
  10340.0      1.8943465E-9   
  10345.0      1.9150872E-9   
  10350.0      1.9406623E-9   
  10355.0      1.9615107E-9   
  10360.0      1.9682518E-9   
  10365.0      1.9559692E-9   
  10370.0      1.931393E-9    
  10375.0      1.9057282E-9   
  10380.0      1.8901998E-9   
  10385.0      1.891724E-9    
  10390.0      1.906025E-9    
  10395.0      1.9245332E-9   
  10400.0      1.9385227E-9   
  10405.0      1.9421174E-9   
  10410.0      1.9368445E-9   
  10415.0      1.9270712E-9   
  10420.0      1.917354E-9    
  10425.0      1.911342E-9    
  10430.0      1.9102886E-9   
  10435.0      1.9145419E-9   
  10440.0      1.924242E-9    
  10445.0      1.9384505E-9   
  10450.0      1.9534159E-9   
  10455.0      1.9643112E-9   
  10460.0      1.96643E-9     
  10465.0      1.9574458E-9   
  10470.0      1.9411923E-9   
  10475.0      1.9238777E-9   
  10480.0      1.9117035E-9   
  10485.0      1.9085742E-9   
  10490.0      1.9123665E-9   
  10495.0      1.9186532E-9   
  10500.0      1.9229112E-9   
  10505.0      1.9221509E-9   
  10510.0      1.917307E-9    
  10515.0      1.9108315E-9   
  10520.0      1.905238E-9    
  10525.0      1.902113E-9    
  10530.0      1.9006496E-9   
  10535.0      1.899128E-9    
  10540.0      1.8958055E-9   
  10545.0      1.889808E-9    
  10550.0      1.882508E-9    
  10555.0      1.8761381E-9   
  10560.0      1.8728918E-9   
  10565.0      1.8737751E-9   
  10570.0      1.876705E-9    
  10575.0      1.8784325E-9   
  10580.0      1.8757171E-9   
  10585.0      1.8670396E-9   
  10590.0      1.8552344E-9   
  10595.0      1.8448264E-9   
  10600.0      1.8403582E-9   
  10605.0      1.8448203E-9   
  10610.0      1.8572102E-9   
  10615.0      1.8749962E-9   
  10620.0      1.4188882E-9   
