# WAVELENGTH   FLUX           
  1150.0       0.0            
  1155.0       0.0            
  1160.0       0.0            
  1165.0       0.0            
  1170.0       0.0            
  1175.0       0.0            
  1180.0       0.0            
  1185.0       0.0            
  1190.0       0.0            
  1195.0       0.0            
  1200.0       0.0            
  1205.0       0.0            
  1210.0       0.0            
  1215.0       0.0            
  1220.0       0.0            
  1225.0       0.0            
  1230.0       0.0            
  1235.0       0.0            
  1240.0       0.0            
  1245.0       0.0            
  1250.0       0.0            
  1255.0       0.0            
  1260.0       0.0            
  1265.0       0.0            
  1270.0       0.0            
  1275.0       0.0            
  1280.0       0.0            
  1285.0       0.0            
  1290.0       0.0            
  1295.0       0.0            
  1300.0       0.0            
  1305.0       0.0            
  1310.0       0.0            
  1315.0       0.0            
  1320.0       0.0            
  1325.0       0.0            
  1330.0       0.0            
  1335.0       0.0            
  1340.0       0.0            
  1345.0       0.0            
  1350.0       0.0            
  1355.0       0.0            
  1360.0       0.0            
  1365.0       0.0            
  1370.0       0.0            
  1375.0       0.0            
  1380.0       0.0            
  1385.0       0.0            
  1390.0       0.0            
  1395.0       0.0            
  1400.0       0.0            
  1405.0       0.0            
  1410.0       0.0            
  1415.0       0.0            
  1420.0       0.0            
  1425.0       0.0            
  1430.0       0.0            
  1435.0       0.0            
  1440.0       0.0            
  1445.0       0.0            
  1450.0       0.0            
  1455.0       0.0            
  1460.0       0.0            
  1465.0       0.0            
  1470.0       0.0            
  1475.0       0.0            
  1480.0       0.0            
  1485.0       0.0            
  1490.0       0.0            
  1495.0       0.0            
  1500.0       0.0            
  1505.0       0.0            
  1510.0       0.0            
  1515.0       0.0            
  1520.0       0.0            
  1525.0       0.0            
  1530.0       0.0            
  1535.0       0.0            
  1540.0       0.0            
  1545.0       0.0            
  1550.0       0.0            
  1555.0       0.0            
  1560.0       0.0            
  1565.0       0.0            
  1570.0       0.0            
  1575.0       0.0            
  1580.0       0.0            
  1585.0       0.0            
  1590.0       0.0            
  1595.0       0.0            
  1600.0       0.0            
  1605.0       0.0            
  1610.0       0.0            
  1615.0       0.0            
  1620.0       0.0            
  1625.0       0.0            
  1630.0       0.0            
  1635.0       0.0            
  1640.0       0.0            
  1645.0       0.0            
  1650.0       4.5170975E-16  
  1655.0       3.15378E-15    
  1660.0       4.054469E-15   
  1665.0       6.7565387E-15  
  1670.0       7.6572244E-15  
  1675.0       1.03592926E-14 
  1680.0       1.0808294E-14  
  1685.0       1.03566185E-14 
  1690.0       7.202867E-15   
  1695.0       3.600107E-15   
  1700.0       4.4902095E-16  
  1705.0       0.0            
  1710.0       0.0            
  1715.0       0.0            
  1720.0       0.0            
  1725.0       0.0            
  1730.0       0.0            
  1735.0       0.0            
  1740.0       0.0            
  1745.0       0.0            
  1750.0       3.1614285E-15  
  1755.0       2.6140573E-14  
  1760.0       5.76673E-14    
  1765.0       8.9640535E-14  
  1770.0       1.1800826E-13  
  1775.0       1.3871655E-13  
  1780.0       1.4636355E-13  
  1785.0       1.4139849E-13  
  1790.0       1.1616397E-13  
  1795.0       6.886147E-14   
  1800.0       8.981886E-15   
  1805.0       0.0            
  1810.0       0.0            
  1815.0       0.0            
  1820.0       0.0            
  1825.0       0.0            
  1830.0       0.0            
  1835.0       0.0            
  1840.0       0.0            
  1845.0       0.0            
  1850.0       4.786566E-14   
  1855.0       3.9524544E-13  
  1860.0       8.803341E-13   
  1865.0       1.459537E-12   
  1870.0       2.1242992E-12  
  1875.0       2.8620088E-12  
  1880.0       3.6641146E-12  
  1885.0       4.5207007E-12  
  1890.0       5.423222E-12   
  1895.0       6.359057E-12   
  1900.0       7.320104E-12   
  1905.0       8.3005235E-12  
  1910.0       9.301647E-12   
  1915.0       1.03217E-11    
  1920.0       1.13642585E-11 
  1925.0       1.2436999E-11  
  1930.0       1.3537211E-11  
  1935.0       1.4672107E-11  
  1940.0       1.5843033E-11  
  1945.0       1.705088E-11   
  1950.0       1.830107E-11   
  1955.0       1.9594482E-11  
  1960.0       2.0930684E-11  
  1965.0       2.2306953E-11  
  1970.0       2.3722423E-11  
  1975.0       2.5174354E-11  
  1980.0       2.666232E-11   
  1985.0       2.81854E-11    
  1990.0       2.9738673E-11  
  1995.0       3.1322993E-11  
  2000.0       3.293434E-11   
  2005.0       3.457995E-11   
  2010.0       3.6279594E-11  
  2015.0       3.8056273E-11  
  2020.0       3.9939666E-11  
  2025.0       4.195371E-11   
  2030.0       4.4126286E-11  
  2035.0       4.648483E-11   
  2040.0       4.9050607E-11  
  2045.0       5.1853726E-11  
  2050.0       5.4920308E-11  
  2055.0       5.825152E-11   
  2060.0       6.181131E-11   
  2065.0       6.5542904E-11  
  2070.0       6.9383915E-11  
  2075.0       7.327815E-11   
  2080.0       7.716457E-11   
  2085.0       8.098061E-11   
  2090.0       8.46726E-11    
  2095.0       8.817741E-11   
  2100.0       9.1436456E-11  
  2105.0       9.441133E-11   
  2110.0       9.709426E-11   
  2115.0       9.95017E-11    
  2120.0       1.01643784E-10 
  2125.0       1.03536776E-10 
  2130.0       1.0519523E-10  
  2135.0       1.0663089E-10  
  2140.0       1.0785797E-10  
  2145.0       1.0889273E-10  
  2150.0       1.09745484E-10 
  2155.0       1.104363E-10   
  2160.0       1.1098704E-10  
  2165.0       1.1142295E-10  
  2170.0       1.1177158E-10  
  2175.0       1.1205548E-10  
  2180.0       1.1230112E-10  
  2185.0       1.1253795E-10  
  2190.0       1.127893E-10   
  2195.0       1.1307833E-10  
  2200.0       1.1343652E-10  
  2205.0       1.1387653E-10  
  2210.0       1.14401225E-10 
  2215.0       1.1500255E-10  
  2220.0       1.1567478E-10  
  2225.0       1.1640894E-10  
  2230.0       1.1719699E-10  
  2235.0       1.18032E-10    
  2240.0       1.1890659E-10  
  2245.0       1.1981348E-10  
  2250.0       1.2074508E-10  
  2255.0       1.2168477E-10  
  2260.0       1.2260207E-10  
  2265.0       1.2345787E-10  
  2270.0       1.2420973E-10  
  2275.0       1.2482082E-10  
  2280.0       1.2525132E-10  
  2285.0       1.2545873E-10  
  2290.0       1.2540366E-10  
  2295.0       1.250486E-10   
  2300.0       1.2435433E-10  
  2305.0       1.2330632E-10  
  2310.0       1.2193385E-10  
  2315.0       1.2029445E-10  
  2320.0       1.1844631E-10  
  2325.0       1.1644559E-10  
  2330.0       1.1434605E-10  
  2335.0       1.12209284E-10 
  2340.0       1.1009044E-10  
  2345.0       1.0804455E-10  
  2350.0       1.0613067E-10  
  2355.0       1.0440193E-10  
  2360.0       1.0291676E-10  
  2365.0       1.0172768E-10  
  2370.0       1.00887826E-10 
  2375.0       1.00451834E-10 
  2380.0       1.0047283E-10  
  2385.0       1.01002595E-10 
  2390.0       1.0209771E-10  
  2395.0       1.0381247E-10  
  2400.0       1.0619612E-10  
  2405.0       1.0925025E-10  
  2410.0       1.1286227E-10  
  2415.0       1.1687684E-10  
  2420.0       1.2112977E-10  
  2425.0       1.2546143E-10  
  2430.0       1.2970669E-10  
  2435.0       1.3370326E-10  
  2440.0       1.3728957E-10  
  2445.0       1.4030514E-10  
  2450.0       1.4259133E-10  
  2455.0       1.4406784E-10  
  2460.0       1.4483237E-10  
  2465.0       1.4505641E-10  
  2470.0       1.4491931E-10  
  2475.0       1.4459625E-10  
  2480.0       1.442691E-10   
  2485.0       1.4411475E-10  
  2490.0       1.4431036E-10  
  2495.0       1.4503525E-10  
  2500.0       1.4645964E-10  
  2505.0       1.48685E-10    
  2510.0       1.5163452E-10  
  2515.0       1.5515725E-10  
  2520.0       1.5910052E-10  
  2525.0       1.6330735E-10  
  2530.0       1.6762217E-10  
  2535.0       1.7189006E-10  
  2540.0       1.7595624E-10  
  2545.0       1.7966523E-10  
  2550.0       1.8287388E-10  
  2555.0       1.855502E-10   
  2560.0       1.8797075E-10  
  2565.0       1.9052385E-10  
  2570.0       1.9360429E-10  
  2575.0       1.9761437E-10  
  2580.0       2.0295332E-10  
  2585.0       2.1001638E-10  
  2590.0       2.1920982E-10  
  2595.0       2.309269E-10   
  2600.0       2.4554442E-10  
  2605.0       2.6321964E-10  
  2610.0       2.8352148E-10  
  2615.0       3.0580347E-10  
  2620.0       3.293874E-10   
  2625.0       3.5360362E-10  
  2630.0       3.7777642E-10  
  2635.0       4.0123635E-10  
  2640.0       4.2330878E-10  
  2645.0       4.4332224E-10  
  2650.0       4.6061913E-10  
  2655.0       4.7474696E-10  
  2660.0       4.8576104E-10  
  2665.0       4.939146E-10   
  2670.0       4.9948085E-10  
  2675.0       5.027355E-10   
  2680.0       5.0395016E-10  
  2685.0       5.033962E-10   
  2690.0       5.0134785E-10  
  2695.0       4.9807747E-10  
  2700.0       4.9385385E-10  
  2705.0       4.888745E-10   
  2710.0       4.831684E-10   
  2715.0       4.766924E-10   
  2720.0       4.69405E-10    
  2725.0       4.6125617E-10  
  2730.0       4.5220064E-10  
  2735.0       4.4219253E-10  
  2740.0       4.3118384E-10  
  2745.0       4.1913037E-10  
  2750.0       4.0600165E-10  
  2755.0       3.919077E-10   
  2760.0       3.7735093E-10  
  2765.0       3.629726E-10   
  2770.0       3.4943268E-10  
  2775.0       3.3738598E-10  
  2780.0       3.2749714E-10  
  2785.0       3.2042224E-10  
  2790.0       3.1682026E-10  
  2795.0       3.17348E-10    
  2800.0       3.226419E-10   
  2805.0       3.3312242E-10  
  2810.0       3.4863565E-10  
  2815.0       3.688109E-10   
  2820.0       3.9325584E-10  
  2825.0       4.2157602E-10  
  2830.0       4.5338008E-10  
  2835.0       4.8827564E-10  
  2840.0       5.2586974E-10  
  2845.0       5.6576893E-10  
  2850.0       6.0757815E-10  
  2855.0       6.508771E-10   
  2860.0       6.951772E-10   
  2865.0       7.399676E-10   
  2870.0       7.847355E-10   
  2875.0       8.289668E-10   
  2880.0       8.7214563E-10  
  2885.0       9.137549E-10   
  2890.0       9.532864E-10   
  2895.0       9.902184E-10   
  2900.0       1.0240541E-9   
  2905.0       1.0543783E-9   
  2910.0       1.0810367E-9   
  2915.0       1.103967E-9    
  2920.0       1.123115E-9    
  2925.0       1.1384336E-9   
  2930.0       1.1498642E-9   
  2935.0       1.1573539E-9   
  2940.0       1.1608572E-9   
  2945.0       1.1603168E-9   
  2950.0       1.1557032E-9   
  2955.0       1.1471986E-9   
  2960.0       1.1355297E-9   
  2965.0       1.1216459E-9   
  2970.0       1.1065107E-9   
  2975.0       1.0910911E-9   
  2980.0       1.0763478E-9   
  2985.0       1.0632479E-9   
  2990.0       1.0527595E-9   
  2995.0       1.0458443E-9   
  3000.0       1.0434308E-9   
  3005.0       1.0461018E-9   
  3010.0       1.0535307E-9   
  3015.0       1.0650363E-9   
  3020.0       1.0799083E-9   
  3025.0       1.097433E-9    
  3030.0       1.1168962E-9   
  3035.0       1.1375908E-9   
  3040.0       1.1587985E-9   
  3045.0       1.1798126E-9   
  3050.0       1.1999323E-9   
  3055.0       1.2186206E-9   
  3060.0       1.2357698E-9   
  3065.0       1.2514205E-9   
  3070.0       1.2656398E-9   
  3075.0       1.2784889E-9   
  3080.0       1.2900317E-9   
  3085.0       1.3003265E-9   
  3090.0       1.3094462E-9   
  3095.0       1.3174462E-9   
  3100.0       1.3243914E-9   
  3105.0       1.3303791E-9   
  3110.0       1.3355741E-9   
  3115.0       1.3401732E-9   
  3120.0       1.3443714E-9   
  3125.0       1.3483671E-9   
  3130.0       1.3523521E-9   
  3135.0       1.3565357E-9   
  3140.0       1.3611078E-9   
  3145.0       1.3662619E-9   
  3150.0       1.3721972E-9   
  3155.0       1.3798096E-9   
  3160.0       1.3970353E-9   
  3165.0       1.4380005E-9   
  3170.0       1.4646586E-9   
  3175.0       1.4622611E-9   
  3180.0       1.4418302E-9   
  3185.0       1.4240994E-9   
  3190.0       1.4327051E-9   
  3195.0       1.4825662E-9   
  3200.0       1.5664895E-9   
  3205.0       1.5808743E-9   
  3210.0       1.553596E-9    
  3215.0       1.5266317E-9   
  3220.0       1.4922104E-9   
  3225.0       1.4400725E-9   
  3230.0       1.4027963E-9   
  3235.0       1.414084E-9    
  3240.0       1.4662488E-9   
  3245.0       1.5387026E-9   
  3250.0       1.6190387E-9   
  3255.0       1.6968372E-9   
  3260.0       1.757693E-9    
  3265.0       1.7900822E-9   
  3270.0       1.7953434E-9   
  3275.0       1.787051E-9    
  3280.0       1.7969737E-9   
  3285.0       1.8466131E-9   
  3290.0       1.9126423E-9   
  3295.0       1.958348E-9    
  3300.0       1.9586492E-9   
  3305.0       1.9135293E-9   
  3310.0       1.874043E-9    
  3315.0       1.8800168E-9   
  3320.0       1.8930417E-9   
  3325.0       1.870688E-9    
  3330.0       1.8379079E-9   
  3335.0       1.8277442E-9   
  3340.0       1.8258418E-9   
  3345.0       1.8090563E-9   
  3350.0       1.7803866E-9   
  3355.0       1.7502191E-9   
  3360.0       1.7215467E-9   
  3365.0       1.7008298E-9   
  3370.0       1.7102872E-9   
  3375.0       1.7590939E-9   
  3380.0       1.8075343E-9   
  3385.0       1.8198988E-9   
  3390.0       1.8189694E-9   
  3395.0       1.8324958E-9   
  3400.0       1.842702E-9    
  3405.0       1.8276346E-9   
  3410.0       1.8015108E-9   
  3415.0       1.7890031E-9   
  3420.0       1.8032691E-9   
  3425.0       1.8371398E-9   
  3430.0       1.8445989E-9   
  3435.0       1.7945987E-9   
  3440.0       1.7326652E-9   
  3445.0       1.7145305E-9   
  3450.0       1.744443E-9    
  3455.0       1.7969798E-9   
  3460.0       1.8241072E-9   
  3465.0       1.7982993E-9   
  3470.0       1.7648655E-9   
  3475.0       1.7680802E-9   
  3480.0       1.7786729E-9   
  3485.0       1.7654394E-9   
  3490.0       1.7655848E-9   
  3495.0       1.8178431E-9   
  3500.0       1.8946054E-9   
  3505.0       1.9428104E-9   
  3510.0       1.9147655E-9   
  3515.0       1.9141881E-9   
  3520.0       1.8602611E-9   
  3525.0       1.8189279E-9   
  3530.0       1.8897175E-9   
  3535.0       1.984471E-9    
  3540.0       2.0634245E-9   
  3545.0       2.1045892E-9   
  3550.0       2.0736468E-9   
  3555.0       1.9925896E-9   
  3560.0       1.8957105E-9   
  3565.0       1.7554667E-9   
  3570.0       1.6687272E-9   
  3575.0       1.6343409E-9   
  3580.0       1.5436216E-9   
  3585.0       1.55328E-9     
  3590.0       1.7681447E-9   
  3595.0       1.9903232E-9   
  3600.0       2.0339324E-9   
  3605.0       1.9131425E-9   
  3610.0       1.7927223E-9   
  3615.0       1.7706019E-9   
  3620.0       1.8474606E-9   
  3625.0       2.0203936E-9   
  3630.0       1.9978774E-9   
  3635.0       1.991521E-9    
  3640.0       2.0729218E-9   
  3645.0       2.0213358E-9   
  3650.0       2.0885538E-9   
  3655.0       2.3149611E-9   
  3660.0       2.4382611E-9   
  3665.0       2.392813E-9    
  3670.0       2.3504285E-9   
  3675.0       2.3280253E-9   
  3680.0       2.2421316E-9   
  3685.0       2.2269477E-9   
  3690.0       2.3104525E-9   
  3695.0       2.4172864E-9   
  3700.0       2.422448E-9    
  3705.0       2.281008E-9    
  3710.0       2.3139688E-9   
  3715.0       2.4027476E-9   
  3720.0       2.2287872E-9   
  3725.0       2.1624689E-9   
  3730.0       2.0643254E-9   
  3735.0       1.9177844E-9   
  3740.0       1.976086E-9    
  3745.0       1.9326758E-9   
  3750.0       1.9775548E-9   
  3755.0       2.1908693E-9   
  3760.0       2.2096924E-9   
  3765.0       2.2642959E-9   
  3770.0       2.3650986E-9   
  3775.0       2.5559774E-9   
  3780.0       2.6926847E-9   
  3785.0       2.5957245E-9   
  3790.0       2.3297408E-9   
  3795.0       2.1949729E-9   
  3800.0       2.2954088E-9   
  3805.0       2.479939E-9    
  3810.0       2.449655E-9    
  3815.0       2.1930633E-9   
  3820.0       1.9452466E-9   
  3825.0       1.7129912E-9   
  3830.0       1.5497452E-9   
  3835.0       1.5149618E-9   
  3840.0       1.6788141E-9   
  3845.0       1.9622428E-9   
  3850.0       2.064833E-9    
  3855.0       2.01907E-9     
  3860.0       1.9924333E-9   
  3865.0       2.0613031E-9   
  3870.0       2.0254924E-9   
  3875.0       2.0324458E-9   
  3880.0       2.0208781E-9   
  3885.0       2.082221E-9    
  3890.0       2.2796802E-9   
  3895.0       2.5245122E-9   
  3900.0       2.61973E-9     
  3905.0       2.6677773E-9   
  3910.0       2.7968872E-9   
  3915.0       2.7685785E-9   
  3920.0       2.4717624E-9   
  3925.0       1.9811361E-9   
  3930.0       1.4088356E-9   
  3935.0       1.3041291E-9   
  3940.0       1.7706585E-9   
  3945.0       2.2812243E-9   
  3950.0       2.6218507E-9   
  3955.0       2.620773E-9    
  3960.0       2.2076243E-9   
  3965.0       1.6257361E-9   
  3970.0       1.5612074E-9   
  3975.0       2.180805E-9    
  3980.0       2.8244056E-9   
  3985.0       3.1744871E-9   
  3990.0       3.3635774E-9   
  3995.0       3.4475194E-9   
  4000.0       3.517744E-9    
  4005.0       3.5467556E-9   
  4010.0       3.6375007E-9   
  4015.0       3.7162478E-9   
  4020.0       3.7141132E-9   
  4025.0       3.6788363E-9   
  4030.0       3.5828462E-9   
  4035.0       3.6037704E-9   
  4040.0       3.6350616E-9   
  4045.0       3.525914E-9    
  4050.0       3.5370975E-9   
  4055.0       3.425338E-9    
  4060.0       3.3305265E-9   
  4065.0       3.3431717E-9   
  4070.0       3.411922E-9    
  4075.0       3.4385E-9      
  4080.0       3.5547139E-9   
  4085.0       3.7014944E-9   
  4090.0       3.676894E-9    
  4095.0       3.3977656E-9   
  4100.0       3.1432064E-9   
  4105.0       3.271556E-9    
  4110.0       3.5469505E-9   
  4115.0       3.6985497E-9   
  4120.0       3.6977308E-9   
  4125.0       3.6495105E-9   
  4130.0       3.6080792E-9   
  4135.0       3.651248E-9    
  4140.0       3.6916288E-9   
  4145.0       3.6541383E-9   
  4150.0       3.6026322E-9   
  4155.0       3.5947079E-9   
  4160.0       3.6984287E-9   
  4165.0       3.7164787E-9   
  4170.0       3.5687344E-9   
  4175.0       3.4457235E-9   
  4180.0       3.470741E-9    
  4185.0       3.5330503E-9   
  4190.0       3.5843235E-9   
  4195.0       3.5162395E-9   
  4200.0       3.4790422E-9   
  4205.0       3.6023098E-9   
  4210.0       3.703267E-9    
  4215.0       3.7042802E-9   
  4220.0       3.6526044E-9   
  4225.0       3.463678E-9    
  4230.0       3.5102357E-9   
  4235.0       3.5635421E-9   
  4240.0       3.6093422E-9   
  4245.0       3.6381655E-9   
  4250.0       3.5968595E-9   
  4255.0       3.558833E-9    
  4260.0       3.5407466E-9   
  4265.0       3.5621104E-9   
  4270.0       3.4112737E-9   
  4275.0       3.3808407E-9   
  4280.0       3.4437124E-9   
  4285.0       3.366513E-9    
  4290.0       3.2175742E-9   
  4295.0       3.0243545E-9   
  4300.0       2.725531E-9    
  4305.0       2.595554E-9    
  4310.0       2.8107014E-9   
  4315.0       3.3858194E-9   
  4320.0       3.6503285E-9   
  4325.0       3.5723056E-9   
  4330.0       3.6490222E-9   
  4335.0       3.530186E-9    
  4340.0       3.2636867E-9   
  4345.0       3.4224985E-9   
  4350.0       3.6169923E-9   
  4355.0       3.770939E-9    
  4360.0       3.963792E-9    
  4365.0       4.044417E-9    
  4370.0       3.90702E-9     
  4375.0       3.75623E-9     
  4380.0       3.6020327E-9   
  4385.0       3.441221E-9    
  4390.0       3.5483871E-9   
  4395.0       3.7028622E-9   
  4400.0       3.7597596E-9   
  4405.0       3.7679304E-9   
  4410.0       3.896139E-9    
  4415.0       3.986258E-9    
  4420.0       4.0387946E-9   
  4425.0       4.0558645E-9   
  4430.0       4.055723E-9    
  4435.0       4.0460066E-9   
  4440.0       4.104163E-9    
  4445.0       4.1299675E-9   
  4450.0       4.07281E-9     
  4455.0       3.8942427E-9   
  4460.0       3.8269516E-9   
  4465.0       3.9279353E-9   
  4470.0       4.087883E-9    
  4475.0       4.2265538E-9   
  4480.0       4.1945647E-9   
  4485.0       4.189301E-9    
  4490.0       4.1621595E-9   
  4495.0       4.1929007E-9   
  4500.0       4.316175E-9    
  4505.0       4.4266457E-9   
  4510.0       4.398213E-9    
  4515.0       4.3247743E-9   
  4520.0       4.2299537E-9   
  4525.0       4.034853E-9    
  4530.0       3.907431E-9    
  4535.0       4.0150305E-9   
  4540.0       4.126878E-9    
  4545.0       4.094419E-9    
  4550.0       4.0540584E-9   
  4555.0       4.1485753E-9   
  4560.0       4.2234993E-9   
  4565.0       4.2234993E-9   
  4570.0       4.2732977E-9   
  4575.0       4.2658983E-9   
  4580.0       4.1198795E-9   
  4585.0       4.077354E-9    
  4590.0       4.0937844E-9   
  4595.0       4.0612664E-9   
  4600.0       4.071755E-9    
  4605.0       4.165173E-9    
  4610.0       4.2450123E-9   
  4615.0       4.2430477E-9   
  4620.0       4.284677E-9    
  4625.0       4.2965773E-9   
  4630.0       4.24226E-9     
  4635.0       4.1512465E-9   
  4640.0       4.0792725E-9   
  4645.0       3.9867967E-9   
  4650.0       4.010342E-9    
  4655.0       4.0904675E-9   
  4660.0       4.0690105E-9   
  4665.0       3.8776427E-9   
  4670.0       3.8956465E-9   
  4675.0       4.0347072E-9   
  4680.0       4.001743E-9    
  4685.0       4.020144E-9    
  4690.0       4.0455728E-9   
  4695.0       4.0192174E-9   
  4700.0       3.891538E-9    
  4705.0       3.8557633E-9   
  4710.0       3.913755E-9    
  4715.0       4.0390247E-9   
  4720.0       4.1807597E-9   
  4725.0       4.138926E-9    
  4730.0       3.984149E-9    
  4735.0       4.001774E-9    
  4740.0       4.11293E-9     
  4745.0       4.212173E-9    
  4750.0       4.167926E-9    
  4755.0       4.0878674E-9   
  4760.0       4.0476684E-9   
  4765.0       3.990495E-9    
  4770.0       4.081692E-9    
  4775.0       4.209308E-9    
  4780.0       4.230879E-9    
  4785.0       4.1349075E-9   
  4790.0       4.137845E-9    
  4795.0       4.24308E-9     
  4800.0       4.2217656E-9   
  4805.0       4.1524877E-9   
  4810.0       4.171729E-9    
  4815.0       4.2387627E-9   
  4820.0       4.225141E-9    
  4825.0       4.142897E-9    
  4830.0       4.105619E-9    
  4835.0       4.090415E-9    
  4840.0       4.0265618E-9   
  4845.0       3.999358E-9    
  4850.0       3.8677355E-9   
  4855.0       3.511713E-9    
  4860.0       3.1436438E-9   
  4865.0       3.2680674E-9   
  4870.0       3.5617922E-9   
  4875.0       3.7334513E-9   
  4880.0       3.890586E-9    
  4885.0       3.8478656E-9   
  4890.0       3.8495083E-9   
  4895.0       4.048796E-9    
  4900.0       4.1197694E-9   
  4905.0       4.0792703E-9   
  4910.0       3.9679717E-9   
  4915.0       3.9086294E-9   
  4920.0       3.7472714E-9   
  4925.0       3.8648738E-9   
  4930.0       4.00354E-9     
  4935.0       3.920955E-9    
  4940.0       3.924242E-9    
  4945.0       4.080543E-9    
  4950.0       4.1028847E-9   
  4955.0       4.00956E-9     
  4960.0       3.9992987E-9   
  4965.0       4.036191E-9    
  4970.0       4.0101664E-9   
  4975.0       4.007673E-9    
  4980.0       3.835689E-9    
  4985.0       3.7789003E-9   
  4990.0       3.92009E-9     
  4995.0       3.9440367E-9   
  5000.0       3.8321604E-9   
  5005.0       3.7144683E-9   
  5010.0       3.7082728E-9   
  5015.0       3.6163978E-9   
  5020.0       3.6346655E-9   
  5025.0       3.745505E-9    
  5030.0       3.841318E-9    
  5035.0       3.819857E-9    
  5040.0       3.6947436E-9   
  5045.0       3.779717E-9    
  5050.0       3.8409365E-9   
  5055.0       3.911967E-9    
  5060.0       4.006221E-9    
  5065.0       3.927596E-9    
  5070.0       3.8537156E-9   
  5075.0       3.8127923E-9   
  5080.0       3.7130676E-9   
  5085.0       3.7875054E-9   
  5090.0       3.9145998E-9   
  5095.0       3.880178E-9    
  5100.0       3.7707153E-9   
  5105.0       3.81596E-9     
  5110.0       3.8463317E-9   
  5115.0       3.9347343E-9   
  5120.0       3.888086E-9    
  5125.0       3.731952E-9    
  5130.0       3.7199182E-9   
  5135.0       3.7309613E-9   
  5140.0       3.6793775E-9   
  5145.0       3.6758958E-9   
  5150.0       3.702624E-9    
  5155.0       3.731746E-9    
  5160.0       3.6627013E-9   
  5165.0       3.3532903E-9   
  5170.0       3.2100638E-9   
  5175.0       3.4664218E-9   
  5180.0       3.565572E-9    
  5185.0       3.4391547E-9   
  5190.0       3.5728969E-9   
  5195.0       3.6637056E-9   
  5200.0       3.7348844E-9   
  5205.0       3.718197E-9    
  5210.0       3.7452015E-9   
  5215.0       3.7699115E-9   
  5220.0       3.742326E-9    
  5225.0       3.6162227E-9   
  5230.0       3.5974543E-9   
  5235.0       3.7221248E-9   
  5240.0       3.818322E-9    
  5245.0       3.8198547E-9   
  5250.0       3.7619343E-9   
  5255.0       3.749792E-9    
  5260.0       3.6449872E-9   
  5265.0       3.3682281E-9   
  5270.0       3.3566214E-9   
  5275.0       3.5326753E-9   
  5280.0       3.6949972E-9   
  5285.0       3.7789585E-9   
  5290.0       3.884922E-9    
  5295.0       3.8021577E-9   
  5300.0       3.7569197E-9   
  5305.0       3.8604417E-9   
  5310.0       3.8946024E-9   
  5315.0       3.8496477E-9   
  5320.0       3.748668E-9    
  5325.0       3.611626E-9    
  5330.0       3.615575E-9    
  5335.0       3.7174115E-9   
  5340.0       3.709784E-9    
  5345.0       3.7237857E-9   
  5350.0       3.7866106E-9   
  5355.0       3.8944177E-9   
  5360.0       3.8744226E-9   
  5365.0       3.7306966E-9   
  5370.0       3.657724E-9    
  5375.0       3.740245E-9    
  5380.0       3.7685357E-9   
  5385.0       3.7601833E-9   
  5390.0       3.705804E-9    
  5395.0       3.628929E-9    
  5400.0       3.5779262E-9   
  5405.0       3.5401913E-9   
  5410.0       3.5873884E-9   
  5415.0       3.6806957E-9   
  5420.0       3.7031316E-9   
  5425.0       3.6912378E-9   
  5430.0       3.6646655E-9   
  5435.0       3.6866283E-9   
  5440.0       3.7884784E-9   
  5445.0       3.759171E-9    
  5450.0       3.7657912E-9   
  5455.0       3.7538728E-9   
  5460.0       3.7580343E-9   
  5465.0       3.7073578E-9   
  5470.0       3.6924255E-9   
  5475.0       3.608881E-9    
  5480.0       3.5761132E-9   
  5485.0       3.644191E-9    
  5490.0       3.6638352E-9   
  5495.0       3.6766667E-9   
  5500.0       3.6653487E-9   
  5505.0       3.633379E-9    
  5510.0       3.6132903E-9   
  5515.0       3.6493208E-9   
  5520.0       3.7023997E-9   
  5525.0       3.6439212E-9   
  5530.0       3.6060244E-9   
  5535.0       3.629849E-9    
  5540.0       3.6681362E-9   
  5545.0       3.6888141E-9   
  5550.0       3.7224681E-9   
  5555.0       3.6770293E-9   
  5560.0       3.6194634E-9   
  5565.0       3.5845766E-9   
  5570.0       3.5735856E-9   
  5575.0       3.5908607E-9   
  5580.0       3.5909185E-9   
  5585.0       3.4852137E-9   
  5590.0       3.4301924E-9   
  5595.0       3.479744E-9    
  5600.0       3.487206E-9    
  5605.0       3.5849315E-9   
  5610.0       3.6614622E-9   
  5615.0       3.550558E-9    
  5620.0       3.538812E-9    
  5625.0       3.5539043E-9   
  5630.0       3.5902294E-9   
  5635.0       3.572575E-9    
  5640.0       3.543259E-9    
  5645.0       3.5566918E-9   
  5650.0       3.551722E-9    
  5655.0       3.4754695E-9   
  5660.0       3.4295373E-9   
  5665.0       3.4782655E-9   
  5670.0       3.5542476E-9   
  5675.0       3.5948298E-9   
  5680.0       3.5366592E-9   
  5685.0       3.4637053E-9   
  5690.0       3.4964358E-9   
  5695.0       3.5514476E-9   
  5700.0       3.5106216E-9   
  5705.0       3.4316E-9      
  5710.0       3.3859155E-9   
  5715.0       3.4759913E-9   
  5720.0       3.5757746E-9   
  5725.0       3.6284342E-9   
  5730.0       3.619061E-9    
  5735.0       3.6083405E-9   
  5740.0       3.605068E-9    
  5745.0       3.5691665E-9   
  5750.0       3.513769E-9    
  5755.0       3.4790617E-9   
  5760.0       3.4903578E-9   
  5765.0       3.5303487E-9   
  5770.0       3.552584E-9    
  5775.0       3.5179588E-9   
  5780.0       3.4325385E-9   
  5785.0       3.4019823E-9   
  5790.0       3.4557346E-9   
  5795.0       3.4973466E-9   
  5800.0       3.515791E-9    
  5805.0       3.5145422E-9   
  5810.0       3.528835E-9    
  5815.0       3.5422671E-9   
  5820.0       3.5872756E-9   
  5825.0       3.6165015E-9   
  5830.0       3.6122383E-9   
  5835.0       3.5902923E-9   
  5840.0       3.5849634E-9   
  5845.0       3.562971E-9    
  5850.0       3.50138E-9     
  5855.0       3.425903E-9    
  5860.0       3.4420773E-9   
  5865.0       3.5073844E-9   
  5870.0       3.544636E-9    
  5875.0       3.5314012E-9   
  5880.0       3.4842587E-9   
  5885.0       3.3510168E-9   
  5890.0       3.1515288E-9   
  5895.0       3.1779375E-9   
  5900.0       3.3541516E-9   
  5905.0       3.463383E-9    
  5910.0       3.4750887E-9   
  5915.0       3.4592187E-9   
  5920.0       3.4687127E-9   
  5925.0       3.4457812E-9   
  5930.0       3.411915E-9    
  5935.0       3.4402352E-9   
  5940.0       3.4704009E-9   
  5945.0       3.4428218E-9   
  5950.0       3.3885552E-9   
  5955.0       3.3919458E-9   
  5960.0       3.435464E-9    
  5965.0       3.4422154E-9   
  5970.0       3.4286594E-9   
  5975.0       3.3936522E-9   
  5980.0       3.3652798E-9   
  5985.0       3.3371963E-9   
  5990.0       3.3645555E-9   
  5995.0       3.3878547E-9   
  6000.0       3.3629612E-9   
  6005.0       3.32124E-9     
  6010.0       3.29406E-9     
  6015.0       3.283241E-9    
  6020.0       3.273383E-9    
  6025.0       3.285131E-9    
  6030.0       3.3346768E-9   
  6035.0       3.368744E-9    
  6040.0       3.3673777E-9   
  6045.0       3.3746854E-9   
  6050.0       3.373451E-9    
  6055.0       3.3501204E-9   
  6060.0       3.3590855E-9   
  6065.0       3.3543262E-9   
  6070.0       3.370931E-9    
  6075.0       3.3381262E-9   
  6080.0       3.2825032E-9   
  6085.0       3.2703675E-9   
  6090.0       3.2707332E-9   
  6095.0       3.2716212E-9   
  6100.0       3.2365246E-9   
  6105.0       3.2341085E-9   
  6110.0       3.2733873E-9   
  6115.0       3.2720784E-9   
  6120.0       3.2354923E-9   
  6125.0       3.229845E-9    
  6130.0       3.2154917E-9   
  6135.0       3.1569725E-9   
  6140.0       3.167054E-9    
  6145.0       3.218861E-9    
  6150.0       3.2103773E-9   
  6155.0       3.1687084E-9   
  6160.0       3.098008E-9    
  6165.0       3.0636276E-9   
  6170.0       3.1128573E-9   
  6175.0       3.1744813E-9   
  6180.0       3.2221894E-9   
  6185.0       3.221761E-9    
  6190.0       3.1858745E-9   
  6195.0       3.2100846E-9   
  6200.0       3.245313E-9    
  6205.0       3.2630263E-9   
  6210.0       3.2507042E-9   
  6215.0       3.1939411E-9   
  6220.0       3.1805443E-9   
  6225.0       3.1894882E-9   
  6230.0       3.1481027E-9   
  6235.0       3.130909E-9    
  6240.0       3.1071632E-9   
  6245.0       3.0882283E-9   
  6250.0       3.0932623E-9   
  6255.0       3.0540521E-9   
  6260.0       3.0751919E-9   
  6265.0       3.1156133E-9   
  6270.0       3.1469394E-9   
  6275.0       3.1215677E-9   
  6280.0       3.0822274E-9   
  6285.0       3.124754E-9    
  6290.0       3.148707E-9    
  6295.0       3.1178882E-9   
  6300.0       3.067918E-9    
  6305.0       3.099148E-9    
  6310.0       3.1029193E-9   
  6315.0       3.0403204E-9   
  6320.0       3.0343137E-9   
  6325.0       3.1053462E-9   
  6330.0       3.1279175E-9   
  6335.0       3.0905984E-9   
  6340.0       3.065427E-9    
  6345.0       3.0913043E-9   
  6350.0       3.1218936E-9   
  6355.0       3.1002194E-9   
  6360.0       3.0471887E-9   
  6365.0       3.0592444E-9   
  6370.0       3.109419E-9    
  6375.0       3.1248344E-9   
  6380.0       3.1188323E-9   
  6385.0       3.1296352E-9   
  6390.0       3.128983E-9    
  6395.0       3.0869953E-9   
  6400.0       3.0555598E-9   
  6405.0       3.0473675E-9   
  6410.0       3.0202034E-9   
  6415.0       3.0178129E-9   
  6420.0       3.0300265E-9   
  6425.0       3.0700833E-9   
  6430.0       3.0580876E-9   
  6435.0       3.042524E-9    
  6440.0       3.0481593E-9   
  6445.0       3.0575433E-9   
  6450.0       3.023432E-9    
  6455.0       3.0125344E-9   
  6460.0       3.0073388E-9   
  6465.0       3.012338E-9    
  6470.0       3.020883E-9    
  6475.0       3.0275895E-9   
  6480.0       3.0376812E-9   
  6485.0       3.0376452E-9   
  6490.0       2.9744012E-9   
  6495.0       2.8776324E-9   
  6500.0       2.9545273E-9   
  6505.0       3.057021E-9    
  6510.0       3.07629E-9     
  6515.0       3.040011E-9    
  6520.0       3.0278093E-9   
  6525.0       3.0317762E-9   
  6530.0       3.0187954E-9   
  6535.0       3.0310345E-9   
  6540.0       3.024286E-9    
  6545.0       2.966595E-9    
  6550.0       2.887207E-9    
  6555.0       2.7135014E-9   
  6560.0       2.3942024E-9   
  6565.0       2.431489E-9    
  6570.0       2.6979614E-9   
  6575.0       2.8638731E-9   
  6580.0       2.9341571E-9   
  6585.0       2.940225E-9    
  6590.0       2.9309077E-9   
  6595.0       2.9274103E-9   
  6600.0       2.9654261E-9   
  6605.0       2.9719387E-9   
  6610.0       2.9705263E-9   
  6615.0       2.995223E-9    
  6620.0       3.0111704E-9   
  6625.0       2.9945393E-9   
  6630.0       2.938802E-9    
  6635.0       2.9048841E-9   
  6640.0       2.9053513E-9   
  6645.0       2.916944E-9    
  6650.0       2.9431284E-9   
  6655.0       2.9399392E-9   
  6660.0       2.9054474E-9   
  6665.0       2.8828067E-9   
  6670.0       2.8952691E-9   
  6675.0       2.8935214E-9   
  6680.0       2.886648E-9    
  6685.0       2.9152465E-9   
  6690.0       2.9183542E-9   
  6695.0       2.8941722E-9   
  6700.0       2.88015E-9     
  6705.0       2.8627904E-9   
  6710.0       2.836602E-9    
  6715.0       2.8132794E-9   
  6720.0       2.823472E-9    
  6725.0       2.8537825E-9   
  6730.0       2.8562088E-9   
  6735.0       2.8460039E-9   
  6740.0       2.8327696E-9   
  6745.0       2.8156093E-9   
  6750.0       2.8063183E-9   
  6755.0       2.81815E-9     
  6760.0       2.833339E-9    
  6765.0       2.8381055E-9   
  6770.0       2.8330291E-9   
  6775.0       2.8389968E-9   
  6780.0       2.8308227E-9   
  6785.0       2.8141338E-9   
  6790.0       2.8195064E-9   
  6795.0       2.8114524E-9   
  6800.0       2.818184E-9    
  6805.0       2.821093E-9    
  6810.0       2.8195872E-9   
  6815.0       2.8244749E-9   
  6820.0       2.8260343E-9   
  6825.0       2.8203393E-9   
  6830.0       2.812391E-9    
  6835.0       2.7851261E-9   
  6840.0       2.7160323E-9   
  6845.0       2.7350864E-9   
  6850.0       2.763872E-9    
  6855.0       2.742313E-9    
  6860.0       2.7338467E-9   
  6865.0       2.742734E-9    
  6870.0       2.7507958E-9   
  6875.0       2.7501361E-9   
  6880.0       2.7272804E-9   
  6885.0       2.7246627E-9   
  6890.0       2.7526477E-9   
  6895.0       2.7466491E-9   
  6900.0       2.7338198E-9   
  6905.0       2.7359264E-9   
  6910.0       2.7372644E-9   
  6915.0       2.7066935E-9   
  6920.0       2.7188292E-9   
  6925.0       2.7345302E-9   
  6930.0       2.7584057E-9   
  6935.0       2.764444E-9    
  6940.0       2.7849252E-9   
  6945.0       2.7591178E-9   
  6950.0       2.7545648E-9   
  6955.0       2.7408456E-9   
  6960.0       2.7474945E-9   
  6965.0       2.7313656E-9   
  6970.0       2.7093128E-9   
  6975.0       2.6755274E-9   
  6980.0       2.6665303E-9   
  6985.0       2.7140283E-9   
  6990.0       2.7324438E-9   
  6995.0       2.7222204E-9   
  7000.0       2.6810412E-9   
  7005.0       2.6408258E-9   
  7010.0       2.6418312E-9   
  7015.0       2.6305131E-9   
  7020.0       2.6380018E-9   
  7025.0       2.6410054E-9   
  7030.0       2.6570894E-9   
  7035.0       2.655515E-9    
  7040.0       2.67642E-9     
  7045.0       2.7026046E-9   
  7050.0       2.7030582E-9   
  7055.0       2.6831106E-9   
  7060.0       2.6772984E-9   
  7065.0       2.677444E-9    
  7070.0       2.6763345E-9   
  7075.0       2.6812959E-9   
  7080.0       2.6709845E-9   
  7085.0       2.6298672E-9   
  7090.0       2.6220026E-9   
  7095.0       2.6372406E-9   
  7100.0       2.6524458E-9   
  7105.0       2.6545317E-9   
  7110.0       2.6269524E-9   
  7115.0       2.61055E-9     
  7120.0       2.6102651E-9   
  7125.0       2.6150482E-9   
  7130.0       2.6169789E-9   
  7135.0       2.631006E-9    
  7140.0       2.6555482E-9   
  7145.0       2.6184297E-9   
  7150.0       2.6063343E-9   
  7155.0       2.6374234E-9   
  7160.0       2.6339002E-9   
  7165.0       2.5987412E-9   
  7170.0       2.6437306E-9   
  7175.0       2.665882E-9    
  7180.0       2.6093752E-9   
  7185.0       2.5733466E-9   
  7190.0       2.5656892E-9   
  7195.0       2.558712E-9    
  7200.0       2.5812994E-9   
  7205.0       2.5652458E-9   
  7210.0       2.5243905E-9   
  7215.0       2.5419256E-9   
  7220.0       2.530938E-9    
  7225.0       2.5318556E-9   
  7230.0       2.5891937E-9   
  7235.0       2.6289435E-9   
  7240.0       2.6033313E-9   
  7245.0       2.591885E-9    
  7250.0       2.5877793E-9   
  7255.0       2.5817608E-9   
  7260.0       2.5706857E-9   
  7265.0       2.5734246E-9   
  7270.0       2.5833313E-9   
  7275.0       2.5790576E-9   
  7280.0       2.5522158E-9   
  7285.0       2.4814486E-9   
  7290.0       2.4394988E-9   
  7295.0       2.4783826E-9   
  7300.0       2.533302E-9    
  7305.0       2.5307343E-9   
  7310.0       2.5030118E-9   
  7315.0       2.5209028E-9   
  7320.0       2.5299327E-9   
  7325.0       2.4985E-9      
  7330.0       2.4884155E-9   
  7335.0       2.5147502E-9   
  7340.0       2.5388762E-9   
  7345.0       2.5123987E-9   
  7350.0       2.481911E-9    
  7355.0       2.462357E-9    
  7360.0       2.4658913E-9   
  7365.0       2.469527E-9    
  7370.0       2.4799929E-9   
  7375.0       2.4733098E-9   
  7380.0       2.4685134E-9   
  7385.0       2.415369E-9    
  7390.0       2.3868043E-9   
  7395.0       2.4311964E-9   
  7400.0       2.4511693E-9   
  7405.0       2.427644E-9    
  7410.0       2.3938704E-9   
  7415.0       2.3847448E-9   
  7420.0       2.3875415E-9   
  7425.0       2.4214664E-9   
  7430.0       2.4502593E-9   
  7435.0       2.4535793E-9   
  7440.0       2.4336835E-9   
  7445.0       2.4067786E-9   
  7450.0       2.4228906E-9   
  7455.0       2.4487794E-9   
  7460.0       2.4394444E-9   
  7465.0       2.4287088E-9   
  7470.0       2.4386688E-9   
  7475.0       2.4324132E-9   
  7480.0       2.4249847E-9   
  7485.0       2.4252578E-9   
  7490.0       2.4111941E-9   
  7495.0       2.3863564E-9   
  7500.0       2.4039382E-9   
  7505.0       2.402371E-9    
  7510.0       2.377132E-9    
  7515.0       2.3862377E-9   
  7520.0       2.394702E-9    
  7525.0       2.3799664E-9   
  7530.0       2.376671E-9    
  7535.0       2.3952829E-9   
  7540.0       2.4062652E-9   
  7545.0       2.3959454E-9   
  7550.0       2.3883695E-9   
  7555.0       2.3720026E-9   
  7560.0       2.3736408E-9   
  7565.0       2.3802533E-9   
  7570.0       2.3764886E-9   
  7575.0       2.3869204E-9   
  7580.0       2.3914253E-9   
  7585.0       2.373372E-9    
  7590.0       2.4088183E-9   
  7595.0       2.4177667E-9   
  7600.0       2.3969553E-9   
  7605.0       2.3401108E-9   
  7610.0       2.218914E-9    
  7615.0       2.1996158E-9   
  7620.0       2.2744249E-9   
  7625.0       2.2756341E-9   
  7630.0       2.2483673E-9   
  7635.0       2.268138E-9    
  7640.0       2.2933575E-9   
  7645.0       2.3056967E-9   
  7650.0       2.293323E-9    
  7655.0       2.2497144E-9   
  7660.0       2.214215E-9    
  7665.0       2.2510334E-9   
  7670.0       2.3135243E-9   
  7675.0       2.3516376E-9   
  7680.0       2.3600302E-9   
  7685.0       2.3461504E-9   
  7690.0       2.3132773E-9   
  7695.0       2.3101399E-9   
  7700.0       2.3218927E-9   
  7705.0       2.3325384E-9   
  7710.0       2.293756E-9    
  7715.0       2.2628999E-9   
  7720.0       2.287347E-9    
  7725.0       2.281776E-9    
  7730.0       2.2825613E-9   
  7735.0       2.293213E-9    
  7740.0       2.2825133E-9   
  7745.0       2.238459E-9    
  7750.0       2.2343623E-9   
  7755.0       2.269265E-9    
  7760.0       2.2824034E-9   
  7765.0       2.2829953E-9   
  7770.0       2.2588367E-9   
  7775.0       2.2269149E-9   
  7780.0       2.2369455E-9   
  7785.0       2.2603657E-9   
  7790.0       2.2630586E-9   
  7795.0       2.2513926E-9   
  7800.0       2.2305688E-9   
  7805.0       2.2333544E-9   
  7810.0       2.2272084E-9   
  7815.0       2.2474547E-9   
  7820.0       2.2641045E-9   
  7825.0       2.2582498E-9   
  7830.0       2.2247264E-9   
  7835.0       2.1961126E-9   
  7840.0       2.2116136E-9   
  7845.0       2.225769E-9    
  7850.0       2.2212303E-9   
  7855.0       2.2240225E-9   
  7860.0       2.2310247E-9   
  7865.0       2.2348758E-9   
  7870.0       2.2286644E-9   
  7875.0       2.2166335E-9   
  7880.0       2.206668E-9    
  7885.0       2.2129385E-9   
  7890.0       2.2148579E-9   
  7895.0       2.2048372E-9   
  7900.0       2.2051718E-9   
  7905.0       2.2048345E-9   
  7910.0       2.1846125E-9   
  7915.0       2.1618367E-9   
  7920.0       2.1543403E-9   
  7925.0       2.1569786E-9   
  7930.0       2.1264186E-9   
  7935.0       2.1094098E-9   
  7940.0       2.1201472E-9   
  7945.0       2.1256439E-9   
  7950.0       2.153321E-9    
  7955.0       2.1694417E-9   
  7960.0       2.1651771E-9   
  7965.0       2.1703417E-9   
  7970.0       2.1721023E-9   
  7975.0       2.1776274E-9   
  7980.0       2.1802826E-9   
  7985.0       2.1761561E-9   
  7990.0       2.1680995E-9   
  7995.0       2.1409516E-9   
  8000.0       2.1236457E-9   
  8005.0       2.1426712E-9   
  8010.0       2.1441935E-9   
  8015.0       2.1492115E-9   
  8020.0       2.146922E-9    
  8025.0       2.1247109E-9   
  8030.0       2.1212478E-9   
  8035.0       2.1380677E-9   
  8040.0       2.1335187E-9   
  8045.0       2.0979292E-9   
  8050.0       2.0911264E-9   
  8055.0       2.1139823E-9   
  8060.0       2.132272E-9    
  8065.0       2.1351387E-9   
  8070.0       2.1152506E-9   
  8075.0       2.1100104E-9   
  8080.0       2.1059394E-9   
  8085.0       2.0961886E-9   
  8090.0       2.091427E-9    
  8095.0       2.0685493E-9   
  8100.0       2.0823567E-9   
  8105.0       2.118823E-9    
  8110.0       2.120945E-9    
  8115.0       2.121285E-9    
  8120.0       2.1182505E-9   
  8125.0       2.112019E-9    
  8130.0       2.097075E-9    
  8135.0       2.095954E-9    
  8140.0       2.0927071E-9   
  8145.0       2.0801822E-9   
  8150.0       2.0773612E-9   
  8155.0       2.0806035E-9   
  8160.0       2.0778652E-9   
  8165.0       2.0760367E-9   
  8170.0       2.0678472E-9   
  8175.0       2.0580264E-9   
  8180.0       2.0342588E-9   
  8185.0       2.0171178E-9   
  8190.0       2.026012E-9    
  8195.0       2.0003008E-9   
  8200.0       2.0230697E-9   
  8205.0       2.0547823E-9   
  8210.0       2.040121E-9    
  8215.0       2.03158E-9     
  8220.0       2.0198736E-9   
  8225.0       2.0098048E-9   
  8230.0       2.0114037E-9   
  8235.0       2.0379904E-9   
  8240.0       2.0553683E-9   
  8245.0       2.0650892E-9   
  8250.0       2.0377633E-9   
  8255.0       2.040856E-9    
  8260.0       2.0532718E-9   
  8265.0       2.0528552E-9   
  8270.0       2.0416793E-9   
  8275.0       2.0296957E-9   
  8280.0       2.0410253E-9   
  8285.0       2.033401E-9    
  8290.0       2.0116582E-9   
  8295.0       2.010699E-9    
  8300.0       2.0117343E-9   
  8305.0       1.9993218E-9   
  8310.0       1.9835773E-9   
  8315.0       1.9955095E-9   
  8320.0       2.000141E-9    
  8325.0       1.9683937E-9   
  8330.0       1.948851E-9    
  8335.0       1.9447506E-9   
  8340.0       1.9455708E-9   
  8345.0       1.9548243E-9   
  8350.0       1.985234E-9    
  8355.0       1.99583E-9     
  8360.0       1.9930932E-9   
  8365.0       1.9955297E-9   
  8370.0       2.0028632E-9   
  8375.0       2.0019966E-9   
  8380.0       1.992727E-9    
  8385.0       1.969531E-9    
  8390.0       1.9782342E-9   
  8395.0       1.9951492E-9   
  8400.0       1.9917803E-9   
  8405.0       1.9862259E-9   
  8410.0       1.9901165E-9   
  8415.0       1.9842177E-9   
  8420.0       1.9730335E-9   
  8425.0       1.9659117E-9   
  8430.0       1.9753124E-9   
  8435.0       1.956983E-9    
  8440.0       1.9403201E-9   
  8445.0       1.932667E-9    
  8450.0       1.9445292E-9   
  8455.0       1.963521E-9    
  8460.0       1.9616613E-9   
  8465.0       1.9405482E-9   
  8470.0       1.9337625E-9   
  8475.0       1.9510369E-9   
  8480.0       1.9542408E-9   
  8485.0       1.9473079E-9   
  8490.0       1.9119903E-9   
  8495.0       1.7797166E-9   
  8500.0       1.7251574E-9   
  8505.0       1.8392763E-9   
  8510.0       1.8876862E-9   
  8515.0       1.874969E-9    
  8520.0       1.8887087E-9   
  8525.0       1.8913209E-9   
  8530.0       1.859301E-9    
  8535.0       1.7343401E-9   
  8540.0       1.5013455E-9   
  8545.0       1.4905118E-9   
  8550.0       1.7446624E-9   
  8555.0       1.8496681E-9   
  8560.0       1.872885E-9    
  8565.0       1.8902326E-9   
  8570.0       1.8811315E-9   
  8575.0       1.8782202E-9   
  8580.0       1.8734512E-9   
  8585.0       1.8709247E-9   
  8590.0       1.870262E-9    
  8595.0       1.8502371E-9   
  8600.0       1.851484E-9    
  8605.0       1.8653632E-9   
  8610.0       1.8588996E-9   
  8615.0       1.8594162E-9   
  8620.0       1.8664303E-9   
  8625.0       1.8721658E-9   
  8630.0       1.8751354E-9   
  8635.0       1.8737853E-9   
  8640.0       1.8707411E-9   
  8645.0       1.8448395E-9   
  8650.0       1.8129623E-9   
  8655.0       1.7294411E-9   
  8660.0       1.5145146E-9   
  8665.0       1.5299665E-9   
  8670.0       1.7070885E-9   
  8675.0       1.7786005E-9   
  8680.0       1.7956265E-9   
  8685.0       1.8008777E-9   
  8690.0       1.798315E-9    
  8695.0       1.8210914E-9   
  8700.0       1.8305228E-9   
  8705.0       1.8313884E-9   
  8710.0       1.8148136E-9   
  8715.0       1.8105405E-9   
  8720.0       1.8246474E-9   
  8725.0       1.8247382E-9   
  8730.0       1.8063903E-9   
  8735.0       1.7853409E-9   
  8740.0       1.7680373E-9   
  8745.0       1.7619054E-9   
  8750.0       1.7423789E-9   
  8755.0       1.7551803E-9   
  8760.0       1.7840054E-9   
  8765.0       1.789467E-9    
  8770.0       1.7881002E-9   
  8775.0       1.7886352E-9   
  8780.0       1.8001123E-9   
  8785.0       1.7965016E-9   
  8790.0       1.7746574E-9   
  8795.0       1.7750271E-9   
  8800.0       1.776157E-9    
  8805.0       1.7298312E-9   
  8810.0       1.7383724E-9   
  8815.0       1.7882509E-9   
  8820.0       1.7862377E-9   
  8825.0       1.784818E-9    
  8830.0       1.7919497E-9   
  8835.0       1.7756635E-9   
  8840.0       1.7705055E-9   
  8845.0       1.7731817E-9   
  8850.0       1.7699909E-9   
  8855.0       1.7425319E-9   
  8860.0       1.6997627E-9   
  8865.0       1.6894657E-9   
  8870.0       1.7325208E-9   
  8875.0       1.7560028E-9   
  8880.0       1.7664135E-9   
  8885.0       1.7884918E-9   
  8890.0       1.7900122E-9   
  8895.0       1.7780696E-9   
  8900.0       1.77798E-9     
  8905.0       1.7599285E-9   
  8910.0       1.7527045E-9   
  8915.0       1.751861E-9    
  8920.0       1.7472258E-9   
  8925.0       1.7257693E-9   
  8930.0       1.7125836E-9   
  8935.0       1.7079793E-9   
  8940.0       1.704728E-9    
  8945.0       1.7016298E-9   
  8950.0       1.6988385E-9   
  8955.0       1.6966024E-9   
  8960.0       1.6951767E-9   
  8965.0       1.6947364E-9   
  8970.0       1.6953141E-9   
  8975.0       1.6968719E-9   
  8980.0       1.6993649E-9   
  8985.0       1.7027479E-9   
  8990.0       1.7070297E-9   
  8995.0       1.7121978E-9   
  9000.0       1.718242E-9    
  9005.0       1.725019E-9    
  9010.0       1.7320343E-9   
  9015.0       1.7386534E-9   
  9020.0       1.7441947E-9   
  9025.0       1.7475701E-9   
  9030.0       1.7466231E-9   
  9035.0       1.7388039E-9   
  9040.0       1.7217359E-9   
  9045.0       1.6952315E-9   
  9050.0       1.6647776E-9   
  9055.0       1.6380525E-9   
  9060.0       1.6226223E-9   
  9065.0       1.6228047E-9   
  9070.0       1.6344399E-9   
  9075.0       1.6501358E-9   
  9080.0       1.6624201E-9   
  9085.0       1.6666161E-9   
  9090.0       1.6652041E-9   
  9095.0       1.6634567E-9   
  9100.0       1.6666563E-9   
  9105.0       1.6776485E-9   
  9110.0       1.6929265E-9   
  9115.0       1.7065244E-9   
  9120.0       1.7125241E-9   
  9125.0       1.7076787E-9   
  9130.0       1.6957595E-9   
  9135.0       1.6832216E-9   
  9140.0       1.6765274E-9   
  9145.0       1.6793483E-9   
  9150.0       1.6881574E-9   
  9155.0       1.6966599E-9   
  9160.0       1.6985758E-9   
  9165.0       1.6905968E-9   
  9170.0       1.6771098E-9   
  9175.0       1.6654804E-9   
  9180.0       1.6630087E-9   
  9185.0       1.6734766E-9   
  9190.0       1.6915066E-9   
  9195.0       1.7082018E-9   
  9200.0       1.7096288E-9   
  9205.0       1.6715342E-9   
  9210.0       1.655193E-9    
  9215.0       1.6432102E-9   
  9220.0       1.6342689E-9   
  9225.0       1.6309389E-9   
  9230.0       1.6315399E-9   
  9235.0       1.6327386E-9   
  9240.0       1.6311759E-9   
  9245.0       1.6246035E-9   
  9250.0       1.6137317E-9   
  9255.0       1.6004077E-9   
  9260.0       1.5865695E-9   
  9265.0       1.5736629E-9   
  9270.0       1.561844E-9    
  9275.0       1.5507846E-9   
  9280.0       1.5401097E-9   
  9285.0       1.5295216E-9   
  9290.0       1.5189441E-9   
  9295.0       1.508388E-9    
  9300.0       1.497914E-9    
  9305.0       1.4881928E-9   
  9310.0       1.4813988E-9   
  9315.0       1.4802931E-9   
  9320.0       1.4875234E-9   
  9325.0       1.5039273E-9   
  9330.0       1.525655E-9    
  9335.0       1.5470403E-9   
  9340.0       1.5624791E-9   
  9345.0       1.5686114E-9   
  9350.0       1.5679356E-9   
  9355.0       1.565209E-9    
  9360.0       1.5651964E-9   
  9365.0       1.570895E-9    
  9370.0       1.5806954E-9   
  9375.0       1.5912177E-9   
  9380.0       1.5989697E-9   
  9385.0       1.6011158E-9   
  9390.0       1.596528E-9    
  9395.0       1.5847269E-9   
  9400.0       1.5654436E-9   
  9405.0       1.5397668E-9   
  9410.0       1.5123445E-9   
  9415.0       1.4891964E-9   
  9420.0       1.4762267E-9   
  9425.0       1.4769059E-9   
  9430.0       1.4883681E-9   
  9435.0       1.5053012E-9   
  9440.0       1.5222812E-9   
  9445.0       1.5350675E-9   
  9450.0       1.5424955E-9   
  9455.0       1.5446044E-9   
  9460.0       1.5415956E-9   
  9465.0       1.5338834E-9   
  9470.0       1.5224632E-9   
  9475.0       1.5085501E-9   
  9480.0       1.4933823E-9   
  9485.0       1.4782664E-9   
  9490.0       1.4646795E-9   
  9495.0       1.4541551E-9   
  9500.0       1.44818E-9     
  9505.0       1.4475556E-9   
  9510.0       1.4513724E-9   
  9515.0       1.4580467E-9   
  9520.0       1.4659359E-9   
  9525.0       1.4735277E-9   
  9530.0       1.4795973E-9   
  9535.0       1.4830372E-9   
  9540.0       1.4828644E-9   
  9545.0       1.4790483E-9   
  9550.0       1.474069E-9    
  9555.0       1.4714043E-9   
  9560.0       1.4745073E-9   
  9565.0       1.4850277E-9   
  9570.0       1.4998737E-9   
  9575.0       1.514138E-9    
  9580.0       1.5228968E-9   
  9585.0       1.5230559E-9   
  9590.0       1.5162328E-9   
  9595.0       1.5058568E-9   
  9600.0       1.4954487E-9   
  9605.0       1.4875035E-9   
  9610.0       1.4818917E-9   
  9615.0       1.4774911E-9   
  9620.0       1.4731144E-9   
  9625.0       1.4682091E-9   
  9630.0       1.4637925E-9   
  9635.0       1.4614957E-9   
  9640.0       1.4629382E-9   
  9645.0       1.4689072E-9   
  9650.0       1.4780568E-9   
  9655.0       1.4881927E-9   
  9660.0       1.4970534E-9   
  9665.0       1.5029867E-9   
  9670.0       1.5059513E-9   
  9675.0       1.5065448E-9   
  9680.0       1.5054032E-9   
  9685.0       1.5030256E-9   
  9690.0       1.4995628E-9   
  9695.0       1.4950006E-9   
  9700.0       1.4893339E-9   
  9705.0       1.4825783E-9   
  9710.0       1.4748113E-9   
  9715.0       1.4661241E-9   
  9720.0       1.4566524E-9   
  9725.0       1.4467387E-9   
  9730.0       1.4373013E-9   
  9735.0       1.4294833E-9   
  9740.0       1.424396E-9    
  9745.0       1.4226635E-9   
  9750.0       1.4235796E-9   
  9755.0       1.4259607E-9   
  9760.0       1.4285739E-9   
  9765.0       1.430467E-9    
  9770.0       1.4314256E-9   
  9775.0       1.4315069E-9   
  9780.0       1.4308205E-9   
  9785.0       1.4295992E-9   
  9790.0       1.4284324E-9   
  9795.0       1.428057E-9    
  9800.0       1.4291731E-9   
  9805.0       1.4321128E-9   
  9810.0       1.436252E-9    
  9815.0       1.440588E-9    
  9820.0       1.444107E-9    
  9825.0       1.4460437E-9   
  9830.0       1.4462629E-9   
  9835.0       1.44488E-9     
  9840.0       1.4420217E-9   
  9845.0       1.4377335E-9   
  9850.0       1.4318359E-9   
  9855.0       1.4240612E-9   
  9860.0       1.4142336E-9   
  9865.0       1.402844E-9    
  9870.0       1.3921198E-9   
  9875.0       1.3849673E-9   
  9880.0       1.3841847E-9   
  9885.0       1.3909147E-9   
  9890.0       1.4019647E-9   
  9895.0       1.4124844E-9   
  9900.0       1.4176377E-9   
  9905.0       1.4144509E-9   
  9910.0       1.404779E-9    
  9915.0       1.3923239E-9   
  9920.0       1.3808663E-9   
  9925.0       1.3731126E-9   
  9930.0       1.3689073E-9   
  9935.0       1.3670214E-9   
  9940.0       1.3661624E-9   
  9945.0       1.3654343E-9   
  9950.0       1.3650023E-9   
  9955.0       1.3654449E-9   
  9960.0       1.3673338E-9   
  9965.0       1.3708249E-9   
  9970.0       1.374977E-9    
  9975.0       1.3784397E-9   
  9980.0       1.3798679E-9   
  9985.0       1.3784649E-9   
  9990.0       1.3748624E-9   
  9995.0       1.3702227E-9   
  10000.0      1.3657264E-9   
  10005.0      1.3620457E-9   
  10010.0      1.3585572E-9   
  10015.0      1.354141E-9    
  10020.0      1.3477132E-9   
  10025.0      1.3391721E-9   
  10030.0      1.3309313E-9   
  10035.0      1.3263751E-9   
  10040.0      1.3287985E-9   
  10045.0      1.3396713E-9   
  10050.0      1.3557049E-9   
  10055.0      1.371788E-9    
  10060.0      1.3827927E-9   
  10065.0      1.385473E-9    
  10070.0      1.3814863E-9   
  10075.0      1.3743863E-9   
  10080.0      1.3678065E-9   
  10085.0      1.3643958E-9   
  10090.0      1.364253E-9    
  10095.0      1.366474E-9    
  10100.0      1.3700557E-9   
  10105.0      1.3738098E-9   
  10110.0      1.3761148E-9   
  10115.0      1.3751655E-9   
  10120.0      1.3692604E-9   
  10125.0      1.3578966E-9   
  10130.0      1.3436825E-9   
  10135.0      1.3304133E-9   
  10140.0      1.3218425E-9   
  10145.0      1.3201478E-9   
  10150.0      1.3233659E-9   
  10155.0      1.3279395E-9   
  10160.0      1.3302841E-9   
  10165.0      1.3282481E-9   
  10170.0      1.3234402E-9   
  10175.0      1.3189088E-9   
  10180.0      1.3177025E-9   
  10185.0      1.3214595E-9   
  10190.0      1.3281616E-9   
  10195.0      1.3343695E-9   
  10200.0      1.3366368E-9   
  10205.0      1.3327696E-9   
  10210.0      1.3238661E-9   
  10215.0      1.3122797E-9   
  10220.0      1.3004563E-9   
  10225.0      1.290413E-9    
  10230.0      1.283123E-9    
  10235.0      1.2791389E-9   
  10240.0      1.2789249E-9   
  10245.0      1.282495E-9    
  10250.0      1.288664E-9    
  10255.0      1.2958076E-9   
  10260.0      1.3022778E-9   
  10265.0      1.3067992E-9   
  10270.0      1.3089767E-9   
  10275.0      1.308781E-9    
  10280.0      1.3062217E-9   
  10285.0      1.3014557E-9   
  10290.0      1.2950222E-9   
  10295.0      1.2876018E-9   
  10300.0      1.2799005E-9   
  10305.0      1.2727114E-9   
  10310.0      1.2670431E-9   
  10315.0      1.2639835E-9   
  10320.0      1.2645611E-9   
  10325.0      1.2689381E-9   
  10330.0      1.275082E-9    
  10335.0      1.2801056E-9   
  10340.0      1.2811591E-9   
  10345.0      1.2765886E-9   
  10350.0      1.267856E-9    
  10355.0      1.2576112E-9   
  10360.0      1.2485704E-9   
  10365.0      1.2427812E-9   
  10370.0      1.2405377E-9   
  10375.0      1.2414557E-9   
  10380.0      1.2450673E-9   
  10385.0      1.2506659E-9   
  10390.0      1.2569457E-9   
  10395.0      1.2623714E-9   
  10400.0      1.2654664E-9   
  10405.0      1.265512E-9    
  10410.0      1.2637867E-9   
  10415.0      1.2623341E-9   
  10420.0      1.2631625E-9   
  10425.0      1.2671236E-9   
  10430.0      1.2720619E-9   
  10435.0      1.2746747E-9   
  10440.0      1.2717286E-9   
  10445.0      1.2618383E-9   
  10450.0      1.2484299E-9   
  10455.0      1.2367929E-9   
  10460.0      1.2321667E-9   
  10465.0      1.2373668E-9   
  10470.0      1.2488923E-9   
  10475.0      1.2608112E-9   
  10480.0      1.2672051E-9   
  10485.0      1.2646307E-9   
  10490.0      1.2560888E-9   
  10495.0      1.2470726E-9   
  10500.0      1.2430783E-9   
  10505.0      1.2471704E-9   
  10510.0      1.2560991E-9   
  10515.0      1.2641996E-9   
  10520.0      1.2658113E-9   
  10525.0      1.2578035E-9   
  10530.0      1.2436231E-9   
  10535.0      1.2292553E-9   
  10540.0      1.2206994E-9   
  10545.0      1.2216571E-9   
  10550.0      1.2298522E-9   
  10555.0      1.2406928E-9   
  10560.0      1.2494926E-9   
  10565.0      1.2528454E-9   
  10570.0      1.2506407E-9   
  10575.0      1.2440596E-9   
  10580.0      1.2343865E-9   
  10585.0      1.2228769E-9   
  10590.0      1.2107128E-9   
  10595.0      1.1990091E-9   
  10600.0      1.1888672E-9   
  10605.0      1.1809935E-9   
  10610.0      1.1751249E-9   
  10615.0      1.1706177E-9   
  10620.0      8.754947E-10   
