# WAVELENGTH   FLUX           
  1150.0       3.4312976E-11  
  1155.0       4.1623784E-11  
  1160.0       3.4455296E-11  
  1165.0       8.9991365E-12  
  1170.0       1.03274125E-11 
  1175.0       1.0504737E-11  
  1180.0       1.7748406E-12  
  1185.0       1.5592639E-12  
  1190.0       2.587855E-13   
  1195.0       2.671886E-13   
  1200.0       3.6116728E-12  
  1205.0       2.3336489E-11  
  1210.0       8.898046E-11   
  1215.0       1.5086604E-10  
  1220.0       1.07783484E-10 
  1225.0       3.3321654E-11  
  1230.0       6.5041935E-12  
  1235.0       6.1002674E-12  
  1240.0       9.922917E-12   
  1245.0       5.967516E-12   
  1250.0       5.63433E-12    
  1255.0       7.1276912E-12  
  1260.0       7.1222394E-12  
  1265.0       8.1202675E-12  
  1270.0       1.1104202E-11  
  1275.0       1.3399834E-11  
  1280.0       1.2871766E-11  
  1285.0       1.1507194E-11  
  1290.0       1.10733644E-11 
  1295.0       9.9760105E-12  
  1300.0       6.2537345E-12  
  1305.0       4.175351E-12   
  1310.0       5.2879714E-12  
  1315.0       7.651685E-12   
  1320.0       9.39464E-12    
  1325.0       7.803297E-12   
  1330.0       1.0645126E-11  
  1335.0       1.304132E-11   
  1340.0       1.4172403E-11  
  1345.0       1.6643608E-11  
  1350.0       1.6712303E-11  
  1355.0       1.7103919E-11  
  1360.0       1.6774618E-11  
  1365.0       1.425788E-11   
  1370.0       1.2886942E-11  
  1375.0       1.4210302E-11  
  1380.0       1.4627976E-11  
  1385.0       1.8575093E-11  
  1390.0       2.2612084E-11  
  1395.0       2.1205118E-11  
  1400.0       1.6713905E-11  
  1405.0       1.7077237E-11  
  1410.0       1.600677E-11   
  1415.0       1.4838266E-11  
  1420.0       1.9023812E-11  
  1425.0       2.2416818E-11  
  1430.0       2.094161E-11   
  1435.0       1.7488205E-11  
  1440.0       2.1910128E-11  
  1445.0       2.65235E-11    
  1450.0       2.8338836E-11  
  1455.0       2.9740398E-11  
  1460.0       3.1117532E-11  
  1465.0       2.8798923E-11  
  1470.0       2.7929836E-11  
  1475.0       3.0128584E-11  
  1480.0       3.1691774E-11  
  1485.0       3.273104E-11   
  1490.0       3.541288E-11   
  1495.0       3.8210043E-11  
  1500.0       4.2716167E-11  
  1505.0       4.361667E-11   
  1510.0       3.8378474E-11  
  1515.0       3.8810774E-11  
  1520.0       4.3759597E-11  
  1525.0       4.2057156E-11  
  1530.0       4.311986E-11   
  1535.0       5.3999E-11     
  1540.0       7.1747545E-11  
  1545.0       8.095386E-11   
  1550.0       7.355508E-11   
  1555.0       6.637028E-11   
  1560.0       6.166897E-11   
  1565.0       6.3694904E-11  
  1570.0       6.4223724E-11  
  1575.0       7.1913815E-11  
  1580.0       8.673373E-11   
  1585.0       9.832355E-11   
  1590.0       1.0969964E-10  
  1595.0       1.175697E-10   
  1600.0       1.127162E-10   
  1605.0       1.03355935E-10 
  1610.0       9.0954605E-11  
  1615.0       9.370033E-11   
  1620.0       9.4316145E-11  
  1625.0       9.4565196E-11  
  1630.0       9.166206E-11   
  1635.0       8.192965E-11   
  1640.0       8.1475056E-11  
  1645.0       8.934602E-11   
  1650.0       9.5606405E-11  
  1655.0       8.294541E-11   
  1660.0       7.850744E-11   
  1665.0       9.6631536E-11  
  1670.0       8.6699856E-11  
  1675.0       8.111208E-11   
  1680.0       1.0333762E-10  
  1685.0       1.1691387E-10  
  1690.0       1.1895022E-10  
  1695.0       1.2894964E-10  
  1700.0       1.4343572E-10  
  1705.0       1.4889887E-10  
  1710.0       1.577876E-10   
  1715.0       1.6325602E-10  
  1720.0       1.6080007E-10  
  1725.0       1.7032259E-10  
  1730.0       1.9358666E-10  
  1735.0       2.0220305E-10  
  1740.0       2.1369888E-10  
  1745.0       2.2308268E-10  
  1750.0       2.4094016E-10  
  1755.0       2.7203303E-10  
  1760.0       2.610828E-10   
  1765.0       2.422562E-10   
  1770.0       2.554807E-10   
  1775.0       2.7700006E-10  
  1780.0       2.9532574E-10  
  1785.0       2.889131E-10   
  1790.0       3.0210012E-10  
  1795.0       3.5594142E-10  
  1800.0       3.830901E-10   
  1805.0       3.552447E-10   
  1810.0       3.3497657E-10  
  1815.0       3.4703498E-10  
  1820.0       3.396374E-10   
  1825.0       3.2397127E-10  
  1830.0       2.930408E-10   
  1835.0       2.8071992E-10  
  1840.0       2.7747019E-10  
  1845.0       2.6240826E-10  
  1850.0       2.6923158E-10  
  1855.0       2.7342573E-10  
  1860.0       2.7274186E-10  
  1865.0       2.7516697E-10  
  1870.0       2.9831773E-10  
  1875.0       3.226307E-10   
  1880.0       3.3343586E-10  
  1885.0       3.4980846E-10  
  1890.0       3.4961786E-10  
  1895.0       3.389604E-10   
  1900.0       3.1182945E-10  
  1905.0       2.9523475E-10  
  1910.0       2.877021E-10   
  1915.0       2.9636155E-10  
  1920.0       3.186855E-10   
  1925.0       3.271245E-10   
  1930.0       3.2479133E-10  
  1935.0       3.341944E-10   
  1940.0       3.6486839E-10  
  1945.0       3.9738968E-10  
  1950.0       4.1124973E-10  
  1955.0       4.058783E-10   
  1960.0       3.8657236E-10  
  1965.0       3.9505427E-10  
  1970.0       3.9257103E-10  
  1975.0       4.2116768E-10  
  1980.0       4.1832168E-10  
  1985.0       4.3401463E-10  
  1990.0       4.0240766E-10  
  1995.0       3.5353734E-10  
  2000.0       3.527066E-10   
  2005.0       3.4556819E-10  
  2010.0       3.0698902E-10  
  2015.0       3.1970027E-10  
  2020.0       3.1712413E-10  
  2025.0       3.1753208E-10  
  2030.0       3.2321695E-10  
  2035.0       3.4423778E-10  
  2040.0       3.425289E-10   
  2045.0       3.26875E-10    
  2050.0       3.6272715E-10  
  2055.0       3.779121E-10   
  2060.0       3.3047218E-10  
  2065.0       3.1361846E-10  
  2070.0       3.3243278E-10  
  2075.0       3.5011954E-10  
  2080.0       3.9245932E-10  
  2085.0       4.2828835E-10  
  2090.0       4.1750098E-10  
  2095.0       3.7951547E-10  
  2100.0       3.4997139E-10  
  2105.0       3.4237743E-10  
  2110.0       3.4698394E-10  
  2115.0       3.3914543E-10  
  2120.0       3.2543773E-10  
  2125.0       3.483628E-10   
  2130.0       3.692866E-10   
  2135.0       2.8382374E-10  
  2140.0       2.2156652E-10  
  2145.0       2.30091E-10    
  2150.0       2.677656E-10   
  2155.0       3.089073E-10   
  2160.0       3.2504377E-10  
  2165.0       2.9655484E-10  
  2170.0       2.752623E-10   
  2175.0       2.5814004E-10  
  2180.0       2.5482497E-10  
  2185.0       2.7700414E-10  
  2190.0       3.1038738E-10  
  2195.0       3.4001815E-10  
  2200.0       3.546873E-10   
  2205.0       3.365961E-10   
  2210.0       3.0303923E-10  
  2215.0       2.7081198E-10  
  2220.0       2.5586017E-10  
  2225.0       2.5635744E-10  
  2230.0       2.5943753E-10  
  2235.0       2.691327E-10   
  2240.0       2.9041936E-10  
  2245.0       2.6800528E-10  
  2250.0       2.4490282E-10  
  2255.0       2.349929E-10   
  2260.0       2.3882168E-10  
  2265.0       2.4425129E-10  
  2270.0       2.563309E-10   
  2275.0       2.7239272E-10  
  2280.0       2.8675318E-10  
  2285.0       3.0582983E-10  
  2290.0       3.4863412E-10  
  2295.0       3.5416903E-10  
  2300.0       3.202997E-10   
  2305.0       2.8580927E-10  
  2310.0       3.1256922E-10  
  2315.0       3.371382E-10   
  2320.0       3.129716E-10   
  2325.0       3.0342953E-10  
  2330.0       2.9395064E-10  
  2335.0       2.7506258E-10  
  2340.0       2.5571267E-10  
  2345.0       2.4225716E-10  
  2350.0       2.368335E-10   
  2355.0       2.567748E-10   
  2360.0       2.6865613E-10  
  2365.0       2.5266E-10     
  2370.0       2.466556E-10   
  2375.0       2.6818578E-10  
  2380.0       2.7726443E-10  
  2385.0       2.4915636E-10  
  2390.0       2.1856704E-10  
  2395.0       2.2871019E-10  
  2400.0       2.411968E-10   
  2405.0       2.2696447E-10  
  2410.0       2.1868389E-10  
  2415.0       2.3277512E-10  
  2420.0       2.842902E-10   
  2425.0       3.5922576E-10  
  2430.0       3.859067E-10   
  2435.0       3.6239287E-10  
  2440.0       3.59527E-10    
  2445.0       3.8929987E-10  
  2450.0       4.0398845E-10  
  2455.0       4.1185957E-10  
  2460.0       4.276933E-10   
  2465.0       4.1183185E-10  
  2470.0       3.7430778E-10  
  2475.0       3.632311E-10   
  2480.0       3.5792083E-10  
  2485.0       3.559448E-10   
  2490.0       3.8102896E-10  
  2495.0       3.9995685E-10  
  2500.0       4.5730558E-10  
  2505.0       4.8898896E-10  
  2510.0       4.7052756E-10  
  2515.0       4.3773216E-10  
  2520.0       4.0817386E-10  
  2525.0       3.6030498E-10  
  2530.0       3.393863E-10   
  2535.0       3.4852382E-10  
  2540.0       3.4509243E-10  
  2545.0       3.337034E-10   
  2550.0       3.5002928E-10  
  2555.0       3.9464274E-10  
  2560.0       4.327803E-10   
  2565.0       4.41154E-10    
  2570.0       4.8147014E-10  
  2575.0       4.8701315E-10  
  2580.0       4.0151804E-10  
  2585.0       3.6721323E-10  
  2590.0       3.9984183E-10  
  2595.0       4.2666481E-10  
  2600.0       4.23986E-10    
  2605.0       4.1845874E-10  
  2610.0       4.0601944E-10  
  2615.0       3.8826425E-10  
  2620.0       4.142213E-10   
  2625.0       4.3879006E-10  
  2630.0       4.3330123E-10  
  2635.0       4.932343E-10   
  2640.0       6.25675E-10    
  2645.0       7.4354156E-10  
  2650.0       8.1843643E-10  
  2655.0       8.273251E-10   
  2660.0       7.783229E-10   
  2665.0       6.726755E-10   
  2670.0       6.075447E-10   
  2675.0       6.2222283E-10  
  2680.0       6.4999855E-10  
  2685.0       6.5546807E-10  
  2690.0       6.1441036E-10  
  2695.0       5.7277205E-10  
  2700.0       5.922859E-10   
  2705.0       6.245347E-10   
  2710.0       6.007924E-10   
  2715.0       5.574592E-10   
  2720.0       5.581996E-10   
  2725.0       5.668635E-10   
  2730.0       5.9968946E-10  
  2735.0       6.5448347E-10  
  2740.0       6.4567973E-10  
  2745.0       5.378691E-10   
  2750.0       4.7100873E-10  
  2755.0       4.6253784E-10  
  2760.0       4.927484E-10   
  2765.0       5.3519444E-10  
  2770.0       5.7049304E-10  
  2775.0       6.1425637E-10  
  2780.0       6.411012E-10   
  2785.0       5.995326E-10   
  2790.0       5.3930077E-10  
  2795.0       4.2727577E-10  
  2800.0       3.1279535E-10  
  2805.0       3.2746003E-10  
  2810.0       4.733488E-10   
  2815.0       6.414338E-10   
  2820.0       7.740028E-10   
  2825.0       8.2289364E-10  
  2830.0       8.038112E-10   
  2835.0       7.4909895E-10  
  2840.0       7.250945E-10   
  2845.0       6.982391E-10   
  2850.0       6.8871847E-10  
  2855.0       6.598445E-10   
  2860.0       6.69995E-10    
  2865.0       7.1416706E-10  
  2870.0       6.98165E-10    
  2875.0       6.8492617E-10  
  2880.0       6.9932155E-10  
  2885.0       7.603322E-10   
  2890.0       7.8497814E-10  
  2895.0       7.831418E-10   
  2900.0       8.2576684E-10  
  2905.0       9.17985E-10    
  2910.0       9.790682E-10   
  2915.0       9.989385E-10   
  2920.0       1.0145236E-9   
  2925.0       9.47408E-10    
  2930.0       8.771267E-10   
  2935.0       8.7526697E-10  
  2940.0       9.04829E-10    
  2945.0       9.383826E-10   
  2950.0       9.227482E-10   
  2955.0       9.54984E-10    
  2960.0       1.043981E-9    
  2965.0       1.0589948E-9   
  2970.0       1.0220306E-9   
  2975.0       1.0302066E-9   
  2980.0       1.0587886E-9   
  2985.0       1.0384108E-9   
  2990.0       1.0823156E-9   
  2995.0       1.1778846E-9   
  3000.0       1.2030104E-9   
  3005.0       1.1627534E-9   
  3010.0       1.2177188E-9   
  3015.0       1.2401403E-9   
  3020.0       1.2148633E-9   
  3025.0       1.1999048E-9   
  3030.0       1.1697383E-9   
  3035.0       1.15374E-9     
  3040.0       1.1501367E-9   
  3045.0       1.1574136E-9   
  3050.0       1.1421428E-9   
  3055.0       1.1424766E-9   
  3060.0       1.1266016E-9   
  3065.0       1.1185143E-9   
  3070.0       1.1423386E-9   
  3075.0       1.1559204E-9   
  3080.0       1.1774488E-9   
  3085.0       1.2542517E-9   
  3090.0       1.2967117E-9   
  3095.0       1.2675319E-9   
  3100.0       1.2029355E-9   
  3105.0       1.1783322E-9   
  3110.0       1.1955459E-9   
  3115.0       1.1896394E-9   
  3120.0       1.1253224E-9   
  3125.0       1.1180521E-9   
  3130.0       1.1525547E-9   
  3135.0       1.1865396E-9   
  3140.0       1.2467514E-9   
  3145.0       1.2916712E-9   
  3150.0       1.3134676E-9   
  3155.0       1.328083E-9    
  3160.0       1.255024E-9    
  3165.0       1.1880095E-9   
  3170.0       1.237581E-9    
  3175.0       1.3431549E-9   
  3180.0       1.2999707E-9   
  3185.0       1.2108269E-9   
  3190.0       1.2178936E-9   
  3195.0       1.2864887E-9   
  3200.0       1.4514759E-9   
  3205.0       1.4717094E-9   
  3210.0       1.4698979E-9   
  3215.0       1.465771E-9    
  3220.0       1.4206916E-9   
  3225.0       1.3208509E-9   
  3230.0       1.2454231E-9   
  3235.0       1.26354E-9     
  3240.0       1.326481E-9    
  3245.0       1.37177E-9     
  3250.0       1.4186643E-9   
  3255.0       1.4938587E-9   
  3260.0       1.5591819E-9   
  3265.0       1.5648015E-9   
  3270.0       1.5004057E-9   
  3275.0       1.3983631E-9   
  3280.0       1.3576077E-9   
  3285.0       1.439882E-9    
  3290.0       1.5471963E-9   
  3295.0       1.5726564E-9   
  3300.0       1.5452122E-9   
  3305.0       1.5258614E-9   
  3310.0       1.5204823E-9   
  3315.0       1.5178339E-9   
  3320.0       1.5200196E-9   
  3325.0       1.526019E-9    
  3330.0       1.5126278E-9   
  3335.0       1.4669805E-9   
  3340.0       1.4249545E-9   
  3345.0       1.4231647E-9   
  3350.0       1.4505144E-9   
  3355.0       1.4759823E-9   
  3360.0       1.4671219E-9   
  3365.0       1.417307E-9    
  3370.0       1.3853754E-9   
  3375.0       1.4198026E-9   
  3380.0       1.4782463E-9   
  3385.0       1.508299E-9    
  3390.0       1.5222293E-9   
  3395.0       1.5443038E-9   
  3400.0       1.5636793E-9   
  3405.0       1.5627192E-9   
  3410.0       1.5439554E-9   
  3415.0       1.5259032E-9   
  3420.0       1.544811E-9    
  3425.0       1.6079894E-9   
  3430.0       1.6339088E-9   
  3435.0       1.5655286E-9   
  3440.0       1.4949614E-9   
  3445.0       1.5105868E-9   
  3450.0       1.5438226E-9   
  3455.0       1.5186248E-9   
  3460.0       1.4960488E-9   
  3465.0       1.5383844E-9   
  3470.0       1.5735957E-9   
  3475.0       1.5316621E-9   
  3480.0       1.4825672E-9   
  3485.0       1.5008396E-9   
  3490.0       1.5322165E-9   
  3495.0       1.5120466E-9   
  3500.0       1.4793863E-9   
  3505.0       1.4891751E-9   
  3510.0       1.5306476E-9   
  3515.0       1.570729E-9    
  3520.0       1.5874063E-9   
  3525.0       1.5781597E-9   
  3530.0       1.5769915E-9   
  3535.0       1.610453E-9    
  3540.0       1.6508206E-9   
  3545.0       1.6674846E-9   
  3550.0       1.6753762E-9   
  3555.0       1.6860037E-9   
  3560.0       1.658077E-9    
  3565.0       1.5699745E-9   
  3570.0       1.5020876E-9   
  3575.0       1.5208506E-9   
  3580.0       1.5562308E-9   
  3585.0       1.5364916E-9   
  3590.0       1.5206292E-9   
  3595.0       1.5700872E-9   
  3600.0       1.6214731E-9   
  3605.0       1.6066746E-9   
  3610.0       1.5717468E-9   
  3615.0       1.577449E-9    
  3620.0       1.6066508E-9   
  3625.0       1.6270261E-9   
  3630.0       1.6462014E-9   
  3635.0       1.6743613E-9   
  3640.0       1.6878812E-9   
  3645.0       1.6733935E-9   
  3650.0       1.677186E-9    
  3655.0       1.735811E-9    
  3660.0       1.8014139E-9   
  3665.0       1.8219468E-9   
  3670.0       1.8198757E-9   
  3675.0       1.8390015E-9   
  3680.0       1.9019624E-9   
  3685.0       2.0147064E-9   
  3690.0       2.161202E-9    
  3695.0       2.3072393E-9   
  3700.0       2.4146813E-9   
  3705.0       2.5520641E-9   
  3710.0       2.6897107E-9   
  3715.0       2.9336367E-9   
  3720.0       3.0396548E-9   
  3725.0       3.1859282E-9   
  3730.0       3.2684608E-9   
  3735.0       3.371719E-9    
  3740.0       3.66671E-9     
  3745.0       3.3060679E-9   
  3750.0       3.1079064E-9   
  3755.0       3.757442E-9    
  3760.0       4.0637564E-9   
  3765.0       3.7110315E-9   
  3770.0       3.4416066E-9   
  3775.0       4.255067E-9    
  3780.0       5.2532427E-9   
  3785.0       5.366597E-9    
  3790.0       4.7066875E-9   
  3795.0       3.8407584E-9   
  3800.0       3.8881742E-9   
  3805.0       4.8601607E-9   
  3810.0       5.699512E-9    
  3815.0       5.864345E-9    
  3820.0       5.607786E-9    
  3825.0       4.8534194E-9   
  3830.0       3.9040087E-9   
  3835.0       3.4834824E-9   
  3840.0       4.1504706E-9   
  3845.0       5.21438E-9     
  3850.0       5.9666863E-9   
  3855.0       6.217313E-9    
  3860.0       6.277725E-9    
  3865.0       6.3994245E-9   
  3870.0       6.3224754E-9   
  3875.0       5.908791E-9    
  3880.0       5.0750844E-9   
  3885.0       3.922821E-9    
  3890.0       3.5806416E-9   
  3895.0       4.388188E-9    
  3900.0       5.3446394E-9   
  3905.0       5.902339E-9    
  3910.0       6.131019E-9    
  3915.0       6.131397E-9    
  3920.0       5.8921237E-9   
  3925.0       4.8751065E-9   
  3930.0       3.515055E-9    
  3935.0       3.5947187E-9   
  3940.0       4.7597184E-9   
  3945.0       5.5291576E-9   
  3950.0       5.850198E-9    
  3955.0       5.717988E-9    
  3960.0       4.7789075E-9   
  3965.0       3.1897027E-9   
  3970.0       2.6445532E-9   
  3975.0       3.8645545E-9   
  3980.0       5.2970512E-9   
  3985.0       6.0653043E-9   
  3990.0       6.3252235E-9   
  3995.0       6.341909E-9    
  4000.0       6.3102217E-9   
  4005.0       6.348854E-9    
  4010.0       6.4845804E-9   
  4015.0       6.622391E-9    
  4020.0       6.619728E-9    
  4025.0       6.419884E-9    
  4030.0       6.2755694E-9   
  4035.0       6.4281513E-9   
  4040.0       6.571071E-9    
  4045.0       6.4723586E-9   
  4050.0       6.3392225E-9   
  4055.0       6.312384E-9    
  4060.0       6.3547705E-9   
  4065.0       6.340856E-9    
  4070.0       6.210421E-9    
  4075.0       6.0005187E-9   
  4080.0       5.9551213E-9   
  4085.0       5.980068E-9    
  4090.0       5.6282894E-9   
  4095.0       4.5761896E-9   
  4100.0       3.694727E-9    
  4105.0       4.1293235E-9   
  4110.0       5.1044253E-9   
  4115.0       5.740234E-9    
  4120.0       5.9351892E-9   
  4125.0       5.8792975E-9   
  4130.0       5.8879963E-9   
  4135.0       6.143334E-9    
  4140.0       6.295667E-9    
  4145.0       6.257423E-9    
  4150.0       6.164597E-9    
  4155.0       6.0706227E-9   
  4160.0       6.066658E-9    
  4165.0       6.053323E-9    
  4170.0       5.8328107E-9   
  4175.0       5.63165E-9     
  4180.0       5.664502E-9    
  4185.0       5.8285443E-9   
  4190.0       5.9767005E-9   
  4195.0       5.898474E-9    
  4200.0       5.7907426E-9   
  4205.0       5.8381464E-9   
  4210.0       5.948169E-9    
  4215.0       5.970644E-9    
  4220.0       5.8898966E-9   
  4225.0       5.726752E-9    
  4230.0       5.7218097E-9   
  4235.0       5.7580545E-9   
  4240.0       5.8169767E-9   
  4245.0       5.753941E-9    
  4250.0       5.7134915E-9   
  4255.0       5.7817964E-9   
  4260.0       5.8281007E-9   
  4265.0       5.841921E-9    
  4270.0       5.7446847E-9   
  4275.0       5.7844924E-9   
  4280.0       5.816903E-9    
  4285.0       5.6701928E-9   
  4290.0       5.5032348E-9   
  4295.0       5.3766076E-9   
  4300.0       5.2597793E-9   
  4305.0       5.320522E-9    
  4310.0       5.391168E-9    
  4315.0       5.3650595E-9   
  4320.0       5.3571845E-9   
  4325.0       5.2365485E-9   
  4330.0       4.772082E-9    
  4335.0       3.8077137E-9   
  4340.0       3.1887364E-9   
  4345.0       3.7609857E-9   
  4350.0       4.6454556E-9   
  4355.0       5.273717E-9    
  4360.0       5.580622E-9    
  4365.0       5.644665E-9    
  4370.0       5.5749987E-9   
  4375.0       5.5853437E-9   
  4380.0       5.5265765E-9   
  4385.0       5.395342E-9    
  4390.0       5.363568E-9    
  4395.0       5.269528E-9    
  4400.0       5.30081E-9     
  4405.0       5.4022617E-9   
  4410.0       5.3763576E-9   
  4415.0       5.224146E-9    
  4420.0       5.2220104E-9   
  4425.0       5.3290004E-9   
  4430.0       5.39634E-9     
  4435.0       5.410908E-9    
  4440.0       5.3613642E-9   
  4445.0       5.3593943E-9   
  4450.0       5.407845E-9    
  4455.0       5.3540647E-9   
  4460.0       5.2625566E-9   
  4465.0       5.1928812E-9   
  4470.0       5.2279487E-9   
  4475.0       5.329916E-9    
  4480.0       5.310637E-9    
  4485.0       5.293008E-9    
  4490.0       5.278384E-9    
  4495.0       5.375705E-9    
  4500.0       5.494687E-9    
  4505.0       5.543962E-9    
  4510.0       5.5114406E-9   
  4515.0       5.373889E-9    
  4520.0       5.230442E-9    
  4525.0       5.134476E-9    
  4530.0       5.113775E-9    
  4535.0       5.248274E-9    
  4540.0       5.2893196E-9   
  4545.0       5.14779E-9     
  4550.0       4.9875224E-9   
  4555.0       5.007072E-9    
  4560.0       5.1394022E-9   
  4565.0       5.2610716E-9   
  4570.0       5.276812E-9    
  4575.0       5.174171E-9    
  4580.0       5.0244204E-9   
  4585.0       4.9842255E-9   
  4590.0       5.0700564E-9   
  4595.0       5.189768E-9    
  4600.0       5.2864615E-9   
  4605.0       5.3667137E-9   
  4610.0       5.3653006E-9   
  4615.0       5.2471942E-9   
  4620.0       5.1869335E-9   
  4625.0       5.182905E-9    
  4630.0       5.168601E-9    
  4635.0       5.2260267E-9   
  4640.0       5.3007456E-9   
  4645.0       5.2988103E-9   
  4650.0       5.2596345E-9   
  4655.0       5.210014E-9    
  4660.0       5.167039E-9    
  4665.0       5.0514153E-9   
  4670.0       5.0578968E-9   
  4675.0       5.1859517E-9   
  4680.0       5.282647E-9    
  4685.0       5.3034337E-9   
  4690.0       5.2467146E-9   
  4695.0       5.1740887E-9   
  4700.0       5.1025215E-9   
  4705.0       5.077448E-9    
  4710.0       5.1040234E-9   
  4715.0       5.159152E-9    
  4720.0       5.1801217E-9   
  4725.0       5.105474E-9    
  4730.0       5.0191926E-9   
  4735.0       5.0351745E-9   
  4740.0       5.082471E-9    
  4745.0       5.106377E-9    
  4750.0       5.0759037E-9   
  4755.0       4.988219E-9    
  4760.0       4.881449E-9    
  4765.0       4.842154E-9    
  4770.0       4.8894977E-9   
  4775.0       4.918444E-9    
  4780.0       4.917033E-9    
  4785.0       4.9182503E-9   
  4790.0       4.9455964E-9   
  4795.0       4.933474E-9    
  4800.0       4.8833444E-9   
  4805.0       4.8363593E-9   
  4810.0       4.8295377E-9   
  4815.0       4.850387E-9    
  4820.0       4.8282476E-9   
  4825.0       4.778826E-9    
  4830.0       4.7437103E-9   
  4835.0       4.704904E-9    
  4840.0       4.6516804E-9   
  4845.0       4.5014157E-9   
  4850.0       4.0989803E-9   
  4855.0       3.376528E-9    
  4860.0       2.8312048E-9   
  4865.0       3.0627845E-9   
  4870.0       3.6645944E-9   
  4875.0       4.072425E-9    
  4880.0       4.2492876E-9   
  4885.0       4.331484E-9    
  4890.0       4.4084336E-9   
  4895.0       4.5199062E-9   
  4900.0       4.5997592E-9   
  4905.0       4.6444377E-9   
  4910.0       4.6207815E-9   
  4915.0       4.541492E-9    
  4920.0       4.4417874E-9   
  4925.0       4.4963913E-9   
  4930.0       4.610717E-9    
  4935.0       4.6427653E-9   
  4940.0       4.6646744E-9   
  4945.0       4.7117905E-9   
  4950.0       4.709946E-9    
  4955.0       4.6563837E-9   
  4960.0       4.6327577E-9   
  4965.0       4.6241384E-9   
  4970.0       4.618486E-9    
  4975.0       4.562432E-9    
  4980.0       4.46705E-9     
  4985.0       4.4555613E-9   
  4990.0       4.4883333E-9   
  4995.0       4.4876844E-9   
  5000.0       4.399204E-9    
  5005.0       4.335225E-9    
  5010.0       4.3006794E-9   
  5015.0       4.2354875E-9   
  5020.0       4.232625E-9    
  5025.0       4.335953E-9    
  5030.0       4.409539E-9    
  5035.0       4.385203E-9    
  5040.0       4.3319837E-9   
  5045.0       4.343073E-9    
  5050.0       4.3787107E-9   
  5055.0       4.422426E-9    
  5060.0       4.442262E-9    
  5065.0       4.396528E-9    
  5070.0       4.3263104E-9   
  5075.0       4.285199E-9    
  5080.0       4.2832817E-9   
  5085.0       4.3270174E-9   
  5090.0       4.350661E-9    
  5095.0       4.3027644E-9   
  5100.0       4.2637542E-9   
  5105.0       4.273935E-9    
  5110.0       4.2903547E-9   
  5115.0       4.3161106E-9   
  5120.0       4.265533E-9    
  5125.0       4.180579E-9    
  5130.0       4.1352304E-9   
  5135.0       4.1296073E-9   
  5140.0       4.1311154E-9   
  5145.0       4.1238284E-9   
  5150.0       4.117965E-9    
  5155.0       4.140196E-9    
  5160.0       4.1041566E-9   
  5165.0       3.918366E-9    
  5170.0       3.816636E-9    
  5175.0       3.9554413E-9   
  5180.0       4.065814E-9    
  5185.0       3.9955537E-9   
  5190.0       3.9195256E-9   
  5195.0       3.91508E-9     
  5200.0       3.9489274E-9   
  5205.0       3.958269E-9    
  5210.0       3.9894332E-9   
  5215.0       4.0515964E-9   
  5220.0       4.062147E-9    
  5225.0       3.9233092E-9   
  5230.0       3.82864E-9     
  5235.0       3.8430126E-9   
  5240.0       3.94928E-9     
  5245.0       4.010366E-9    
  5250.0       4.006082E-9    
  5255.0       3.9774415E-9   
  5260.0       3.8711536E-9   
  5265.0       3.725334E-9    
  5270.0       3.6559502E-9   
  5275.0       3.6810441E-9   
  5280.0       3.7786534E-9   
  5285.0       3.910806E-9    
  5290.0       4.012451E-9    
  5295.0       4.0015324E-9   
  5300.0       3.9424917E-9   
  5305.0       3.8950683E-9   
  5310.0       3.8641264E-9   
  5315.0       3.823941E-9    
  5320.0       3.7974646E-9   
  5325.0       3.7556034E-9   
  5330.0       3.7265684E-9   
  5335.0       3.7208678E-9   
  5340.0       3.747875E-9    
  5345.0       3.8140993E-9   
  5350.0       3.8705723E-9   
  5355.0       3.886476E-9    
  5360.0       3.8407757E-9   
  5365.0       3.7691086E-9   
  5370.0       3.7405354E-9   
  5375.0       3.7539434E-9   
  5380.0       3.7608308E-9   
  5385.0       3.7960763E-9   
  5390.0       3.807897E-9    
  5395.0       3.746231E-9    
  5400.0       3.6651784E-9   
  5405.0       3.6268417E-9   
  5410.0       3.6390047E-9   
  5415.0       3.6463481E-9   
  5420.0       3.640461E-9    
  5425.0       3.6327235E-9   
  5430.0       3.6474013E-9   
  5435.0       3.7022305E-9   
  5440.0       3.7365004E-9   
  5445.0       3.702395E-9    
  5450.0       3.6699686E-9   
  5455.0       3.6696823E-9   
  5460.0       3.6966354E-9   
  5465.0       3.7087646E-9   
  5470.0       3.6858538E-9   
  5475.0       3.625154E-9    
  5480.0       3.608449E-9    
  5485.0       3.6430898E-9   
  5490.0       3.6508374E-9   
  5495.0       3.6354335E-9   
  5500.0       3.5935068E-9   
  5505.0       3.5690793E-9   
  5510.0       3.593824E-9    
  5515.0       3.6462895E-9   
  5520.0       3.6293983E-9   
  5525.0       3.5346315E-9   
  5530.0       3.474813E-9    
  5535.0       3.504339E-9    
  5540.0       3.5663372E-9   
  5545.0       3.5914849E-9   
  5550.0       3.6028647E-9   
  5555.0       3.6079808E-9   
  5560.0       3.5920484E-9   
  5565.0       3.5438905E-9   
  5570.0       3.5077241E-9   
  5575.0       3.525027E-9    
  5580.0       3.5353043E-9   
  5585.0       3.4898948E-9   
  5590.0       3.44936E-9     
  5595.0       3.447271E-9    
  5600.0       3.4727419E-9   
  5605.0       3.5101244E-9   
  5610.0       3.5173786E-9   
  5615.0       3.4716956E-9   
  5620.0       3.4541003E-9   
  5625.0       3.466176E-9    
  5630.0       3.4802323E-9   
  5635.0       3.4600969E-9   
  5640.0       3.4386018E-9   
  5645.0       3.4481766E-9   
  5650.0       3.4372476E-9   
  5655.0       3.3588066E-9   
  5660.0       3.2943142E-9   
  5665.0       3.31007E-9     
  5670.0       3.3514966E-9   
  5675.0       3.3651053E-9   
  5680.0       3.344798E-9    
  5685.0       3.3199474E-9   
  5690.0       3.322496E-9    
  5695.0       3.339486E-9    
  5700.0       3.3427692E-9   
  5705.0       3.3120717E-9   
  5710.0       3.2952296E-9   
  5715.0       3.3269278E-9   
  5720.0       3.355469E-9    
  5725.0       3.349185E-9    
  5730.0       3.3364271E-9   
  5735.0       3.3198195E-9   
  5740.0       3.3056455E-9   
  5745.0       3.2902798E-9   
  5750.0       3.2754035E-9   
  5755.0       3.2795855E-9   
  5760.0       3.294184E-9    
  5765.0       3.295434E-9    
  5770.0       3.2703358E-9   
  5775.0       3.229519E-9    
  5780.0       3.1816962E-9   
  5785.0       3.1764016E-9   
  5790.0       3.1885885E-9   
  5795.0       3.1949383E-9   
  5800.0       3.2081853E-9   
  5805.0       3.2141296E-9   
  5810.0       3.2172156E-9   
  5815.0       3.2216818E-9   
  5820.0       3.2271203E-9   
  5825.0       3.2309602E-9   
  5830.0       3.2341718E-9   
  5835.0       3.235695E-9    
  5840.0       3.2296608E-9   
  5845.0       3.1983995E-9   
  5850.0       3.1645686E-9   
  5855.0       3.1413114E-9   
  5860.0       3.1538536E-9   
  5865.0       3.1782765E-9   
  5870.0       3.1931733E-9   
  5875.0       3.1888217E-9   
  5880.0       3.1371075E-9   
  5885.0       2.9938458E-9   
  5890.0       2.8242204E-9   
  5895.0       2.8347735E-9   
  5900.0       2.970352E-9    
  5905.0       3.0696554E-9   
  5910.0       3.100056E-9    
  5915.0       3.1050016E-9   
  5920.0       3.1033114E-9   
  5925.0       3.0759744E-9   
  5930.0       3.0630039E-9   
  5935.0       3.0689904E-9   
  5940.0       3.0716745E-9   
  5945.0       3.0480833E-9   
  5950.0       3.0227492E-9   
  5955.0       3.009055E-9    
  5960.0       3.0160718E-9   
  5965.0       3.0167002E-9   
  5970.0       3.0007947E-9   
  5975.0       2.9818041E-9   
  5980.0       2.9610385E-9   
  5985.0       2.9490659E-9   
  5990.0       2.9449234E-9   
  5995.0       2.9461615E-9   
  6000.0       2.9395903E-9   
  6005.0       2.928044E-9    
  6010.0       2.9170697E-9   
  6015.0       2.9080303E-9   
  6020.0       2.9075873E-9   
  6025.0       2.918156E-9    
  6030.0       2.9184892E-9   
  6035.0       2.916587E-9    
  6040.0       2.8982818E-9   
  6045.0       2.890807E-9    
  6050.0       2.8955172E-9   
  6055.0       2.9026908E-9   
  6060.0       2.9035796E-9   
  6065.0       2.8983196E-9   
  6070.0       2.8948848E-9   
  6075.0       2.8816678E-9   
  6080.0       2.8698612E-9   
  6085.0       2.8659746E-9   
  6090.0       2.8713145E-9   
  6095.0       2.8641387E-9   
  6100.0       2.84819E-9     
  6105.0       2.8425564E-9   
  6110.0       2.8441987E-9   
  6115.0       2.8357188E-9   
  6120.0       2.8285414E-9   
  6125.0       2.8279483E-9   
  6130.0       2.8136549E-9   
  6135.0       2.7729072E-9   
  6140.0       2.7329128E-9   
  6145.0       2.720178E-9    
  6150.0       2.7178222E-9   
  6155.0       2.7178855E-9   
  6160.0       2.712673E-9    
  6165.0       2.7255294E-9   
  6170.0       2.7300504E-9   
  6175.0       2.7315854E-9   
  6180.0       2.74186E-9     
  6185.0       2.7515366E-9   
  6190.0       2.7594402E-9   
  6195.0       2.765834E-9    
  6200.0       2.762682E-9    
  6205.0       2.7547462E-9   
  6210.0       2.7486524E-9   
  6215.0       2.7430194E-9   
  6220.0       2.748322E-9    
  6225.0       2.7400517E-9   
  6230.0       2.709696E-9    
  6235.0       2.668135E-9    
  6240.0       2.6282774E-9   
  6245.0       2.6135465E-9   
  6250.0       2.631861E-9    
  6255.0       2.6896283E-9   
  6260.0       2.7076748E-9   
  6265.0       2.7000728E-9   
  6270.0       2.6731042E-9   
  6275.0       2.6142641E-9   
  6280.0       2.5374092E-9   
  6285.0       2.5562505E-9   
  6290.0       2.6181461E-9   
  6295.0       2.6367841E-9   
  6300.0       2.623076E-9    
  6305.0       2.6172917E-9   
  6310.0       2.6170905E-9   
  6315.0       2.6010702E-9   
  6320.0       2.6062075E-9   
  6325.0       2.6328155E-9   
  6330.0       2.6377902E-9   
  6335.0       2.630195E-9    
  6340.0       2.611006E-9    
  6345.0       2.560024E-9    
  6350.0       2.5528837E-9   
  6355.0       2.5930988E-9   
  6360.0       2.5954534E-9   
  6365.0       2.560499E-9    
  6370.0       2.5187685E-9   
  6375.0       2.533801E-9    
  6380.0       2.5673814E-9   
  6385.0       2.58128E-9     
  6390.0       2.586938E-9    
  6395.0       2.5821827E-9   
  6400.0       2.5773772E-9   
  6405.0       2.5678584E-9   
  6410.0       2.5465654E-9   
  6415.0       2.5216322E-9   
  6420.0       2.5222795E-9   
  6425.0       2.5344054E-9   
  6430.0       2.517156E-9    
  6435.0       2.509326E-9    
  6440.0       2.511599E-9    
  6445.0       2.513805E-9    
  6450.0       2.4945788E-9   
  6455.0       2.4395337E-9   
  6460.0       2.4377873E-9   
  6465.0       2.4771782E-9   
  6470.0       2.5031122E-9   
  6475.0       2.5035138E-9   
  6480.0       2.4812983E-9   
  6485.0       2.4552917E-9   
  6490.0       2.4257152E-9   
  6495.0       2.4103357E-9   
  6500.0       2.4524902E-9   
  6505.0       2.491133E-9    
  6510.0       2.4893994E-9   
  6515.0       2.4563451E-9   
  6520.0       2.4552134E-9   
  6525.0       2.4696674E-9   
  6530.0       2.461522E-9    
  6535.0       2.4444284E-9   
  6540.0       2.4253735E-9   
  6545.0       2.3833113E-9   
  6550.0       2.2629703E-9   
  6555.0       2.0188875E-9   
  6560.0       1.7727734E-9   
  6565.0       1.837298E-9    
  6570.0       2.108902E-9    
  6575.0       2.2941429E-9   
  6580.0       2.3697946E-9   
  6585.0       2.3775837E-9   
  6590.0       2.379754E-9    
  6595.0       2.3948108E-9   
  6600.0       2.4043278E-9   
  6605.0       2.4011737E-9   
  6610.0       2.3949156E-9   
  6615.0       2.3995985E-9   
  6620.0       2.4105913E-9   
  6625.0       2.406133E-9    
  6630.0       2.393372E-9    
  6635.0       2.3837627E-9   
  6640.0       2.3806848E-9   
  6645.0       2.3712845E-9   
  6650.0       2.369136E-9    
  6655.0       2.3692521E-9   
  6660.0       2.3605031E-9   
  6665.0       2.355155E-9    
  6670.0       2.3491862E-9   
  6675.0       2.334226E-9    
  6680.0       2.3282756E-9   
  6685.0       2.3404996E-9   
  6690.0       2.3448437E-9   
  6695.0       2.3422437E-9   
  6700.0       2.3378464E-9   
  6705.0       2.334004E-9    
  6710.0       2.329047E-9    
  6715.0       2.3115863E-9   
  6720.0       2.2994262E-9   
  6725.0       2.3062643E-9   
  6730.0       2.3151576E-9   
  6735.0       2.3105886E-9   
  6740.0       2.2947508E-9   
  6745.0       2.281479E-9    
  6750.0       2.2738904E-9   
  6755.0       2.2722573E-9   
  6760.0       2.2801454E-9   
  6765.0       2.2888338E-9   
  6770.0       2.2843505E-9   
  6775.0       2.2788147E-9   
  6780.0       2.2704776E-9   
  6785.0       2.2664095E-9   
  6790.0       2.259007E-9    
  6795.0       2.2577678E-9   
  6800.0       2.2888829E-9   
  6805.0       2.2889566E-9   
  6810.0       2.2897169E-9   
  6815.0       2.290682E-9    
  6820.0       2.2851603E-9   
  6825.0       2.2721334E-9   
  6830.0       2.2627986E-9   
  6835.0       2.259139E-9    
  6840.0       2.2570446E-9   
  6845.0       2.2544075E-9   
  6850.0       2.2511653E-9   
  6855.0       2.2479971E-9   
  6860.0       2.2449775E-9   
  6865.0       2.241941E-9    
  6870.0       2.2387796E-9   
  6875.0       2.2357745E-9   
  6880.0       2.2328752E-9   
  6885.0       2.2299256E-9   
  6890.0       2.2268007E-9   
  6895.0       2.2236628E-9   
  6900.0       2.220547E-9    
  6905.0       2.2174107E-9   
  6910.0       2.214263E-9    
  6915.0       2.2112379E-9   
  6920.0       2.2083284E-9   
  6925.0       2.2054978E-9   
  6930.0       2.202944E-9    
  6935.0       2.2005522E-9   
  6940.0       2.1984539E-9   
  6945.0       2.1964361E-9   
  6950.0       2.1937516E-9   
  6955.0       2.1906896E-9   
  6960.0       2.1883706E-9   
  6965.0       2.1867892E-9   
  6970.0       2.181607E-9    
  6975.0       2.1674953E-9   
  6980.0       2.1562294E-9   
  6985.0       2.1508022E-9   
  6990.0       2.1390396E-9   
  6995.0       2.1237936E-9   
  7000.0       2.1104056E-9   
  7005.0       2.1162E-9      
  7010.0       2.1349515E-9   
  7015.0       2.1351578E-9   
  7020.0       2.1309132E-9   
  7025.0       2.1299313E-9   
  7030.0       2.1383455E-9   
  7035.0       2.1357722E-9   
  7040.0       2.1274316E-9   
  7045.0       2.1307642E-9   
  7050.0       2.1317135E-9   
  7055.0       2.1212603E-9   
  7060.0       2.1129831E-9   
  7065.0       2.1067006E-9   
  7070.0       2.1089333E-9   
  7075.0       2.1056248E-9   
  7080.0       2.099179E-9    
  7085.0       2.095984E-9    
  7090.0       2.089727E-9    
  7095.0       2.0907172E-9   
  7100.0       2.0884798E-9   
  7105.0       2.0760664E-9   
  7110.0       2.0593138E-9   
  7115.0       2.046959E-9    
  7120.0       2.05707E-9     
  7125.0       2.0731346E-9   
  7130.0       2.081104E-9    
  7135.0       2.0871858E-9   
  7140.0       2.0868092E-9   
  7145.0       2.0742987E-9   
  7150.0       2.0639046E-9   
  7155.0       2.0704443E-9   
  7160.0       2.0637991E-9   
  7165.0       2.0284707E-9   
  7170.0       1.9875992E-9   
  7175.0       1.9591955E-9   
  7180.0       1.9404849E-9   
  7185.0       1.9079085E-9   
  7190.0       1.899139E-9    
  7195.0       1.9089725E-9   
  7200.0       1.9212625E-9   
  7205.0       1.9496076E-9   
  7210.0       1.9948685E-9   
  7215.0       2.0126711E-9   
  7220.0       2.0042454E-9   
  7225.0       1.9838735E-9   
  7230.0       1.9729585E-9   
  7235.0       1.9482143E-9   
  7240.0       1.9436681E-9   
  7245.0       1.9389672E-9   
  7250.0       1.9441027E-9   
  7255.0       1.9508304E-9   
  7260.0       1.9660713E-9   
  7265.0       1.9555038E-9   
  7270.0       1.9510025E-9   
  7275.0       1.9290967E-9   
  7280.0       1.9221504E-9   
  7285.0       1.9175947E-9   
  7290.0       1.8985344E-9   
  7295.0       1.9176631E-9   
  7300.0       1.9239335E-9   
  7305.0       1.8971162E-9   
  7310.0       1.8812853E-9   
  7315.0       1.8953417E-9   
  7320.0       1.9120845E-9   
  7325.0       1.928426E-9    
  7330.0       1.9330924E-9   
  7335.0       1.9435005E-9   
  7340.0       1.9576907E-9   
  7345.0       1.9481647E-9   
  7350.0       1.9308084E-9   
  7355.0       1.919899E-9    
  7360.0       1.9196273E-9   
  7365.0       1.9172501E-9   
  7370.0       1.9130728E-9   
  7375.0       1.9146864E-9   
  7380.0       1.9109767E-9   
  7385.0       1.8924986E-9   
  7390.0       1.8834243E-9   
  7395.0       1.8891966E-9   
  7400.0       1.894389E-9    
  7405.0       1.8882302E-9   
  7410.0       1.8731645E-9   
  7415.0       1.8585846E-9   
  7420.0       1.8506942E-9   
  7425.0       1.8582273E-9   
  7430.0       1.873014E-9    
  7435.0       1.8699526E-9   
  7440.0       1.850048E-9    
  7445.0       1.8310743E-9   
  7450.0       1.8360475E-9   
  7455.0       1.8441683E-9   
  7460.0       1.8387688E-9   
  7465.0       1.8264521E-9   
  7470.0       1.8237325E-9   
  7475.0       1.8351121E-9   
  7480.0       1.8389296E-9   
  7485.0       1.8435391E-9   
  7490.0       1.8455175E-9   
  7495.0       1.838666E-9    
  7500.0       1.8322672E-9   
  7505.0       1.8201016E-9   
  7510.0       1.8080492E-9   
  7515.0       1.8040905E-9   
  7520.0       1.8152669E-9   
  7525.0       1.8123562E-9   
  7530.0       1.8048175E-9   
  7535.0       1.8065854E-9   
  7540.0       1.8170856E-9   
  7545.0       1.8149846E-9   
  7550.0       1.8076793E-9   
  7555.0       1.8036471E-9   
  7560.0       1.8013956E-9   
  7565.0       1.7988674E-9   
  7570.0       1.7958174E-9   
  7575.0       1.7926379E-9   
  7580.0       1.7894293E-9   
  7585.0       1.7865819E-9   
  7590.0       1.7838179E-9   
  7595.0       1.7809614E-9   
  7600.0       1.7780852E-9   
  7605.0       1.7754033E-9   
  7610.0       1.7727249E-9   
  7615.0       1.7700104E-9   
  7620.0       1.7672913E-9   
  7625.0       1.764585E-9    
  7630.0       1.7618872E-9   
  7635.0       1.7591892E-9   
  7640.0       1.7565073E-9   
  7645.0       1.7538234E-9   
  7650.0       1.7511478E-9   
  7655.0       1.7484744E-9   
  7660.0       1.7458042E-9   
  7665.0       1.7431401E-9   
  7670.0       1.7404971E-9   
  7675.0       1.7378522E-9   
  7680.0       1.7351705E-9   
  7685.0       1.7325729E-9   
  7690.0       1.729978E-9    
  7695.0       1.7273252E-9   
  7700.0       1.7247466E-9   
  7705.0       1.7226267E-9   
  7710.0       1.7227233E-9   
  7715.0       1.7255205E-9   
  7720.0       1.7258349E-9   
  7725.0       1.7233565E-9   
  7730.0       1.7210084E-9   
  7735.0       1.7209364E-9   
  7740.0       1.719135E-9    
  7745.0       1.7092572E-9   
  7750.0       1.7026768E-9   
  7755.0       1.7020285E-9   
  7760.0       1.6991374E-9   
  7765.0       1.6801427E-9   
  7770.0       1.6021707E-9   
  7775.0       1.5109644E-9   
  7780.0       1.5623395E-9   
  7785.0       1.6390321E-9   
  7790.0       1.681992E-9    
  7795.0       1.6879209E-9   
  7800.0       1.6748254E-9   
  7805.0       1.6713436E-9   
  7810.0       1.6744129E-9   
  7815.0       1.6799024E-9   
  7820.0       1.6800161E-9   
  7825.0       1.6716116E-9   
  7830.0       1.659278E-9    
  7835.0       1.6528808E-9   
  7840.0       1.6522935E-9   
  7845.0       1.6504568E-9   
  7850.0       1.6420065E-9   
  7855.0       1.6382035E-9   
  7860.0       1.6370367E-9   
  7865.0       1.6386761E-9   
  7870.0       1.6389027E-9   
  7875.0       1.6189713E-9   
  7880.0       1.6052782E-9   
  7885.0       1.6165449E-9   
  7890.0       1.6175491E-9   
  7895.0       1.5943109E-9   
  7900.0       1.584194E-9    
  7905.0       1.598145E-9    
  7910.0       1.607897E-9    
  7915.0       1.6055719E-9   
  7920.0       1.5958219E-9   
  7925.0       1.5899696E-9   
  7930.0       1.5868735E-9   
  7935.0       1.5905727E-9   
  7940.0       1.5921163E-9   
  7945.0       1.5801652E-9   
  7950.0       1.5719783E-9   
  7955.0       1.5762247E-9   
  7960.0       1.5809833E-9   
  7965.0       1.5808891E-9   
  7970.0       1.5789925E-9   
  7975.0       1.5790678E-9   
  7980.0       1.5801073E-9   
  7985.0       1.578966E-9    
  7990.0       1.5717416E-9   
  7995.0       1.560002E-9    
  8000.0       1.5493233E-9   
  8005.0       1.5515949E-9   
  8010.0       1.5542175E-9   
  8015.0       1.5530618E-9   
  8020.0       1.5480153E-9   
  8025.0       1.5442785E-9   
  8030.0       1.5435799E-9   
  8035.0       1.5436961E-9   
  8040.0       1.5380133E-9   
  8045.0       1.5296747E-9   
  8050.0       1.5259578E-9   
  8055.0       1.528665E-9    
  8060.0       1.5311451E-9   
  8065.0       1.5316906E-9   
  8070.0       1.5319566E-9   
  8075.0       1.5309477E-9   
  8080.0       1.5308098E-9   
  8085.0       1.5215019E-9   
  8090.0       1.5163025E-9   
  8095.0       1.5138087E-9   
  8100.0       1.5144204E-9   
  8105.0       1.5197406E-9   
  8110.0       1.5207254E-9   
  8115.0       1.5142213E-9   
  8120.0       1.5102026E-9   
  8125.0       1.5065827E-9   
  8130.0       1.4984948E-9   
  8135.0       1.4824955E-9   
  8140.0       1.4737356E-9   
  8145.0       1.4658577E-9   
  8150.0       1.4559424E-9   
  8155.0       1.4483347E-9   
  8160.0       1.4352586E-9   
  8165.0       1.4185662E-9   
  8170.0       1.4248126E-9   
  8175.0       1.4235868E-9   
  8180.0       1.4051972E-9   
  8185.0       1.3870047E-9   
  8190.0       1.3802701E-9   
  8195.0       1.3804955E-9   
  8200.0       1.3940354E-9   
  8205.0       1.4417808E-9   
  8210.0       1.4716305E-9   
  8215.0       1.4451476E-9   
  8220.0       1.3971613E-9   
  8225.0       1.3401062E-9   
  8230.0       1.3144023E-9   
  8235.0       1.3702554E-9   
  8240.0       1.4271583E-9   
  8245.0       1.4277447E-9   
  8250.0       1.4179176E-9   
  8255.0       1.4109682E-9   
  8260.0       1.4261182E-9   
  8265.0       1.4442826E-9   
  8270.0       1.4466075E-9   
  8275.0       1.4247188E-9   
  8280.0       1.4065192E-9   
  8285.0       1.4001506E-9   
  8290.0       1.3992809E-9   
  8295.0       1.4080411E-9   
  8300.0       1.4136177E-9   
  8305.0       1.4091469E-9   
  8310.0       1.4059462E-9   
  8315.0       1.399603E-9    
  8320.0       1.3960686E-9   
  8325.0       1.3960226E-9   
  8330.0       1.3922588E-9   
  8335.0       1.3672119E-9   
  8340.0       1.3730246E-9   
  8345.0       1.3874929E-9   
  8350.0       1.4086811E-9   
  8355.0       1.4096742E-9   
  8360.0       1.3935463E-9   
  8365.0       1.4353793E-9   
  8370.0       1.4459227E-9   
  8375.0       1.399034E-9    
  8380.0       1.4009901E-9   
  8385.0       1.4253806E-9   
  8390.0       1.4141815E-9   
  8395.0       1.3963372E-9   
  8400.0       1.4292029E-9   
  8405.0       1.4635578E-9   
  8410.0       1.4389508E-9   
  8415.0       1.3745705E-9   
  8420.0       1.3841527E-9   
  8425.0       1.4500354E-9   
  8430.0       1.4759739E-9   
  8435.0       1.4042987E-9   
  8440.0       1.3173748E-9   
  8445.0       1.3169196E-9   
  8450.0       1.3817406E-9   
  8455.0       1.4757113E-9   
  8460.0       1.4789934E-9   
  8465.0       1.3703467E-9   
  8470.0       1.3027444E-9   
  8475.0       1.3759027E-9   
  8480.0       1.4775279E-9   
  8485.0       1.5326631E-9   
  8490.0       1.5081315E-9   
  8495.0       1.388227E-9    
  8500.0       1.2366597E-9   
  8505.0       1.2177057E-9   
  8510.0       1.3054348E-9   
  8515.0       1.4004425E-9   
  8520.0       1.474479E-9    
  8525.0       1.4980129E-9   
  8530.0       1.4889097E-9   
  8535.0       1.438021E-9    
  8540.0       1.2745667E-9   
  8545.0       1.0703296E-9   
  8550.0       1.0593803E-9   
  8555.0       1.2231473E-9   
  8560.0       1.395744E-9    
  8565.0       1.4571288E-9   
  8570.0       1.4501668E-9   
  8575.0       1.4480445E-9   
  8580.0       1.4481022E-9   
  8585.0       1.4291377E-9   
  8590.0       1.3699726E-9   
  8595.0       1.2584593E-9   
  8600.0       1.187554E-9    
  8605.0       1.253893E-9    
  8610.0       1.3471501E-9   
  8615.0       1.4129776E-9   
  8620.0       1.4520759E-9   
  8625.0       1.4713665E-9   
  8630.0       1.4771866E-9   
  8635.0       1.4939068E-9   
  8640.0       1.5015618E-9   
  8645.0       1.4909544E-9   
  8650.0       1.4724869E-9   
  8655.0       1.4305674E-9   
  8660.0       1.2851546E-9   
  8665.0       1.0783886E-9   
  8670.0       1.0569408E-9   
  8675.0       1.2013718E-9   
  8680.0       1.3243929E-9   
  8685.0       1.3346585E-9   
  8690.0       1.36223E-9     
  8695.0       1.4427679E-9   
  8700.0       1.4275691E-9   
  8705.0       1.4198034E-9   
  8710.0       1.4176272E-9   
  8715.0       1.4181128E-9   
  8720.0       1.4189755E-9   
  8725.0       1.4165628E-9   
  8730.0       1.3964192E-9   
  8735.0       1.3792139E-9   
  8740.0       1.3382573E-9   
  8745.0       1.2638942E-9   
  8750.0       1.1624154E-9   
  8755.0       1.1940301E-9   
  8760.0       1.2962216E-9   
  8765.0       1.3501659E-9   
  8770.0       1.372953E-9    
  8775.0       1.3793285E-9   
  8780.0       1.3774858E-9   
  8785.0       1.3754863E-9   
  8790.0       1.3693864E-9   
  8795.0       1.3608458E-9   
  8800.0       1.3712782E-9   
  8805.0       1.35995E-9     
  8810.0       1.3568141E-9   
  8815.0       1.362075E-9    
  8820.0       1.3567969E-9   
  8825.0       1.3464216E-9   
  8830.0       1.3489524E-9   
  8835.0       1.3493953E-9   
  8840.0       1.3450713E-9   
  8845.0       1.3309116E-9   
  8850.0       1.3055496E-9   
  8855.0       1.2525642E-9   
  8860.0       1.1572221E-9   
  8865.0       1.1149854E-9   
  8870.0       1.2118043E-9   
  8875.0       1.2867791E-9   
  8880.0       1.3195902E-9   
  8885.0       1.3418843E-9   
  8890.0       1.3537318E-9   
  8895.0       1.3636069E-9   
  8900.0       1.3668838E-9   
  8905.0       1.3658976E-9   
  8910.0       1.3332635E-9   
  8915.0       1.3228955E-9   
  8920.0       1.3443855E-9   
  8925.0       1.3155654E-9   
  8930.0       1.2985261E-9   
  8935.0       1.3338648E-9   
  8940.0       1.3479545E-9   
  8945.0       1.3414525E-9   
  8950.0       1.3205433E-9   
  8955.0       1.3195028E-9   
  8960.0       1.3185583E-9   
  8965.0       1.2971506E-9   
  8970.0       1.2948056E-9   
  8975.0       1.2925644E-9   
  8980.0       1.2821358E-9   
  8985.0       1.2440534E-9   
  8990.0       1.1991816E-9   
  8995.0       1.2318346E-9   
  9000.0       1.2225857E-9   
  9005.0       1.18198E-9     
  9010.0       1.1213204E-9   
  9015.0       1.0462543E-9   
  9020.0       1.0994012E-9   
  9025.0       1.2009815E-9   
  9030.0       1.2782475E-9   
  9035.0       1.3389375E-9   
  9040.0       1.3632482E-9   
  9045.0       1.3609965E-9   
  9050.0       1.3548778E-9   
  9055.0       1.330659E-9    
  9060.0       1.2625336E-9   
  9065.0       1.2399771E-9   
  9070.0       1.2595823E-9   
  9075.0       1.2388518E-9   
  9080.0       1.2180144E-9   
  9085.0       1.2149648E-9   
  9090.0       1.1912528E-9   
  9095.0       1.1937149E-9   
  9100.0       1.2365767E-9   
  9105.0       1.2628061E-9   
  9110.0       1.2596897E-9   
  9115.0       1.2667375E-9   
  9120.0       1.2848188E-9   
  9125.0       1.2889314E-9   
  9130.0       1.2574098E-9   
  9135.0       1.2419363E-9   
  9140.0       1.2709327E-9   
  9145.0       1.2901822E-9   
  9150.0       1.2556227E-9   
  9155.0       1.2191492E-9   
  9160.0       1.2444873E-9   
  9165.0       1.2705222E-9   
  9170.0       1.2558091E-9   
  9175.0       1.2195922E-9   
  9180.0       1.2337144E-9   
  9185.0       1.2615993E-9   
  9190.0       1.2725063E-9   
  9195.0       1.2642037E-9   
  9200.0       1.2758578E-9   
  9205.0       1.2614085E-9   
  9210.0       1.2043628E-9   
  9215.0       1.1367843E-9   
  9220.0       1.1051081E-9   
  9225.0       1.0740744E-9   
  9230.0       1.0197413E-9   
  9235.0       1.0724036E-9   
  9240.0       1.1350815E-9   
  9245.0       1.1595913E-9   
  9250.0       1.1990923E-9   
  9255.0       1.2318699E-9   
  9260.0       1.2083777E-9   
  9265.0       1.1919443E-9   
  9270.0       1.2534189E-9   
  9275.0       1.2955402E-9   
  9280.0       1.2797357E-9   
  9285.0       1.2837572E-9   
  9290.0       1.2818545E-9   
  9295.0       1.2528222E-9   
  9300.0       1.2174257E-9   
  9305.0       1.2031249E-9   
  9310.0       1.1725649E-9   
  9315.0       1.1195497E-9   
  9320.0       1.0735546E-9   
  9325.0       1.0736734E-9   
  9330.0       1.0728138E-9   
  9335.0       1.0235255E-9   
  9340.0       9.913875E-10   
  9345.0       9.791137E-10   
  9350.0       1.0754192E-9   
  9355.0       1.0475194E-9   
  9360.0       1.0665776E-9   
  9365.0       1.1141852E-9   
  9370.0       1.0708113E-9   
  9375.0       1.1031267E-9   
  9380.0       1.1094556E-9   
  9385.0       1.173261E-9    
  9390.0       1.2561211E-9   
  9395.0       1.3257485E-9   
  9400.0       1.3011385E-9   
  9405.0       1.2426915E-9   
  9410.0       1.2112512E-9   
  9415.0       1.2130481E-9   
  9420.0       1.2041429E-9   
  9425.0       1.156567E-9    
  9430.0       1.0981285E-9   
  9435.0       1.1437575E-9   
  9440.0       1.0495067E-9   
  9445.0       1.0776781E-9   
  9450.0       1.1491013E-9   
  9455.0       1.1062679E-9   
  9460.0       1.072412E-9    
  9465.0       1.1112935E-9   
  9470.0       1.1501068E-9   
  9475.0       1.1334769E-9   
  9480.0       1.1076756E-9   
  9485.0       1.1370319E-9   
  9490.0       1.17025E-9     
  9495.0       1.091486E-9    
  9500.0       1.0454027E-9   
  9505.0       1.131744E-9    
  9510.0       1.2026324E-9   
  9515.0       1.1460524E-9   
  9520.0       1.0539752E-9   
  9525.0       1.0383235E-9   
  9530.0       1.0751697E-9   
  9535.0       1.0915958E-9   
  9540.0       1.0288681E-9   
  9545.0       9.1308816E-10  
  9550.0       9.2144553E-10  
  9555.0       9.609653E-10   
  9560.0       1.0353969E-9   
  9565.0       1.0432386E-9   
  9570.0       1.0844338E-9   
  9575.0       1.1420047E-9   
  9580.0       1.1055787E-9   
  9585.0       1.0804178E-9   
  9590.0       1.0488538E-9   
  9595.0       1.0559106E-9   
  9600.0       1.0792287E-9   
  9605.0       1.080013E-9    
  9610.0       1.0984693E-9   
  9615.0       1.0833853E-9   
  9620.0       1.0468352E-9   
  9625.0       1.0481479E-9   
  9630.0       1.0751013E-9   
  9635.0       1.0714172E-9   
  9640.0       1.0620841E-9   
  9645.0       1.0649291E-9   
  9650.0       1.0545314E-9   
  9655.0       1.0424857E-9   
  9660.0       1.0199098E-9   
  9665.0       1.0268286E-9   
  9670.0       1.0807746E-9   
  9675.0       1.1123931E-9   
  9680.0       1.0948313E-9   
  9685.0       1.1016345E-9   
  9690.0       1.1135187E-9   
  9695.0       1.1177058E-9   
  9700.0       1.099007E-9    
  9705.0       1.0868748E-9   
  9710.0       1.098187E-9    
  9715.0       1.0758078E-9   
  9720.0       1.0684089E-9   
  9725.0       1.0546889E-9   
  9730.0       1.0418142E-9   
  9735.0       1.0155068E-9   
  9740.0       1.0236089E-9   
  9745.0       1.0330681E-9   
  9750.0       1.0155125E-9   
  9755.0       1.0029414E-9   
  9760.0       1.0176869E-9   
  9765.0       1.0299293E-9   
  9770.0       1.0364021E-9   
  9775.0       1.0365666E-9   
  9780.0       1.0358876E-9   
  9785.0       1.0262207E-9   
  9790.0       1.0094442E-9   
  9795.0       1.0234635E-9   
  9800.0       1.0128511E-9   
  9805.0       1.0203298E-9   
  9810.0       1.032098E-9    
  9815.0       1.0295753E-9   
  9820.0       1.018966E-9    
  9825.0       1.0042162E-9   
  9830.0       1.0190236E-9   
  9835.0       1.0157358E-9   
  9840.0       1.019889E-9    
  9845.0       1.0170598E-9   
  9850.0       1.0193659E-9   
  9855.0       1.0121243E-9   
  9860.0       1.0077774E-9   
  9865.0       1.0360597E-9   
  9870.0       1.0116652E-9   
  9875.0       1.0060712E-9   
  9880.0       1.0004251E-9   
  9885.0       9.918957E-10   
  9890.0       9.82937E-10    
  9895.0       9.662535E-10   
  9900.0       1.0057656E-9   
  9905.0       1.0076933E-9   
  9910.0       1.0050878E-9   
  9915.0       9.996949E-10   
  9920.0       9.971608E-10   
  9925.0       9.89943E-10    
  9930.0       9.821136E-10   
  9935.0       9.72211E-10    
  9940.0       9.632452E-10   
  9945.0       9.814737E-10   
  9950.0       9.906438E-10   
  9955.0       9.8089E-10     
  9960.0       9.832465E-10   
  9965.0       9.898192E-10   
  9970.0       9.810331E-10   
  9975.0       9.736943E-10   
  9980.0       9.359212E-10   
  9985.0       9.544244E-10   
  9990.0       9.569535E-10   
  9995.0       9.486224E-10   
  10000.0      9.482927E-10   
  10005.0      9.503952E-10   
  10010.0      9.487842E-10   
  10015.0      9.582577E-10   
  10020.0      9.426954E-10   
  10025.0      9.423294E-10   
  10030.0      9.420665E-10   
  10035.0      9.122513E-10   
  10040.0      8.6041335E-10  
  10045.0      8.3141416E-10  
  10050.0      7.9172235E-10  
  10055.0      8.312021E-10   
  10060.0      8.7787505E-10  
  10065.0      8.738473E-10   
  10070.0      9.1686675E-10  
  10075.0      9.1000185E-10  
  10080.0      9.290843E-10   
  10085.0      9.179224E-10   
  10090.0      9.2044056E-10  
  10095.0      9.2861796E-10  
  10100.0      9.2199587E-10  
  10105.0      9.2103514E-10  
  10110.0      9.255186E-10   
  10115.0      9.316657E-10   
  10120.0      9.332487E-10   
  10125.0      9.1949753E-10  
  10130.0      9.2583347E-10  
  10135.0      9.26943E-10    
  10140.0      9.255695E-10   
  10145.0      9.218288E-10   
  10150.0      9.180471E-10   
  10155.0      9.148543E-10   
  10160.0      9.12266E-10    
  10165.0      9.10201E-10    
  10170.0      9.0858243E-10  
  10175.0      9.0732327E-10  
  10180.0      9.063373E-10   
  10185.0      9.0554597E-10  
  10190.0      9.0486496E-10  
  10195.0      9.042094E-10   
  10200.0      9.0349694E-10  
  10205.0      9.026668E-10   
  10210.0      9.0169605E-10  
  10215.0      9.005833E-10   
  10220.0      8.9933766E-10  
  10225.0      8.979575E-10   
  10230.0      8.9643815E-10  
  10235.0      8.947873E-10   
  10240.0      8.929999E-10   
  10245.0      8.9108615E-10  
  10250.0      8.890401E-10   
  10255.0      8.8687474E-10  
  10260.0      8.846174E-10   
  10265.0      8.8229857E-10  
  10270.0      8.799577E-10   
  10275.0      8.7762936E-10  
  10280.0      8.7534874E-10  
  10285.0      8.7314994E-10  
  10290.0      8.710663E-10   
  10295.0      8.6914037E-10  
  10300.0      8.673986E-10   
  10305.0      8.658618E-10   
  10310.0      8.6451546E-10  
  10315.0      8.6332347E-10  
  10320.0      8.6225516E-10  
  10325.0      8.6127394E-10  
  10330.0      8.6034624E-10  
  10335.0      8.5944335E-10  
  10340.0      8.585263E-10   
  10345.0      8.575625E-10   
  10350.0      8.565172E-10   
  10355.0      8.5537083E-10  
  10360.0      8.5412605E-10  
  10365.0      8.5278795E-10  
  10370.0      8.513801E-10   
  10375.0      8.499083E-10   
  10380.0      8.4838764E-10  
  10385.0      8.4682994E-10  
  10390.0      8.4525165E-10  
  10395.0      8.436612E-10   
  10400.0      8.420737E-10   
  10405.0      8.405035E-10   
  10410.0      8.389493E-10   
  10415.0      8.374154E-10   
  10420.0      8.359109E-10   
  10425.0      8.3443685E-10  
  10430.0      8.329945E-10   
  10435.0      8.31588E-10    
  10440.0      8.302229E-10   
  10445.0      8.2889917E-10  
  10450.0      8.276215E-10   
  10455.0      8.263954E-10   
  10460.0      8.2521134E-10  
  10465.0      8.2406876E-10  
  10470.0      8.229586E-10   
  10475.0      8.2188056E-10  
  10480.0      8.208293E-10   
  10485.0      8.1979673E-10  
  10490.0      8.1877916E-10  
  10495.0      8.177746E-10   
  10500.0      8.1677526E-10  
  10505.0      8.1577545E-10  
  10510.0      8.147811E-10   
  10515.0      8.1378293E-10  
  10520.0      8.127874E-10   
  10525.0      8.117907E-10   
  10530.0      8.107959E-10   
  10535.0      8.0980384E-10  
  10540.0      8.088089E-10   
  10545.0      8.078168E-10   
  10550.0      8.0682533E-10  
  10555.0      8.058332E-10   
  10560.0      8.048445E-10   
  10565.0      8.0385604E-10  
  10570.0      8.028658E-10   
  10575.0      8.018772E-10   
  10580.0      8.008883E-10   
  10585.0      7.999018E-10   
  10590.0      7.9891654E-10  
  10595.0      7.979312E-10   
  10600.0      7.969473E-10   
  10605.0      7.959629E-10   
  10610.0      7.949781E-10   
  10615.0      7.939976E-10   
  10620.0      5.948366E-10   
