# WAVELENGTH   FLUX  
  1150.0       0.0   
  1155.0       0.0   
  1160.0       0.0   
  1165.0       0.0   
  1170.0       0.0   
  1175.0       0.0   
  1180.0       0.0   
  1185.0       0.0   
  1190.0       0.0   
  1195.0       0.0   
  1200.0       0.0   
  1205.0       0.0   
  1210.0       0.0   
  1215.0       0.0   
  1220.0       0.0   
  1225.0       0.0   
  1230.0       0.0   
  1235.0       0.0   
  1240.0       0.0   
  1245.0       0.0   
  1250.0       0.0   
  1255.0       0.0   
  1260.0       0.0   
  1265.0       0.0   
  1270.0       0.0   
  1275.0       0.0   
  1280.0       0.0   
  1285.0       0.0   
  1290.0       0.0   
  1295.0       0.0   
  1300.0       0.0   
  1305.0       0.0   
  1310.0       0.0   
  1315.0       0.0   
  1320.0       0.0   
  1325.0       0.0   
  1330.0       0.0   
  1335.0       0.0   
  1340.0       0.0   
  1345.0       0.0   
  1350.0       0.0   
  1355.0       0.0   
  1360.0       0.0   
  1365.0       0.0   
  1370.0       0.0   
  1375.0       0.0   
  1380.0       0.0   
  1385.0       0.0   
  1390.0       0.0   
  1395.0       0.0   
  1400.0       0.0   
  1405.0       0.0   
  1410.0       0.0   
  1415.0       0.0   
  1420.0       0.0   
  1425.0       0.0   
  1430.0       0.0   
  1435.0       0.0   
  1440.0       0.0   
  1445.0       0.0   
  1450.0       0.0   
  1455.0       0.0   
  1460.0       0.0   
  1465.0       0.0   
  1470.0       0.0   
  1475.0       0.0   
  1480.0       0.0   
  1485.0       0.0   
  1490.0       0.0   
  1495.0       0.0   
  1500.0       0.0   
  1505.0       0.0   
  1510.0       0.0   
  1515.0       0.0   
  1520.0       0.0   
  1525.0       0.0   
  1530.0       0.0   
  1535.0       0.0   
  1540.0       0.0   
  1545.0       0.0   
  1550.0       0.0   
  1555.0       0.0   
  1560.0       0.0   
  1565.0       0.0   
  1570.0       0.0   
  1575.0       0.0   
  1580.0       0.0   
  1585.0       0.0   
  1590.0       0.0   
  1595.0       0.0   
  1600.0       0.0   
  1605.0       0.0   
  1610.0       0.0   
  1615.0       0.0   
  1620.0       0.0   
  1625.0       0.0   
  1630.0       0.0   
  1635.0       0.0   
  1640.0       0.0   
  1645.0       0.0   
  1650.0       0.0   
  1655.0       0.0   
  1660.0       0.0   
  1665.0       0.0   
  1670.0       0.0   
  1675.0       0.0   
  1680.0       0.0   
  1685.0       0.0   
  1690.0       0.0   
  1695.0       0.0   
  1700.0       0.0   
  1705.0       0.0   
  1710.0       0.0   
  1715.0       0.0   
  1720.0       0.0   
  1725.0       0.0   
  1730.0       0.0   
  1735.0       0.0   
  1740.0       0.0   
  1745.0       0.0   
  1750.0       0.0   
  1755.0       0.0   
  1760.0       0.0   
  1765.0       0.0   
  1770.0       0.0   
  1775.0       0.0   
  1780.0       0.0   
  1785.0       0.0   
  1790.0       0.0   
  1795.0       0.0   
  1800.0       0.0   
  1805.0       0.0   
  1810.0       0.0   
  1815.0       0.0   
  1820.0       0.0   
  1825.0       0.0   
  1830.0       0.0   
  1835.0       0.0   
  1840.0       0.0   
  1845.0       0.0   
  1850.0       0.0   
  1855.0       0.0   
  1860.0       0.0   
  1865.0       0.0   
  1870.0       0.0   
  1875.0       0.0   
  1880.0       0.0   
  1885.0       0.0   
  1890.0       0.0   
  1895.0       0.0   
  1900.0       0.0   
  1905.0       0.0   
  1910.0       0.0   
  1915.0       0.0   
  1920.0       0.0   
  1925.0       0.0   
  1930.0       0.0   
  1935.0       0.0   
  1940.0       0.0   
  1945.0       0.0   
  1950.0       0.0   
  1955.0       0.0   
  1960.0       0.0   
  1965.0       0.0   
  1970.0       0.0   
  1975.0       0.0   
  1980.0       0.0   
  1985.0       0.0   
  1990.0       0.0   
  1995.0       0.0   
  2000.0       0.0   
  2005.0       0.0   
  2010.0       0.0   
  2015.0       0.0   
  2020.0       0.0   
  2025.0       0.0   
  2030.0       0.0   
  2035.0       0.0   
  2040.0       0.0   
  2045.0       0.0   
  2050.0       0.0   
  2055.0       0.0   
  2060.0       0.0   
  2065.0       0.0   
  2070.0       0.0   
  2075.0       0.0   
  2080.0       0.0   
  2085.0       0.0   
  2090.0       0.0   
  2095.0       0.0   
  2100.0       0.0   
  2105.0       0.0   
  2110.0       0.0   
  2115.0       0.0   
  2120.0       0.0   
  2125.0       0.0   
  2130.0       0.0   
  2135.0       0.0   
  2140.0       0.0   
  2145.0       0.0   
  2150.0       0.0   
  2155.0       0.0   
  2160.0       0.0   
  2165.0       0.0   
  2170.0       0.0   
  2175.0       0.0   
  2180.0       0.0   
  2185.0       0.0   
  2190.0       0.0   
  2195.0       0.0   
  2200.0       0.0   
  2205.0       0.0   
  2210.0       0.0   
  2215.0       0.0   
  2220.0       0.0   
  2225.0       0.0   
  2230.0       0.0   
  2235.0       0.0   
  2240.0       0.0   
  2245.0       0.0   
  2250.0       0.0   
  2255.0       0.0   
  2260.0       0.0   
  2265.0       0.0   
  2270.0       0.0   
  2275.0       0.0   
  2280.0       0.0   
  2285.0       0.0   
  2290.0       0.0   
  2295.0       0.0   
  2300.0       0.0   
  2305.0       0.0   
  2310.0       0.0   
  2315.0       0.0   
  2320.0       0.0   
  2325.0       0.0   
  2330.0       0.0   
  2335.0       0.0   
  2340.0       0.0   
  2345.0       0.0   
  2350.0       4.7874143E-16
  2355.0       4.302568E-15
  2360.0       1.0990706E-14
  2365.0       1.52892E-14
  2370.0       1.9111011E-14
  2375.0       2.2932785E-14
  2380.0       2.6275851E-14
  2385.0       2.6273888E-14
  2390.0       2.1971352E-14
  2395.0       1.1459421E-14
  2400.0       1.4301888E-15
  2405.0       0.0   
  2410.0       0.0   
  2415.0       0.0   
  2420.0       0.0   
  2425.0       0.0   
  2430.0       0.0   
  2435.0       0.0   
  2440.0       0.0   
  2445.0       0.0   
  2450.0       8.137891E-15
  2455.0       6.643974E-14
  2460.0       1.4192404E-13
  2465.0       2.2026879E-13
  2470.0       2.88098E-13
  2475.0       3.3681426E-13
  2480.0       3.587742E-13
  2485.0       3.458553E-13
  2490.0       2.870696E-13
  2495.0       1.7142951E-13
  2500.0       2.2408163E-14
  2505.0       0.0   
  2510.0       0.0   
  2515.0       0.0   
  2520.0       0.0   
  2525.0       0.0   
  2530.0       0.0   
  2535.0       0.0   
  2540.0       0.0   
  2545.0       0.0   
  2550.0       1.1679333E-13
  2555.0       9.621732E-13
  2560.0       2.122668E-12
  2565.0       3.4742337E-12
  2570.0       4.9743504E-12
  2575.0       6.5781087E-12
  2580.0       8.2425195E-12
  2585.0       9.922685E-12
  2590.0       1.1576053E-11
  2595.0       1.3160634E-11
  2600.0       1.463481E-11
  2605.0       1.5964242E-11
  2610.0       1.714272E-11
  2615.0       1.8178835E-11
  2620.0       1.9077864E-11
  2625.0       1.9846933E-11
  2630.0       2.0493244E-11
  2635.0       2.1021537E-11
  2640.0       2.1439026E-11
  2645.0       2.1752825E-11
  2650.0       2.1968243E-11
  2655.0       2.2095775E-11
  2660.0       2.2147808E-11
  2665.0       2.2142996E-11
  2670.0       2.2101893E-11
  2675.0       2.2035996E-11
  2680.0       2.1965752E-11
  2685.0       2.1909871E-11
  2690.0       2.188217E-11
  2695.0       2.1903215E-11
  2700.0       2.1989263E-11
  2705.0       2.2155064E-11
  2710.0       2.2413066E-11
  2715.0       2.2777624E-11
  2720.0       2.326113E-11
  2725.0       2.3876984E-11
  2730.0       2.4632827E-11
  2735.0       2.5546305E-11
  2740.0       2.6623176E-11
  2745.0       2.7881577E-11
  2750.0       2.9329653E-11
  2755.0       3.095975E-11
  2760.0       3.272783E-11
  2765.0       3.4566128E-11
  2770.0       3.6411107E-11
  2775.0       3.8194874E-11
  2780.0       3.9850102E-11
  2785.0       4.13161E-11
  2790.0       4.252327E-11
  2795.0       4.3405904E-11
  2800.0       4.3903967E-11
  2805.0       4.3979292E-11
  2810.0       4.3676267E-11
  2815.0       4.3072747E-11
  2820.0       4.2238126E-11
  2825.0       4.125013E-11
  2830.0       4.0185254E-11
  2835.0       3.9117525E-11
  2840.0       3.8125333E-11
  2845.0       3.7283218E-11
  2850.0       3.6666614E-11
  2855.0       3.6320315E-11
  2860.0       3.623206E-11
  2865.0       3.6368346E-11
  2870.0       3.6688503E-11
  2875.0       3.7153888E-11
  2880.0       3.772575E-11
  2885.0       3.8363056E-11
  2890.0       3.902703E-11
  2895.0       3.967962E-11
  2900.0       4.0283433E-11
  2905.0       4.081128E-11
  2910.0       4.1264114E-11
  2915.0       4.1656338E-11
  2920.0       4.2005066E-11
  2925.0       4.2320796E-11
  2930.0       4.26208E-11
  2935.0       4.29208E-11
  2940.0       4.3235655E-11
  2945.0       4.3578183E-11
  2950.0       4.3965196E-11
  2955.0       4.4405656E-11
  2960.0       4.490635E-11
  2965.0       4.5468688E-11
  2970.0       4.6095495E-11
  2975.0       4.6787213E-11
  2980.0       4.7544923E-11
  2985.0       4.8373815E-11
  2990.0       4.9272905E-11
  2995.0       5.0247057E-11
  3000.0       5.1294195E-11
  3005.0       5.2415003E-11
  3010.0       5.361462E-11
  3015.0       5.4890627E-11
  3020.0       5.6240734E-11
  3025.0       5.766909E-11
  3030.0       5.91716E-11
  3035.0       6.0750564E-11
  3040.0       6.240823E-11
  3045.0       6.4139506E-11
  3050.0       6.594444E-11
  3055.0       6.782766E-11
  3060.0       6.978445E-11
  3065.0       7.1813874E-11
  3070.0       7.391496E-11
  3075.0       7.608281E-11
  3080.0       7.832155E-11
  3085.0       8.0626096E-11
  3090.0       8.299563E-11
  3095.0       8.542922E-11
  3100.0       8.7921025E-11
  3105.0       9.046575E-11
  3110.0       9.303311E-11
  3115.0       9.5585144E-11
  3120.0       9.8083694E-11
  3125.0       1.0049083E-10
  3130.0       1.0277084E-10
  3135.0       1.0488386E-10
  3140.0       1.06793734E-10
  3145.0       1.0846278E-10
  3150.0       1.0985427E-10
  3155.0       1.10944434E-10
  3160.0       1.1173825E-10
  3165.0       1.1225644E-10
  3170.0       1.1251905E-10
  3175.0       1.1254759E-10
  3180.0       1.1235982E-10
  3185.0       1.1197938E-10
  3190.0       1.1142475E-10
  3195.0       1.1071913E-10
  3200.0       1.0987911E-10
  3205.0       1.0894468E-10
  3210.0       1.0798832E-10
  3215.0       1.07093716E-10
  3220.0       1.06348916E-10
  3225.0       1.058464E-10
  3230.0       1.0566793E-10
  3235.0       1.0590746E-10
  3240.0       1.0664867E-10
  3245.0       1.0797879E-10
  3250.0       1.0998366E-10
  3255.0       1.12695096E-10
  3260.0       1.1601577E-10
  3265.0       1.1979677E-10
  3270.0       1.2388952E-10
  3275.0       1.2813944E-10
  3280.0       1.3239392E-10
  3285.0       1.3650504E-10
  3290.0       1.403154E-10
  3295.0       1.4367227E-10
  3300.0       1.464346E-10
  3305.0       1.48497E-10
  3310.0       1.4989336E-10
  3315.0       1.5069462E-10
  3320.0       1.5098402E-10
  3325.0       1.5084438E-10
  3330.0       1.503546E-10
  3335.0       1.4959932E-10
  3340.0       1.486547E-10
  3345.0       1.4760565E-10
  3350.0       1.4652973E-10
  3355.0       1.4550133E-10
  3360.0       1.4457785E-10
  3365.0       1.4380458E-10
  3370.0       1.4322932E-10
  3375.0       1.4289936E-10
  3380.0       1.4286325E-10
  3385.0       1.4316716E-10
  3390.0       1.4385748E-10
  3395.0       1.449833E-10
  3400.0       1.4658769E-10
  3405.0       1.4868512E-10
  3410.0       1.5121412E-10
  3415.0       1.5408153E-10
  3420.0       1.5719902E-10
  3425.0       1.6046679E-10
  3430.0       1.6379091E-10
  3435.0       1.6707782E-10
  3440.0       1.70234E-10
  3445.0       1.731648E-10
  3450.0       1.7577813E-10
  3455.0       1.7801917E-10
  3460.0       1.7991783E-10
  3465.0       1.8153215E-10
  3470.0       1.8293117E-10
  3475.0       1.8418131E-10
  3480.0       1.8534828E-10
  3485.0       1.8649889E-10
  3490.0       1.8769956E-10
  3495.0       1.8901485E-10
  3500.0       1.9050646E-10
  3505.0       1.9377347E-10
  3510.0       2.0450057E-10
  3515.0       2.0405498E-10
  3520.0       1.9978436E-10
  3525.0       1.9901072E-10
  3530.0       2.0899918E-10
  3535.0       2.2384886E-10
  3540.0       2.2861088E-10
  3545.0       2.2093943E-10
  3550.0       2.0857027E-10
  3555.0       1.8937092E-10
  3560.0       1.7076425E-10
  3565.0       1.522304E-10
  3570.0       1.4246139E-10
  3575.0       1.353109E-10
  3580.0       1.2063532E-10
  3585.0       1.2646394E-10
  3590.0       1.6599315E-10
  3595.0       2.1044311E-10
  3600.0       2.2551883E-10
  3605.0       2.0380493E-10
  3610.0       2.032099E-10
  3615.0       2.178573E-10
  3620.0       2.436718E-10
  3625.0       2.870207E-10
  3630.0       2.7755012E-10
  3635.0       2.791384E-10
  3640.0       2.8601782E-10
  3645.0       2.7317576E-10
  3650.0       2.8798589E-10
  3655.0       3.3678374E-10
  3660.0       3.6731904E-10
  3665.0       3.552564E-10
  3670.0       3.4108633E-10
  3675.0       3.298507E-10
  3680.0       3.122337E-10
  3685.0       3.0596115E-10
  3690.0       3.2559383E-10
  3695.0       3.527753E-10
  3700.0       3.466164E-10
  3705.0       2.9854505E-10
  3710.0       2.950101E-10
  3715.0       2.895406E-10
  3720.0       2.4459856E-10
  3725.0       2.3427513E-10
  3730.0       2.108801E-10
  3735.0       1.8314131E-10
  3740.0       1.8710955E-10
  3745.0       1.822795E-10
  3750.0       2.0505928E-10
  3755.0       2.4291247E-10
  3760.0       2.4083E-10
  3765.0       2.5651625E-10
  3770.0       3.124966E-10
  3775.0       3.5875328E-10
  3780.0       3.7230174E-10
  3785.0       3.28643E-10
  3790.0       2.793463E-10
  3795.0       2.6385086E-10
  3800.0       2.8117933E-10
  3805.0       2.960324E-10
  3810.0       2.729182E-10
  3815.0       2.2053762E-10
  3820.0       1.8579974E-10
  3825.0       1.7028975E-10
  3830.0       1.7212157E-10
  3835.0       1.7809117E-10
  3840.0       1.9154174E-10
  3845.0       2.1111281E-10
  3850.0       2.0564563E-10
  3855.0       1.9057031E-10
  3860.0       1.8611974E-10
  3865.0       1.897965E-10
  3870.0       2.0196296E-10
  3875.0       2.2402581E-10
  3880.0       2.454583E-10
  3885.0       2.8518493E-10
  3890.0       3.4363076E-10
  3895.0       3.7402867E-10
  3900.0       3.766955E-10
  3905.0       3.84966E-10
  3910.0       4.0082987E-10
  3915.0       3.692529E-10
  3920.0       3.0031921E-10
  3925.0       2.29041E-10
  3930.0       1.6464231E-10
  3935.0       1.581381E-10
  3940.0       2.1698428E-10
  3945.0       2.928657E-10
  3950.0       3.5151396E-10
  3955.0       3.5350237E-10
  3960.0       2.884951E-10
  3965.0       2.09436E-10
  3970.0       2.1939842E-10
  3975.0       3.3089997E-10
  3980.0       4.5398704E-10
  3985.0       5.4069704E-10
  3990.0       5.9965943E-10
  3995.0       6.4256345E-10
  4000.0       6.7818096E-10
  4005.0       6.9686135E-10
  4010.0       7.2380696E-10
  4015.0       7.5774503E-10
  4020.0       7.685263E-10
  4025.0       7.606973E-10
  4030.0       7.188033E-10
  4035.0       7.006493E-10
  4040.0       7.032307E-10
  4045.0       6.69131E-10
  4050.0       6.9004036E-10
  4055.0       6.851348E-10
  4060.0       6.633447E-10
  4065.0       6.680085E-10
  4070.0       6.9656353E-10
  4075.0       7.169251E-10
  4080.0       7.750151E-10
  4085.0       8.6169893E-10
  4090.0       8.967325E-10
  4095.0       8.5984597E-10
  4100.0       8.172252E-10
  4105.0       8.284191E-10
  4110.0       8.3468643E-10
  4115.0       8.25916E-10
  4120.0       8.0657175E-10
  4125.0       7.844178E-10
  4130.0       7.528917E-10
  4135.0       7.3677475E-10
  4140.0       7.142066E-10
  4145.0       6.7851263E-10
  4150.0       6.7416556E-10
  4155.0       7.0867917E-10
  4160.0       7.6471496E-10
  4165.0       7.6611784E-10
  4170.0       7.3770007E-10
  4175.0       7.191005E-10
  4180.0       7.455478E-10
  4185.0       8.005777E-10
  4190.0       8.138855E-10
  4195.0       7.824231E-10
  4200.0       7.7725726E-10
  4205.0       8.378021E-10
  4210.0       8.9119107E-10
  4215.0       9.368041E-10
  4220.0       9.686395E-10
  4225.0       8.96292E-10
  4230.0       9.452011E-10
  4235.0       1.0256406E-9
  4240.0       1.1008426E-9
  4245.0       1.1311814E-9
  4250.0       1.0700623E-9
  4255.0       1.0438547E-9
  4260.0       1.0820556E-9
  4265.0       1.1201255E-9
  4270.0       1.0421736E-9
  4275.0       1.0292589E-9
  4280.0       1.0807851E-9
  4285.0       1.065453E-9
  4290.0       1.0163572E-9
  4295.0       9.501202E-10
  4300.0       8.5101076E-10
  4305.0       8.14153E-10
  4310.0       9.394722E-10
  4315.0       1.2303943E-9
  4320.0       1.3686249E-9
  4325.0       1.3423844E-9
  4330.0       1.4410125E-9
  4335.0       1.4760918E-9
  4340.0       1.4283729E-9
  4345.0       1.5001688E-9
  4350.0       1.5179781E-9
  4355.0       1.5341911E-9
  4360.0       1.5920252E-9
  4365.0       1.6084094E-9
  4370.0       1.5248458E-9
  4375.0       1.4403448E-9
  4380.0       1.3269807E-9
  4385.0       1.2321636E-9
  4390.0       1.3118097E-9
  4395.0       1.420275E-9
  4400.0       1.429334E-9
  4405.0       1.3660783E-9
  4410.0       1.4322863E-9
  4415.0       1.5009455E-9
  4420.0       1.5384968E-9
  4425.0       1.53578E-9
  4430.0       1.5189995E-9
  4435.0       1.5290813E-9
  4440.0       1.5973814E-9
  4445.0       1.6568402E-9
  4450.0       1.6717306E-9
  4455.0       1.5825513E-9
  4460.0       1.5226566E-9
  4465.0       1.577366E-9
  4470.0       1.6835746E-9
  4475.0       1.7976964E-9
  4480.0       1.8221769E-9
  4485.0       1.8268539E-9
  4490.0       1.7837936E-9
  4495.0       1.7896064E-9
  4500.0       1.9194148E-9
  4505.0       2.0608182E-9
  4510.0       2.0601412E-9
  4515.0       1.990805E-9
  4520.0       1.9620834E-9
  4525.0       1.8176124E-9
  4530.0       1.7186313E-9
  4535.0       1.8016458E-9
  4540.0       1.896664E-9
  4545.0       1.930166E-9
  4550.0       1.9375108E-9
  4555.0       2.0014639E-9
  4560.0       2.068603E-9
  4565.0       2.0772373E-9
  4570.0       2.1054176E-9
  4575.0       2.0896962E-9
  4580.0       2.0485291E-9
  4585.0       2.1063138E-9
  4590.0       2.1427404E-9
  4595.0       2.0753457E-9
  4600.0       2.0695465E-9
  4605.0       2.1901636E-9
  4610.0       2.3364546E-9
  4615.0       2.4025497E-9
  4620.0       2.4466535E-9
  4625.0       2.4672797E-9
  4630.0       2.4434559E-9
  4635.0       2.3314217E-9
  4640.0       2.2256983E-9
  4645.0       2.1598057E-9
  4650.0       2.2225406E-9
  4655.0       2.3553024E-9
  4660.0       2.389897E-9
  4665.0       2.236628E-9
  4670.0       2.243416E-9
  4675.0       2.3515192E-9
  4680.0       2.3558697E-9
  4685.0       2.3623328E-9
  4690.0       2.3831832E-9
  4695.0       2.40604E-9
  4700.0       2.3601474E-9
  4705.0       2.3573872E-9
  4710.0       2.391191E-9
  4715.0       2.48255E-9
  4720.0       2.5955906E-9
  4725.0       2.543869E-9
  4730.0       2.418238E-9
  4735.0       2.4727815E-9
  4740.0       2.5738442E-9
  4745.0       2.6553302E-9
  4750.0       2.6564588E-9
  4755.0       2.585794E-9
  4760.0       2.536241E-9
  4765.0       2.5069966E-9
  4770.0       2.599756E-9
  4775.0       2.725861E-9
  4780.0       2.7235239E-9
  4785.0       2.6388236E-9
  4790.0       2.6827198E-9
  4795.0       2.7950626E-9
  4800.0       2.7926002E-9
  4805.0       2.772946E-9
  4810.0       2.7759313E-9
  4815.0       2.8277503E-9
  4820.0       2.8360323E-9
  4825.0       2.799149E-9
  4830.0       2.7884528E-9
  4835.0       2.7956784E-9
  4840.0       2.761194E-9
  4845.0       2.7591678E-9
  4850.0       2.753564E-9
  4855.0       2.627406E-9
  4860.0       2.4708768E-9
  4865.0       2.4725517E-9
  4870.0       2.5286753E-9
  4875.0       2.5960512E-9
  4880.0       2.6631404E-9
  4885.0       2.6045743E-9
  4890.0       2.629584E-9
  4895.0       2.8311973E-9
  4900.0       2.9276304E-9
  4905.0       2.904335E-9
  4910.0       2.864725E-9
  4915.0       2.8237073E-9
  4920.0       2.7182265E-9
  4925.0       2.7698048E-9
  4930.0       2.9140252E-9
  4935.0       2.8895712E-9
  4940.0       2.8787788E-9
  4945.0       3.009247E-9
  4950.0       3.0778973E-9
  4955.0       3.0081457E-9
  4960.0       2.9661984E-9
  4965.0       2.9631153E-9
  4970.0       2.959358E-9
  4975.0       2.9650453E-9
  4980.0       2.8347802E-9
  4985.0       2.7725526E-9
  4990.0       2.8648868E-9
  4995.0       2.8997833E-9
  5000.0       2.8167957E-9
  5005.0       2.7303786E-9
  5010.0       2.6707077E-9
  5015.0       2.6105949E-9
  5020.0       2.668125E-9
  5025.0       2.775038E-9
  5030.0       2.880122E-9
  5035.0       2.8616116E-9
  5040.0       2.7734037E-9
  5045.0       2.8576865E-9
  5050.0       2.9287424E-9
  5055.0       3.015036E-9
  5060.0       3.0719405E-9
  5065.0       2.9946794E-9
  5070.0       2.9304195E-9
  5075.0       2.8772342E-9
  5080.0       2.8218818E-9
  5085.0       2.8788885E-9
  5090.0       2.9868577E-9
  5095.0       2.9722091E-9
  5100.0       2.897438E-9
  5105.0       2.8878824E-9
  5110.0       2.913067E-9
  5115.0       2.9827383E-9
  5120.0       2.93395E-9
  5125.0       2.8080296E-9
  5130.0       2.8191283E-9
  5135.0       2.8665128E-9
  5140.0       2.82125E-9
  5145.0       2.7524634E-9
  5150.0       2.7491585E-9
  5155.0       2.8270342E-9
  5160.0       2.7995075E-9
  5165.0       2.5181142E-9
  5170.0       2.3588367E-9
  5175.0       2.5107894E-9
  5180.0       2.6132976E-9
  5185.0       2.6409894E-9
  5190.0       2.7627245E-9
  5195.0       2.8302158E-9
  5200.0       2.865381E-9
  5205.0       2.7819627E-9
  5210.0       2.8053488E-9
  5215.0       2.961541E-9
  5220.0       2.997618E-9
  5225.0       2.893476E-9
  5230.0       2.9505758E-9
  5235.0       3.0787985E-9
  5240.0       3.1829719E-9
  5245.0       3.1234555E-9
  5250.0       3.0037366E-9
  5255.0       3.0291867E-9
  5260.0       2.9887155E-9
  5265.0       2.781242E-9
  5270.0       2.7646407E-9
  5275.0       2.9768439E-9
  5280.0       3.1872536E-9
  5285.0       3.3313874E-9
  5290.0       3.433741E-9
  5295.0       3.3389036E-9
  5300.0       3.30065E-9
  5305.0       3.476524E-9
  5310.0       3.6005443E-9
  5315.0       3.5693213E-9
  5320.0       3.456095E-9
  5325.0       3.2788074E-9
  5330.0       3.236579E-9
  5335.0       3.416896E-9
  5340.0       3.491996E-9
  5345.0       3.4956504E-9
  5350.0       3.581523E-9
  5355.0       3.7364574E-9
  5360.0       3.7585894E-9
  5365.0       3.6144907E-9
  5370.0       3.5182592E-9
  5375.0       3.6140846E-9
  5380.0       3.6970023E-9
  5385.0       3.6465675E-9
  5390.0       3.5290106E-9
  5395.0       3.4089398E-9
  5400.0       3.3592231E-9
  5405.0       3.3157057E-9
  5410.0       3.4047225E-9
  5415.0       3.593068E-9
  5420.0       3.6569725E-9
  5425.0       3.6146508E-9
  5430.0       3.5309975E-9
  5435.0       3.523118E-9
  5440.0       3.670492E-9
  5445.0       3.6929697E-9
  5450.0       3.666379E-9
  5455.0       3.6735777E-9
  5460.0       3.7083823E-9
  5465.0       3.708289E-9
  5470.0       3.6632608E-9
  5475.0       3.550069E-9
  5480.0       3.52321E-9
  5485.0       3.6119154E-9
  5490.0       3.6798518E-9
  5495.0       3.7325303E-9
  5500.0       3.74499E-9
  5505.0       3.6911716E-9
  5510.0       3.6518655E-9
  5515.0       3.6909125E-9
  5520.0       3.812132E-9
  5525.0       3.802202E-9
  5530.0       3.754749E-9
  5535.0       3.7769734E-9
  5540.0       3.8675565E-9
  5545.0       3.933817E-9
  5550.0       3.9923584E-9
  5555.0       3.9906323E-9
  5560.0       3.9363215E-9
  5565.0       3.856022E-9
  5570.0       3.848354E-9
  5575.0       3.9141366E-9
  5580.0       3.915988E-9
  5585.0       3.783374E-9
  5590.0       3.6982277E-9
  5595.0       3.7853676E-9
  5600.0       3.8604986E-9
  5605.0       3.954266E-9
  5610.0       4.016782E-9
  5615.0       3.902649E-9
  5620.0       3.8455816E-9
  5625.0       3.8648875E-9
  5630.0       3.9478363E-9
  5635.0       3.946074E-9
  5640.0       3.882188E-9
  5645.0       3.8947974E-9
  5650.0       3.9109027E-9
  5655.0       3.83668E-9
  5660.0       3.7637453E-9
  5665.0       3.8394155E-9
  5670.0       3.941109E-9
  5675.0       4.0430423E-9
  5680.0       4.0147135E-9
  5685.0       3.9446E-9
  5690.0       3.969283E-9
  5695.0       3.9829775E-9
  5700.0       3.8595727E-9
  5705.0       3.7439367E-9
  5710.0       3.7520946E-9
  5715.0       3.9570973E-9
  5720.0       4.1381725E-9
  5725.0       4.1612878E-9
  5730.0       4.121786E-9
  5735.0       4.126237E-9
  5740.0       4.116495E-9
  5745.0       4.0999377E-9
  5750.0       4.0473216E-9
  5755.0       4.030919E-9
  5760.0       4.087877E-9
  5765.0       4.171104E-9
  5770.0       4.202629E-9
  5775.0       4.0943506E-9
  5780.0       3.8658574E-9
  5785.0       3.8266275E-9
  5790.0       3.984875E-9
  5795.0       4.1016937E-9
  5800.0       4.1708033E-9
  5805.0       4.189542E-9
  5810.0       4.2124957E-9
  5815.0       4.2760924E-9
  5820.0       4.3656523E-9
  5825.0       4.4107407E-9
  5830.0       4.4082813E-9
  5835.0       4.3979322E-9
  5840.0       4.4230624E-9
  5845.0       4.3985944E-9
  5850.0       4.3030868E-9
  5855.0       4.2049244E-9
  5860.0       4.205657E-9
  5865.0       4.2831716E-9
  5870.0       4.3517185E-9
  5875.0       4.333902E-9
  5880.0       4.2209E-9
  5885.0       3.9160946E-9
  5890.0       3.4253942E-9
  5895.0       3.4131828E-9
  5900.0       3.855284E-9
  5905.0       4.2226E-9
  5910.0       4.2986867E-9
  5915.0       4.260767E-9
  5920.0       4.280424E-9
  5925.0       4.3306114E-9
  5930.0       4.3231134E-9
  5935.0       4.305881E-9
  5940.0       4.29746E-9
  5945.0       4.2772017E-9
  5950.0       4.244298E-9
  5955.0       4.2567248E-9
  5960.0       4.3590043E-9
  5965.0       4.432507E-9
  5970.0       4.4638324E-9
  5975.0       4.380741E-9
  5980.0       4.3058006E-9
  5985.0       4.2890393E-9
  5990.0       4.326216E-9
  5995.0       4.3386614E-9
  6000.0       4.2960897E-9
  6005.0       4.2444985E-9
  6010.0       4.225174E-9
  6015.0       4.2073856E-9
  6020.0       4.2147703E-9
  6025.0       4.3176915E-9
  6030.0       4.4117394E-9
  6035.0       4.465407E-9
  6040.0       4.4517163E-9
  6045.0       4.4940607E-9
  6050.0       4.4998343E-9
  6055.0       4.4342117E-9
  6060.0       4.3814743E-9
  6065.0       4.393234E-9
  6070.0       4.5121475E-9
  6075.0       4.481381E-9
  6080.0       4.3125246E-9
  6085.0       4.224216E-9
  6090.0       4.1972217E-9
  6095.0       4.2116506E-9
  6100.0       4.2130455E-9
  6105.0       4.2354635E-9
  6110.0       4.3226427E-9
  6115.0       4.30971E-9
  6120.0       4.1994817E-9
  6125.0       4.1600194E-9
  6130.0       4.1479904E-9
  6135.0       3.999945E-9
  6140.0       4.0381196E-9
  6145.0       4.186145E-9
  6150.0       4.187173E-9
  6155.0       4.1404493E-9
  6160.0       3.9946744E-9
  6165.0       3.951322E-9
  6170.0       4.023098E-9
  6175.0       4.1519663E-9
  6180.0       4.252829E-9
  6185.0       4.200338E-9
  6190.0       4.095255E-9
  6195.0       4.1749444E-9
  6200.0       4.2544697E-9
  6205.0       4.309968E-9
  6210.0       4.179199E-9
  6215.0       3.9773833E-9
  6220.0       3.9736494E-9
  6225.0       4.036772E-9
  6230.0       3.9930326E-9
  6235.0       4.016562E-9
  6240.0       3.9443115E-9
  6245.0       3.8928114E-9
  6250.0       3.889373E-9
  6255.0       3.745332E-9
  6260.0       3.806019E-9
  6265.0       3.9710653E-9
  6270.0       4.009654E-9
  6275.0       3.9798773E-9
  6280.0       3.9216723E-9
  6285.0       4.0467607E-9
  6290.0       4.1137214E-9
  6295.0       4.015862E-9
  6300.0       3.9920445E-9
  6305.0       4.0454893E-9
  6310.0       4.0575414E-9
  6315.0       3.9653676E-9
  6320.0       3.9956336E-9
  6325.0       4.1242534E-9
  6330.0       4.171658E-9
  6335.0       4.111053E-9
  6340.0       4.0951726E-9
  6345.0       4.1545634E-9
  6350.0       4.211677E-9
  6355.0       4.095212E-9
  6360.0       3.955109E-9
  6365.0       4.0622754E-9
  6370.0       4.259976E-9
  6375.0       4.3174615E-9
  6380.0       4.293105E-9
  6385.0       4.309504E-9
  6390.0       4.270341E-9
  6395.0       4.2191703E-9
  6400.0       4.23366E-9
  6405.0       4.2716772E-9
  6410.0       4.238139E-9
  6415.0       4.228391E-9
  6420.0       4.2374717E-9
  6425.0       4.29996E-9
  6430.0       4.2622395E-9
  6435.0       4.2800714E-9
  6440.0       4.3318753E-9
  6445.0       4.315005E-9
  6450.0       4.179141E-9
  6455.0       4.1975103E-9
  6460.0       4.236227E-9
  6465.0       4.216881E-9
  6470.0       4.2546406E-9
  6475.0       4.2773354E-9
  6480.0       4.235189E-9
  6485.0       4.182555E-9
  6490.0       4.0473527E-9
  6495.0       3.7825223E-9
  6500.0       3.9364805E-9
  6505.0       4.213909E-9
  6510.0       4.3130526E-9
  6515.0       4.3057624E-9
  6520.0       4.3182053E-9
  6525.0       4.3389448E-9
  6530.0       4.309611E-9
  6535.0       4.346877E-9
  6540.0       4.364317E-9
  6545.0       4.30693E-9
  6550.0       4.2334327E-9
  6555.0       4.1018695E-9
  6560.0       3.8844075E-9
  6565.0       3.8766412E-9
  6570.0       4.1205435E-9
  6575.0       4.2009236E-9
  6580.0       4.3025694E-9
  6585.0       4.329189E-9
  6590.0       4.282671E-9
  6595.0       4.2418358E-9
  6600.0       4.329609E-9
  6605.0       4.3064263E-9
  6610.0       4.299618E-9
  6615.0       4.4215636E-9
  6620.0       4.4586828E-9
  6625.0       4.3818043E-9
  6630.0       4.3302952E-9
  6635.0       4.3436437E-9
  6640.0       4.3567456E-9
  6645.0       4.3547552E-9
  6650.0       4.4147446E-9
  6655.0       4.4217834E-9
  6660.0       4.343738E-9
  6665.0       4.292683E-9
  6670.0       4.352219E-9
  6675.0       4.351342E-9
  6680.0       4.383206E-9
  6685.0       4.4808193E-9
  6690.0       4.486211E-9
  6695.0       4.4304898E-9
  6700.0       4.4030872E-9
  6705.0       4.3949315E-9
  6710.0       4.3491086E-9
  6715.0       4.2964095E-9
  6720.0       4.380723E-9
  6725.0       4.450944E-9
  6730.0       4.4496216E-9
  6735.0       4.3950883E-9
  6740.0       4.3137898E-9
  6745.0       4.317438E-9
  6750.0       4.3375192E-9
  6755.0       4.4095922E-9
  6760.0       4.4983715E-9
  6765.0       4.4378847E-9
  6770.0       4.3802655E-9
  6775.0       4.4534634E-9
  6780.0       4.4743436E-9
  6785.0       4.425441E-9
  6790.0       4.43378E-9
  6795.0       4.4242543E-9
  6800.0       4.438596E-9
  6805.0       4.4251065E-9
  6810.0       4.425138E-9
  6815.0       4.4389807E-9
  6820.0       4.4699466E-9
  6825.0       4.4738724E-9
  6830.0       4.4574646E-9
  6835.0       4.450842E-9
  6840.0       4.4485287E-9
  6845.0       4.44355E-9
  6850.0       4.436847E-9
  6855.0       4.430346E-9
  6860.0       4.423921E-9
  6865.0       4.418325E-9
  6870.0       4.4119552E-9
  6875.0       4.405205E-9
  6880.0       4.3990216E-9
  6885.0       4.3938586E-9
  6890.0       4.388279E-9
  6895.0       4.3819486E-9
  6900.0       4.3757784E-9
  6905.0       4.369445E-9
  6910.0       4.3630424E-9
  6915.0       4.359256E-9
  6920.0       4.356152E-9
  6925.0       4.3493222E-9
  6930.0       4.341662E-9
  6935.0       4.334184E-9
  6940.0       4.328392E-9
  6945.0       4.3225743E-9
  6950.0       4.3166697E-9
  6955.0       4.312333E-9
  6960.0       4.3067994E-9
  6965.0       4.302047E-9
  6970.0       4.294213E-9
  6975.0       4.2158845E-9
  6980.0       4.1831845E-9
  6985.0       4.2762958E-9
  6990.0       4.2886135E-9
  6995.0       4.264649E-9
  7000.0       4.1946735E-9
  7005.0       4.178609E-9
  7010.0       4.175239E-9
  7015.0       4.104471E-9
  7020.0       4.143995E-9
  7025.0       4.1633292E-9
  7030.0       4.235561E-9
  7035.0       4.271274E-9
  7040.0       4.3474815E-9
  7045.0       4.4166084E-9
  7050.0       4.3628634E-9
  7055.0       4.334329E-9
  7060.0       4.319108E-9
  7065.0       4.2369677E-9
  7070.0       4.271668E-9
  7075.0       4.3766004E-9
  7080.0       4.339902E-9
  7085.0       4.2063526E-9
  7090.0       4.198875E-9
  7095.0       4.2237964E-9
  7100.0       4.226094E-9
  7105.0       4.1699395E-9
  7110.0       4.121153E-9
  7115.0       4.140235E-9
  7120.0       4.1470476E-9
  7125.0       4.142992E-9
  7130.0       4.1197614E-9
  7135.0       4.1631445E-9
  7140.0       4.164961E-9
  7145.0       4.1537973E-9
  7150.0       4.147063E-9
  7155.0       4.1942525E-9
  7160.0       4.1980353E-9
  7165.0       4.1543995E-9
  7170.0       4.141236E-9
  7175.0       4.094754E-9
  7180.0       4.0242933E-9
  7185.0       3.941797E-9
  7190.0       3.9199652E-9
  7195.0       3.998256E-9
  7200.0       4.0289336E-9
  7205.0       4.046701E-9
  7210.0       4.114948E-9
  7215.0       4.197114E-9
  7220.0       4.21644E-9
  7225.0       4.226959E-9
  7230.0       4.252383E-9
  7235.0       4.232006E-9
  7240.0       4.2083195E-9
  7245.0       4.1794066E-9
  7250.0       4.142738E-9
  7255.0       4.1114787E-9
  7260.0       4.0933457E-9
  7265.0       4.116191E-9
  7270.0       4.1600856E-9
  7275.0       4.1455497E-9
  7280.0       4.0944053E-9
  7285.0       4.0395594E-9
  7290.0       4.012074E-9
  7295.0       4.087158E-9
  7300.0       4.1238923E-9
  7305.0       4.115777E-9
  7310.0       4.106641E-9
  7315.0       4.094181E-9
  7320.0       4.097242E-9
  7325.0       4.099764E-9
  7330.0       4.128752E-9
  7335.0       4.1711203E-9
  7340.0       4.1944586E-9
  7345.0       4.1304506E-9
  7350.0       4.0658157E-9
  7355.0       3.9890358E-9
  7360.0       4.02786E-9
  7365.0       4.060039E-9
  7370.0       4.1607753E-9
  7375.0       4.213892E-9
  7380.0       4.163934E-9
  7385.0       4.0487453E-9
  7390.0       4.045006E-9
  7395.0       4.1219903E-9
  7400.0       4.1617936E-9
  7405.0       4.1850376E-9
  7410.0       4.0787262E-9
  7415.0       4.009185E-9
  7420.0       4.0468664E-9
  7425.0       4.140586E-9
  7430.0       4.1858623E-9
  7435.0       4.1887303E-9
  7440.0       4.12328E-9
  7445.0       4.1139097E-9
  7450.0       4.1892165E-9
  7455.0       4.2080344E-9
  7460.0       4.127991E-9
  7465.0       4.1653325E-9
  7470.0       4.1817465E-9
  7475.0       4.1373767E-9
  7480.0       4.124546E-9
  7485.0       4.129636E-9
  7490.0       4.0894426E-9
  7495.0       4.0735166E-9
  7500.0       4.1685277E-9
  7505.0       4.1697494E-9
  7510.0       4.156739E-9
  7515.0       4.220529E-9
  7520.0       4.225103E-9
  7525.0       4.1890846E-9
  7530.0       4.2275734E-9
  7535.0       4.271276E-9
  7540.0       4.2591077E-9
  7545.0       4.2385926E-9
  7550.0       4.240724E-9
  7555.0       4.2392037E-9
  7560.0       4.2370885E-9
  7565.0       4.237003E-9
  7570.0       4.2365937E-9
  7575.0       4.2358588E-9
  7580.0       4.236523E-9
  7585.0       4.236921E-9
  7590.0       4.236599E-9
  7595.0       4.237185E-9
  7600.0       4.2384576E-9
  7605.0       4.239118E-9
  7610.0       4.239257E-9
  7615.0       4.2392916E-9
  7620.0       4.2391943E-9
  7625.0       4.23899E-9
  7630.0       4.2386405E-9
  7635.0       4.238191E-9
  7640.0       4.237614E-9
  7645.0       4.2369486E-9
  7650.0       4.236196E-9
  7655.0       4.2353654E-9
  7660.0       4.2344728E-9
  7665.0       4.233503E-9
  7670.0       4.2320405E-9
  7675.0       4.2295154E-9
  7680.0       4.2273975E-9
  7685.0       4.227778E-9
  7690.0       4.2287644E-9
  7695.0       4.2266586E-9
  7700.0       4.223204E-9
  7705.0       4.2197557E-9
  7710.0       4.216783E-9
  7715.0       4.214017E-9
  7720.0       4.2116692E-9
  7725.0       4.2105817E-9
  7730.0       4.227115E-9
  7735.0       4.2743697E-9
  7740.0       4.2457056E-9
  7745.0       4.124789E-9
  7750.0       4.1237693E-9
  7755.0       4.2513957E-9
  7760.0       4.2954196E-9
  7765.0       4.2906882E-9
  7770.0       4.275393E-9
  7775.0       4.2621737E-9
  7780.0       4.231854E-9
  7785.0       4.2163135E-9
  7790.0       4.207153E-9
  7795.0       4.2140766E-9
  7800.0       4.2016977E-9
  7805.0       4.212077E-9
  7810.0       4.2178923E-9
  7815.0       4.2691517E-9
  7820.0       4.2880526E-9
  7825.0       4.268932E-9
  7830.0       4.1726724E-9
  7835.0       4.13144E-9
  7840.0       4.2038977E-9
  7845.0       4.2142996E-9
  7850.0       4.1546913E-9
  7855.0       4.1625237E-9
  7860.0       4.2161403E-9
  7865.0       4.2138355E-9
  7870.0       4.1219987E-9
  7875.0       4.0465116E-9
  7880.0       4.018043E-9
  7885.0       4.03983E-9
  7890.0       3.9982693E-9
  7895.0       3.8795163E-9
  7900.0       3.9038226E-9
  7905.0       3.9178034E-9
  7910.0       3.8312082E-9
  7915.0       3.759616E-9
  7920.0       3.7908774E-9
  7925.0       3.8258317E-9
  7930.0       3.808526E-9
  7935.0       3.746339E-9
  7940.0       3.666219E-9
  7945.0       3.6513588E-9
  7950.0       3.7240233E-9
  7955.0       3.7524566E-9
  7960.0       3.7613725E-9
  7965.0       3.7890686E-9
  7970.0       3.811257E-9
  7975.0       3.799739E-9
  7980.0       3.7799563E-9
  7985.0       3.7657637E-9
  7990.0       3.7528567E-9
  7995.0       3.6895473E-9
  8000.0       3.6685617E-9
  8005.0       3.7145405E-9
  8010.0       3.741716E-9
  8015.0       3.763778E-9
  8020.0       3.7007402E-9
  8025.0       3.5719518E-9
  8030.0       3.6249537E-9
  8035.0       3.7388337E-9
  8040.0       3.689362E-9
  8045.0       3.5621095E-9
  8050.0       3.5669447E-9
  8055.0       3.6626748E-9
  8060.0       3.6636645E-9
  8065.0       3.5756622E-9
  8070.0       3.4756713E-9
  8075.0       3.4771677E-9
  8080.0       3.4962828E-9
  8085.0       3.4775522E-9
  8090.0       3.39946E-9
  8095.0       3.3758338E-9
  8100.0       3.4015386E-9
  8105.0       3.400733E-9
  8110.0       3.3876555E-9
  8115.0       3.3707386E-9
  8120.0       3.388712E-9
  8125.0       3.4095635E-9
  8130.0       3.392404E-9
  8135.0       3.395693E-9
  8140.0       3.3901704E-9
  8145.0       3.379639E-9
  8150.0       3.375138E-9
  8155.0       3.387338E-9
  8160.0       3.3521002E-9
  8165.0       3.3532064E-9
  8170.0       3.377493E-9
  8175.0       3.3629466E-9
  8180.0       3.3415861E-9
  8185.0       3.3267096E-9
  8190.0       3.3452425E-9
  8195.0       3.3216254E-9
  8200.0       3.3168137E-9
  8205.0       3.3304992E-9
  8210.0       3.3632175E-9
  8215.0       3.377895E-9
  8220.0       3.362977E-9
  8225.0       3.3537992E-9
  8230.0       3.3401326E-9
  8235.0       3.369878E-9
  8240.0       3.3894723E-9
  8245.0       3.4065497E-9
  8250.0       3.4040455E-9
  8255.0       3.3875225E-9
  8260.0       3.4268504E-9
  8265.0       3.432752E-9
  8270.0       3.4138903E-9
  8275.0       3.39804E-9
  8280.0       3.4099086E-9
  8285.0       3.4027612E-9
  8290.0       3.381739E-9
  8295.0       3.3599978E-9
  8300.0       3.355875E-9
  8305.0       3.3232257E-9
  8310.0       3.324485E-9
  8315.0       3.3640342E-9
  8320.0       3.352811E-9
  8325.0       3.3319618E-9
  8330.0       3.3129421E-9
  8335.0       3.3310859E-9
  8340.0       3.3462118E-9
  8345.0       3.343832E-9
  8350.0       3.3521665E-9
  8355.0       3.3667151E-9
  8360.0       3.3629608E-9
  8365.0       3.357586E-9
  8370.0       3.3890892E-9
  8375.0       3.3763286E-9
  8380.0       3.3347372E-9
  8385.0       3.299036E-9
  8390.0       3.3382235E-9
  8395.0       3.3806948E-9
  8400.0       3.3867877E-9
  8405.0       3.3931977E-9
  8410.0       3.375848E-9
  8415.0       3.3559349E-9
  8420.0       3.3336909E-9
  8425.0       3.3060905E-9
  8430.0       3.3213399E-9
  8435.0       3.255367E-9
  8440.0       3.2956424E-9
  8445.0       3.3613594E-9
  8450.0       3.408108E-9
  8455.0       3.434539E-9
  8460.0       3.4448033E-9
  8465.0       3.3927048E-9
  8470.0       3.4043286E-9
  8475.0       3.4958145E-9
  8480.0       3.494065E-9
  8485.0       3.4908803E-9
  8490.0       3.4030163E-9
  8495.0       3.0806044E-9
  8500.0       3.0286997E-9
  8505.0       3.3384637E-9
  8510.0       3.400099E-9
  8515.0       3.3094878E-9
  8520.0       3.3440277E-9
  8525.0       3.3516305E-9
  8530.0       3.2718845E-9
  8535.0       2.943493E-9
  8540.0       2.4568054E-9
  8545.0       2.580857E-9
  8550.0       3.0965732E-9
  8555.0       3.353365E-9
  8560.0       3.430537E-9
  8565.0       3.4546201E-9
  8570.0       3.4648837E-9
  8575.0       3.4670837E-9
  8580.0       3.4609604E-9
  8585.0       3.4738303E-9
  8590.0       3.5182415E-9
  8595.0       3.5464152E-9
  8600.0       3.5572632E-9
  8605.0       3.5255368E-9
  8610.0       3.4787802E-9
  8615.0       3.5019523E-9
  8620.0       3.528328E-9
  8625.0       3.5628187E-9
  8630.0       3.593754E-9
  8635.0       3.6161598E-9
  8640.0       3.6141623E-9
  8645.0       3.554374E-9
  8650.0       3.4474987E-9
  8655.0       3.196133E-9
  8660.0       2.7492606E-9
  8665.0       2.8581526E-9
  8670.0       3.2452698E-9
  8675.0       3.386877E-9
  8680.0       3.4567447E-9
  8685.0       3.4470131E-9
  8690.0       3.4721772E-9
  8695.0       3.5830103E-9
  8700.0       3.6036367E-9
  8705.0       3.6250851E-9
  8710.0       3.6212775E-9
  8715.0       3.6621317E-9
  8720.0       3.7035195E-9
  8725.0       3.6687668E-9
  8730.0       3.627006E-9
  8735.0       3.6215102E-9
  8740.0       3.6128243E-9
  8745.0       3.60594E-9
  8750.0       3.5868604E-9
  8755.0       3.5911925E-9
  8760.0       3.603627E-9
  8765.0       3.5693333E-9
  8770.0       3.5417262E-9
  8775.0       3.5763588E-9
  8780.0       3.6316612E-9
  8785.0       3.6336787E-9
  8790.0       3.590126E-9
  8795.0       3.569848E-9
  8800.0       3.5296464E-9
  8805.0       3.4026482E-9
  8810.0       3.4816163E-9
  8815.0       3.600583E-9
  8820.0       3.577449E-9
  8825.0       3.5726468E-9
  8830.0       3.6286767E-9
  8835.0       3.5870158E-9
  8840.0       3.5726397E-9
  8845.0       3.6379417E-9
  8850.0       3.682992E-9
  8855.0       3.678057E-9
  8860.0       3.610937E-9
  8865.0       3.5662855E-9
  8870.0       3.6026055E-9
  8875.0       3.6132504E-9
  8880.0       3.6214785E-9
  8885.0       3.6672005E-9
  8890.0       3.6571046E-9
  8895.0       3.6552836E-9
  8900.0       3.6709356E-9
  8905.0       3.6742458E-9
  8910.0       3.6552064E-9
  8915.0       3.6324947E-9
  8920.0       3.5993546E-9
  8925.0       3.5773062E-9
  8930.0       3.6133767E-9
  8935.0       3.6514245E-9
  8940.0       3.616431E-9
  8945.0       3.5539072E-9
  8950.0       3.6196215E-9
  8955.0       3.6937904E-9
  8960.0       3.6889032E-9
  8965.0       3.657679E-9
  8970.0       3.6249337E-9
  8975.0       3.5972996E-9
  8980.0       3.6086405E-9
  8985.0       3.5617322E-9
  8990.0       3.5204866E-9
  8995.0       3.5725756E-9
  9000.0       3.5294883E-9
  9005.0       3.5031902E-9
  9010.0       3.3933452E-9
  9015.0       3.3685374E-9
  9020.0       3.419457E-9
  9025.0       3.4792855E-9
  9030.0       3.6235808E-9
  9035.0       3.7110006E-9
  9040.0       3.747845E-9
  9045.0       3.734661E-9
  9050.0       3.728309E-9
  9055.0       3.7088923E-9
  9060.0       3.6536676E-9
  9065.0       3.5959762E-9
  9070.0       3.5402572E-9
  9075.0       3.505843E-9
  9080.0       3.4167011E-9
  9085.0       3.3341103E-9
  9090.0       3.2928555E-9
  9095.0       3.390744E-9
  9100.0       3.4182237E-9
  9105.0       3.410091E-9
  9110.0       3.4221803E-9
  9115.0       3.3748482E-9
  9120.0       3.4044356E-9
  9125.0       3.4860803E-9
  9130.0       3.4501524E-9
  9135.0       3.3619987E-9
  9140.0       3.2523861E-9
  9145.0       3.207865E-9
  9150.0       3.1936007E-9
  9155.0       3.179515E-9
  9160.0       3.2125647E-9
  9165.0       3.125131E-9
  9170.0       2.9528E-9
  9175.0       2.9636464E-9
  9180.0       3.0728102E-9
  9185.0       3.1032974E-9
  9190.0       3.0692875E-9
  9195.0       3.036849E-9
  9200.0       3.0288698E-9
  9205.0       3.0129252E-9
  9210.0       2.9828102E-9
  9215.0       2.9703078E-9
  9220.0       2.9926048E-9
  9225.0       3.0162441E-9
  9230.0       3.0116312E-9
  9235.0       2.9964013E-9
  9240.0       2.9772809E-9
  9245.0       2.9780534E-9
  9250.0       2.997931E-9
  9255.0       3.008665E-9
  9260.0       3.0386849E-9
  9265.0       3.0881102E-9
  9270.0       3.1069354E-9
  9275.0       3.0934775E-9
  9280.0       3.0822762E-9
  9285.0       3.0802896E-9
  9290.0       3.0744167E-9
  9295.0       3.0878797E-9
  9300.0       3.0928884E-9
  9305.0       3.0687E-9
  9310.0       3.0318672E-9
  9315.0       2.9993612E-9
  9320.0       3.000719E-9
  9325.0       3.0134288E-9
  9330.0       3.0451892E-9
  9335.0       3.012221E-9
  9340.0       2.9573322E-9
  9345.0       2.9678484E-9
  9350.0       3.0232745E-9
  9355.0       2.9665457E-9
  9360.0       3.0144371E-9
  9365.0       3.0584428E-9
  9370.0       3.0483598E-9
  9375.0       3.0813196E-9
  9380.0       3.0902447E-9
  9385.0       3.1896217E-9
  9390.0       3.282198E-9
  9395.0       3.3259846E-9
  9400.0       3.3142835E-9
  9405.0       3.2702636E-9
  9410.0       3.2036143E-9
  9415.0       3.1763447E-9
  9420.0       3.1727407E-9
  9425.0       3.1046192E-9
  9430.0       3.0828244E-9
  9435.0       3.0724523E-9
  9440.0       2.9979843E-9
  9445.0       3.06226E-9
  9450.0       3.1069904E-9
  9455.0       3.0800937E-9
  9460.0       3.099946E-9
  9465.0       3.1506697E-9
  9470.0       3.1802259E-9
  9475.0       3.1735345E-9
  9480.0       3.1326661E-9
  9485.0       3.191899E-9
  9490.0       3.184287E-9
  9495.0       3.0958616E-9
  9500.0       3.0923786E-9
  9505.0       3.2071399E-9
  9510.0       3.232622E-9
  9515.0       3.1524852E-9
  9520.0       3.1016927E-9
  9525.0       3.1474445E-9
  9530.0       3.1917045E-9
  9535.0       3.2090426E-9
  9540.0       3.1548482E-9
  9545.0       3.1041454E-9
  9550.0       3.1372271E-9
  9555.0       3.1327607E-9
  9560.0       3.1449863E-9
  9565.0       3.1269825E-9
  9570.0       3.148079E-9
  9575.0       3.168375E-9
  9580.0       3.1467322E-9
  9585.0       3.1432545E-9
  9590.0       3.1484892E-9
  9595.0       3.1534824E-9
  9600.0       3.1495793E-9
  9605.0       3.156839E-9
  9610.0       3.1893668E-9
  9615.0       3.1777736E-9
  9620.0       3.1629497E-9
  9625.0       3.1372738E-9
  9630.0       3.1507128E-9
  9635.0       3.0983003E-9
  9640.0       3.0782463E-9
  9645.0       3.078727E-9
  9650.0       3.093509E-9
  9655.0       3.102529E-9
  9660.0       3.0812333E-9
  9665.0       3.0783744E-9
  9670.0       3.0804603E-9
  9675.0       3.0871687E-9
  9680.0       3.1201253E-9
  9685.0       3.132346E-9
  9690.0       3.1088119E-9
  9695.0       3.129692E-9
  9700.0       3.110865E-9
  9705.0       3.095612E-9
  9710.0       3.1266827E-9
  9715.0       3.1247938E-9
  9720.0       3.1093499E-9
  9725.0       3.0844636E-9
  9730.0       3.0751444E-9
  9735.0       3.0611538E-9
  9740.0       3.049493E-9
  9745.0       3.0446874E-9
  9750.0       3.0745906E-9
  9755.0       3.0908331E-9
  9760.0       3.0933438E-9
  9765.0       3.0895686E-9
  9770.0       3.1019047E-9
  9775.0       3.1065748E-9
  9780.0       3.0795042E-9
  9785.0       3.0595468E-9
  9790.0       3.0790994E-9
  9795.0       3.1242438E-9
  9800.0       3.1341592E-9
  9805.0       3.1551939E-9
  9810.0       3.160158E-9
  9815.0       3.1728067E-9
  9820.0       3.1746075E-9
  9825.0       3.1651735E-9
  9830.0       3.1545173E-9
  9835.0       3.169334E-9
  9840.0       3.1982426E-9
  9845.0       3.1964549E-9
  9850.0       3.1980005E-9
  9855.0       3.1990104E-9
  9860.0       3.1790772E-9
  9865.0       3.1552425E-9
  9870.0       3.1790701E-9
  9875.0       3.1822316E-9
  9880.0       3.182317E-9
  9885.0       3.1754037E-9
  9890.0       3.1855238E-9
  9895.0       3.1802976E-9
  9900.0       3.1624254E-9
  9905.0       3.1921863E-9
  9910.0       3.1938594E-9
  9915.0       3.1995735E-9
  9920.0       3.1912892E-9
  9925.0       3.1573832E-9
  9930.0       3.1570113E-9
  9935.0       3.1920964E-9
  9940.0       3.2139684E-9
  9945.0       3.1813743E-9
  9950.0       3.1729954E-9
  9955.0       3.1864438E-9
  9960.0       3.2034102E-9
  9965.0       3.1979142E-9
  9970.0       3.1914524E-9
  9975.0       3.2010465E-9
  9980.0       3.1955825E-9
  9985.0       3.1832055E-9
  9990.0       3.173002E-9
  9995.0       3.1676701E-9
  10000.0      3.180445E-9
  10005.0      3.1864837E-9
  10010.0      3.1823055E-9
  10015.0      3.1997773E-9
  10020.0      3.2177112E-9
  10025.0      3.207535E-9
  10030.0      3.2117033E-9
  10035.0      3.1842262E-9
  10040.0      3.1960063E-9
  10045.0      3.1789713E-9
  10050.0      3.1543963E-9
  10055.0      3.1663958E-9
  10060.0      3.1511598E-9
  10065.0      3.156663E-9
  10070.0      3.1501128E-9
  10075.0      3.1892569E-9
  10080.0      3.1762757E-9
  10085.0      3.1881315E-9
  10090.0      3.1985683E-9
  10095.0      3.1939864E-9
  10100.0      3.2038776E-9
  10105.0      3.2087535E-9
  10110.0      3.2045804E-9
  10115.0      3.172932E-9
  10120.0      3.1946739E-9
  10125.0      3.204387E-9
  10130.0      3.1983465E-9
  10135.0      3.1890486E-9
  10140.0      3.1866965E-9
  10145.0      3.1866612E-9
  10150.0      3.1868794E-9
  10155.0      3.187175E-9
  10160.0      3.1875125E-9
  10165.0      3.1878544E-9
  10170.0      3.1881668E-9
  10175.0      3.1883887E-9
  10180.0      3.1884955E-9
  10185.0      3.1884324E-9
  10190.0      3.1881617E-9
  10195.0      3.1876435E-9
  10200.0      3.1868228E-9
  10205.0      3.1857013E-9
  10210.0      3.1842886E-9
  10215.0      3.182634E-9
  10220.0      3.1807952E-9
  10225.0      3.1788163E-9
  10230.0      3.1767513E-9
  10235.0      3.1746408E-9
  10240.0      3.1725436E-9
  10245.0      3.1704976E-9
  10250.0      3.1685685E-9
  10255.0      3.16677E-9
  10260.0      3.1650809E-9
  10265.0      3.1634624E-9
  10270.0      3.1618612E-9
  10275.0      3.1602387E-9
  10280.0      3.1585505E-9
  10285.0      3.1567493E-9
  10290.0      3.1547809E-9
  10295.0      3.1526144E-9
  10300.0      3.1502014E-9
  10305.0      3.1475056E-9
  10310.0      3.144544E-9
  10315.0      3.141323E-9
  10320.0      3.1378822E-9
  10325.0      3.1342284E-9
  10330.0      3.1303853E-9
  10335.0      3.1263805E-9
  10340.0      3.1222327E-9
  10345.0      3.1179659E-9
  10350.0      3.113591E-9
  10355.0      3.109162E-9
  10360.0      3.104719E-9
  10365.0      3.1003395E-9
  10370.0      3.0960807E-9
  10375.0      3.092021E-9
  10380.0      3.0882237E-9
  10385.0      3.0847642E-9
  10390.0      3.081705E-9
  10395.0      3.0791065E-9
  10400.0      3.0770515E-9
  10405.0      3.0755622E-9
  10410.0      3.0746037E-9
  10415.0      3.0740916E-9
  10420.0      3.073964E-9
  10425.0      3.0741494E-9
  10430.0      3.0745557E-9
  10435.0      3.0751175E-9
  10440.0      3.0757539E-9
  10445.0      3.0763903E-9
  10450.0      3.0769565E-9
  10455.0      3.0774001E-9
  10460.0      3.0777072E-9
  10465.0      3.0778924E-9
  10470.0      3.0779717E-9
  10475.0      3.0779548E-9
  10480.0      3.077865E-9
  10485.0      3.0776999E-9
  10490.0      3.0774945E-9
  10495.0      3.0772416E-9
  10500.0      3.076971E-9
  10505.0      3.0766891E-9
  10510.0      3.076401E-9
  10515.0      3.0760992E-9
  10520.0      3.0757872E-9
  10525.0      3.0754657E-9
  10530.0      3.0751413E-9
  10535.0      3.0748069E-9
  10540.0      3.074462E-9
  10545.0      3.0741132E-9
  10550.0      3.073751E-9
  10555.0      3.0733758E-9
  10560.0      3.0729939E-9
  10565.0      3.0726073E-9
  10570.0      3.07221E-9
  10575.0      3.0718086E-9
  10580.0      3.0713911E-9
  10585.0      3.0709724E-9
  10590.0      3.0705376E-9
  10595.0      3.0700984E-9
  10600.0      3.069654E-9
  10605.0      3.0691978E-9
  10610.0      3.0687302E-9
  10615.0      3.0682583E-9
  10620.0      2.3007138E-9
