# WAVELENGTH   FLUX  
  1150.0       0.0   
  1155.0       0.0   
  1160.0       0.0   
  1165.0       0.0   
  1170.0       0.0   
  1175.0       0.0   
  1180.0       0.0   
  1185.0       0.0   
  1190.0       0.0   
  1195.0       0.0   
  1200.0       0.0   
  1205.0       0.0   
  1210.0       0.0   
  1215.0       0.0   
  1220.0       0.0   
  1225.0       0.0   
  1230.0       0.0   
  1235.0       0.0   
  1240.0       0.0   
  1245.0       0.0   
  1250.0       0.0   
  1255.0       0.0   
  1260.0       0.0   
  1265.0       0.0   
  1270.0       0.0   
  1275.0       0.0   
  1280.0       0.0   
  1285.0       0.0   
  1290.0       0.0   
  1295.0       0.0   
  1300.0       0.0   
  1305.0       0.0   
  1310.0       0.0   
  1315.0       0.0   
  1320.0       0.0   
  1325.0       0.0   
  1330.0       0.0   
  1335.0       0.0   
  1340.0       0.0   
  1345.0       0.0   
  1350.0       0.0   
  1355.0       0.0   
  1360.0       0.0   
  1365.0       0.0   
  1370.0       0.0   
  1375.0       0.0   
  1380.0       0.0   
  1385.0       0.0   
  1390.0       0.0   
  1395.0       0.0   
  1400.0       0.0   
  1405.0       0.0   
  1410.0       0.0   
  1415.0       0.0   
  1420.0       0.0   
  1425.0       0.0   
  1430.0       0.0   
  1435.0       0.0   
  1440.0       0.0   
  1445.0       0.0   
  1450.0       0.0   
  1455.0       0.0   
  1460.0       0.0   
  1465.0       0.0   
  1470.0       0.0   
  1475.0       0.0   
  1480.0       0.0   
  1485.0       0.0   
  1490.0       0.0   
  1495.0       0.0   
  1500.0       0.0   
  1505.0       0.0   
  1510.0       0.0   
  1515.0       0.0   
  1520.0       0.0   
  1525.0       0.0   
  1530.0       0.0   
  1535.0       0.0   
  1540.0       0.0   
  1545.0       0.0   
  1550.0       0.0   
  1555.0       0.0   
  1560.0       0.0   
  1565.0       0.0   
  1570.0       0.0   
  1575.0       0.0   
  1580.0       0.0   
  1585.0       0.0   
  1590.0       0.0   
  1595.0       0.0   
  1600.0       0.0   
  1605.0       0.0   
  1610.0       0.0   
  1615.0       0.0   
  1620.0       0.0   
  1625.0       0.0   
  1630.0       0.0   
  1635.0       0.0   
  1640.0       0.0   
  1645.0       0.0   
  1650.0       0.0   
  1655.0       0.0   
  1660.0       0.0   
  1665.0       0.0   
  1670.0       0.0   
  1675.0       0.0   
  1680.0       0.0   
  1685.0       0.0   
  1690.0       0.0   
  1695.0       0.0   
  1700.0       0.0   
  1705.0       0.0   
  1710.0       0.0   
  1715.0       0.0   
  1720.0       0.0   
  1725.0       0.0   
  1730.0       0.0   
  1735.0       0.0   
  1740.0       0.0   
  1745.0       0.0   
  1750.0       0.0   
  1755.0       0.0   
  1760.0       0.0   
  1765.0       0.0   
  1770.0       0.0   
  1775.0       0.0   
  1780.0       0.0   
  1785.0       0.0   
  1790.0       0.0   
  1795.0       0.0   
  1800.0       0.0   
  1805.0       0.0   
  1810.0       0.0   
  1815.0       0.0   
  1820.0       0.0   
  1825.0       0.0   
  1830.0       0.0   
  1835.0       0.0   
  1840.0       0.0   
  1845.0       0.0   
  1850.0       0.0   
  1855.0       0.0   
  1860.0       0.0   
  1865.0       0.0   
  1870.0       0.0   
  1875.0       0.0   
  1880.0       0.0   
  1885.0       0.0   
  1890.0       0.0   
  1895.0       0.0   
  1900.0       0.0   
  1905.0       0.0   
  1910.0       0.0   
  1915.0       0.0   
  1920.0       0.0   
  1925.0       0.0   
  1930.0       0.0   
  1935.0       0.0   
  1940.0       0.0   
  1945.0       0.0   
  1950.0       0.0   
  1955.0       0.0   
  1960.0       0.0   
  1965.0       0.0   
  1970.0       0.0   
  1975.0       0.0   
  1980.0       0.0   
  1985.0       0.0   
  1990.0       0.0   
  1995.0       0.0   
  2000.0       0.0   
  2005.0       0.0   
  2010.0       0.0   
  2015.0       0.0   
  2020.0       0.0   
  2025.0       0.0   
  2030.0       0.0   
  2035.0       0.0   
  2040.0       0.0   
  2045.0       0.0   
  2050.0       0.0   
  2055.0       0.0   
  2060.0       0.0   
  2065.0       0.0   
  2070.0       0.0   
  2075.0       0.0   
  2080.0       0.0   
  2085.0       0.0   
  2090.0       0.0   
  2095.0       0.0   
  2100.0       0.0   
  2105.0       0.0   
  2110.0       0.0   
  2115.0       0.0   
  2120.0       0.0   
  2125.0       0.0   
  2130.0       0.0   
  2135.0       0.0   
  2140.0       0.0   
  2145.0       0.0   
  2150.0       0.0   
  2155.0       0.0   
  2160.0       0.0   
  2165.0       0.0   
  2170.0       0.0   
  2175.0       0.0   
  2180.0       0.0   
  2185.0       0.0   
  2190.0       0.0   
  2195.0       0.0   
  2200.0       0.0   
  2205.0       0.0   
  2210.0       0.0   
  2215.0       4.6021936E-16
  2220.0       3.2153117E-15
  2225.0       3.67346E-15
  2230.0       3.6734625E-15
  2235.0       3.6734637E-15
  2240.0       3.2132555E-15
  2245.0       4.5816023E-16
  2250.0       0.0   
  2255.0       0.0   
  2260.0       0.0   
  2265.0       0.0   
  2270.0       0.0   
  2275.0       0.0   
  2280.0       0.0   
  2285.0       0.0   
  2290.0       0.0   
  2295.0       0.0   
  2300.0       9.203623E-16
  2305.0       7.350911E-15
  2310.0       1.4697828E-14
  2315.0       2.1584566E-14
  2320.0       2.6176376E-14
  2325.0       3.2144768E-14
  2330.0       3.3061156E-14
  2335.0       3.2140835E-14
  2340.0       2.5710304E-14
  2345.0       1.6982906E-14
  2350.0       2.29103E-15
  2355.0       0.0   
  2360.0       0.0   
  2365.0       0.0   
  2370.0       0.0   
  2375.0       0.0   
  2380.0       0.0   
  2385.0       0.0   
  2390.0       0.0   
  2395.0       0.0   
  2400.0       1.05832E-14
  2405.0       8.637411E-14
  2410.0       1.8372445E-13
  2415.0       2.8198773E-13
  2420.0       3.715196E-13
  2425.0       4.3624867E-13
  2430.0       4.6469686E-13
  2435.0       4.476795E-13
  2440.0       3.6958495E-13
  2445.0       2.2077034E-13
  2450.0       2.8869485E-14
  2455.0       0.0   
  2460.0       0.0   
  2465.0       0.0   
  2470.0       0.0   
  2475.0       0.0   
  2480.0       0.0   
  2485.0       0.0   
  2490.0       0.0   
  2495.0       0.0   
  2500.0       1.5045295E-13
  2505.0       1.2367896E-12
  2510.0       2.7062907E-12
  2515.0       4.36815E-12
  2520.0       6.1424602E-12
  2525.0       7.943365E-12
  2530.0       9.68867E-12
  2535.0       1.1295274E-11
  2540.0       1.2683702E-11
  2545.0       1.3768117E-11
  2550.0       1.4470469E-11
  2555.0       1.475221E-11
  2560.0       1.4681346E-11
  2565.0       1.436442E-11
  2570.0       1.39120885E-11
  2575.0       1.3436856E-11
  2580.0       1.3047538E-11
  2585.0       1.2859399E-11
  2590.0       1.298309E-11
  2595.0       1.35269886E-11
  2600.0       1.4601298E-11
  2605.0       1.626564E-11
  2610.0       1.8470888E-11
  2615.0       2.11155E-11
  2620.0       2.4103539E-11
  2625.0       2.733122E-11
  2630.0       3.0697972E-11
  2635.0       3.410189E-11
  2640.0       3.7442854E-11
  2645.0       4.061891E-11
  2650.0       4.3532258E-11
  2655.0       4.6109512E-11
  2660.0       4.8357117E-11
  2665.0       5.0300628E-11
  2670.0       5.1972395E-11
  2675.0       5.3405422E-11
  2680.0       5.4631792E-11
  2685.0       5.568005E-11
  2690.0       5.658636E-11
  2695.0       5.737752E-11
  2700.0       5.808922E-11
  2705.0       5.8739874E-11
  2710.0       5.931109E-11
  2715.0       5.9784414E-11
  2720.0       6.013018E-11
  2725.0       6.0321595E-11
  2730.0       6.033287E-11
  2735.0       6.013859E-11
  2740.0       5.971234E-11
  2745.0       5.902626E-11
  2750.0       5.805904E-11
  2755.0       5.680863E-11
  2760.0       5.531934E-11
  2765.0       5.366491E-11
  2770.0       5.1921273E-11
  2775.0       5.015939E-11
  2780.0       4.8449963E-11
  2785.0       4.686855E-11
  2790.0       4.5489282E-11
  2795.0       4.438511E-11
  2800.0       4.362673E-11
  2805.0       4.328896E-11
  2810.0       4.3456384E-11
  2815.0       4.4206527E-11
  2820.0       4.5626544E-11
  2825.0       4.7794258E-11
  2830.0       5.079543E-11
  2835.0       5.471407E-11
  2840.0       5.9629184E-11
  2845.0       6.5623736E-11
  2850.0       7.277471E-11
  2855.0       8.11065E-11
  2860.0       9.049174E-11
  2865.0       1.00750734E-10
  2870.0       1.1169734E-10
  2875.0       1.231502E-10
  2880.0       1.3492217E-10
  2885.0       1.4682645E-10
  2890.0       1.5867671E-10
  2895.0       1.7029066E-10
  2900.0       1.8148294E-10
  2905.0       1.9207663E-10
  2910.0       2.0191668E-10
  2915.0       2.1085395E-10
  2920.0       2.1874048E-10
  2925.0       2.254293E-10
  2930.0       2.3077376E-10
  2935.0       2.3462599E-10
  2940.0       2.3683758E-10
  2945.0       2.3726562E-10
  2950.0       2.3577154E-10
  2955.0       2.3234667E-10
  2960.0       2.2730232E-10
  2965.0       2.2106988E-10
  2970.0       2.1410138E-10
  2975.0       2.0684317E-10
  2980.0       1.9974049E-10
  2985.0       1.9324281E-10
  2990.0       1.8779672E-10
  2995.0       1.8385227E-10
  3000.0       1.8183732E-10
  3005.0       1.8203393E-10
  3010.0       1.843194E-10
  3015.0       1.8841259E-10
  3020.0       1.9402364E-10
  3025.0       2.0086276E-10
  3030.0       2.0863396E-10
  3035.0       2.170494E-10
  3040.0       2.2581167E-10
  3045.0       2.3463437E-10
  3050.0       2.432274E-10
  3055.0       2.513805E-10
  3060.0       2.5905963E-10
  3065.0       2.6630234E-10
  3070.0       2.7315528E-10
  3075.0       2.796627E-10
  3080.0       2.858729E-10
  3085.0       2.9182987E-10
  3090.0       2.9758015E-10
  3095.0       3.0316602E-10
  3100.0       3.0863703E-10
  3105.0       3.1402947E-10
  3110.0       3.19374E-10
  3115.0       3.2469497E-10
  3120.0       3.300105E-10
  3125.0       3.3534703E-10
  3130.0       3.4072767E-10
  3135.0       3.4617414E-10
  3140.0       3.517065E-10
  3145.0       3.573519E-10
  3150.0       3.6313064E-10
  3155.0       3.716262E-10
  3160.0       3.9478593E-10
  3165.0       4.147004E-10
  3170.0       4.302896E-10
  3175.0       4.3973739E-10
  3180.0       4.4234183E-10
  3185.0       4.3952794E-10
  3190.0       4.3623374E-10
  3195.0       4.3992987E-10
  3200.0       4.6260326E-10
  3205.0       4.7337717E-10
  3210.0       4.761552E-10
  3215.0       4.682233E-10
  3220.0       4.5325593E-10
  3225.0       4.385301E-10
  3230.0       4.3161427E-10
  3235.0       4.39638E-10
  3240.0       4.67825E-10
  3245.0       5.1334015E-10
  3250.0       5.5467536E-10
  3255.0       5.747648E-10
  3260.0       5.8615945E-10
  3265.0       6.0383226E-10
  3270.0       6.199352E-10
  3275.0       6.2655897E-10
  3280.0       6.384982E-10
  3285.0       6.6841577E-10
  3290.0       7.002609E-10
  3295.0       7.1335876E-10
  3300.0       7.0449624E-10
  3305.0       6.8062245E-10
  3310.0       6.569311E-10
  3315.0       6.46115E-10
  3320.0       6.4659766E-10
  3325.0       6.514448E-10
  3330.0       6.54152E-10
  3335.0       6.515788E-10
  3340.0       6.4817235E-10
  3345.0       6.465786E-10
  3350.0       6.3767014E-10
  3355.0       6.141468E-10
  3360.0       5.855872E-10
  3365.0       5.671369E-10
  3370.0       5.7069427E-10
  3375.0       5.9797106E-10
  3380.0       6.283342E-10
  3385.0       6.4474504E-10
  3390.0       6.607746E-10
  3395.0       6.8966843E-10
  3400.0       7.1357115E-10
  3405.0       7.1383477E-10
  3410.0       7.0157263E-10
  3415.0       6.95771E-10
  3420.0       7.0476125E-10
  3425.0       7.241882E-10
  3430.0       7.2898426E-10
  3435.0       7.025442E-10
  3440.0       6.702487E-10
  3445.0       6.632477E-10
  3450.0       6.848592E-10
  3455.0       7.2147754E-10
  3460.0       7.448642E-10
  3465.0       7.367226E-10
  3470.0       7.178718E-10
  3475.0       7.129277E-10
  3480.0       7.177283E-10
  3485.0       7.2248973E-10
  3490.0       7.3224155E-10
  3495.0       7.550505E-10
  3500.0       7.904352E-10
  3505.0       8.272843E-10
  3510.0       8.3708657E-10
  3515.0       8.049619E-10
  3520.0       7.680327E-10
  3525.0       7.6586676E-10
  3530.0       7.9217366E-10
  3535.0       8.243314E-10
  3540.0       8.43957E-10
  3545.0       8.390554E-10
  3550.0       8.0916246E-10
  3555.0       7.6202666E-10
  3560.0       7.1527295E-10
  3565.0       6.806062E-10
  3570.0       6.4595695E-10
  3575.0       6.057732E-10
  3580.0       5.9418775E-10
  3585.0       6.413118E-10
  3590.0       7.259984E-10
  3595.0       8.0901547E-10
  3600.0       8.57062E-10
  3605.0       8.5817997E-10
  3610.0       8.482034E-10
  3615.0       8.6385393E-10
  3620.0       8.9695157E-10
  3625.0       9.2358526E-10
  3630.0       9.258686E-10
  3635.0       9.0538194E-10
  3640.0       9.0567615E-10
  3645.0       9.598953E-10
  3650.0       1.0332405E-9
  3655.0       1.0813925E-9
  3660.0       1.1034538E-9
  3665.0       1.111285E-9
  3670.0       1.1057827E-9
  3675.0       1.089748E-9
  3680.0       1.082411E-9
  3685.0       1.0954166E-9
  3690.0       1.1045772E-9
  3695.0       1.0861639E-9
  3700.0       1.0534545E-9
  3705.0       1.0271594E-9
  3710.0       1.009272E-9
  3715.0       9.909638E-10
  3720.0       9.556133E-10
  3725.0       8.9574875E-10
  3730.0       8.3475815E-10
  3735.0       7.9965745E-10
  3740.0       7.9601653E-10
  3745.0       8.196993E-10
  3750.0       8.629083E-10
  3755.0       9.157734E-10
  3760.0       9.66296E-10
  3765.0       1.0082943E-9
  3770.0       1.0515642E-9
  3775.0       1.0956759E-9
  3780.0       1.0998309E-9
  3785.0       1.0389393E-9
  3790.0       9.68352E-10
  3795.0       9.459618E-10
  3800.0       9.549455E-10
  3805.0       9.527206E-10
  3810.0       9.0710434E-10
  3815.0       8.1026624E-10
  3820.0       7.0530654E-10
  3825.0       6.4141853E-10
  3830.0       6.3267774E-10
  3835.0       6.680998E-10
  3840.0       7.078655E-10
  3845.0       7.183866E-10
  3850.0       7.096467E-10
  3855.0       7.025749E-10
  3860.0       7.031546E-10
  3865.0       7.127889E-10
  3870.0       7.370179E-10
  3875.0       7.819213E-10
  3880.0       8.496053E-10
  3885.0       9.343157E-10
  3890.0       1.0143785E-9
  3895.0       1.0729535E-9
  3900.0       1.1205001E-9
  3905.0       1.1632864E-9
  3910.0       1.1701546E-9
  3915.0       1.1115594E-9
  3920.0       1.0016837E-9
  3925.0       8.7998325E-10
  3930.0       8.0678586E-10
  3935.0       8.2933543E-10
  3940.0       9.385217E-10
  3945.0       1.0848922E-9
  3950.0       1.1723151E-9
  3955.0       1.1365896E-9
  3960.0       1.0430092E-9
  3965.0       9.963623E-10
  3970.0       1.0720089E-9
  3975.0       1.2865459E-9
  3980.0       1.5369754E-9
  3985.0       1.7181537E-9
  3990.0       1.8358097E-9
  3995.0       1.9238866E-9
  4000.0       1.9786557E-9
  4005.0       1.9959665E-9
  4010.0       2.0103803E-9
  4015.0       2.0502287E-9
  4020.0       2.0884012E-9
  4025.0       2.092733E-9
  4030.0       2.0736917E-9
  4035.0       2.051627E-9
  4040.0       2.0289581E-9
  4045.0       2.0032558E-9
  4050.0       1.978507E-9
  4055.0       1.9599882E-9
  4060.0       1.950034E-9
  4065.0       1.956575E-9
  4070.0       2.0032016E-9
  4075.0       2.09382E-9
  4080.0       2.1670785E-9
  4085.0       2.1716808E-9
  4090.0       2.146821E-9
  4095.0       2.143122E-9
  4100.0       2.150109E-9
  4105.0       2.1435587E-9
  4110.0       2.1265767E-9
  4115.0       2.1107034E-9
  4120.0       2.1000215E-9
  4125.0       2.09169E-9
  4130.0       2.073622E-9
  4135.0       2.0390243E-9
  4140.0       2.003636E-9
  4145.0       1.9862798E-9
  4150.0       1.9905424E-9
  4155.0       2.0077953E-9
  4160.0       2.014162E-9
  4165.0       1.9957496E-9
  4170.0       1.978423E-9
  4175.0       1.9866064E-9
  4180.0       2.0017858E-9
  4185.0       2.000734E-9
  4190.0       1.99192E-9
  4195.0       1.9962856E-9
  4200.0       2.0329507E-9
  4205.0       2.1007591E-9
  4210.0       2.1499698E-9
  4215.0       2.1411337E-9
  4220.0       2.1093887E-9
  4225.0       2.1031763E-9
  4230.0       2.1297586E-9
  4235.0       2.1743087E-9
  4240.0       2.207882E-9
  4245.0       2.210264E-9
  4250.0       2.1963884E-9
  4255.0       2.1872009E-9
  4260.0       2.1842008E-9
  4265.0       2.1806859E-9
  4270.0       2.168822E-9
  4275.0       2.1428304E-9
  4280.0       2.102335E-9
  4285.0       2.0447153E-9
  4290.0       1.9587056E-9
  4295.0       1.8572274E-9
  4300.0       1.8226547E-9
  4305.0       1.9186348E-9
  4310.0       2.0900046E-9
  4315.0       2.249286E-9
  4320.0       2.345804E-9
  4325.0       2.3685003E-9
  4330.0       2.3690045E-9
  4335.0       2.3974498E-9
  4340.0       2.4399847E-9
  4345.0       2.4700462E-9
  4350.0       2.4920654E-9
  4355.0       2.5131617E-9
  4360.0       2.5150693E-9
  4365.0       2.4779288E-9
  4370.0       2.405544E-9
  4375.0       2.323152E-9
  4380.0       2.2854931E-9
  4385.0       2.3228772E-9
  4390.0       2.3752456E-9
  4395.0       2.3869322E-9
  4400.0       2.4023468E-9
  4405.0       2.4734554E-9
  4410.0       2.5704374E-9
  4415.0       2.644086E-9
  4420.0       2.6796019E-9
  4425.0       2.6859543E-9
  4430.0       2.6963318E-9
  4435.0       2.732489E-9
  4440.0       2.7644855E-9
  4445.0       2.76116E-9
  4450.0       2.7402458E-9
  4455.0       2.7357234E-9
  4460.0       2.7728675E-9
  4465.0       2.8578853E-9
  4470.0       2.9573064E-9
  4475.0       3.0324092E-9
  4480.0       3.070675E-9
  4485.0       3.080109E-9
  4490.0       3.094607E-9
  4495.0       3.141455E-9
  4500.0       3.2050116E-9
  4505.0       3.2511212E-9
  4510.0       3.2421836E-9
  4515.0       3.1647784E-9
  4520.0       3.0705047E-9
  4525.0       3.0169234E-9
  4530.0       3.0124658E-9
  4535.0       3.044409E-9
  4540.0       3.0948686E-9
  4545.0       3.147539E-9
  4550.0       3.193342E-9
  4555.0       3.2240906E-9
  4560.0       3.2279321E-9
  4565.0       3.2041583E-9
  4570.0       3.1839777E-9
  4575.0       3.1910135E-9
  4580.0       3.1986074E-9
  4585.0       3.1810332E-9
  4590.0       3.1651533E-9
  4595.0       3.184984E-9
  4600.0       3.2388126E-9
  4605.0       3.3078347E-9
  4610.0       3.3657606E-9
  4615.0       3.3912422E-9
  4620.0       3.3825958E-9
  4625.0       3.3478451E-9
  4630.0       3.3011813E-9
  4635.0       3.2578094E-9
  4640.0       3.2296543E-9
  4645.0       3.2223775E-9
  4650.0       3.2282244E-9
  4655.0       3.233884E-9
  4660.0       3.2257146E-9
  4665.0       3.2023812E-9
  4670.0       3.193566E-9
  4675.0       3.2213188E-9
  4680.0       3.257381E-9
  4685.0       3.2663976E-9
  4690.0       3.2463083E-9
  4695.0       3.2159377E-9
  4700.0       3.2131005E-9
  4705.0       3.2611573E-9
  4710.0       3.3279957E-9
  4715.0       3.3713716E-9
  4720.0       3.3790553E-9
  4725.0       3.3622238E-9
  4730.0       3.3606755E-9
  4735.0       3.4015437E-9
  4740.0       3.4519714E-9
  4745.0       3.4697014E-9
  4750.0       3.4493288E-9
  4755.0       3.40984E-9
  4760.0       3.3943042E-9
  4765.0       3.4302E-9
  4770.0       3.482114E-9
  4775.0       3.5079255E-9
  4780.0       3.5107166E-9
  4785.0       3.5090264E-9
  4790.0       3.5148517E-9
  4795.0       3.5318428E-9
  4800.0       3.5501395E-9
  4805.0       3.5598413E-9
  4810.0       3.5634864E-9
  4815.0       3.5622043E-9
  4820.0       3.5418664E-9
  4825.0       3.4971053E-9
  4830.0       3.4594576E-9
  4835.0       3.4515366E-9
  4840.0       3.436549E-9
  4845.0       3.3761667E-9
  4850.0       3.288962E-9
  4855.0       3.2172172E-9
  4860.0       3.2050047E-9
  4865.0       3.26735E-9
  4870.0       3.3444978E-9
  4875.0       3.3778864E-9
  4880.0       3.385829E-9
  4885.0       3.406525E-9
  4890.0       3.4505705E-9
  4895.0       3.503361E-9
  4900.0       3.5163832E-9
  4905.0       3.46133E-9
  4910.0       3.394114E-9
  4915.0       3.3751917E-9
  4920.0       3.3929346E-9
  4925.0       3.4179295E-9
  4930.0       3.4476155E-9
  4935.0       3.484703E-9
  4940.0       3.5169163E-9
  4945.0       3.530974E-9
  4950.0       3.5268646E-9
  4955.0       3.5091985E-9
  4960.0       3.4814218E-9
  4965.0       3.4487335E-9
  4970.0       3.4222258E-9
  4975.0       3.4091021E-9
  4980.0       3.4007237E-9
  4985.0       3.3871375E-9
  4990.0       3.3703071E-9
  4995.0       3.3503942E-9
  5000.0       3.3119096E-9
  5005.0       3.2510465E-9
  5010.0       3.20932E-9
  5015.0       3.2235201E-9
  5020.0       3.2724765E-9
  5025.0       3.3183225E-9
  5030.0       3.3392493E-9
  5035.0       3.3337202E-9
  5040.0       3.3343612E-9
  5045.0       3.36644E-9
  5050.0       3.4030194E-9
  5055.0       3.407242E-9
  5060.0       3.370229E-9
  5065.0       3.3060659E-9
  5070.0       3.2587153E-9
  5075.0       3.2631364E-9
  5080.0       3.3015348E-9
  5085.0       3.3365237E-9
  5090.0       3.3342968E-9
  5095.0       3.28704E-9
  5100.0       3.2481644E-9
  5105.0       3.262963E-9
  5110.0       3.2958047E-9
  5115.0       3.2990084E-9
  5120.0       3.275396E-9
  5125.0       3.2442342E-9
  5130.0       3.2158771E-9
  5135.0       3.1987561E-9
  5140.0       3.2052696E-9
  5145.0       3.2314242E-9
  5150.0       3.2275778E-9
  5155.0       3.1545857E-9
  5160.0       3.0468474E-9
  5165.0       2.961202E-9
  5170.0       2.9377665E-9
  5175.0       2.9903342E-9
  5180.0       3.0821736E-9
  5185.0       3.167048E-9
  5190.0       3.2233345E-9
  5195.0       3.2462006E-9
  5200.0       3.2491285E-9
  5205.0       3.248655E-9
  5210.0       3.2520364E-9
  5215.0       3.2609462E-9
  5220.0       3.2721617E-9
  5225.0       3.2836154E-9
  5230.0       3.300531E-9
  5235.0       3.3274212E-9
  5240.0       3.3587584E-9
  5245.0       3.3782588E-9
  5250.0       3.3534986E-9
  5255.0       3.2708714E-9
  5260.0       3.182039E-9
  5265.0       3.152065E-9
  5270.0       3.2128855E-9
  5275.0       3.3507992E-9
  5280.0       3.469656E-9
  5285.0       3.4914602E-9
  5290.0       3.4656475E-9
  5295.0       3.466652E-9
  5300.0       3.5046874E-9
  5305.0       3.5531669E-9
  5310.0       3.5588767E-9
  5315.0       3.4918148E-9
  5320.0       3.406223E-9
  5325.0       3.3655991E-9
  5330.0       3.3735725E-9
  5335.0       3.412361E-9
  5340.0       3.4692682E-9
  5345.0       3.5301473E-9
  5350.0       3.5708556E-9
  5355.0       3.5763748E-9
  5360.0       3.565865E-9
  5365.0       3.5645809E-9
  5370.0       3.5787E-9
  5375.0       3.5991632E-9
  5380.0       3.5975103E-9
  5385.0       3.5524435E-9
  5390.0       3.480617E-9
  5395.0       3.4137462E-9
  5400.0       3.3841712E-9
  5405.0       3.4111898E-9
  5410.0       3.479617E-9
  5415.0       3.5589816E-9
  5420.0       3.6139791E-9
  5425.0       3.6269971E-9
  5430.0       3.6294021E-9
  5435.0       3.6517311E-9
  5440.0       3.6746595E-9
  5445.0       3.6762373E-9
  5450.0       3.6768735E-9
  5455.0       3.6933787E-9
  5460.0       3.6913532E-9
  5465.0       3.6440655E-9
  5470.0       3.5955947E-9
  5475.0       3.591558E-9
  5480.0       3.6102117E-9
  5485.0       3.6180756E-9
  5490.0       3.619495E-9
  5495.0       3.6276058E-9
  5500.0       3.6391334E-9
  5505.0       3.6479675E-9
  5510.0       3.6575287E-9
  5515.0       3.6695322E-9
  5520.0       3.6717236E-9
  5525.0       3.657209E-9
  5530.0       3.6467451E-9
  5535.0       3.6609793E-9
  5540.0       3.692368E-9
  5545.0       3.7228618E-9
  5550.0       3.7364494E-9
  5555.0       3.7265364E-9
  5560.0       3.7081191E-9
  5565.0       3.696566E-9
  5570.0       3.6871808E-9
  5575.0       3.6709653E-9
  5580.0       3.6485739E-9
  5585.0       3.6273557E-9
  5590.0       3.6213428E-9
  5595.0       3.6385617E-9
  5600.0       3.6650976E-9
  5605.0       3.6849757E-9
  5610.0       3.6985375E-9
  5615.0       3.710691E-9
  5620.0       3.7215582E-9
  5625.0       3.7299004E-9
  5630.0       3.735985E-9
  5635.0       3.737389E-9
  5640.0       3.7237684E-9
  5645.0       3.69117E-9
  5650.0       3.6600347E-9
  5655.0       3.6521342E-9
  5660.0       3.6680337E-9
  5665.0       3.6988017E-9
  5670.0       3.732214E-9
  5675.0       3.7573686E-9
  5680.0       3.7697347E-9
  5685.0       3.7710794E-9
  5690.0       3.7723904E-9
  5695.0       3.7746606E-9
  5700.0       3.7462238E-9
  5705.0       3.6743615E-9
  5710.0       3.6263115E-9
  5715.0       3.6608794E-9
  5720.0       3.7353187E-9
  5725.0       3.7913006E-9
  5730.0       3.8319956E-9
  5735.0       3.8749706E-9
  5740.0       3.9116745E-9
  5745.0       3.928483E-9
  5750.0       3.926685E-9
  5755.0       3.9137884E-9
  5760.0       3.8977555E-9
  5765.0       3.8851082E-9
  5770.0       3.878664E-9
  5775.0       3.879779E-9
  5780.0       3.8895567E-9
  5785.0       3.90774E-9
  5790.0       3.9305617E-9
  5795.0       3.952932E-9
  5800.0       3.9697885E-9
  5805.0       3.9779686E-9
  5810.0       3.979145E-9
  5815.0       3.976878E-9
  5820.0       3.974791E-9
  5825.0       3.975279E-9
  5830.0       3.9775254E-9
  5835.0       3.9794688E-9
  5840.0       3.9789616E-9
  5845.0       3.974129E-9
  5850.0       3.963746E-9
  5855.0       3.9468624E-9
  5860.0       3.922691E-9
  5865.0       3.8916057E-9
  5870.0       3.857111E-9
  5875.0       3.8239016E-9
  5880.0       3.7967105E-9
  5885.0       3.7792924E-9
  5890.0       3.772953E-9
  5895.0       3.778047E-9
  5900.0       3.7946886E-9
  5905.0       3.821887E-9
  5910.0       3.855589E-9
  5915.0       3.8906185E-9
  5920.0       3.9218424E-9
  5925.0       3.9457344E-9
  5930.0       3.9629535E-9
  5935.0       3.9757864E-9
  5940.0       3.9865404E-9
  5945.0       3.9964294E-9
  5950.0       4.003681E-9
  5955.0       4.0054204E-9
  5960.0       3.9988244E-9
  5965.0       3.982788E-9
  5970.0       3.9607593E-9
  5975.0       3.937858E-9
  5980.0       3.9192924E-9
  5985.0       3.90864E-9
  5990.0       3.9055013E-9
  5995.0       3.9078714E-9
  6000.0       3.9136414E-9
  6005.0       3.9209413E-9
  6010.0       3.928646E-9
  6015.0       3.935867E-9
  6020.0       3.9417847E-9
  6025.0       3.945993E-9
  6030.0       3.949176E-9
  6035.0       3.9524233E-9
  6040.0       3.9567727E-9
  6045.0       3.9626644E-9
  6050.0       3.9688706E-9
  6055.0       3.9735135E-9
  6060.0       3.974744E-9
  6065.0       3.97126E-9
  6070.0       3.9632937E-9
  6075.0       3.9516297E-9
  6080.0       3.9371675E-9
  6085.0       3.921075E-9
  6090.0       3.905214E-9
  6095.0       3.8917665E-9
  6100.0       3.882769E-9
  6105.0       3.879135E-9
  6110.0       3.878793E-9
  6115.0       3.878502E-9
  6120.0       3.8750376E-9
  6125.0       3.866549E-9
  6130.0       3.8547725E-9
  6135.0       3.842798E-9
  6140.0       3.833775E-9
  6145.0       3.8298325E-9
  6150.0       3.8305443E-9
  6155.0       3.8344647E-9
  6160.0       3.8401082E-9
  6165.0       3.8462487E-9
  6170.0       3.852399E-9
  6175.0       3.858379E-9
  6180.0       3.8639825E-9
  6185.0       3.868726E-9
  6190.0       3.8713623E-9
  6195.0       3.8703454E-9
  6200.0       3.864156E-9
  6205.0       3.8519867E-9
  6210.0       3.8347854E-9
  6215.0       3.8141814E-9
  6220.0       3.791896E-9
  6225.0       3.769702E-9
  6230.0       3.749555E-9
  6235.0       3.7335073E-9
  6240.0       3.7234937E-9
  6245.0       3.7205676E-9
  6250.0       3.7234584E-9
  6255.0       3.7299674E-9
  6260.0       3.7378958E-9
  6265.0       3.7455963E-9
  6270.0       3.752972E-9
  6275.0       3.760476E-9
  6280.0       3.7686068E-9
  6285.0       3.777517E-9
  6290.0       3.786539E-9
  6295.0       3.794683E-9
  6300.0       3.800914E-9
  6305.0       3.8044696E-9
  6310.0       3.805093E-9
  6315.0       3.8027657E-9
  6320.0       3.7975334E-9
  6325.0       3.7897565E-9
  6330.0       3.780664E-9
  6335.0       3.771818E-9
  6340.0       3.764794E-9
  6345.0       3.7608814E-9
  6350.0       3.7606633E-9
  6355.0       3.764479E-9
  6360.0       3.772527E-9
  6365.0       3.78442E-9
  6370.0       3.7981285E-9
  6375.0       3.8110155E-9
  6380.0       3.8204577E-9
  6385.0       3.824589E-9
  6390.0       3.823624E-9
  6395.0       3.8185535E-9
  6400.0       3.8104435E-9
  6405.0       3.800474E-9
  6410.0       3.7900874E-9
  6415.0       3.780792E-9
  6420.0       3.774097E-9
  6425.0       3.770883E-9
  6430.0       3.770588E-9
  6435.0       3.772036E-9
  6440.0       3.7740606E-9
  6445.0       3.7758756E-9
  6450.0       3.7776977E-9
  6455.0       3.780151E-9
  6460.0       3.7838075E-9
  6465.0       3.788573E-9
  6470.0       3.7925783E-9
  6475.0       3.793247E-9
  6480.0       3.788161E-9
  6485.0       3.776774E-9
  6490.0       3.7634695E-9
  6495.0       3.7544856E-9
  6500.0       3.7559453E-9
  6505.0       3.7705314E-9
  6510.0       3.791932E-9
  6515.0       3.810443E-9
  6520.0       3.816396E-9
  6525.0       3.803995E-9
  6530.0       3.777594E-9
  6535.0       3.7454346E-9
  6540.0       3.7159045E-9
  6545.0       3.6949597E-9
  6550.0       3.6822736E-9
  6555.0       3.6750805E-9
  6560.0       3.6704813E-9
  6565.0       3.6664647E-9
  6570.0       3.663411E-9
  6575.0       3.6625505E-9
  6580.0       3.665185E-9
  6585.0       3.6719645E-9
  6590.0       3.68196E-9
  6595.0       3.6936225E-9
  6600.0       3.7053578E-9
  6605.0       3.7158316E-9
  6610.0       3.724369E-9
  6615.0       3.73059E-9
  6620.0       3.7341423E-9
  6625.0       3.735004E-9
  6630.0       3.7339998E-9
  6635.0       3.7322416E-9
  6640.0       3.7308947E-9
  6645.0       3.7307686E-9
  6650.0       3.7318966E-9
  6655.0       3.7340073E-9
  6660.0       3.7367514E-9
  6665.0       3.7394945E-9
  6670.0       3.740786E-9
  6675.0       3.7388763E-9
  6680.0       3.7320786E-9
  6685.0       3.7196808E-9
  6690.0       3.7034746E-9
  6695.0       3.686251E-9
  6700.0       3.6707828E-9
  6705.0       3.659211E-9
  6710.0       3.6519074E-9
  6715.0       3.6485814E-9
  6720.0       3.6488297E-9
  6725.0       3.65198E-9
  6730.0       3.6566523E-9
  6735.0       3.6611676E-9
  6740.0       3.6638883E-9
  6745.0       3.663832E-9
  6750.0       3.661628E-9
  6755.0       3.6585601E-9
  6760.0       3.6559435E-9
  6765.0       3.6546135E-9
  6770.0       3.6542407E-9
  6775.0       3.6540408E-9
  6780.0       3.6531913E-9
  6785.0       3.6510044E-9
  6790.0       3.6471817E-9
  6795.0       3.6415584E-9
  6800.0       3.6340515E-9
  6805.0       3.6253753E-9
  6810.0       3.6182495E-9
  6815.0       3.6161776E-9
  6820.0       3.6224732E-9
  6825.0       3.6376422E-9
  6830.0       3.6549659E-9
  6835.0       3.664904E-9
  6840.0       3.6581438E-9
  6845.0       3.6299488E-9
  6850.0       3.5876042E-9
  6855.0       3.5429932E-9
  6860.0       3.5081114E-9
  6865.0       3.4912564E-9
  6870.0       3.4911942E-9
  6875.0       3.503017E-9
  6880.0       3.5215175E-9
  6885.0       3.5424177E-9
  6890.0       3.5637002E-9
  6895.0       3.5842638E-9
  6900.0       3.6030827E-9
  6905.0       3.618957E-9
  6910.0       3.630364E-9
  6915.0       3.6355892E-9
  6920.0       3.6330638E-9
  6925.0       3.62228E-9
  6930.0       3.60558E-9
  6935.0       3.5863805E-9
  6940.0       3.5681549E-9
  6945.0       3.5535004E-9
  6950.0       3.5428285E-9
  6955.0       3.535721E-9
  6960.0       3.5316372E-9
  6965.0       3.5297176E-9
  6970.0       3.5283376E-9
  6975.0       3.525574E-9
  6980.0       3.5196122E-9
  6985.0       3.5099081E-9
  6990.0       3.4993577E-9
  6995.0       3.4921437E-9
  7000.0       3.4923908E-9
  7005.0       3.5022625E-9
  7010.0       3.5188623E-9
  7015.0       3.5373202E-9
  7020.0       3.5527414E-9
  7025.0       3.561538E-9
  7030.0       3.5636487E-9
  7035.0       3.5603485E-9
  7040.0       3.5530736E-9
  7045.0       3.5432872E-9
  7050.0       3.5325947E-9
  7055.0       3.522671E-9
  7060.0       3.5151138E-9
  7065.0       3.5108307E-9
  7070.0       3.5088825E-9
  7075.0       3.5076702E-9
  7080.0       3.505556E-9
  7085.0       3.5015182E-9
  7090.0       3.4961654E-9
  7095.0       3.4906882E-9
  7100.0       3.4863346E-9
  7105.0       3.483693E-9
  7110.0       3.4818812E-9
  7115.0       3.479396E-9
  7120.0       3.4747656E-9
  7125.0       3.4674545E-9
  7130.0       3.459266E-9
  7135.0       3.452934E-9
  7140.0       3.4511707E-9
  7145.0       3.4555703E-9
  7150.0       3.464873E-9
  7155.0       3.4766945E-9
  7160.0       3.488595E-9
  7165.0       3.4983423E-9
  7170.0       3.5044274E-9
  7175.0       3.505534E-9
  7180.0       3.5005219E-9
  7185.0       3.4892533E-9
  7190.0       3.474308E-9
  7195.0       3.4593006E-9
  7200.0       3.4477978E-9
  7205.0       3.4419687E-9
  7210.0       3.440331E-9
  7215.0       3.439995E-9
  7220.0       3.438044E-9
  7225.0       3.4326746E-9
  7230.0       3.4249983E-9
  7235.0       3.4172194E-9
  7240.0       3.4115935E-9
  7245.0       3.4094523E-9
  7250.0       3.4098397E-9
  7255.0       3.4109033E-9
  7260.0       3.4107588E-9
  7265.0       3.4082857E-9
  7270.0       3.4042955E-9
  7275.0       3.4003236E-9
  7280.0       3.3979264E-9
  7285.0       3.3978984E-9
  7290.0       3.3990362E-9
  7295.0       3.3993928E-9
  7300.0       3.3970362E-9
  7305.0       3.3908396E-9
  7310.0       3.3817378E-9
  7315.0       3.3715015E-9
  7320.0       3.361922E-9
  7325.0       3.354249E-9
  7330.0       3.3483483E-9
  7335.0       3.3435792E-9
  7340.0       3.3392773E-9
  7345.0       3.3352925E-9
  7350.0       3.332809E-9
  7355.0       3.3335321E-9
  7360.0       3.3390792E-9
  7365.0       3.3497178E-9
  7370.0       3.3621943E-9
  7375.0       3.3719245E-9
  7380.0       3.374366E-9
  7385.0       3.3668521E-9
  7390.0       3.3515444E-9
  7395.0       3.3325045E-9
  7400.0       3.3138834E-9
  7405.0       3.2989749E-9
  7410.0       3.2889065E-9
  7415.0       3.2839584E-9
  7420.0       3.284265E-9
  7425.0       3.2895278E-9
  7430.0       3.298142E-9
  7435.0       3.3080636E-9
  7440.0       3.3172483E-9
  7445.0       3.3242709E-9
  7450.0       3.3292737E-9
  7455.0       3.3330259E-9
  7460.0       3.3362884E-9
  7465.0       3.3393568E-9
  7470.0       3.3413319E-9
  7475.0       3.340827E-9
  7480.0       3.3365037E-9
  7485.0       3.328022E-9
  7490.0       3.3175822E-9
  7495.0       3.3083623E-9
  7500.0       3.3034928E-9
  7505.0       3.304432E-9
  7510.0       3.3083585E-9
  7515.0       3.3107965E-9
  7520.0       3.3073237E-9
  7525.0       3.295611E-9
  7530.0       3.2787673E-9
  7535.0       3.2620109E-9
  7540.0       3.250518E-9
  7545.0       3.2468568E-9
  7550.0       3.2435234E-9
  7555.0       3.2214718E-9
  7560.0       3.2156424E-9
  7565.0       3.2131946E-9
  7570.0       3.2107907E-9
  7575.0       3.208396E-9
  7580.0       3.2059806E-9
  7585.0       3.2035004E-9
  7590.0       3.200922E-9
  7595.0       3.198217E-9
  7600.0       3.195347E-9
  7605.0       3.1922875E-9
  7610.0       3.1890453E-9
  7615.0       3.1856502E-9
  7620.0       3.1821095E-9
  7625.0       3.1784535E-9
  7630.0       3.1746983E-9
  7635.0       3.1708558E-9
  7640.0       3.1669563E-9
  7645.0       3.1630174E-9
  7650.0       3.1590575E-9
  7655.0       3.1551104E-9
  7660.0       3.1512222E-9
  7665.0       3.147458E-9
  7670.0       3.1438951E-9
  7675.0       3.1405791E-9
  7680.0       3.1375897E-9
  7685.0       3.1349796E-9
  7690.0       3.1328202E-9
  7695.0       3.1311667E-9
  7700.0       3.1300866E-9
  7705.0       3.1296021E-9
  7710.0       3.1296898E-9
  7715.0       3.1335652E-9
  7720.0       3.1561156E-9
  7725.0       3.1734282E-9
  7730.0       3.193364E-9
  7735.0       3.2133647E-9
  7740.0       3.2281482E-9
  7745.0       3.2343574E-9
  7750.0       3.2337453E-9
  7755.0       3.2299883E-9
  7760.0       3.2268306E-9
  7765.0       3.226721E-9
  7770.0       3.2287522E-9
  7775.0       3.2306935E-9
  7780.0       3.230309E-9
  7785.0       3.2263092E-9
  7790.0       3.2199776E-9
  7795.0       3.2135694E-9
  7800.0       3.2093408E-9
  7805.0       3.2088134E-9
  7810.0       3.2115446E-9
  7815.0       3.2163674E-9
  7820.0       3.2220204E-9
  7825.0       3.2274534E-9
  7830.0       3.2320975E-9
  7835.0       3.235569E-9
  7840.0       3.237501E-9
  7845.0       3.2375114E-9
  7850.0       3.2351746E-9
  7855.0       3.2300698E-9
  7860.0       3.2217984E-9
  7865.0       3.2103844E-9
  7870.0       3.1969205E-9
  7875.0       3.1829268E-9
  7880.0       3.1699197E-9
  7885.0       3.1590193E-9
  7890.0       3.1503766E-9
  7895.0       3.1437415E-9
  7900.0       3.1388099E-9
  7905.0       3.1349856E-9
  7910.0       3.130984E-9
  7915.0       3.1252099E-9
  7920.0       3.1162009E-9
  7925.0       3.1038732E-9
  7930.0       3.0916798E-9
  7935.0       3.0844676E-9
  7940.0       3.0869456E-9
  7945.0       3.1011862E-9
  7950.0       3.1224459E-9
  7955.0       3.143347E-9
  7960.0       3.1565328E-9
  7965.0       3.157571E-9
  7970.0       3.1495415E-9
  7975.0       3.1384626E-9
  7980.0       3.1304155E-9
  7985.0       3.129314E-9
  7990.0       3.1334981E-9
  7995.0       3.139114E-9
  8000.0       3.1422478E-9
  8005.0       3.1401564E-9
  8010.0       3.133221E-9
  8015.0       3.1229863E-9
  8020.0       3.1111493E-9
  8025.0       3.0994818E-9
  8030.0       3.089965E-9
  8035.0       3.0846812E-9
  8040.0       3.0855571E-9
  8045.0       3.0929614E-9
  8050.0       3.1032763E-9
  8055.0       3.1112894E-9
  8060.0       3.1118836E-9
  8065.0       3.1020144E-9
  8070.0       3.084088E-9
  8075.0       3.062611E-9
  8080.0       3.0422111E-9
  8085.0       3.0267853E-9
  8090.0       3.0182972E-9
  8095.0       3.0179792E-9
  8100.0       3.0268619E-9
  8105.0       3.0445362E-9
  8110.0       3.0669682E-9
  8115.0       3.0887106E-9
  8120.0       3.1043403E-9
  8125.0       3.109973E-9
  8130.0       3.1057736E-9
  8135.0       3.0934606E-9
  8140.0       3.074971E-9
  8145.0       3.0527572E-9
  8150.0       3.0306644E-9
  8155.0       3.0130765E-9
  8160.0       3.0042142E-9
  8165.0       3.0063783E-9
  8170.0       3.0167688E-9
  8175.0       3.030649E-9
  8180.0       3.0432228E-9
  8185.0       3.0511838E-9
  8190.0       3.0550582E-9
  8195.0       3.05684E-9
  8200.0       3.05858E-9
  8205.0       3.0615088E-9
  8210.0       3.0646234E-9
  8215.0       3.0660712E-9
  8220.0       3.0640441E-9
  8225.0       3.0579477E-9
  8230.0       3.0503864E-9
  8235.0       3.04516E-9
  8240.0       3.046012E-9
  8245.0       3.0545904E-9
  8250.0       3.067148E-9
  8255.0       3.077869E-9
  8260.0       3.0809717E-9
  8265.0       3.0728882E-9
  8270.0       3.0559284E-9
  8275.0       3.0346419E-9
  8280.0       3.0136713E-9
  8285.0       2.9963696E-9
  8290.0       2.9827276E-9
  8295.0       2.9714597E-9
  8300.0       2.961158E-9
  8305.0       2.950756E-9
  8310.0       2.9399916E-9
  8315.0       2.9289438E-9
  8320.0       2.9177414E-9
  8325.0       2.9068559E-9
  8330.0       2.8975573E-9
  8335.0       2.8914813E-9
  8340.0       2.8902014E-9
  8345.0       2.8944747E-9
  8350.0       2.902984E-9
  8355.0       2.9136018E-9
  8360.0       2.9241591E-9
  8365.0       2.9329847E-9
  8370.0       2.9396598E-9
  8375.0       2.944263E-9
  8380.0       2.9469347E-9
  8385.0       2.9477938E-9
  8390.0       2.947058E-9
  8395.0       2.944929E-9
  8400.0       2.9416398E-9
  8405.0       2.9375364E-9
  8410.0       2.9332614E-9
  8415.0       2.9295861E-9
  8420.0       2.927283E-9
  8425.0       2.9269622E-9
  8430.0       2.928863E-9
  8435.0       2.9330558E-9
  8440.0       2.9395566E-9
  8445.0       2.947703E-9
  8450.0       2.9551388E-9
  8455.0       2.958851E-9
  8460.0       2.9558933E-9
  8465.0       2.9448441E-9
  8470.0       2.9281144E-9
  8475.0       2.909606E-9
  8480.0       2.8932245E-9
  8485.0       2.8811222E-9
  8490.0       2.871008E-9
  8495.0       2.8588483E-9
  8500.0       2.8406772E-9
  8505.0       2.8145537E-9
  8510.0       2.7838865E-9
  8515.0       2.754142E-9
  8520.0       2.7308293E-9
  8525.0       2.718097E-9
  8530.0       2.7164226E-9
  8535.0       2.7249067E-9
  8540.0       2.742438E-9
  8545.0       2.7672575E-9
  8550.0       2.7959108E-9
  8555.0       2.824282E-9
  8560.0       2.8483411E-9
  8565.0       2.8654814E-9
  8570.0       2.8768035E-9
  8575.0       2.884821E-9
  8580.0       2.8921014E-9
  8585.0       2.9003435E-9
  8590.0       2.9089275E-9
  8595.0       2.9163632E-9
  8600.0       2.921073E-9
  8605.0       2.9216545E-9
  8610.0       2.9171008E-9
  8615.0       2.9065743E-9
  8620.0       2.889328E-9
  8625.0       2.8655824E-9
  8630.0       2.8379947E-9
  8635.0       2.8101874E-9
  8640.0       2.7857558E-9
  8645.0       2.7674227E-9
  8650.0       2.7555094E-9
  8655.0       2.749477E-9
  8660.0       2.7487004E-9
  8665.0       2.7529392E-9
  8670.0       2.7629559E-9
  8675.0       2.7798794E-9
  8680.0       2.8047018E-9
  8685.0       2.836494E-9
  8690.0       2.8693687E-9
  8695.0       2.895539E-9
  8700.0       2.9073364E-9
  8705.0       2.900353E-9
  8710.0       2.8785303E-9
  8715.0       2.8490745E-9
  8720.0       2.819346E-9
  8725.0       2.7951732E-9
  8730.0       2.7783775E-9
  8735.0       2.769255E-9
  8740.0       2.767874E-9
  8745.0       2.7736187E-9
  8750.0       2.784076E-9
  8755.0       2.796134E-9
  8760.0       2.8067078E-9
  8765.0       2.8133964E-9
  8770.0       2.8156368E-9
  8775.0       2.8136007E-9
  8780.0       2.8075524E-9
  8785.0       2.798281E-9
  8790.0       2.7878737E-9
  8795.0       2.7789289E-9
  8800.0       2.7739988E-9
  8805.0       2.7746077E-9
  8810.0       2.779637E-9
  8815.0       2.786961E-9
  8820.0       2.7943923E-9
  8825.0       2.8002325E-9
  8830.0       2.8040967E-9
  8835.0       2.8060665E-9
  8840.0       2.8062939E-9
  8845.0       2.8048537E-9
  8850.0       2.8016665E-9
  8855.0       2.796571E-9
  8860.0       2.7894425E-9
  8865.0       2.7804554E-9
  8870.0       2.7705624E-9
  8875.0       2.7610172E-9
  8880.0       2.7530682E-9
  8885.0       2.7474676E-9
  8890.0       2.7437523E-9
  8895.0       2.7409748E-9
  8900.0       2.738156E-9
  8905.0       2.734551E-9
  8910.0       2.7300038E-9
  8915.0       2.7245517E-9
  8920.0       2.718331E-9
  8925.0       2.711841E-9
  8930.0       2.706634E-9
  8935.0       2.704631E-9
  8940.0       2.7077178E-9
  8945.0       2.716721E-9
  8950.0       2.7297788E-9
  8955.0       2.7439875E-9
  8960.0       2.7564009E-9
  8965.0       2.7645926E-9
  8970.0       2.767513E-9
  8975.0       2.764621E-9
  8980.0       2.7555573E-9
  8985.0       2.7412035E-9
  8990.0       2.7256155E-9
  8995.0       2.714089E-9
  9000.0       2.7118585E-9
  9005.0       2.722368E-9
  9010.0       2.7444431E-9
  9015.0       2.7750942E-9
  9020.0       2.8110763E-9
  9025.0       2.8481715E-9
  9030.0       2.8796583E-9
  9035.0       2.8978355E-9
  9040.0       2.895356E-9
  9045.0       2.8690932E-9
  9050.0       2.826947E-9
  9055.0       2.7810667E-9
  9060.0       2.7436156E-9
  9065.0       2.7229212E-9
  9070.0       2.7172433E-9
  9075.0       2.7210048E-9
  9080.0       2.7283376E-9
  9085.0       2.7346714E-9
  9090.0       2.7386642E-9
  9095.0       2.7402542E-9
  9100.0       2.7395022E-9
  9105.0       2.7364724E-9
  9110.0       2.7312252E-9
  9115.0       2.723846E-9
  9120.0       2.7144011E-9
  9125.0       2.7028726E-9
  9130.0       2.6890195E-9
  9135.0       2.672511E-9
  9140.0       2.6531055E-9
  9145.0       2.6316875E-9
  9150.0       2.6120257E-9
  9155.0       2.5989706E-9
  9160.0       2.5972473E-9
  9165.0       2.6090905E-9
  9170.0       2.6302485E-9
  9175.0       2.6539668E-9
  9180.0       2.673445E-9
  9185.0       2.6838771E-9
  9190.0       2.6856182E-9
  9195.0       2.6810214E-9
  9200.0       2.6725542E-9
  9205.0       2.6620235E-9
  9210.0       2.6494482E-9
  9215.0       2.6341889E-9
  9220.0       2.615574E-9
  9225.0       2.5935427E-9
  9230.0       2.5695823E-9
  9235.0       2.545774E-9
  9240.0       2.5242197E-9
  9245.0       2.506508E-9
  9250.0       2.4929336E-9
  9255.0       2.4832894E-9
  9260.0       2.477244E-9
  9265.0       2.4737101E-9
  9270.0       2.4695963E-9
  9275.0       2.461073E-9
  9280.0       2.4444409E-9
  9285.0       2.4181102E-9
  9290.0       2.3860047E-9
  9295.0       2.3541755E-9
  9300.0       2.3288107E-9
  9305.0       2.3154212E-9
  9310.0       2.3177462E-9
  9315.0       2.3388516E-9
  9320.0       2.3813083E-9
  9325.0       2.443518E-9
  9330.0       2.5130205E-9
  9335.0       2.573194E-9
  9340.0       2.6076998E-9
  9345.0       2.6074283E-9
  9350.0       2.5820155E-9
  9355.0       2.5483007E-9
  9360.0       2.5233338E-9
  9365.0       2.519014E-9
  9370.0       2.5338485E-9
  9375.0       2.5611773E-9
  9380.0       2.5938167E-9
  9385.0       2.6243214E-9
  9390.0       2.6445854E-9
  9395.0       2.646229E-9
  9400.0       2.6214009E-9
  9405.0       2.5674614E-9
  9410.0       2.4954405E-9
  9415.0       2.4215696E-9
  9420.0       2.3621947E-9
  9425.0       2.3291669E-9
  9430.0       2.3227629E-9
  9435.0       2.3387747E-9
  9440.0       2.3724143E-9
  9445.0       2.4174571E-9
  9450.0       2.4639502E-9
  9455.0       2.5005167E-9
  9460.0       2.5161468E-9
  9465.0       2.5050635E-9
  9470.0       2.4750735E-9
  9475.0       2.439212E-9
  9480.0       2.4106397E-9
  9485.0       2.398541E-9
  9490.0       2.401766E-9
  9495.0       2.4152034E-9
  9500.0       2.4334326E-9
  9505.0       2.452033E-9
  9510.0       2.4691458E-9
  9515.0       2.4838926E-9
  9520.0       2.4955262E-9
  9525.0       2.5035893E-9
  9530.0       2.5083349E-9
  9535.0       2.5102913E-9
  9540.0       2.5100253E-9
  9545.0       2.5080076E-9
  9550.0       2.5044875E-9
  9555.0       2.4996214E-9
  9560.0       2.4935738E-9
  9565.0       2.486518E-9
  9570.0       2.4787048E-9
  9575.0       2.470398E-9
  9580.0       2.4618951E-9
  9585.0       2.4536246E-9
  9590.0       2.4464075E-9
  9595.0       2.4412088E-9
  9600.0       2.4389757E-9
  9605.0       2.4401008E-9
  9610.0       2.4436249E-9
  9615.0       2.4480677E-9
  9620.0       2.4519555E-9
  9625.0       2.454435E-9
  9630.0       2.4562814E-9
  9635.0       2.4589109E-9
  9640.0       2.4637132E-9
  9645.0       2.4715066E-9
  9650.0       2.4815419E-9
  9655.0       2.492457E-9
  9660.0       2.502835E-9
  9665.0       2.5110247E-9
  9670.0       2.514824E-9
  9675.0       2.5118185E-9
  9680.0       2.4997378E-9
  9685.0       2.4781954E-9
  9690.0       2.4515956E-9
  9695.0       2.4261997E-9
  9700.0       2.4082258E-9
  9705.0       2.4015006E-9
  9710.0       2.4036486E-9
  9715.0       2.4099145E-9
  9720.0       2.415453E-9
  9725.0       2.4168736E-9
  9730.0       2.4145757E-9
  9735.0       2.4104103E-9
  9740.0       2.4063387E-9
  9745.0       2.403834E-9
  9750.0       2.4031308E-9
  9755.0       2.4040019E-9
  9760.0       2.4061872E-9
  9765.0       2.4097524E-9
  9770.0       2.4155733E-9
  9775.0       2.4248432E-9
  9780.0       2.43868E-9
  9785.0       2.4570979E-9
  9790.0       2.4772526E-9
  9795.0       2.495227E-9
  9800.0       2.5071065E-9
  9805.0       2.5104594E-9
  9810.0       2.5066729E-9
  9815.0       2.4985745E-9
  9820.0       2.4890627E-9
  9825.0       2.480123E-9
  9830.0       2.4714044E-9
  9835.0       2.4616265E-9
  9840.0       2.4495252E-9
  9845.0       2.434646E-9
  9850.0       2.4187163E-9
  9855.0       2.4042814E-9
  9860.0       2.39388E-9
  9865.0       2.3891078E-9
  9870.0       2.3891191E-9
  9875.0       2.3921418E-9
  9880.0       2.3963114E-9
  9885.0       2.3999092E-9
  9890.0       2.4015847E-9
  9895.0       2.4001439E-9
  9900.0       2.3944882E-9
  9905.0       2.3844262E-9
  9910.0       2.3720939E-9
  9915.0       2.3605395E-9
  9920.0       2.3527822E-9
  9925.0       2.3506448E-9
  9930.0       2.3528715E-9
  9935.0       2.356997E-9
  9940.0       2.3605486E-9
  9945.0       2.3619702E-9
  9950.0       2.3621145E-9
  9955.0       2.362752E-9
  9960.0       2.3656919E-9
  9965.0       2.371961E-9
  9970.0       2.3806344E-9
  9975.0       2.3900362E-9
  9980.0       2.39845E-9
  9985.0       2.404483E-9
  9990.0       2.4076297E-9
  9995.0       2.4077467E-9
  10000.0      2.404712E-9
  10005.0      2.3987028E-9
  10010.0      2.3906053E-9
  10015.0      2.3815456E-9
  10020.0      2.372699E-9
  10025.0      2.365029E-9
  10030.0      2.3590676E-9
  10035.0      2.3551545E-9
  10040.0      2.353583E-9
  10045.0      2.3543842E-9
  10050.0      2.3568858E-9
  10055.0      2.3601767E-9
  10060.0      2.3633104E-9
  10065.0      2.3655335E-9
  10070.0      2.366567E-9
  10075.0      2.3663298E-9
  10080.0      2.3647686E-9
  10085.0      2.362148E-9
  10090.0      2.3594744E-9
  10095.0      2.358078E-9
  10100.0      2.3591968E-9
  10105.0      2.3632523E-9
  10110.0      2.36844E-9
  10115.0      2.3721307E-9
  10120.0      2.371724E-9
  10125.0      2.3660434E-9
  10130.0      2.3575502E-9
  10135.0      2.350114E-9
  10140.0      2.3475681E-9
  10145.0      2.3518598E-9
  10150.0      2.3600875E-9
  10155.0      2.367462E-9
  10160.0      2.369202E-9
  10165.0      2.362382E-9
  10170.0      2.3489115E-9
  10175.0      2.3325275E-9
  10180.0      2.3170617E-9
  10185.0      2.3051971E-9
  10190.0      2.296643E-9
  10195.0      2.289973E-9
  10200.0      2.2837157E-9
  10205.0      2.2771283E-9
  10210.0      2.2713573E-9
  10215.0      2.2682793E-9
  10220.0      2.2697026E-9
  10225.0      2.2761342E-9
  10230.0      2.2846391E-9
  10235.0      2.2909559E-9
  10240.0      2.290915E-9
  10245.0      2.282442E-9
  10250.0      2.2688997E-9
  10255.0      2.2557562E-9
  10260.0      2.2484459E-9
  10265.0      2.2500852E-9
  10270.0      2.257746E-9
  10275.0      2.2661737E-9
  10280.0      2.2700817E-9
  10285.0      2.2661104E-9
  10290.0      2.2559261E-9
  10295.0      2.2431261E-9
  10300.0      2.2314024E-9
  10305.0      2.2233442E-9
  10310.0      2.218772E-9
  10315.0      2.2164137E-9
  10320.0      2.214939E-9
  10325.0      2.2134095E-9
  10330.0      2.2119349E-9
  10335.0      2.2110345E-9
  10340.0      2.211222E-9
  10345.0      2.2127555E-9
  10350.0      2.2151696E-9
  10355.0      2.2177342E-9
  10360.0      2.2197104E-9
  10365.0      2.220629E-9
  10370.0      2.2206892E-9
  10375.0      2.2203424E-9
  10380.0      2.2200637E-9
  10385.0      2.2200517E-9
  10390.0      2.2198179E-9
  10395.0      2.2186404E-9
  10400.0      2.2158004E-9
  10405.0      2.2110158E-9
  10410.0      2.205133E-9
  10415.0      2.1994395E-9
  10420.0      2.1952065E-9
  10425.0      2.1932223E-9
  10430.0      2.1929458E-9
  10435.0      2.1933426E-9
  10440.0      2.1933881E-9
  10445.0      2.1925048E-9
  10450.0      2.1913378E-9
  10455.0      2.19098E-9
  10460.0      2.192519E-9
  10465.0      2.1963829E-9
  10470.0      2.2012563E-9
  10475.0      2.2051996E-9
  10480.0      2.2062905E-9
  10485.0      2.2038285E-9
  10490.0      2.2002231E-9
  10495.0      2.1990725E-9
  10500.0      2.203918E-9
  10505.0      2.216435E-9
  10510.0      2.2335027E-9
  10515.0      2.2501232E-9
  10520.0      2.2612747E-9
  10525.0      2.2635183E-9
  10530.0      2.2574744E-9
  10535.0      2.2453444E-9
  10540.0      2.2294973E-9
  10545.0      2.2124838E-9
  10550.0      2.1973188E-9
  10555.0      2.1871809E-9
  10560.0      2.185088E-9
  10565.0      2.1920528E-9
  10570.0      2.2039663E-9
  10575.0      2.214728E-9
  10580.0      2.2183084E-9
  10585.0      2.2113495E-9
  10590.0      2.1974715E-9
  10595.0      2.1829607E-9
  10600.0      2.1741908E-9
  10605.0      2.1754802E-9
  10610.0      2.1859472E-9
  10615.0      2.2026558E-9
  10620.0      1.6642088E-9
