# WAVELENGTH   FLUX  
  1150.0       0.0   
  1155.0       0.0   
  1160.0       0.0   
  1165.0       0.0   
  1170.0       0.0   
  1175.0       0.0   
  1180.0       0.0   
  1185.0       0.0   
  1190.0       0.0   
  1195.0       0.0   
  1200.0       0.0   
  1205.0       0.0   
  1210.0       0.0   
  1215.0       0.0   
  1220.0       0.0   
  1225.0       0.0   
  1230.0       0.0   
  1235.0       0.0   
  1240.0       0.0   
  1245.0       0.0   
  1250.0       0.0   
  1255.0       0.0   
  1260.0       0.0   
  1265.0       0.0   
  1270.0       0.0   
  1275.0       0.0   
  1280.0       0.0   
  1285.0       0.0   
  1290.0       0.0   
  1295.0       0.0   
  1300.0       0.0   
  1305.0       0.0   
  1310.0       0.0   
  1315.0       0.0   
  1320.0       0.0   
  1325.0       0.0   
  1330.0       0.0   
  1335.0       0.0   
  1340.0       0.0   
  1345.0       0.0   
  1350.0       0.0   
  1355.0       0.0   
  1360.0       0.0   
  1365.0       0.0   
  1370.0       0.0   
  1375.0       0.0   
  1380.0       0.0   
  1385.0       0.0   
  1390.0       0.0   
  1395.0       0.0   
  1400.0       0.0   
  1405.0       0.0   
  1410.0       0.0   
  1415.0       0.0   
  1420.0       0.0   
  1425.0       0.0   
  1430.0       0.0   
  1435.0       0.0   
  1440.0       0.0   
  1445.0       0.0   
  1450.0       0.0   
  1455.0       0.0   
  1460.0       0.0   
  1465.0       0.0   
  1470.0       0.0   
  1475.0       0.0   
  1480.0       0.0   
  1485.0       0.0   
  1490.0       0.0   
  1495.0       0.0   
  1500.0       0.0   
  1505.0       0.0   
  1510.0       0.0   
  1515.0       0.0   
  1520.0       0.0   
  1525.0       0.0   
  1530.0       0.0   
  1535.0       0.0   
  1540.0       0.0   
  1545.0       0.0   
  1550.0       0.0   
  1555.0       0.0   
  1560.0       0.0   
  1565.0       0.0   
  1570.0       0.0   
  1575.0       0.0   
  1580.0       0.0   
  1585.0       0.0   
  1590.0       0.0   
  1595.0       0.0   
  1600.0       0.0   
  1605.0       0.0   
  1610.0       0.0   
  1615.0       0.0   
  1620.0       0.0   
  1625.0       0.0   
  1630.0       0.0   
  1635.0       0.0   
  1640.0       0.0   
  1645.0       0.0   
  1650.0       0.0   
  1655.0       0.0   
  1660.0       0.0   
  1665.0       0.0   
  1670.0       0.0   
  1675.0       0.0   
  1680.0       0.0   
  1685.0       0.0   
  1690.0       0.0   
  1695.0       0.0   
  1700.0       0.0   
  1705.0       0.0   
  1710.0       0.0   
  1715.0       0.0   
  1720.0       0.0   
  1725.0       0.0   
  1730.0       0.0   
  1735.0       0.0   
  1740.0       0.0   
  1745.0       0.0   
  1750.0       0.0   
  1755.0       0.0   
  1760.0       0.0   
  1765.0       0.0   
  1770.0       0.0   
  1775.0       0.0   
  1780.0       0.0   
  1785.0       0.0   
  1790.0       0.0   
  1795.0       0.0   
  1800.0       0.0   
  1805.0       0.0   
  1810.0       0.0   
  1815.0       0.0   
  1820.0       0.0   
  1825.0       0.0   
  1830.0       0.0   
  1835.0       0.0   
  1840.0       0.0   
  1845.0       0.0   
  1850.0       0.0   
  1855.0       0.0   
  1860.0       0.0   
  1865.0       0.0   
  1870.0       0.0   
  1875.0       0.0   
  1880.0       0.0   
  1885.0       0.0   
  1890.0       0.0   
  1895.0       0.0   
  1900.0       0.0   
  1905.0       0.0   
  1910.0       0.0   
  1915.0       0.0   
  1920.0       0.0   
  1925.0       0.0   
  1930.0       0.0   
  1935.0       0.0   
  1940.0       0.0   
  1945.0       0.0   
  1950.0       0.0   
  1955.0       0.0   
  1960.0       0.0   
  1965.0       0.0   
  1970.0       0.0   
  1975.0       0.0   
  1980.0       0.0   
  1985.0       0.0   
  1990.0       0.0   
  1995.0       0.0   
  2000.0       0.0   
  2005.0       0.0   
  2010.0       0.0   
  2015.0       0.0   
  2020.0       0.0   
  2025.0       0.0   
  2030.0       0.0   
  2035.0       0.0   
  2040.0       0.0   
  2045.0       0.0   
  2050.0       0.0   
  2055.0       0.0   
  2060.0       0.0   
  2065.0       0.0   
  2070.0       0.0   
  2075.0       0.0   
  2080.0       0.0   
  2085.0       0.0   
  2090.0       0.0   
  2095.0       0.0   
  2100.0       0.0   
  2105.0       0.0   
  2110.0       0.0   
  2115.0       0.0   
  2120.0       0.0   
  2125.0       0.0   
  2130.0       0.0   
  2135.0       0.0   
  2140.0       0.0   
  2145.0       0.0   
  2150.0       0.0   
  2155.0       0.0   
  2160.0       0.0   
  2165.0       0.0   
  2170.0       0.0   
  2175.0       0.0   
  2180.0       0.0   
  2185.0       0.0   
  2190.0       0.0   
  2195.0       0.0   
  2200.0       0.0   
  2205.0       0.0   
  2210.0       0.0   
  2215.0       0.0   
  2220.0       0.0   
  2225.0       0.0   
  2230.0       0.0   
  2235.0       0.0   
  2240.0       0.0   
  2245.0       0.0   
  2250.0       0.0   
  2255.0       0.0   
  2260.0       0.0   
  2265.0       0.0   
  2270.0       0.0   
  2275.0       0.0   
  2280.0       0.0   
  2285.0       0.0   
  2290.0       0.0   
  2295.0       0.0   
  2300.0       0.0   
  2305.0       0.0   
  2310.0       0.0   
  2315.0       0.0   
  2320.0       0.0   
  2325.0       0.0   
  2330.0       0.0   
  2335.0       0.0   
  2340.0       0.0   
  2345.0       0.0   
  2350.0       0.0   
  2355.0       0.0   
  2360.0       0.0   
  2365.0       0.0   
  2370.0       0.0   
  2375.0       0.0   
  2380.0       0.0   
  2385.0       0.0   
  2390.0       0.0   
  2395.0       0.0   
  2400.0       0.0   
  2405.0       0.0   
  2410.0       0.0   
  2415.0       0.0   
  2420.0       0.0   
  2425.0       0.0   
  2430.0       0.0   
  2435.0       0.0   
  2440.0       0.0   
  2445.0       0.0   
  2450.0       0.0   
  2455.0       0.0   
  2460.0       0.0   
  2465.0       0.0   
  2470.0       0.0   
  2475.0       0.0   
  2480.0       0.0   
  2485.0       0.0   
  2490.0       0.0   
  2495.0       0.0   
  2500.0       0.0   
  2505.0       0.0   
  2510.0       0.0   
  2515.0       0.0   
  2520.0       0.0   
  2525.0       0.0   
  2530.0       0.0   
  2535.0       0.0   
  2540.0       0.0   
  2545.0       0.0   
  2550.0       4.797089E-16
  2555.0       3.8320317E-15
  2560.0       7.662186E-15
  2565.0       1.1492338E-14
  2570.0       1.4842804E-14
  2575.0       1.580033E-14
  2580.0       1.8672945E-14
  2585.0       1.8671098E-14
  2590.0       1.4839089E-14
  2595.0       7.656619E-15
  2600.0       9.55698E-16
  2605.0       0.0   
  2610.0       0.0   
  2615.0       0.0   
  2620.0       0.0   
  2625.0       0.0   
  2630.0       0.0   
  2635.0       0.0   
  2640.0       0.0   
  2645.0       0.0   
  2650.0       5.7560785E-15
  2655.0       4.6942884E-14
  2660.0       9.960929E-14
  2665.0       1.5275185E-13
  2670.0       2.0158263E-13
  2675.0       2.3843988E-13
  2680.0       2.5374985E-13
  2685.0       2.4463995E-13
  2690.0       2.0201242E-13
  2695.0       1.20602E-13
  2700.0       1.577014E-14
  2705.0       0.0   
  2710.0       0.0   
  2715.0       0.0   
  2720.0       0.0   
  2725.0       0.0   
  2730.0       0.0   
  2735.0       0.0   
  2740.0       0.0   
  2745.0       0.0   
  2750.0       8.2018465E-14
  2755.0       6.734807E-13
  2760.0       1.4682929E-12
  2765.0       2.3617102E-12
  2770.0       3.302985E-12
  2775.0       4.2495005E-12
  2780.0       5.147639E-12
  2785.0       5.9500083E-12
  2790.0       6.6101525E-12
  2795.0       7.078774E-12
  2800.0       7.308467E-12
  2805.0       7.2757967E-12
  2810.0       7.0176543E-12
  2815.0       6.5852597E-12
  2820.0       6.0408623E-12
  2825.0       5.4433454E-12
  2830.0       4.8525645E-12
  2835.0       4.324039E-12
  2840.0       3.9176314E-12
  2845.0       3.6917453E-12
  2850.0       3.7047886E-12
  2855.0       3.9902474E-12
  2860.0       4.513638E-12
  2865.0       5.229948E-12
  2870.0       6.080764E-12
  2875.0       7.0096043E-12
  2880.0       7.967617E-12
  2885.0       8.899292E-12
  2890.0       9.749531E-12
  2895.0       1.0459958E-11
  2900.0       1.09841225E-11
  2905.0       1.1296185E-11
  2910.0       1.1435454E-11
  2915.0       1.1470853E-11
  2920.0       1.14722875E-11
  2925.0       1.1511578E-11
  2930.0       1.1658617E-11
  2935.0       1.1985233E-11
  2940.0       1.25608395E-11
  2945.0       1.3455325E-11
  2950.0       1.4739567E-11
  2955.0       1.644319E-11
  2960.0       1.850731E-11
  2965.0       2.0839976E-11
  2970.0       2.3347336E-11
  2975.0       2.5929332E-11
  2980.0       2.8494571E-11
  2985.0       3.094531E-11
  2990.0       3.3185375E-11
  2995.0       3.511899E-11
  3000.0       3.6653704E-11
  3005.0       3.7734572E-11
  3010.0       3.8415757E-11
  3015.0       3.8783813E-11
  3020.0       3.893309E-11
  3025.0       3.8956595E-11
  3030.0       3.8948383E-11
  3035.0       3.8998277E-11
  3040.0       3.9198447E-11
  3045.0       3.964669E-11
  3050.0       4.043161E-11
  3055.0       4.159946E-11
  3060.0       4.309571E-11
  3065.0       4.4822694E-11
  3070.0       4.6682765E-11
  3075.0       4.857387E-11
  3080.0       5.0396045E-11
  3085.0       5.2049615E-11
  3090.0       5.3434552E-11
  3095.0       5.4448963E-11
  3100.0       5.4999713E-11
  3105.0       5.5038363E-11
  3110.0       5.4644657E-11
  3115.0       5.394465E-11
  3120.0       5.306837E-11
  3125.0       5.2146846E-11
  3130.0       5.131325E-11
  3135.0       5.0701093E-11
  3140.0       5.0438327E-11
  3145.0       5.0657888E-11
  3150.0       5.148404E-11
  3155.0       6.6284E-11
  3160.0       1.447399E-10
  3165.0       1.3849923E-10
  3170.0       1.2493286E-10
  3175.0       1.2424223E-10
  3180.0       1.2670481E-10
  3185.0       1.221245E-10
  3190.0       1.12285826E-10
  3195.0       1.0571913E-10
  3200.0       1.1724087E-10
  3205.0       1.1828237E-10
  3210.0       1.1756889E-10
  3215.0       1.11681546E-10
  3220.0       1.0345779E-10
  3225.0       9.708457E-11
  3230.0       9.033501E-11
  3235.0       8.121677E-11
  3240.0       7.484263E-11
  3245.0       7.6048945E-11
  3250.0       8.1610343E-11
  3255.0       8.564106E-11
  3260.0       8.368867E-11
  3265.0       7.475695E-11
  3270.0       6.5208214E-11
  3275.0       6.2240116E-11
  3280.0       6.780888E-11
  3285.0       8.011E-11
  3290.0       9.290252E-11
  3295.0       1.0021523E-10
  3300.0       1.0114282E-10
  3305.0       9.791002E-11
  3310.0       9.564246E-11
  3315.0       9.7674E-11
  3320.0       1.00047345E-10
  3325.0       9.856576E-11
  3330.0       9.556788E-11
  3335.0       9.4031324E-11
  3340.0       9.2135376E-11
  3345.0       8.895907E-11
  3350.0       9.04005E-11
  3355.0       9.85279E-11
  3360.0       9.926184E-11
  3365.0       8.3514945E-11
  3370.0       7.0788146E-11
  3375.0       7.9349735E-11
  3380.0       9.585827E-11
  3385.0       1.03306246E-10
  3390.0       1.0698239E-10
  3395.0       1.1566961E-10
  3400.0       1.2443002E-10
  3405.0       1.2640702E-10
  3410.0       1.2403545E-10
  3415.0       1.2216642E-10
  3420.0       1.2218082E-10
  3425.0       1.228482E-10
  3430.0       1.2009206E-10
  3435.0       1.1207557E-10
  3440.0       1.0533787E-10
  3445.0       1.0625243E-10
  3450.0       1.1228829E-10
  3455.0       1.1801878E-10
  3460.0       1.1967674E-10
  3465.0       1.1671918E-10
  3470.0       1.14935346E-10
  3475.0       1.1896525E-10
  3480.0       1.2443124E-10
  3485.0       1.2643683E-10
  3490.0       1.2772386E-10
  3495.0       1.321608E-10
  3500.0       1.3856016E-10
  3505.0       1.393056E-10
  3510.0       1.1582554E-10
  3515.0       1.1594998E-10
  3520.0       1.1585612E-10
  3525.0       1.276551E-10
  3530.0       1.5734412E-10
  3535.0       1.8105008E-10
  3540.0       1.8844187E-10
  3545.0       1.7574342E-10
  3550.0       1.657216E-10
  3555.0       1.691985E-10
  3560.0       1.629879E-10
  3565.0       1.4293977E-10
  3570.0       1.2296252E-10
  3575.0       9.8826156E-11
  3580.0       9.058633E-11
  3585.0       8.903054E-11
  3590.0       1.05651925E-10
  3595.0       1.3492531E-10
  3600.0       1.4587444E-10
  3605.0       1.3821216E-10
  3610.0       1.3986273E-10
  3615.0       1.5864923E-10
  3620.0       1.7355907E-10
  3625.0       1.939954E-10
  3630.0       1.9656225E-10
  3635.0       2.0086321E-10
  3640.0       2.09745E-10
  3645.0       1.9591964E-10
  3650.0       2.0508827E-10
  3655.0       2.3296026E-10
  3660.0       2.5356894E-10
  3665.0       2.5743546E-10
  3670.0       2.5573368E-10
  3675.0       2.4909955E-10
  3680.0       2.3094522E-10
  3685.0       2.2094046E-10
  3690.0       2.3672778E-10
  3695.0       2.595687E-10
  3700.0       2.6121696E-10
  3705.0       2.3258336E-10
  3710.0       2.1779557E-10
  3715.0       2.119754E-10
  3720.0       1.8013527E-10
  3725.0       1.7355242E-10
  3730.0       1.584551E-10
  3735.0       1.413442E-10
  3740.0       1.4234446E-10
  3745.0       1.3967559E-10
  3750.0       1.5332417E-10
  3755.0       1.7791227E-10
  3760.0       1.9146244E-10
  3765.0       2.1011871E-10
  3770.0       2.3827007E-10
  3775.0       2.6311034E-10
  3780.0       2.755027E-10
  3785.0       2.6183763E-10
  3790.0       2.3604485E-10
  3795.0       2.2660586E-10
  3800.0       2.30278E-10
  3805.0       2.3631344E-10
  3810.0       2.3233124E-10
  3815.0       2.0155319E-10
  3820.0       1.727425E-10
  3825.0       1.6698612E-10
  3830.0       1.7135678E-10
  3835.0       1.785743E-10
  3840.0       1.9109275E-10
  3845.0       2.0869796E-10
  3850.0       2.1462386E-10
  3855.0       2.0825411E-10
  3860.0       2.0415915E-10
  3865.0       2.1692168E-10
  3870.0       2.2057023E-10
  3875.0       2.1829391E-10
  3880.0       2.1966373E-10
  3885.0       2.2530727E-10
  3890.0       2.4925736E-10
  3895.0       2.620631E-10
  3900.0       2.7051475E-10
  3905.0       2.7956834E-10
  3910.0       2.8309263E-10
  3915.0       2.740652E-10
  3920.0       2.4955277E-10
  3925.0       2.0686579E-10
  3930.0       1.6125909E-10
  3935.0       1.5191781E-10
  3940.0       1.8003556E-10
  3945.0       2.275009E-10
  3950.0       2.7184982E-10
  3955.0       2.7408825E-10
  3960.0       2.3904742E-10
  3965.0       1.948268E-10
  3970.0       1.9651432E-10
  3975.0       2.6609398E-10
  3980.0       3.5121409E-10
  3985.0       4.18519E-10
  3990.0       4.6450707E-10
  3995.0       4.9832594E-10
  4000.0       5.3076543E-10
  4005.0       5.6015625E-10
  4010.0       5.99522E-10
  4015.0       6.3672345E-10
  4020.0       6.408227E-10
  4025.0       6.243703E-10
  4030.0       5.9616456E-10
  4035.0       5.949756E-10
  4040.0       6.0050676E-10
  4045.0       5.919755E-10
  4050.0       6.2817856E-10
  4055.0       6.473353E-10
  4060.0       6.342636E-10
  4065.0       6.270624E-10
  4070.0       6.251974E-10
  4075.0       6.397272E-10
  4080.0       7.037641E-10
  4085.0       7.9057394E-10
  4090.0       8.2282575E-10
  4095.0       7.663492E-10
  4100.0       7.144507E-10
  4105.0       7.3060197E-10
  4110.0       7.437021E-10
  4115.0       7.3509815E-10
  4120.0       7.295931E-10
  4125.0       7.364373E-10
  4130.0       7.2246564E-10
  4135.0       7.1322226E-10
  4140.0       6.88682E-10
  4145.0       6.6722194E-10
  4150.0       6.858194E-10
  4155.0       7.3721285E-10
  4160.0       7.817878E-10
  4165.0       7.7057083E-10
  4170.0       7.296794E-10
  4175.0       7.1981576E-10
  4180.0       7.568943E-10
  4185.0       7.97844E-10
  4190.0       8.0790824E-10
  4195.0       7.7505224E-10
  4200.0       7.451877E-10
  4205.0       7.8702483E-10
  4210.0       8.3017754E-10
  4215.0       8.1064766E-10
  4220.0       7.2021594E-10
  4225.0       5.7568295E-10
  4230.0       5.6017724E-10
  4235.0       6.945963E-10
  4240.0       8.7208624E-10
  4245.0       9.67283E-10
  4250.0       9.2549035E-10
  4255.0       8.676849E-10
  4260.0       8.808742E-10
  4265.0       9.381683E-10
  4270.0       9.2753366E-10
  4275.0       9.0848673E-10
  4280.0       9.076245E-10
  4285.0       8.7533203E-10
  4290.0       8.6226465E-10
  4295.0       8.9016006E-10
  4300.0       8.7601304E-10
  4305.0       8.658345E-10
  4310.0       9.672075E-10
  4315.0       1.1703317E-9
  4320.0       1.2782438E-9
  4325.0       1.2776019E-9
  4330.0       1.3153757E-9
  4335.0       1.350259E-9
  4340.0       1.3663265E-9
  4345.0       1.4253161E-9
  4350.0       1.44376E-9
  4355.0       1.4733111E-9
  4360.0       1.5202505E-9
  4365.0       1.5566407E-9
  4370.0       1.5219234E-9
  4375.0       1.4389513E-9
  4380.0       1.30163E-9
  4385.0       1.2143303E-9
  4390.0       1.2624569E-9
  4395.0       1.3946821E-9
  4400.0       1.4378817E-9
  4405.0       1.3497782E-9
  4410.0       1.358599E-9
  4415.0       1.4380689E-9
  4420.0       1.5431282E-9
  4425.0       1.5625284E-9
  4430.0       1.5567859E-9
  4435.0       1.5860572E-9
  4440.0       1.6802223E-9
  4445.0       1.7582515E-9
  4450.0       1.7507554E-9
  4455.0       1.613478E-9
  4460.0       1.5292242E-9
  4465.0       1.6015774E-9
  4470.0       1.7376739E-9
  4475.0       1.8777444E-9
  4480.0       1.9558979E-9
  4485.0       1.9952004E-9
  4490.0       1.9501345E-9
  4495.0       1.9207922E-9
  4500.0       2.013629E-9
  4505.0       2.1338364E-9
  4510.0       2.1928726E-9
  4515.0       2.164721E-9
  4520.0       2.0658693E-9
  4525.0       1.8842068E-9
  4530.0       1.7665402E-9
  4535.0       1.817914E-9
  4540.0       1.9244708E-9
  4545.0       2.0107858E-9
  4550.0       2.0827777E-9
  4555.0       2.1851183E-9
  4560.0       2.2793514E-9
  4565.0       2.3326114E-9
  4570.0       2.3417612E-9
  4575.0       2.3251936E-9
  4580.0       2.2930104E-9
  4585.0       2.2907911E-9
  4590.0       2.2662394E-9
  4595.0       2.2240438E-9
  4600.0       2.2372975E-9
  4605.0       2.3550808E-9
  4610.0       2.5376667E-9
  4615.0       2.672281E-9
  4620.0       2.6907174E-9
  4625.0       2.6077698E-9
  4630.0       2.478365E-9
  4635.0       2.3205893E-9
  4640.0       2.1972333E-9
  4645.0       2.140301E-9
  4650.0       2.2157887E-9
  4655.0       2.3777522E-9
  4660.0       2.4742712E-9
  4665.0       2.3700768E-9
  4670.0       2.279928E-9
  4675.0       2.2838547E-9
  4680.0       2.3259077E-9
  4685.0       2.3714384E-9
  4690.0       2.4122342E-9
  4695.0       2.4561992E-9
  4700.0       2.4632014E-9
  4705.0       2.4516698E-9
  4710.0       2.458941E-9
  4715.0       2.5275413E-9
  4720.0       2.5819424E-9
  4725.0       2.5173734E-9
  4730.0       2.4620468E-9
  4735.0       2.5308284E-9
  4740.0       2.6036822E-9
  4745.0       2.6579674E-9
  4750.0       2.6642497E-9
  4755.0       2.582117E-9
  4760.0       2.420107E-9
  4765.0       2.272716E-9
  4770.0       2.243262E-9
  4775.0       2.283283E-9
  4780.0       2.2901834E-9
  4785.0       2.287553E-9
  4790.0       2.3553863E-9
  4795.0       2.4832856E-9
  4800.0       2.5619764E-9
  4805.0       2.4978057E-9
  4810.0       2.454467E-9
  4815.0       2.5102274E-9
  4820.0       2.5568057E-9
  4825.0       2.5368572E-9
  4830.0       2.497558E-9
  4835.0       2.5113291E-9
  4840.0       2.5392768E-9
  4845.0       2.5400448E-9
  4850.0       2.5088671E-9
  4855.0       2.4492506E-9
  4860.0       2.3904578E-9
  4865.0       2.394723E-9
  4870.0       2.4444509E-9
  4875.0       2.520429E-9
  4880.0       2.5514704E-9
  4885.0       2.5109135E-9
  4890.0       2.552254E-9
  4895.0       2.7382523E-9
  4900.0       2.8832006E-9
  4905.0       2.9118856E-9
  4910.0       2.8793972E-9
  4915.0       2.8362301E-9
  4920.0       2.8159128E-9
  4925.0       2.9503364E-9
  4930.0       3.0322587E-9
  4935.0       2.959091E-9
  4940.0       2.9423315E-9
  4945.0       3.1013052E-9
  4950.0       3.12759E-9
  4955.0       2.8165659E-9
  4960.0       2.531837E-9
  4965.0       2.4731543E-9
  4970.0       2.5512217E-9
  4975.0       2.5951221E-9
  4980.0       2.54978E-9
  4985.0       2.55369E-9
  4990.0       2.5829332E-9
  4995.0       2.5663058E-9
  5000.0       2.4875553E-9
  5005.0       2.3994162E-9
  5010.0       2.3335758E-9
  5015.0       2.312092E-9
  5020.0       2.3813382E-9
  5025.0       2.5052953E-9
  5030.0       2.6131697E-9
  5035.0       2.5693419E-9
  5040.0       2.522225E-9
  5045.0       2.6305869E-9
  5050.0       2.7263494E-9
  5055.0       2.8544644E-9
  5060.0       2.876495E-9
  5065.0       2.756359E-9
  5070.0       2.660081E-9
  5075.0       2.5988272E-9
  5080.0       2.5641722E-9
  5085.0       2.6408278E-9
  5090.0       2.7235625E-9
  5095.0       2.6940044E-9
  5100.0       2.630415E-9
  5105.0       2.5727926E-9
  5110.0       2.5851552E-9
  5115.0       2.6851072E-9
  5120.0       2.6761784E-9
  5125.0       2.5838682E-9
  5130.0       2.5854008E-9
  5135.0       2.6673794E-9
  5140.0       2.7029219E-9
  5145.0       2.6132796E-9
  5150.0       2.5716682E-9
  5155.0       2.7014735E-9
  5160.0       2.685533E-9
  5165.0       2.275711E-9
  5170.0       1.9154218E-9
  5175.0       1.8898452E-9
  5180.0       2.01244E-9
  5185.0       2.2003237E-9
  5190.0       2.3752509E-9
  5195.0       2.522313E-9
  5200.0       2.4928128E-9
  5205.0       2.279935E-9
  5210.0       2.3291717E-9
  5215.0       2.6832359E-9
  5220.0       2.9384557E-9
  5225.0       2.944383E-9
  5230.0       3.0143577E-9
  5235.0       3.1338248E-9
  5240.0       3.187622E-9
  5245.0       3.0584717E-9
  5250.0       2.9575493E-9
  5255.0       3.0452416E-9
  5260.0       3.0360616E-9
  5265.0       2.8039904E-9
  5270.0       2.749597E-9
  5275.0       3.0218883E-9
  5280.0       3.3432652E-9
  5285.0       3.5372254E-9
  5290.0       3.580633E-9
  5295.0       3.4457353E-9
  5300.0       3.4199399E-9
  5305.0       3.6280623E-9
  5310.0       3.7815266E-9
  5315.0       3.761604E-9
  5320.0       3.6003114E-9
  5325.0       3.3489023E-9
  5330.0       3.257296E-9
  5335.0       3.414028E-9
  5340.0       3.5034189E-9
  5345.0       3.5419065E-9
  5350.0       3.6773289E-9
  5355.0       3.9197374E-9
  5360.0       3.9906194E-9
  5365.0       3.8243E-9
  5370.0       3.6822876E-9
  5375.0       3.7951273E-9
  5380.0       3.927052E-9
  5385.0       3.8666865E-9
  5390.0       3.7177892E-9
  5395.0       3.5952223E-9
  5400.0       3.5239123E-9
  5405.0       3.4311611E-9
  5410.0       3.5279037E-9
  5415.0       3.848963E-9
  5420.0       4.0577945E-9
  5425.0       4.0256576E-9
  5430.0       3.8659747E-9
  5435.0       3.832572E-9
  5440.0       3.925344E-9
  5445.0       3.7950016E-9
  5450.0       3.5149443E-9
  5455.0       3.360994E-9
  5460.0       3.3685228E-9
  5465.0       3.4559504E-9
  5470.0       3.5155592E-9
  5475.0       3.4766794E-9
  5480.0       3.4849033E-9
  5485.0       3.589927E-9
  5490.0       3.673354E-9
  5495.0       3.6925707E-9
  5500.0       3.6413585E-9
  5505.0       3.5730632E-9
  5510.0       3.5528145E-9
  5515.0       3.6081405E-9
  5520.0       3.7490793E-9
  5525.0       3.8009462E-9
  5530.0       3.8276413E-9
  5535.0       3.8800727E-9
  5540.0       3.9483017E-9
  5545.0       4.019609E-9
  5550.0       4.0668553E-9
  5555.0       4.023131E-9
  5560.0       3.9513E-9
  5565.0       3.890937E-9
  5570.0       3.898134E-9
  5575.0       3.960736E-9
  5580.0       3.968301E-9
  5585.0       3.8436667E-9
  5590.0       3.7110874E-9
  5595.0       3.6642067E-9
  5600.0       3.6641001E-9
  5605.0       3.7731605E-9
  5610.0       3.8527355E-9
  5615.0       3.786232E-9
  5620.0       3.7077565E-9
  5625.0       3.6756385E-9
  5630.0       3.6866437E-9
  5635.0       3.7045877E-9
  5640.0       3.7270604E-9
  5645.0       3.793599E-9
  5650.0       3.8680343E-9
  5655.0       3.8791255E-9
  5660.0       3.833916E-9
  5665.0       3.820872E-9
  5670.0       3.8632852E-9
  5675.0       3.997188E-9
  5680.0       4.092171E-9
  5685.0       4.138745E-9
  5690.0       4.159268E-9
  5695.0       4.1363775E-9
  5700.0       4.0394363E-9
  5705.0       3.938355E-9
  5710.0       3.9398635E-9
  5715.0       4.09439E-9
  5720.0       4.247711E-9
  5725.0       4.2601385E-9
  5730.0       4.2355692E-9
  5735.0       4.2689106E-9
  5740.0       4.32408E-9
  5745.0       4.383298E-9
  5750.0       4.4143045E-9
  5755.0       4.401461E-9
  5760.0       4.3611776E-9
  5765.0       4.3842836E-9
  5770.0       4.4267416E-9
  5775.0       4.356122E-9
  5780.0       4.2188084E-9
  5785.0       4.183994E-9
  5790.0       4.30734E-9
  5795.0       4.493439E-9
  5800.0       4.66792E-9
  5805.0       4.6877884E-9
  5810.0       4.62103E-9
  5815.0       4.560085E-9
  5820.0       4.554962E-9
  5825.0       4.5933075E-9
  5830.0       4.6398227E-9
  5835.0       4.6270436E-9
  5840.0       4.6010524E-9
  5845.0       4.511903E-9
  5850.0       4.3357837E-9
  5855.0       4.209766E-9
  5860.0       4.1387627E-9
  5865.0       4.095145E-9
  5870.0       4.0846975E-9
  5875.0       4.0195767E-9
  5880.0       3.86317E-9
  5885.0       3.5389178E-9
  5890.0       3.1843803E-9
  5895.0       3.1477394E-9
  5900.0       3.369513E-9
  5905.0       3.6239494E-9
  5910.0       3.77755E-9
  5915.0       3.819317E-9
  5920.0       3.8342822E-9
  5925.0       3.8941095E-9
  5930.0       3.972014E-9
  5935.0       4.002261E-9
  5940.0       4.0186743E-9
  5945.0       4.0210635E-9
  5950.0       4.000187E-9
  5955.0       3.9981862E-9
  5960.0       4.0698653E-9
  5965.0       4.1587676E-9
  5970.0       4.2261923E-9
  5975.0       4.189389E-9
  5980.0       4.148886E-9
  5985.0       4.1959853E-9
  5990.0       4.2977866E-9
  5995.0       4.331267E-9
  6000.0       4.2949497E-9
  6005.0       4.2764503E-9
  6010.0       4.286946E-9
  6015.0       4.297347E-9
  6020.0       4.3667985E-9
  6025.0       4.494748E-9
  6030.0       4.6028865E-9
  6035.0       4.651233E-9
  6040.0       4.6959876E-9
  6045.0       4.782765E-9
  6050.0       4.8203415E-9
  6055.0       4.7716058E-9
  6060.0       4.7343436E-9
  6065.0       4.773871E-9
  6070.0       4.8875126E-9
  6075.0       4.8735482E-9
  6080.0       4.7844924E-9
  6085.0       4.7452806E-9
  6090.0       4.7443023E-9
  6095.0       4.7806E-9
  6100.0       4.7998157E-9
  6105.0       4.814552E-9
  6110.0       4.8399738E-9
  6115.0       4.816972E-9
  6120.0       4.757977E-9
  6125.0       4.7982227E-9
  6130.0       4.8179167E-9
  6135.0       4.7102837E-9
  6140.0       4.6995132E-9
  6145.0       4.773444E-9
  6150.0       4.6916933E-9
  6155.0       4.4555386E-9
  6160.0       4.089459E-9
  6165.0       3.9107304E-9
  6170.0       3.913936E-9
  6175.0       3.9814188E-9
  6180.0       3.985534E-9
  6185.0       3.8025854E-9
  6190.0       3.6212808E-9
  6195.0       3.674969E-9
  6200.0       3.798347E-9
  6205.0       3.8657686E-9
  6210.0       3.7740557E-9
  6215.0       3.5711356E-9
  6220.0       3.4172074E-9
  6225.0       3.3470147E-9
  6230.0       3.3372412E-9
  6235.0       3.3717056E-9
  6240.0       3.4030199E-9
  6245.0       3.5016918E-9
  6250.0       3.5751506E-9
  6255.0       3.5602672E-9
  6260.0       3.5969159E-9
  6265.0       3.7196821E-9
  6270.0       3.7962122E-9
  6275.0       3.803234E-9
  6280.0       3.8442933E-9
  6285.0       4.023093E-9
  6290.0       4.1556394E-9
  6295.0       4.129324E-9
  6300.0       4.1424815E-9
  6305.0       4.2409476E-9
  6310.0       4.3560315E-9
  6315.0       4.3892907E-9
  6320.0       4.4286854E-9
  6325.0       4.5389648E-9
  6330.0       4.6404853E-9
  6335.0       4.6484128E-9
  6340.0       4.633695E-9
  6345.0       4.6665933E-9
  6350.0       4.6787427E-9
  6355.0       4.519189E-9
  6360.0       4.4035593E-9
  6365.0       4.5853663E-9
  6370.0       4.830173E-9
  6375.0       4.916079E-9
  6380.0       4.8841566E-9
  6385.0       4.895928E-9
  6390.0       4.924016E-9
  6395.0       4.9657967E-9
  6400.0       5.019179E-9
  6405.0       5.04631E-9
  6410.0       5.036772E-9
  6415.0       5.013425E-9
  6420.0       5.0014712E-9
  6425.0       5.028492E-9
  6430.0       5.047949E-9
  6435.0       5.1348006E-9
  6440.0       5.204469E-9
  6445.0       5.147293E-9
  6450.0       5.055469E-9
  6455.0       5.1703677E-9
  6460.0       5.2927462E-9
  6465.0       5.329361E-9
  6470.0       5.311084E-9
  6475.0       5.1998312E-9
  6480.0       5.0866267E-9
  6485.0       5.034914E-9
  6490.0       4.934488E-9
  6495.0       4.7593707E-9
  6500.0       4.774967E-9
  6505.0       4.957932E-9
  6510.0       5.1492046E-9
  6515.0       5.2537357E-9
  6520.0       5.276412E-9
  6525.0       5.3074647E-9
  6530.0       5.3676765E-9
  6535.0       5.4489773E-9
  6540.0       5.453461E-9
  6545.0       5.330089E-9
  6550.0       5.171547E-9
  6555.0       5.0104427E-9
  6560.0       4.9121858E-9
  6565.0       4.984228E-9
  6570.0       5.1293614E-9
  6575.0       5.1756994E-9
  6580.0       5.2122915E-9
  6585.0       5.267179E-9
  6590.0       5.2839653E-9
  6595.0       5.272452E-9
  6600.0       5.276646E-9
  6605.0       5.215259E-9
  6610.0       5.1913953E-9
  6615.0       5.258843E-9
  6620.0       5.270337E-9
  6625.0       5.1759157E-9
  6630.0       5.097222E-9
  6635.0       5.0933906E-9
  6640.0       5.1278346E-9
  6645.0       5.098227E-9
  6650.0       4.975944E-9
  6655.0       4.868841E-9
  6660.0       4.85365E-9
  6665.0       4.8901505E-9
  6670.0       4.934901E-9
  6675.0       4.8440634E-9
  6680.0       4.719412E-9
  6685.0       4.7022635E-9
  6690.0       4.722707E-9
  6695.0       4.7266706E-9
  6700.0       4.7682227E-9
  6705.0       4.8113016E-9
  6710.0       4.7549595E-9
  6715.0       4.5756146E-9
  6720.0       4.4839665E-9
  6725.0       4.5215183E-9
  6730.0       4.5974877E-9
  6735.0       4.6285784E-9
  6740.0       4.6022017E-9
  6745.0       4.529806E-9
  6750.0       4.502517E-9
  6755.0       4.6056363E-9
  6760.0       4.728361E-9
  6765.0       4.746661E-9
  6770.0       4.7632835E-9
  6775.0       4.818746E-9
  6780.0       4.7996838E-9
  6785.0       4.690045E-9
  6790.0       4.6651363E-9
  6795.0       4.7247473E-9
  6800.0       4.821155E-9
  6805.0       4.888335E-9
  6810.0       4.910706E-9
  6815.0       4.9085584E-9
  6820.0       4.9281894E-9
  6825.0       4.9614663E-9
  6830.0       4.9913167E-9
  6835.0       5.042359E-9
  6840.0       5.1195133E-9
  6845.0       5.1377085E-9
  6850.0       5.135395E-9
  6855.0       5.1292135E-9
  6860.0       5.1262212E-9
  6865.0       5.1314792E-9
  6870.0       5.1464903E-9
  6875.0       5.171408E-9
  6880.0       5.2059757E-9
  6885.0       5.2490225E-9
  6890.0       5.2969007E-9
  6895.0       5.3450426E-9
  6900.0       5.38893E-9
  6905.0       5.4253344E-9
  6910.0       5.454341E-9
  6915.0       5.4773834E-9
  6920.0       5.496039E-9
  6925.0       5.5118172E-9
  6930.0       5.525929E-9
  6935.0       5.539806E-9
  6940.0       5.555583E-9
  6945.0       5.5739546E-9
  6950.0       5.5913616E-9
  6955.0       5.607335E-9
  6960.0       5.6321445E-9
  6965.0       5.662936E-9
  6970.0       5.6588028E-9
  6975.0       5.6147473E-9
  6980.0       5.576877E-9
  6985.0       5.641145E-9
  6990.0       5.6736167E-9
  6995.0       5.683565E-9
  7000.0       5.6648983E-9
  7005.0       5.688711E-9
  7010.0       5.7425655E-9
  7015.0       5.7313496E-9
  7020.0       5.774658E-9
  7025.0       5.8121894E-9
  7030.0       5.8668594E-9
  7035.0       5.9103438E-9
  7040.0       5.9812097E-9
  7045.0       6.013513E-9
  7050.0       5.8049046E-9
  7055.0       5.409514E-9
  7060.0       5.1349747E-9
  7065.0       5.032081E-9
  7070.0       5.1212E-9
  7075.0       5.272476E-9
  7080.0       5.23286E-9
  7085.0       4.928626E-9
  7090.0       4.65241E-9
  7095.0       4.57098E-9
  7100.0       4.6019073E-9
  7105.0       4.6481747E-9
  7110.0       4.6921484E-9
  7115.0       4.766485E-9
  7120.0       4.7102313E-9
  7125.0       4.3874544E-9
  7130.0       4.141501E-9
  7135.0       4.149418E-9
  7140.0       4.2762753E-9
  7145.0       4.36781E-9
  7150.0       4.450247E-9
  7155.0       4.5625272E-9
  7160.0       4.6137822E-9
  7165.0       4.626105E-9
  7170.0       4.652816E-9
  7175.0       4.6467767E-9
  7180.0       4.6302233E-9
  7185.0       4.5715414E-9
  7190.0       4.5545834E-9
  7195.0       4.577194E-9
  7200.0       4.604057E-9
  7205.0       4.6456616E-9
  7210.0       4.7434687E-9
  7215.0       4.920964E-9
  7220.0       5.0932014E-9
  7225.0       5.1751723E-9
  7230.0       5.1988045E-9
  7235.0       5.163332E-9
  7240.0       5.143389E-9
  7245.0       5.1999587E-9
  7250.0       5.261521E-9
  7255.0       5.3017106E-9
  7260.0       5.3282174E-9
  7265.0       5.363096E-9
  7270.0       5.393881E-9
  7275.0       5.3971654E-9
  7280.0       5.3850857E-9
  7285.0       5.40018E-9
  7290.0       5.428187E-9
  7295.0       5.531464E-9
  7300.0       5.6237455E-9
  7305.0       5.6446066E-9
  7310.0       5.6474234E-9
  7315.0       5.6424287E-9
  7320.0       5.6587415E-9
  7325.0       5.67962E-9
  7330.0       5.7398095E-9
  7335.0       5.8190675E-9
  7340.0       5.900391E-9
  7345.0       5.8894987E-9
  7350.0       5.8121348E-9
  7355.0       5.6993823E-9
  7360.0       5.6769642E-9
  7365.0       5.7958784E-9
  7370.0       5.964926E-9
  7375.0       6.080513E-9
  7380.0       6.076507E-9
  7385.0       5.9569776E-9
  7390.0       5.899813E-9
  7395.0       5.9574483E-9
  7400.0       6.0730114E-9
  7405.0       6.1228267E-9
  7410.0       6.0364256E-9
  7415.0       5.9680256E-9
  7420.0       5.986055E-9
  7425.0       6.0496794E-9
  7430.0       6.131398E-9
  7435.0       6.142199E-9
  7440.0       6.1310117E-9
  7445.0       6.160333E-9
  7450.0       6.182819E-9
  7455.0       6.1481495E-9
  7460.0       6.1094747E-9
  7465.0       6.1237797E-9
  7470.0       6.152859E-9
  7475.0       6.145588E-9
  7480.0       6.114358E-9
  7485.0       6.089714E-9
  7490.0       6.0832295E-9
  7495.0       6.0937837E-9
  7500.0       6.108732E-9
  7505.0       6.1227614E-9
  7510.0       6.158662E-9
  7515.0       6.2274124E-9
  7520.0       6.282658E-9
  7525.0       6.2864385E-9
  7530.0       6.2787713E-9
  7535.0       6.303398E-9
  7540.0       6.335413E-9
  7545.0       6.3408634E-9
  7550.0       6.332273E-9
  7555.0       6.333505E-9
  7560.0       6.3493677E-9
  7565.0       6.374499E-9
  7570.0       6.3969905E-9
  7575.0       6.4021313E-9
  7580.0       6.3744485E-9
  7585.0       6.307927E-9
  7590.0       6.2224834E-9
  7595.0       6.147942E-9
  7600.0       6.1138E-9
  7605.0       6.1363075E-9
  7610.0       6.1974683E-9
  7615.0       6.2662378E-9
  7620.0       6.311233E-9
  7625.0       6.311972E-9
  7630.0       6.2760708E-9
  7635.0       6.2219803E-9
  7640.0       6.168548E-9
  7645.0       6.12805E-9
  7650.0       6.095634E-9
  7655.0       6.059807E-9
  7660.0       6.009114E-9
  7665.0       5.938598E-9
  7670.0       5.8602945E-9
  7675.0       5.792743E-9
  7680.0       5.754322E-9
  7685.0       5.75575E-9
  7690.0       5.78794E-9
  7695.0       5.833841E-9
  7700.0       5.875533E-9
  7705.0       5.900958E-9
  7710.0       5.9139187E-9
  7715.0       5.9201715E-9
  7720.0       5.916321E-9
  7725.0       5.9088427E-9
  7730.0       5.9360787E-9
  7735.0       6.0047793E-9
  7740.0       6.012747E-9
  7745.0       5.8974634E-9
  7750.0       5.803825E-9
  7755.0       5.8631007E-9
  7760.0       5.965303E-9
  7765.0       5.9767546E-9
  7770.0       5.9447767E-9
  7775.0       5.9461667E-9
  7780.0       5.950005E-9
  7785.0       5.9145595E-9
  7790.0       5.8817116E-9
  7795.0       5.900268E-9
  7800.0       5.9514473E-9
  7805.0       6.0021965E-9
  7810.0       6.0508905E-9
  7815.0       6.097266E-9
  7820.0       6.112287E-9
  7825.0       6.0706498E-9
  7830.0       5.9881224E-9
  7835.0       5.9012484E-9
  7840.0       5.857967E-9
  7845.0       5.882613E-9
  7850.0       5.9287704E-9
  7855.0       5.9470566E-9
  7860.0       5.9496323E-9
  7865.0       5.958018E-9
  7870.0       5.9567173E-9
  7875.0       5.9325598E-9
  7880.0       5.915576E-9
  7885.0       5.9261254E-9
  7890.0       5.9174536E-9
  7895.0       5.851213E-9
  7900.0       5.7774603E-9
  7905.0       5.7504144E-9
  7910.0       5.7462834E-9
  7915.0       5.73065E-9
  7920.0       5.7201066E-9
  7925.0       5.7353975E-9
  7930.0       5.7554366E-9
  7935.0       5.75257E-9
  7940.0       5.726126E-9
  7945.0       5.6937157E-9
  7950.0       5.691506E-9
  7955.0       5.7423803E-9
  7960.0       5.8169043E-9
  7965.0       5.875476E-9
  7970.0       5.904869E-9
  7975.0       5.9099245E-9
  7980.0       5.913649E-9
  7985.0       5.928822E-9
  7990.0       5.926204E-9
  7995.0       5.8879053E-9
  8000.0       5.8666254E-9
  8005.0       5.913821E-9
  8010.0       6.0046492E-9
  8015.0       6.0756946E-9
  8020.0       6.0466294E-9
  8025.0       5.907512E-9
  8030.0       5.8389764E-9
  8035.0       5.9677525E-9
  8040.0       6.097619E-9
  8045.0       6.04036E-9
  8050.0       5.9482548E-9
  8055.0       5.9945156E-9
  8060.0       6.064858E-9
  8065.0       6.017712E-9
  8070.0       5.9336682E-9
  8075.0       5.9268657E-9
  8080.0       5.9695586E-9
  8085.0       5.9919927E-9
  8090.0       5.964387E-9
  8095.0       5.8976424E-9
  8100.0       5.8618106E-9
  8105.0       5.899955E-9
  8110.0       5.931639E-9
  8115.0       5.8905094E-9
  8120.0       5.8669043E-9
  8125.0       5.9438166E-9
  8130.0       6.0282765E-9
  8135.0       6.0127365E-9
  8140.0       5.9305694E-9
  8145.0       5.8539302E-9
  8150.0       5.810309E-9
  8155.0       5.7943152E-9
  8160.0       5.765421E-9
  8165.0       5.702134E-9
  8170.0       5.66333E-9
  8175.0       5.699951E-9
  8180.0       5.7624114E-9
  8185.0       5.7837313E-9
  8190.0       5.755487E-9
  8195.0       5.7077387E-9
  8200.0       5.70804E-9
  8205.0       5.7978515E-9
  8210.0       5.914987E-9
  8215.0       5.9722653E-9
  8220.0       5.924838E-9
  8225.0       5.7886558E-9
  8230.0       5.691098E-9
  8235.0       5.740528E-9
  8240.0       5.885286E-9
  8245.0       6.019036E-9
  8250.0       6.0586323E-9
  8255.0       5.9913923E-9
  8260.0       5.9555094E-9
  8265.0       6.0506054E-9
  8270.0       6.132248E-9
  8275.0       6.0562577E-9
  8280.0       5.922621E-9
  8285.0       5.8687184E-9
  8290.0       5.8794964E-9
  8295.0       5.887078E-9
  8300.0       5.846914E-9
  8305.0       5.7611027E-9
  8310.0       5.72125E-9
  8315.0       5.788703E-9
  8320.0       5.861219E-9
  8325.0       5.8356293E-9
  8330.0       5.769334E-9
  8335.0       5.7444254E-9
  8340.0       5.7451723E-9
  8345.0       5.7401786E-9
  8350.0       5.7567617E-9
  8355.0       5.814451E-9
  8360.0       5.853632E-9
  8365.0       5.8294076E-9
  8370.0       5.81221E-9
  8375.0       5.857594E-9
  8380.0       5.870794E-9
  8385.0       5.7792606E-9
  8390.0       5.7164535E-9
  8395.0       5.8113754E-9
  8400.0       5.9731637E-9
  8405.0       6.065544E-9
  8410.0       6.0591647E-9
  8415.0       5.982317E-9
  8420.0       5.899622E-9
  8425.0       5.855169E-9
  8430.0       5.8100094E-9
  8435.0       5.7356164E-9
  8440.0       5.709883E-9
  8445.0       5.797478E-9
  8450.0       5.9207323E-9
  8455.0       5.9770566E-9
  8460.0       5.945698E-9
  8465.0       5.8621477E-9
  8470.0       5.821119E-9
  8475.0       5.891689E-9
  8480.0       6.0166387E-9
  8485.0       6.076429E-9
  8490.0       5.9273084E-9
  8495.0       5.5648606E-9
  8500.0       5.3544027E-9
  8505.0       5.558248E-9
  8510.0       5.813938E-9
  8515.0       5.7462337E-9
  8520.0       5.5683143E-9
  8525.0       5.5659943E-9
  8530.0       5.6159E-9
  8535.0       5.509011E-9
  8540.0       5.2436175E-9
  8545.0       4.955022E-9
  8550.0       4.9063242E-9
  8555.0       5.2337374E-9
  8560.0       5.6284226E-9
  8565.0       5.7685576E-9
  8570.0       5.7405223E-9
  8575.0       5.727138E-9
  8580.0       5.7469896E-9
  8585.0       5.7602803E-9
  8590.0       5.7522445E-9
  8595.0       5.738117E-9
  8600.0       5.7771143E-9
  8605.0       5.8978125E-9
  8610.0       6.0089524E-9
  8615.0       6.028101E-9
  8620.0       6.013922E-9
  8625.0       6.0414047E-9
  8630.0       6.085538E-9
  8635.0       6.0985297E-9
  8640.0       6.0777006E-9
  8645.0       6.04765E-9
  8650.0       6.0493734E-9
  8655.0       6.053109E-9
  8660.0       5.8458034E-9
  8665.0       5.359015E-9
  8670.0       5.0662394E-9
  8675.0       5.3405245E-9
  8680.0       5.76333E-9
  8685.0       5.882934E-9
  8690.0       5.9366236E-9
  8695.0       6.10425E-9
  8700.0       5.9306897E-9
  8705.0       5.9172356E-9
  8710.0       5.959263E-9
  8715.0       5.995259E-9
  8720.0       6.0166356E-9
  8725.0       6.021524E-9
  8730.0       6.015437E-9
  8735.0       6.006755E-9
  8740.0       6.003833E-9
  8745.0       6.0117E-9
  8750.0       6.026875E-9
  8755.0       6.042608E-9
  8760.0       6.052037E-9
  8765.0       6.0506755E-9
  8770.0       6.0402154E-9
  8775.0       6.0247247E-9
  8780.0       6.008374E-9
  8785.0       5.9939635E-9
  8790.0       5.9808576E-9
  8795.0       5.967064E-9
  8800.0       5.9506307E-9
  8805.0       5.9317187E-9
  8810.0       5.915785E-9
  8815.0       5.9103407E-9
  8820.0       5.922687E-9
  8825.0       5.9561214E-9
  8830.0       6.0033924E-9
  8835.0       6.053216E-9
  8840.0       6.0942433E-9
  8845.0       6.1181833E-9
  8850.0       6.1247096E-9
  8855.0       6.1166103E-9
  8860.0       6.0970007E-9
  8865.0       6.069526E-9
  8870.0       6.0391288E-9
  8875.0       6.011244E-9
  8880.0       5.991147E-9
  8885.0       5.981796E-9
  8890.0       5.980165E-9
  8895.0       5.980947E-9
  8900.0       5.9787335E-9
  8905.0       5.969793E-9
  8910.0       5.9546745E-9
  8915.0       5.9355414E-9
  8920.0       5.914764E-9
  8925.0       5.8949645E-9
  8930.0       5.8793166E-9
  8935.0       5.87124E-9
  8940.0       5.8739995E-9
  8945.0       5.888954E-9
  8950.0       5.9125114E-9
  8955.0       5.9391745E-9
  8960.0       5.963276E-9
  8965.0       5.979234E-9
  8970.0       5.9816294E-9
  8975.0       5.9651417E-9
  8980.0       5.924982E-9
  8985.0       5.86153E-9
  8990.0       5.7887903E-9
  8995.0       5.725909E-9
  9000.0       5.6919993E-9
  9005.0       5.7000618E-9
  9010.0       5.747393E-9
  9015.0       5.8252083E-9
  9020.0       5.9240244E-9
  9025.0       6.0330128E-9
  9030.0       6.1380945E-9
  9035.0       6.2238072E-9
  9040.0       6.2751853E-9
  9045.0       6.282576E-9
  9050.0       6.250332E-9
  9055.0       6.188174E-9
  9060.0       6.1063967E-9
  9065.0       6.0154903E-9
  9070.0       5.9266427E-9
  9075.0       5.8512937E-9
  9080.0       5.8003877E-9
  9085.0       5.7797993E-9
  9090.0       5.782323E-9
  9095.0       5.7957203E-9
  9100.0       5.807521E-9
  9105.0       5.8083165E-9
  9110.0       5.7966405E-9
  9115.0       5.774057E-9
  9120.0       5.7424834E-9
  9125.0       5.7039276E-9
  9130.0       5.660624E-9
  9135.0       5.6149427E-9
  9140.0       5.569278E-9
  9145.0       5.5259886E-9
  9150.0       5.4874296E-9
  9155.0       5.456005E-9
  9160.0       5.4340275E-9
  9165.0       5.4237534E-9
  9170.0       5.427038E-9
  9175.0       5.445633E-9
  9180.0       5.4809766E-9
  9185.0       5.5315943E-9
  9190.0       5.5884515E-9
  9195.0       5.6395755E-9
  9200.0       5.673186E-9
  9205.0       5.6820384E-9
  9210.0       5.6706764E-9
  9215.0       5.648217E-9
  9220.0       5.623902E-9
  9225.0       5.6035168E-9
  9230.0       5.584017E-9
  9235.0       5.558942E-9
  9240.0       5.5220046E-9
  9245.0       5.471807E-9
  9250.0       5.419859E-9
  9255.0       5.382564E-9
  9260.0       5.3760303E-9
  9265.0       5.4081553E-9
  9270.0       5.4655045E-9
  9275.0       5.5264167E-9
  9280.0       5.569075E-9
  9285.0       5.577808E-9
  9290.0       5.5530207E-9
  9295.0       5.5012794E-9
  9300.0       5.4302225E-9
  9305.0       5.352106E-9
  9310.0       5.2911835E-9
  9315.0       5.276295E-9
  9320.0       5.3346456E-9
  9325.0       5.4728164E-9
  9330.0       5.6435616E-9
  9335.0       5.7790097E-9
  9340.0       5.8122285E-9
  9345.0       5.7067986E-9
  9350.0       5.505592E-9
  9355.0       5.281959E-9
  9360.0       5.110205E-9
  9365.0       5.043563E-9
  9370.0       5.0806577E-9
  9375.0       5.1990514E-9
  9380.0       5.3737708E-9
  9385.0       5.575391E-9
  9390.0       5.762871E-9
  9395.0       5.8906804E-9
  9400.0       5.9150267E-9
  9405.0       5.8135634E-9
  9410.0       5.619747E-9
  9415.0       5.388519E-9
  9420.0       5.175616E-9
  9425.0       5.0233155E-9
  9430.0       4.9389515E-9
  9435.0       4.916475E-9
  9440.0       4.948068E-9
  9445.0       5.022229E-9
  9450.0       5.117854E-9
  9455.0       5.21011E-9
  9460.0       5.2747238E-9
  9465.0       5.2967404E-9
  9470.0       5.2853917E-9
  9475.0       5.259218E-9
  9480.0       5.2371707E-9
  9485.0       5.2334177E-9
  9490.0       5.2495572E-9
  9495.0       5.282406E-9
  9500.0       5.3281886E-9
  9505.0       5.382334E-9
  9510.0       5.4383533E-9
  9515.0       5.488932E-9
  9520.0       5.526985E-9
  9525.0       5.548498E-9
  9530.0       5.557404E-9
  9535.0       5.5606844E-9
  9540.0       5.565274E-9
  9545.0       5.574885E-9
  9550.0       5.584769E-9
  9555.0       5.586879E-9
  9560.0       5.573284E-9
  9565.0       5.5400067E-9
  9570.0       5.4933866E-9
  9575.0       5.4437503E-9
  9580.0       5.401581E-9
  9585.0       5.374798E-9
  9590.0       5.3647917E-9
  9595.0       5.370375E-9
  9600.0       5.3899667E-9
  9605.0       5.420224E-9
  9610.0       5.453093E-9
  9615.0       5.478827E-9
  9620.0       5.487827E-9
  9625.0       5.474436E-9
  9630.0       5.4431464E-9
  9635.0       5.402337E-9
  9640.0       5.3607168E-9
  9645.0       5.326031E-9
  9650.0       5.30362E-9
  9655.0       5.29784E-9
  9660.0       5.3126055E-9
  9665.0       5.3473577E-9
  9670.0       5.390211E-9
  9675.0       5.4248583E-9
  9680.0       5.4353384E-9
  9685.0       5.413271E-9
  9690.0       5.369901E-9
  9695.0       5.3240763E-9
  9700.0       5.2946696E-9
  9705.0       5.2933515E-9
  9710.0       5.3129985E-9
  9715.0       5.3393E-9
  9720.0       5.3577414E-9
  9725.0       5.358858E-9
  9730.0       5.34647E-9
  9735.0       5.3294524E-9
  9740.0       5.3169167E-9
  9745.0       5.314836E-9
  9750.0       5.321052E-9
  9755.0       5.3303184E-9
  9760.0       5.337254E-9
  9765.0       5.338866E-9
  9770.0       5.3381557E-9
  9775.0       5.340476E-9
  9780.0       5.351162E-9
  9785.0       5.373252E-9
  9790.0       5.4037543E-9
  9795.0       5.4374087E-9
  9800.0       5.468828E-9
  9805.0       5.494073E-9
  9810.0       5.5128964E-9
  9815.0       5.52651E-9
  9820.0       5.536234E-9
  9825.0       5.542929E-9
  9830.0       5.5463802E-9
  9835.0       5.5459553E-9
  9840.0       5.5410356E-9
  9845.0       5.5318705E-9
  9850.0       5.5209215E-9
  9855.0       5.51147E-9
  9860.0       5.5067853E-9
  9865.0       5.508606E-9
  9870.0       5.5147797E-9
  9875.0       5.5217093E-9
  9880.0       5.5257683E-9
  9885.0       5.5247296E-9
  9890.0       5.520027E-9
  9895.0       5.5145453E-9
  9900.0       5.511108E-9
  9905.0       5.511243E-9
  9910.0       5.5129004E-9
  9915.0       5.512722E-9
  9920.0       5.5074E-9
  9925.0       5.495586E-9
  9930.0       5.481037E-9
  9935.0       5.4694875E-9
  9940.0       5.466617E-9
  9945.0       5.4755716E-9
  9950.0       5.49293E-9
  9955.0       5.512793E-9
  9960.0       5.5291136E-9
  9965.0       5.5377223E-9
  9970.0       5.539012E-9
  9975.0       5.5352642E-9
  9980.0       5.5288254E-9
  9985.0       5.5218368E-9
  9990.0       5.5157328E-9
  9995.0       5.5116716E-9
  10000.0      5.5107328E-9
  10005.0      5.5132965E-9
  10010.0      5.5179976E-9
  10015.0      5.5227463E-9
  10020.0      5.525459E-9
  10025.0      5.5243037E-9
  10030.0      5.5183116E-9
  10035.0      5.5067977E-9
  10040.0      5.4892477E-9
  10045.0      5.4665557E-9
  10050.0      5.4433786E-9
  10055.0      5.425766E-9
  10060.0      5.4196527E-9
  10065.0      5.428355E-9
  10070.0      5.448472E-9
  10075.0      5.47401E-9
  10080.0      5.498802E-9
  10085.0      5.5181055E-9
  10090.0      5.5307563E-9
  10095.0      5.5369473E-9
  10100.0      5.537066E-9
  10105.0      5.531811E-9
  10110.0      5.52259E-9
  10115.0      5.511146E-9
  10120.0      5.499235E-9
  10125.0      5.488243E-9
  10130.0      5.478763E-9
  10135.0      5.471086E-9
  10140.0      5.46536E-9
  10145.0      5.4613554E-9
  10150.0      5.457528E-9
  10155.0      5.4519407E-9
  10160.0      5.442698E-9
  10165.0      5.4292615E-9
  10170.0      5.414649E-9
  10175.0      5.403177E-9
  10180.0      5.399136E-9
  10185.0      5.404808E-9
  10190.0      5.4172666E-9
  10195.0      5.4316414E-9
  10200.0      5.443002E-9
  10205.0      5.4480305E-9
  10210.0      5.4476534E-9
  10215.0      5.4444205E-9
  10220.0      5.440979E-9
  10225.0      5.439333E-9
  10230.0      5.439773E-9
  10235.0      5.4419496E-9
  10240.0      5.4453997E-9
  10245.0      5.449676E-9
  10250.0      5.454134E-9
  10255.0      5.458091E-9
  10260.0      5.4608846E-9
  10265.0      5.4619487E-9
  10270.0      5.4610534E-9
  10275.0      5.4580696E-9
  10280.0      5.452931E-9
  10285.0      5.4456866E-9
  10290.0      5.436826E-9
  10295.0      5.4269687E-9
  10300.0      5.4167395E-9
  10305.0      5.406544E-9
  10310.0      5.396222E-9
  10315.0      5.3853855E-9
  10320.0      5.373687E-9
  10325.0      5.361286E-9
  10330.0      5.349663E-9
  10335.0      5.3408193E-9
  10340.0      5.3367146E-9
  10345.0      5.338295E-9
  10350.0      5.343894E-9
  10355.0      5.3508513E-9
  10360.0      5.3564757E-9
  10365.0      5.358824E-9
  10370.0      5.3579337E-9
  10375.0      5.3545857E-9
  10380.0      5.349627E-9
  10385.0      5.3441775E-9
  10390.0      5.339768E-9
  10395.0      5.3382005E-9
  10400.0      5.3411817E-9
  10405.0      5.3495444E-9
  10410.0      5.361893E-9
  10415.0      5.375968E-9
  10420.0      5.3894182E-9
  10425.0      5.400045E-9
  10430.0      5.405941E-9
  10435.0      5.405324E-9
  10440.0      5.396621E-9
  10445.0      5.380016E-9
  10450.0      5.3602784E-9
  10455.0      5.3439764E-9
  10460.0      5.337556E-9
  10465.0      5.344775E-9
  10470.0      5.362367E-9
  10475.0      5.3843974E-9
  10480.0      5.4047486E-9
  10485.0      5.4187663E-9
  10490.0      5.42551E-9
  10495.0      5.425446E-9
  10500.0      5.419263E-9
  10505.0      5.4083045E-9
  10510.0      5.3956994E-9
  10515.0      5.3852087E-9
  10520.0      5.3805684E-9
  10525.0      5.383977E-9
  10530.0      5.3937366E-9
  10535.0      5.406725E-9
  10540.0      5.419641E-9
  10545.0      5.429603E-9
  10550.0      5.434831E-9
  10555.0      5.433863E-9
  10560.0      5.4254228E-9
  10565.0      5.4090394E-9
  10570.0      5.3863802E-9
  10575.0      5.3600036E-9
  10580.0      5.3324913E-9
  10585.0      5.306404E-9
  10590.0      5.2842397E-9
  10595.0      5.2684506E-9
  10600.0      5.261408E-9
  10605.0      5.2643245E-9
  10610.0      5.275613E-9
  10615.0      5.292549E-9
  10620.0      3.9814045E-9
