# WAVELENGTH   FLUX  
  1150.0       0.0   
  1155.0       0.0   
  1160.0       0.0   
  1165.0       0.0   
  1170.0       0.0   
  1175.0       0.0   
  1180.0       0.0   
  1185.0       0.0   
  1190.0       0.0   
  1195.0       0.0   
  1200.0       0.0   
  1205.0       0.0   
  1210.0       0.0   
  1215.0       0.0   
  1220.0       0.0   
  1225.0       0.0   
  1230.0       0.0   
  1235.0       0.0   
  1240.0       0.0   
  1245.0       0.0   
  1250.0       0.0   
  1255.0       0.0   
  1260.0       0.0   
  1265.0       0.0   
  1270.0       0.0   
  1275.0       0.0   
  1280.0       0.0   
  1285.0       0.0   
  1290.0       0.0   
  1295.0       0.0   
  1300.0       0.0   
  1305.0       0.0   
  1310.0       0.0   
  1315.0       0.0   
  1320.0       0.0   
  1325.0       0.0   
  1330.0       0.0   
  1335.0       0.0   
  1340.0       0.0   
  1345.0       0.0   
  1350.0       0.0   
  1355.0       0.0   
  1360.0       0.0   
  1365.0       0.0   
  1370.0       0.0   
  1375.0       0.0   
  1380.0       0.0   
  1385.0       0.0   
  1390.0       0.0   
  1395.0       0.0   
  1400.0       0.0   
  1405.0       0.0   
  1410.0       0.0   
  1415.0       0.0   
  1420.0       0.0   
  1425.0       0.0   
  1430.0       0.0   
  1435.0       0.0   
  1440.0       0.0   
  1445.0       0.0   
  1450.0       0.0   
  1455.0       0.0   
  1460.0       0.0   
  1465.0       0.0   
  1470.0       0.0   
  1475.0       0.0   
  1480.0       0.0   
  1485.0       0.0   
  1490.0       0.0   
  1495.0       0.0   
  1500.0       0.0   
  1505.0       0.0   
  1510.0       0.0   
  1515.0       0.0   
  1520.0       0.0   
  1525.0       0.0   
  1530.0       0.0   
  1535.0       0.0   
  1540.0       0.0   
  1545.0       0.0   
  1550.0       0.0   
  1555.0       0.0   
  1560.0       0.0   
  1565.0       0.0   
  1570.0       0.0   
  1575.0       0.0   
  1580.0       0.0   
  1585.0       0.0   
  1590.0       0.0   
  1595.0       0.0   
  1600.0       0.0   
  1605.0       0.0   
  1610.0       0.0   
  1615.0       0.0   
  1620.0       0.0   
  1625.0       0.0   
  1630.0       0.0   
  1635.0       0.0   
  1640.0       0.0   
  1645.0       0.0   
  1650.0       0.0   
  1655.0       0.0   
  1660.0       0.0   
  1665.0       0.0   
  1670.0       0.0   
  1675.0       0.0   
  1680.0       0.0   
  1685.0       0.0   
  1690.0       0.0   
  1695.0       0.0   
  1700.0       0.0   
  1705.0       0.0   
  1710.0       0.0   
  1715.0       0.0   
  1720.0       0.0   
  1725.0       0.0   
  1730.0       0.0   
  1735.0       0.0   
  1740.0       0.0   
  1745.0       0.0   
  1750.0       0.0   
  1755.0       0.0   
  1760.0       0.0   
  1765.0       0.0   
  1770.0       0.0   
  1775.0       0.0   
  1780.0       0.0   
  1785.0       0.0   
  1790.0       0.0   
  1795.0       0.0   
  1800.0       0.0   
  1805.0       0.0   
  1810.0       0.0   
  1815.0       0.0   
  1820.0       0.0   
  1825.0       0.0   
  1830.0       0.0   
  1835.0       0.0   
  1840.0       0.0   
  1845.0       0.0   
  1850.0       0.0   
  1855.0       0.0   
  1860.0       0.0   
  1865.0       0.0   
  1870.0       0.0   
  1875.0       0.0   
  1880.0       0.0   
  1885.0       0.0   
  1890.0       0.0   
  1895.0       0.0   
  1900.0       0.0   
  1905.0       0.0   
  1910.0       0.0   
  1915.0       0.0   
  1920.0       0.0   
  1925.0       0.0   
  1930.0       0.0   
  1935.0       0.0   
  1940.0       0.0   
  1945.0       0.0   
  1950.0       0.0   
  1955.0       0.0   
  1960.0       0.0   
  1965.0       0.0   
  1970.0       0.0   
  1975.0       0.0   
  1980.0       0.0   
  1985.0       0.0   
  1990.0       0.0   
  1995.0       0.0   
  2000.0       0.0   
  2005.0       0.0   
  2010.0       0.0   
  2015.0       0.0   
  2020.0       0.0   
  2025.0       0.0   
  2030.0       0.0   
  2035.0       0.0   
  2040.0       0.0   
  2045.0       0.0   
  2050.0       0.0   
  2055.0       0.0   
  2060.0       0.0   
  2065.0       0.0   
  2070.0       0.0   
  2075.0       0.0   
  2080.0       0.0   
  2085.0       0.0   
  2090.0       0.0   
  2095.0       0.0   
  2100.0       0.0   
  2105.0       0.0   
  2110.0       0.0   
  2115.0       0.0   
  2120.0       0.0   
  2125.0       0.0   
  2130.0       0.0   
  2135.0       0.0   
  2140.0       0.0   
  2145.0       0.0   
  2150.0       0.0   
  2155.0       0.0   
  2160.0       0.0   
  2165.0       0.0   
  2170.0       0.0   
  2175.0       0.0   
  2180.0       0.0   
  2185.0       0.0   
  2190.0       0.0   
  2195.0       0.0   
  2200.0       0.0   
  2205.0       0.0   
  2210.0       0.0   
  2215.0       0.0   
  2220.0       0.0   
  2225.0       0.0   
  2230.0       0.0   
  2235.0       0.0   
  2240.0       0.0   
  2245.0       0.0   
  2250.0       0.0   
  2255.0       0.0   
  2260.0       0.0   
  2265.0       0.0   
  2270.0       0.0   
  2275.0       0.0   
  2280.0       0.0   
  2285.0       0.0   
  2290.0       0.0   
  2295.0       0.0   
  2300.0       0.0   
  2305.0       0.0   
  2310.0       0.0   
  2315.0       0.0   
  2320.0       0.0   
  2325.0       0.0   
  2330.0       0.0   
  2335.0       0.0   
  2340.0       0.0   
  2345.0       0.0   
  2350.0       0.0   
  2355.0       0.0   
  2360.0       0.0   
  2365.0       0.0   
  2370.0       0.0   
  2375.0       0.0   
  2380.0       0.0   
  2385.0       0.0   
  2390.0       0.0   
  2395.0       0.0   
  2400.0       0.0   
  2405.0       0.0   
  2410.0       0.0   
  2415.0       0.0   
  2420.0       0.0   
  2425.0       0.0   
  2430.0       0.0   
  2435.0       0.0   
  2440.0       0.0   
  2445.0       0.0   
  2450.0       0.0   
  2455.0       0.0   
  2460.0       0.0   
  2465.0       0.0   
  2470.0       0.0   
  2475.0       0.0   
  2480.0       0.0   
  2485.0       0.0   
  2490.0       0.0   
  2495.0       0.0   
  2500.0       0.0   
  2505.0       0.0   
  2510.0       0.0   
  2515.0       0.0   
  2520.0       0.0   
  2525.0       0.0   
  2530.0       0.0   
  2535.0       0.0   
  2540.0       0.0   
  2545.0       0.0   
  2550.0       4.764419E-16
  2555.0       4.282373E-15
  2560.0       1.09394915E-14
  2565.0       1.521815E-14
  2570.0       1.9022217E-14
  2575.0       2.2826284E-14
  2580.0       2.5677477E-14
  2585.0       2.2822607E-14
  2590.0       1.85421E-14
  2595.0       1.0932133E-14
  2600.0       1.4237853E-15
  2605.0       0.0   
  2610.0       0.0   
  2615.0       0.0   
  2620.0       0.0   
  2625.0       0.0   
  2630.0       0.0   
  2635.0       0.0   
  2640.0       0.0   
  2645.0       0.0   
  2650.0       7.622506E-15
  2655.0       6.232303E-14
  2660.0       1.33653E-13
  2665.0       2.0783071E-13
  2670.0       2.7201809E-13
  2675.0       3.2003466E-13
  2680.0       3.418936E-13
  2685.0       3.2903633E-13
  2690.0       2.7147794E-13
  2695.0       1.6303529E-13
  2700.0       2.1358275E-14
  2705.0       0.0   
  2710.0       0.0   
  2715.0       0.0   
  2720.0       0.0   
  2725.0       0.0   
  2730.0       0.0   
  2735.0       0.0   
  2740.0       0.0   
  2745.0       0.0   
  2750.0       1.100424E-13
  2755.0       9.0534015E-13
  2760.0       1.9852997E-12
  2765.0       3.211692E-12
  2770.0       4.5312603E-12
  2775.0       5.8826537E-12
  2780.0       7.2102584E-12
  2785.0       8.455087E-12
  2790.0       9.562465E-12
  2795.0       1.0474875E-11
  2800.0       1.1133333E-11
  2805.0       1.15141E-11
  2810.0       1.1647616E-11
  2815.0       1.15942846E-11
  2820.0       1.141594E-11
  2825.0       1.1175789E-11
  2830.0       1.0933298E-11
  2835.0       1.0754543E-11
  2840.0       1.0700873E-11
  2845.0       1.0830781E-11
  2850.0       1.1206078E-11
  2855.0       1.1869061E-11
  2860.0       1.2804506E-11
  2865.0       1.3980053E-11
  2870.0       1.5363858E-11
  2875.0       1.6918841E-11
  2880.0       1.860839E-11
  2885.0       2.0403006E-11
  2890.0       2.2266553E-11
  2895.0       2.4164292E-11
  2900.0       2.6061575E-11
  2905.0       2.7921748E-11
  2910.0       2.9712004E-11
  2915.0       3.139334E-11
  2920.0       3.2933455E-11
  2925.0       3.429759E-11
  2930.0       3.544586E-11
  2935.0       3.6343487E-11
  2940.0       3.69582E-11
  2945.0       3.7250536E-11
  2950.0       3.7187118E-11
  2955.0       3.6756157E-11
  2960.0       3.6002774E-11
  2965.0       3.498746E-11
  2970.0       3.3775347E-11
  2975.0       3.243628E-11
  2980.0       3.1033037E-11
  2985.0       2.9630305E-11
  2990.0       2.8296086E-11
  2995.0       2.7097862E-11
  3000.0       2.6096547E-11
  3005.0       2.5341536E-11
  3010.0       2.4849494E-11
  3015.0       2.4613278E-11
  3020.0       2.4628587E-11
  3025.0       2.48945E-11
  3030.0       2.5406717E-11
  3035.0       2.6156684E-11
  3040.0       2.7144904E-11
  3045.0       2.8365608E-11
  3050.0       2.9814116E-11
  3055.0       3.1481345E-11
  3060.0       3.3345878E-11
  3065.0       3.5381153E-11
  3070.0       3.7558054E-11
  3075.0       3.9852413E-11
  3080.0       4.2237124E-11
  3085.0       4.468083E-11
  3090.0       4.716153E-11
  3095.0       4.9652702E-11
  3100.0       5.2123493E-11
  3105.0       5.455666E-11
  3110.0       5.694268E-11
  3115.0       5.9285535E-11
  3120.0       6.158371E-11
  3125.0       6.3838976E-11
  3130.0       6.604957E-11
  3135.0       6.8217425E-11
  3140.0       7.034106E-11
  3145.0       7.2424754E-11
  3150.0       7.446362E-11
  3155.0       7.645554E-11
  3160.0       7.838846E-11
  3165.0       8.023911E-11
  3170.0       8.1990345E-11
  3175.0       8.362323E-11
  3180.0       8.5116685E-11
  3185.0       8.645571E-11
  3190.0       8.761489E-11
  3195.0       8.858151E-11
  3200.0       8.933457E-11
  3205.0       8.9878174E-11
  3210.0       9.0264726E-11
  3215.0       9.0570884E-11
  3220.0       9.087329E-11
  3225.0       9.124759E-11
  3230.0       9.176786E-11
  3235.0       9.251536E-11
  3240.0       9.356646E-11
  3245.0       9.499257E-11
  3250.0       1.0212699E-10
  3255.0       1.3483406E-10
  3260.0       1.3460608E-10
  3265.0       1.2649298E-10
  3270.0       1.1955366E-10
  3275.0       1.1489946E-10
  3280.0       1.1315652E-10
  3285.0       1.14654536E-10
  3290.0       1.1893439E-10
  3295.0       1.2439255E-10
  3300.0       1.2684813E-10
  3305.0       1.2393646E-10
  3310.0       1.196876E-10
  3315.0       1.1942351E-10
  3320.0       1.2000441E-10
  3325.0       1.1717259E-10
  3330.0       1.1260436E-10
  3335.0       1.09083916E-10
  3340.0       1.0640675E-10
  3345.0       1.061462E-10
  3350.0       1.171519E-10
  3355.0       1.437584E-10
  3360.0       1.7137619E-10
  3365.0       1.8471212E-10
  3370.0       1.8545845E-10
  3375.0       1.7939815E-10
  3380.0       1.6614131E-10
  3385.0       1.4808756E-10
  3390.0       1.4075247E-10
  3395.0       1.52914E-10
  3400.0       1.6331923E-10
  3405.0       1.5364394E-10
  3410.0       1.4263726E-10
  3415.0       1.5063406E-10
  3420.0       1.6468671E-10
  3425.0       1.6561594E-10
  3430.0       1.524353E-10
  3435.0       1.3424839E-10
  3440.0       1.2690442E-10
  3445.0       1.3955453E-10
  3450.0       1.5810259E-10
  3455.0       1.6699145E-10
  3460.0       1.6983731E-10
  3465.0       1.7412258E-10
  3470.0       1.7788723E-10
  3475.0       1.7696122E-10
  3480.0       1.7166314E-10
  3485.0       1.6604049E-10
  3490.0       1.6863821E-10
  3495.0       1.8276736E-10
  3500.0       1.942199E-10
  3505.0       1.9077748E-10
  3510.0       1.8264532E-10
  3515.0       1.8283162E-10
  3520.0       1.8917999E-10
  3525.0       1.970961E-10
  3530.0       2.10816E-10
  3535.0       2.3176724E-10
  3540.0       2.4528846E-10
  3545.0       2.3940133E-10
  3550.0       2.2512686E-10
  3555.0       2.1597862E-10
  3560.0       2.0882243E-10
  3565.0       1.9636165E-10
  3570.0       1.7791917E-10
  3575.0       1.583375E-10
  3580.0       1.4941377E-10
  3585.0       1.5941719E-10
  3590.0       1.80376E-10
  3595.0       1.9755218E-10
  3600.0       1.9570856E-10
  3605.0       1.71881E-10
  3610.0       1.5441487E-10
  3615.0       1.6739038E-10
  3620.0       1.9328493E-10
  3625.0       2.1000653E-10
  3630.0       2.2474948E-10
  3635.0       2.4515362E-10
  3640.0       2.5124275E-10
  3645.0       2.3231285E-10
  3650.0       2.2850671E-10
  3655.0       2.712578E-10
  3660.0       3.1902309E-10
  3665.0       3.2538705E-10
  3670.0       3.0482827E-10
  3675.0       2.8723152E-10
  3680.0       2.803379E-10
  3685.0       2.8316458E-10
  3690.0       2.9536293E-10
  3695.0       3.1305714E-10
  3700.0       3.219464E-10
  3705.0       3.1045577E-10
  3710.0       2.8468097E-10
  3715.0       2.5599844E-10
  3720.0       2.3176291E-10
  3725.0       2.1560694E-10
  3730.0       2.0590844E-10
  3735.0       2.0019414E-10
  3740.0       1.9868102E-10
  3745.0       2.0231364E-10
  3750.0       2.111083E-10
  3755.0       2.2469E-10
  3760.0       2.427972E-10
  3765.0       2.6650382E-10
  3770.0       2.992127E-10
  3775.0       3.3482433E-10
  3780.0       3.4164632E-10
  3785.0       3.0089606E-10
  3790.0       2.523157E-10
  3795.0       2.3940608E-10
  3800.0       2.562318E-10
  3805.0       2.7665356E-10
  3810.0       2.7345237E-10
  3815.0       2.3566746E-10
  3820.0       1.9374706E-10
  3825.0       1.7890413E-10
  3830.0       1.8378775E-10
  3835.0       1.9329567E-10
  3840.0       2.106115E-10
  3845.0       2.3731145E-10
  3850.0       2.52351E-10
  3855.0       2.406605E-10
  3860.0       2.2521622E-10
  3865.0       2.2957096E-10
  3870.0       2.4119629E-10
  3875.0       2.4586483E-10
  3880.0       2.607716E-10
  3885.0       3.0060301E-10
  3890.0       3.4197467E-10
  3895.0       3.616043E-10
  3900.0       3.7430425E-10
  3905.0       3.9550968E-10
  3910.0       4.0389467E-10
  3915.0       3.7470935E-10
  3920.0       3.1272565E-10
  3925.0       2.3920024E-10
  3930.0       1.8785276E-10
  3935.0       1.8684596E-10
  3940.0       2.369988E-10
  3945.0       3.1846772E-10
  3950.0       3.847882E-10
  3955.0       3.9256917E-10
  3960.0       3.350346E-10
  3965.0       2.463114E-10
  3970.0       2.2701215E-10
  3975.0       3.4249728E-10
  3980.0       5.0279314E-10
  3985.0       6.0426836E-10
  3990.0       6.6207E-10
  3995.0       7.175301E-10
  4000.0       7.59851E-10
  4005.0       7.767982E-10
  4010.0       8.056198E-10
  4015.0       8.6913515E-10
  4020.0       9.0438357E-10
  4025.0       8.6114016E-10
  4030.0       8.069939E-10
  4035.0       8.136298E-10
  4040.0       8.449545E-10
  4045.0       8.443327E-10
  4050.0       8.122473E-10
  4055.0       7.736995E-10
  4060.0       7.565926E-10
  4065.0       7.720916E-10
  4070.0       7.889762E-10
  4075.0       7.9201046E-10
  4080.0       8.4470764E-10
  4085.0       9.762102E-10
  4090.0       1.0522733E-9
  4095.0       9.684972E-10
  4100.0       8.587088E-10
  4105.0       8.6554425E-10
  4110.0       9.1611824E-10
  4115.0       9.0389213E-10
  4120.0       8.5423957E-10
  4125.0       8.2453594E-10
  4130.0       8.1785034E-10
  4135.0       8.1427237E-10
  4140.0       7.936155E-10
  4145.0       7.5590756E-10
  4150.0       7.498967E-10
  4155.0       8.063243E-10
  4160.0       8.6226276E-10
  4165.0       8.528119E-10
  4170.0       8.028402E-10
  4175.0       7.686229E-10
  4180.0       7.9375934E-10
  4185.0       8.7765734E-10
  4190.0       9.2359437E-10
  4195.0       8.6394025E-10
  4200.0       7.994759E-10
  4205.0       8.4279744E-10
  4210.0       9.655632E-10
  4215.0       1.0764999E-9
  4220.0       1.0708325E-9
  4225.0       9.2462205E-10
  4230.0       8.279192E-10
  4235.0       9.382569E-10
  4240.0       1.1188673E-9
  4245.0       1.192377E-9
  4250.0       1.1727296E-9
  4255.0       1.1344473E-9
  4260.0       1.1120295E-9
  4265.0       1.1173309E-9
  4270.0       1.1478112E-9
  4275.0       1.1855792E-9
  4280.0       1.186764E-9
  4285.0       1.1260441E-9
  4290.0       1.050359E-9
  4295.0       1.0036268E-9
  4300.0       9.545563E-10
  4305.0       9.02492E-10
  4310.0       9.946884E-10
  4315.0       1.3133944E-9
  4320.0       1.6270282E-9
  4325.0       1.7029197E-9
  4330.0       1.6210319E-9
  4335.0       1.5459392E-9
  4340.0       1.5434417E-9
  4345.0       1.6174261E-9
  4350.0       1.7177066E-9
  4355.0       1.7909477E-9
  4360.0       1.8245173E-9
  4365.0       1.8152883E-9
  4370.0       1.7452476E-9
  4375.0       1.6096617E-9
  4380.0       1.4565276E-9
  4385.0       1.3575051E-9
  4390.0       1.3871466E-9
  4395.0       1.5475923E-9
  4400.0       1.6568062E-9
  4405.0       1.5786731E-9
  4410.0       1.4749153E-9
  4415.0       1.5246613E-9
  4420.0       1.6535828E-9
  4425.0       1.7302959E-9
  4430.0       1.7366301E-9
  4435.0       1.7188098E-9
  4440.0       1.7649644E-9
  4445.0       1.8963942E-9
  4450.0       1.9312272E-9
  4455.0       1.7469264E-9
  4460.0       1.5721872E-9
  4465.0       1.6431778E-9
  4470.0       1.8621747E-9
  4475.0       2.0481024E-9
  4480.0       2.144001E-9
  4485.0       2.1569897E-9
  4490.0       2.1296136E-9
  4495.0       2.1168236E-9
  4500.0       2.1727065E-9
  4505.0       2.3101767E-9
  4510.0       2.4356805E-9
  4515.0       2.4399975E-9
  4520.0       2.284435E-9
  4525.0       2.0203101E-9
  4530.0       1.8545765E-9
  4535.0       1.9316226E-9
  4540.0       2.0847541E-9
  4545.0       2.127696E-9
  4550.0       2.1319162E-9
  4555.0       2.2094282E-9
  4560.0       2.3144395E-9
  4565.0       2.3640923E-9
  4570.0       2.3456934E-9
  4575.0       2.2941948E-9
  4580.0       2.2900397E-9
  4585.0       2.3674536E-9
  4590.0       2.403586E-9
  4595.0       2.3121163E-9
  4600.0       2.2536761E-9
  4605.0       2.3850537E-9
  4610.0       2.604895E-9
  4615.0       2.7606528E-9
  4620.0       2.8286886E-9
  4625.0       2.828782E-9
  4630.0       2.759927E-9
  4635.0       2.6237128E-9
  4640.0       2.456694E-9
  4645.0       2.3268312E-9
  4650.0       2.3405562E-9
  4655.0       2.5194442E-9
  4660.0       2.6347113E-9
  4665.0       2.5122113E-9
  4670.0       2.3628095E-9
  4675.0       2.4120101E-9
  4680.0       2.5388198E-9
  4685.0       2.5702482E-9
  4690.0       2.5495093E-9
  4695.0       2.5561668E-9
  4700.0       2.544458E-9
  4705.0       2.4825275E-9
  4710.0       2.4985396E-9
  4715.0       2.67014E-9
  4720.0       2.788615E-9
  4725.0       2.6790126E-9
  4730.0       2.5378155E-9
  4735.0       2.5868452E-9
  4740.0       2.7388691E-9
  4745.0       2.832697E-9
  4750.0       2.8325915E-9
  4755.0       2.765653E-9
  4760.0       2.6896394E-9
  4765.0       2.6647518E-9
  4770.0       2.7273797E-9
  4775.0       2.856592E-9
  4780.0       2.9122722E-9
  4785.0       2.811203E-9
  4790.0       2.729392E-9
  4795.0       2.8217038E-9
  4800.0       2.934084E-9
  4805.0       2.9059402E-9
  4810.0       2.8671818E-9
  4815.0       2.9568836E-9
  4820.0       3.0454872E-9
  4825.0       2.9873075E-9
  4830.0       2.8685667E-9
  4835.0       2.8219636E-9
  4840.0       2.8603944E-9
  4845.0       2.924251E-9
  4850.0       2.8958818E-9
  4855.0       2.7172564E-9
  4860.0       2.5372133E-9
  4865.0       2.5152753E-9
  4870.0       2.6293467E-9
  4875.0       2.7709615E-9
  4880.0       2.8000666E-9
  4885.0       2.6796874E-9
  4890.0       2.6571765E-9
  4895.0       2.9153235E-9
  4900.0       3.1921286E-9
  4905.0       3.194038E-9
  4910.0       2.9965783E-9
  4915.0       2.80699E-9
  4920.0       2.7894E-9
  4925.0       2.9738723E-9
  4930.0       3.105189E-9
  4935.0       2.9973777E-9
  4940.0       2.9143878E-9
  4945.0       3.1028913E-9
  4950.0       3.3188707E-9
  4955.0       3.2867065E-9
  4960.0       3.1438947E-9
  4965.0       3.0949971E-9
  4970.0       3.0975635E-9
  4975.0       3.056385E-9
  4980.0       2.9951652E-9
  4985.0       2.9642668E-9
  4990.0       2.9568736E-9
  4995.0       2.944344E-9
  5000.0       2.902222E-9
  5005.0       2.8175213E-9
  5010.0       2.7043698E-9
  5015.0       2.6142388E-9
  5020.0       2.6610942E-9
  5025.0       2.8728475E-9
  5030.0       3.001284E-9
  5035.0       2.8602345E-9
  5040.0       2.6952658E-9
  5045.0       2.7818468E-9
  5050.0       3.0363936E-9
  5055.0       3.2585725E-9
  5060.0       3.315487E-9
  5065.0       3.165234E-9
  5070.0       2.9267926E-9
  5075.0       2.754854E-9
  5080.0       2.7366127E-9
  5085.0       2.8732245E-9
  5090.0       3.014024E-9
  5095.0       3.016638E-9
  5100.0       2.9104876E-9
  5105.0       2.7974862E-9
  5110.0       2.7886287E-9
  5115.0       2.910627E-9
  5120.0       2.9741938E-9
  5125.0       2.8399478E-9
  5130.0       2.7042122E-9
  5135.0       2.750796E-9
  5140.0       2.8019869E-9
  5145.0       2.6949234E-9
  5150.0       2.6589395E-9
  5155.0       2.8599576E-9
  5160.0       2.916505E-9
  5165.0       2.5268396E-9
  5170.0       2.1390218E-9
  5175.0       2.2196942E-9
  5180.0       2.5309677E-9
  5185.0       2.716895E-9
  5190.0       2.8259883E-9
  5195.0       2.9600857E-9
  5200.0       2.9508087E-9
  5205.0       2.7004081E-9
  5210.0       2.5623084E-9
  5215.0       2.812224E-9
  5220.0       3.0814236E-9
  5225.0       3.014893E-9
  5230.0       2.930069E-9
  5235.0       3.150307E-9
  5240.0       3.343828E-9
  5245.0       3.178727E-9
  5250.0       2.9783371E-9
  5255.0       3.0689038E-9
  5260.0       3.130876E-9
  5265.0       2.8566836E-9
  5270.0       2.6191849E-9
  5275.0       2.8266263E-9
  5280.0       3.2833034E-9
  5285.0       3.621417E-9
  5290.0       3.6542451E-9
  5295.0       3.408558E-9
  5300.0       3.2587069E-9
  5305.0       3.486965E-9
  5310.0       3.802544E-9
  5315.0       3.8371977E-9
  5320.0       3.6026644E-9
  5325.0       3.288643E-9
  5330.0       3.1474148E-9
  5335.0       3.303731E-9
  5340.0       3.5087713E-9
  5345.0       3.539213E-9
  5350.0       3.5959349E-9
  5355.0       3.8527177E-9
  5360.0       3.9969343E-9
  5365.0       3.7689034E-9
  5370.0       3.5294268E-9
  5375.0       3.6361125E-9
  5380.0       3.817068E-9
  5385.0       3.7367403E-9
  5390.0       3.5307965E-9
  5395.0       3.4137162E-9
  5400.0       3.3268521E-9
  5405.0       3.2022387E-9
  5410.0       3.222435E-9
  5415.0       3.5079888E-9
  5420.0       3.7691112E-9
  5425.0       3.7360826E-9
  5430.0       3.6010201E-9
  5435.0       3.6132712E-9
  5440.0       3.7043189E-9
  5445.0       3.7336423E-9
  5450.0       3.7024506E-9
  5455.0       3.6663053E-9
  5460.0       3.6686298E-9
  5465.0       3.7067456E-9
  5470.0       3.680451E-9
  5475.0       3.5368286E-9
  5480.0       3.4371208E-9
  5485.0       3.5269723E-9
  5490.0       3.6969383E-9
  5495.0       3.785304E-9
  5500.0       3.755808E-9
  5505.0       3.6521102E-9
  5510.0       3.5913186E-9
  5515.0       3.6530854E-9
  5520.0       3.7530064E-9
  5525.0       3.792036E-9
  5530.0       3.7966017E-9
  5535.0       3.8250505E-9
  5540.0       3.8889763E-9
  5545.0       3.970754E-9
  5550.0       4.0270782E-9
  5555.0       4.0185113E-9
  5560.0       3.942889E-9
  5565.0       3.842255E-9
  5570.0       3.8293706E-9
  5575.0       3.94306E-9
  5580.0       3.9691725E-9
  5585.0       3.7480814E-9
  5590.0       3.5109786E-9
  5595.0       3.5261731E-9
  5600.0       3.759485E-9
  5605.0       4.0390207E-9
  5610.0       4.1524237E-9
  5615.0       4.002824E-9
  5620.0       3.819177E-9
  5625.0       3.8199928E-9
  5630.0       3.8792862E-9
  5635.0       3.838341E-9
  5640.0       3.797187E-9
  5645.0       3.862751E-9
  5650.0       3.899343E-9
  5655.0       3.7840677E-9
  5660.0       3.671863E-9
  5665.0       3.731591E-9
  5670.0       3.886327E-9
  5675.0       4.0012624E-9
  5680.0       4.0431942E-9
  5685.0       4.0273576E-9
  5690.0       3.985297E-9
  5695.0       3.9262065E-9
  5700.0       3.7959156E-9
  5705.0       3.6020962E-9
  5710.0       3.5663004E-9
  5715.0       3.830386E-9
  5720.0       4.1210217E-9
  5725.0       4.1604546E-9
  5730.0       4.073413E-9
  5735.0       4.055964E-9
  5740.0       4.0813557E-9
  5745.0       4.0672967E-9
  5750.0       4.0215378E-9
  5755.0       3.996377E-9
  5760.0       4.057948E-9
  5765.0       4.208872E-9
  5770.0       4.2808836E-9
  5775.0       4.1422954E-9
  5780.0       3.9263743E-9
  5785.0       3.820394E-9
  5790.0       3.881173E-9
  5795.0       4.067824E-9
  5800.0       4.2254733E-9
  5805.0       4.2413943E-9
  5810.0       4.218568E-9
  5815.0       4.2795416E-9
  5820.0       4.382527E-9
  5825.0       4.446434E-9
  5830.0       4.4572706E-9
  5835.0       4.4308672E-9
  5840.0       4.3885664E-9
  5845.0       4.340716E-9
  5850.0       4.2683563E-9
  5855.0       4.170371E-9
  5860.0       4.118889E-9
  5865.0       4.1729677E-9
  5870.0       4.2799964E-9
  5875.0       4.324928E-9
  5880.0       4.151961E-9
  5885.0       3.7194279E-9
  5890.0       3.3178817E-9
  5895.0       3.2490644E-9
  5900.0       3.507022E-9
  5905.0       3.923805E-9
  5910.0       4.2294284E-9
  5915.0       4.25761E-9
  5920.0       4.1989163E-9
  5925.0       4.258833E-9
  5930.0       4.3322292E-9
  5935.0       4.2833834E-9
  5940.0       4.2109645E-9
  5945.0       4.235702E-9
  5950.0       4.2963295E-9
  5955.0       4.3127257E-9
  5960.0       4.3390944E-9
  5965.0       4.424509E-9
  5970.0       4.4697415E-9
  5975.0       4.388706E-9
  5980.0       4.2784754E-9
  5985.0       4.251314E-9
  5990.0       4.273679E-9
  5995.0       4.2777453E-9
  6000.0       4.2455E-9
  6005.0       4.149028E-9
  6010.0       4.0991646E-9
  6015.0       4.053167E-9
  6020.0       4.0769628E-9
  6025.0       4.1815262E-9
  6030.0       4.297774E-9
  6035.0       4.371451E-9
  6040.0       4.3956248E-9
  6045.0       4.46369E-9
  6050.0       4.441419E-9
  6055.0       4.3626702E-9
  6060.0       4.297E-9
  6065.0       4.361284E-9
  6070.0       4.4446007E-9
  6075.0       4.389641E-9
  6080.0       4.2825605E-9
  6085.0       4.2103623E-9
  6090.0       4.1862203E-9
  6095.0       4.2021835E-9
  6100.0       4.228037E-9
  6105.0       4.271359E-9
  6110.0       4.3019845E-9
  6115.0       4.2523283E-9
  6120.0       4.1881947E-9
  6125.0       4.1912243E-9
  6130.0       4.1660284E-9
  6135.0       4.0142067E-9
  6140.0       4.000169E-9
  6145.0       4.11794E-9
  6150.0       4.19072E-9
  6155.0       4.116277E-9
  6160.0       3.962343E-9
  6165.0       3.9362393E-9
  6170.0       4.03735E-9
  6175.0       4.1904658E-9
  6180.0       4.251477E-9
  6185.0       4.1447765E-9
  6190.0       4.0498604E-9
  6195.0       4.1257446E-9
  6200.0       4.2226156E-9
  6205.0       4.283436E-9
  6210.0       4.1270196E-9
  6215.0       3.954309E-9
  6220.0       3.898257E-9
  6225.0       3.9124135E-9
  6230.0       3.9314187E-9
  6235.0       3.9495935E-9
  6240.0       3.928683E-9
  6245.0       3.9462558E-9
  6250.0       3.890897E-9
  6255.0       3.745569E-9
  6260.0       3.7453165E-9
  6265.0       3.9053902E-9
  6270.0       4.0344896E-9
  6275.0       4.034412E-9
  6280.0       4.00366E-9
  6285.0       4.134094E-9
  6290.0       4.1901806E-9
  6295.0       4.0675006E-9
  6300.0       3.997034E-9
  6305.0       4.0497987E-9
  6310.0       4.0925614E-9
  6315.0       4.0130423E-9
  6320.0       4.0036783E-9
  6325.0       4.128465E-9
  6330.0       4.211398E-9
  6335.0       4.1595003E-9
  6340.0       4.131309E-9
  6345.0       4.171707E-9
  6350.0       4.184684E-9
  6355.0       4.018388E-9
  6360.0       3.8807433E-9
  6365.0       4.009499E-9
  6370.0       4.2177546E-9
  6375.0       4.286597E-9
  6380.0       4.2807615E-9
  6385.0       4.2746913E-9
  6390.0       4.2376533E-9
  6395.0       4.1985704E-9
  6400.0       4.2091504E-9
  6405.0       4.220196E-9
  6410.0       4.210296E-9
  6415.0       4.1919583E-9
  6420.0       4.1809125E-9
  6425.0       4.2165835E-9
  6430.0       4.2170605E-9
  6435.0       4.26566E-9
  6440.0       4.3164166E-9
  6445.0       4.262073E-9
  6450.0       4.180676E-9
  6455.0       4.243695E-9
  6460.0       4.292682E-9
  6465.0       4.3092174E-9
  6470.0       4.309607E-9
  6475.0       4.2796127E-9
  6480.0       4.2538297E-9
  6485.0       4.2498067E-9
  6490.0       4.1338337E-9
  6495.0       3.890328E-9
  6500.0       3.9037142E-9
  6505.0       4.097964E-9
  6510.0       4.283882E-9
  6515.0       4.3312607E-9
  6520.0       4.3155817E-9
  6525.0       4.287308E-9
  6530.0       4.274797E-9
  6535.0       4.3468544E-9
  6540.0       4.392653E-9
  6545.0       4.3514965E-9
  6550.0       4.2300283E-9
  6555.0       4.028352E-9
  6560.0       3.8543697E-9
  6565.0       3.9365387E-9
  6570.0       4.1549915E-9
  6575.0       4.242001E-9
  6580.0       4.3059343E-9
  6585.0       4.3294475E-9
  6590.0       4.313341E-9
  6595.0       4.310048E-9
  6600.0       4.3235513E-9
  6605.0       4.26947E-9
  6610.0       4.27674E-9
  6615.0       4.4116715E-9
  6620.0       4.4745327E-9
  6625.0       4.3988484E-9
  6630.0       4.3130695E-9
  6635.0       4.3145616E-9
  6640.0       4.356295E-9
  6645.0       4.367465E-9
  6650.0       4.3838075E-9
  6655.0       4.4037596E-9
  6660.0       4.3677573E-9
  6665.0       4.3211545E-9
  6670.0       4.3298596E-9
  6675.0       4.3084265E-9
  6680.0       4.348149E-9
  6685.0       4.4432724E-9
  6690.0       4.4710418E-9
  6695.0       4.430303E-9
  6700.0       4.3851633E-9
  6705.0       4.3519455E-9
  6710.0       4.318791E-9
  6715.0       4.2823487E-9
  6720.0       4.330833E-9
  6725.0       4.406962E-9
  6730.0       4.439986E-9
  6735.0       4.384176E-9
  6740.0       4.3029815E-9
  6745.0       4.2656E-9
  6750.0       4.288716E-9
  6755.0       4.3908472E-9
  6760.0       4.453216E-9
  6765.0       4.3771355E-9
  6770.0       4.312351E-9
  6775.0       4.4056776E-9
  6780.0       4.4597632E-9
  6785.0       4.4131663E-9
  6790.0       4.3806145E-9
  6795.0       4.395691E-9
  6800.0       4.426332E-9
  6805.0       4.4044914E-9
  6810.0       4.405096E-9
  6815.0       4.438786E-9
  6820.0       4.47334E-9
  6825.0       4.463251E-9
  6830.0       4.435109E-9
  6835.0       4.43154E-9
  6840.0       4.4325676E-9
  6845.0       4.43114E-9
  6850.0       4.426625E-9
  6855.0       4.422321E-9
  6860.0       4.4188564E-9
  6865.0       4.4155315E-9
  6870.0       4.4111568E-9
  6875.0       4.4069313E-9
  6880.0       4.403382E-9
  6885.0       4.400409E-9
  6890.0       4.3969757E-9
  6895.0       4.3930477E-9
  6900.0       4.389105E-9
  6905.0       4.385024E-9
  6910.0       4.3809E-9
  6915.0       4.3785975E-9
  6920.0       4.3771937E-9
  6925.0       4.3732262E-9
  6930.0       4.3683164E-9
  6935.0       4.36303E-9
  6940.0       4.359435E-9
  6945.0       4.3564294E-9
  6950.0       4.350539E-9
  6955.0       4.3436885E-9
  6960.0       4.3458193E-9
  6965.0       4.356126E-9
  6970.0       4.324213E-9
  6975.0       4.178634E-9
  6980.0       4.1009263E-9
  6985.0       4.193039E-9
  6990.0       4.2634487E-9
  6995.0       4.2729056E-9
  7000.0       4.2208192E-9
  7005.0       4.2118913E-9
  7010.0       4.20987E-9
  7015.0       4.16254E-9
  7020.0       4.1587924E-9
  7025.0       4.151964E-9
  7030.0       4.2066337E-9
  7035.0       4.257662E-9
  7040.0       4.3371826E-9
  7045.0       4.405744E-9
  7050.0       4.397274E-9
  7055.0       4.368015E-9
  7060.0       4.3240953E-9
  7065.0       4.22803E-9
  7070.0       4.2336343E-9
  7075.0       4.352533E-9
  7080.0       4.3849946E-9
  7085.0       4.24394E-9
  7090.0       4.144891E-9
  7095.0       4.159725E-9
  7100.0       4.195639E-9
  7105.0       4.1641197E-9
  7110.0       4.131033E-9
  7115.0       4.1339994E-9
  7120.0       4.1202735E-9
  7125.0       4.0535344E-9
  7130.0       4.013952E-9
  7135.0       4.0980708E-9
  7140.0       4.1571098E-9
  7145.0       4.141432E-9
  7150.0       4.107418E-9
  7155.0       4.145175E-9
  7160.0       4.156018E-9
  7165.0       4.1094834E-9
  7170.0       4.072904E-9
  7175.0       4.0083084E-9
  7180.0       3.9070738E-9
  7185.0       3.7747863E-9
  7190.0       3.6977683E-9
  7195.0       3.7797987E-9
  7200.0       3.861886E-9
  7205.0       3.9027372E-9
  7210.0       3.959552E-9
  7215.0       4.0478496E-9
  7220.0       4.135482E-9
  7225.0       4.1953334E-9
  7230.0       4.200042E-9
  7235.0       4.1207864E-9
  7240.0       4.0506287E-9
  7245.0       4.026136E-9
  7250.0       4.028193E-9
  7255.0       4.0322883E-9
  7260.0       4.027785E-9
  7265.0       4.042211E-9
  7270.0       4.0774366E-9
  7275.0       4.02733E-9
  7280.0       3.935158E-9
  7285.0       3.8637613E-9
  7290.0       3.855093E-9
  7295.0       3.9882844E-9
  7300.0       4.0643275E-9
  7305.0       4.0489248E-9
  7310.0       4.0174166E-9
  7315.0       4.0241437E-9
  7320.0       4.0411985E-9
  7325.0       4.063311E-9
  7330.0       4.1129273E-9
  7335.0       4.2088657E-9
  7340.0       4.284249E-9
  7345.0       4.233452E-9
  7350.0       4.1444856E-9
  7355.0       4.0433474E-9
  7360.0       4.0488732E-9
  7365.0       4.116084E-9
  7370.0       4.227283E-9
  7375.0       4.3057167E-9
  7380.0       4.2977444E-9
  7385.0       4.1787143E-9
  7390.0       4.118104E-9
  7395.0       4.1757864E-9
  7400.0       4.2292907E-9
  7405.0       4.2794945E-9
  7410.0       4.2305563E-9
  7415.0       4.134832E-9
  7420.0       4.110629E-9
  7425.0       4.199712E-9
  7430.0       4.2852513E-9
  7435.0       4.3028945E-9
  7440.0       4.2587303E-9
  7445.0       4.242533E-9
  7450.0       4.2800603E-9
  7455.0       4.283807E-9
  7460.0       4.2493205E-9
  7465.0       4.276507E-9
  7470.0       4.2938417E-9
  7475.0       4.259679E-9
  7480.0       4.2414587E-9
  7485.0       4.23755E-9
  7490.0       4.226973E-9
  7495.0       4.2126715E-9
  7500.0       4.257554E-9
  7505.0       4.2628434E-9
  7510.0       4.2802304E-9
  7515.0       4.347756E-9
  7520.0       4.3814588E-9
  7525.0       4.3481765E-9
  7530.0       4.3473376E-9
  7535.0       4.3837534E-9
  7540.0       4.4000474E-9
  7545.0       4.390431E-9
  7550.0       4.372921E-9
  7555.0       4.36687E-9
  7560.0       4.366909E-9
  7565.0       4.3676716E-9
  7570.0       4.3668438E-9
  7575.0       4.366078E-9
  7580.0       4.366779E-9
  7585.0       4.367511E-9
  7590.0       4.3675317E-9
  7595.0       4.3680894E-9
  7600.0       4.369317E-9
  7605.0       4.370052E-9
  7610.0       4.3702713E-9
  7615.0       4.370223E-9
  7620.0       4.370107E-9
  7625.0       4.369912E-9
  7630.0       4.369667E-9
  7635.0       4.369364E-9
  7640.0       4.369016E-9
  7645.0       4.3686206E-9
  7650.0       4.3681982E-9
  7655.0       4.3677173E-9
  7660.0       4.367211E-9
  7665.0       4.366649E-9
  7670.0       4.3656225E-9
  7675.0       4.363723E-9
  7680.0       4.36186E-9
  7685.0       4.3618384E-9
  7690.0       4.3626573E-9
  7695.0       4.3610893E-9
  7700.0       4.358215E-9
  7705.0       4.3550537E-9
  7710.0       4.353446E-9
  7715.0       4.3527617E-9
  7720.0       4.3476476E-9
  7725.0       4.3401074E-9
  7730.0       4.3637303E-9
  7735.0       4.416389E-9
  7740.0       4.408985E-9
  7745.0       4.2844106E-9
  7750.0       4.220579E-9
  7755.0       4.3275166E-9
  7760.0       4.4167727E-9
  7765.0       4.4282915E-9
  7770.0       4.3964894E-9
  7775.0       4.3828035E-9
  7780.0       4.3589936E-9
  7785.0       4.3399893E-9
  7790.0       4.3203006E-9
  7795.0       4.3216675E-9
  7800.0       4.3272768E-9
  7805.0       4.3387898E-9
  7810.0       4.334503E-9
  7815.0       4.371947E-9
  7820.0       4.3972843E-9
  7825.0       4.4144994E-9
  7830.0       4.3691832E-9
  7835.0       4.299583E-9
  7840.0       4.306816E-9
  7845.0       4.3155843E-9
  7850.0       4.3056794E-9
  7855.0       4.2965445E-9
  7860.0       4.3238373E-9
  7865.0       4.3326933E-9
  7870.0       4.3069357E-9
  7875.0       4.2326547E-9
  7880.0       4.162807E-9
  7885.0       4.175384E-9
  7890.0       4.175843E-9
  7895.0       4.061236E-9
  7900.0       4.001995E-9
  7905.0       4.020803E-9
  7910.0       4.0265564E-9
  7915.0       3.967332E-9
  7920.0       3.94647E-9
  7925.0       3.9950443E-9
  7930.0       4.0304626E-9
  7935.0       3.9990673E-9
  7940.0       3.929698E-9
  7945.0       3.872719E-9
  7950.0       3.891481E-9
  7955.0       3.942626E-9
  7960.0       4.006561E-9
  7965.0       4.0320725E-9
  7970.0       4.0578003E-9
  7975.0       4.060439E-9
  7980.0       4.049111E-9
  7985.0       4.070698E-9
  7990.0       4.0530765E-9
  7995.0       3.9962766E-9
  8000.0       3.9600137E-9
  8005.0       3.993989E-9
  8010.0       4.0585038E-9
  8015.0       4.1265324E-9
  8020.0       4.086324E-9
  8025.0       3.931431E-9
  8030.0       3.889994E-9
  8035.0       4.0326933E-9
  8040.0       4.088091E-9
  8045.0       3.980692E-9
  8050.0       3.899374E-9
  8055.0       3.974404E-9
  8060.0       4.038265E-9
  8065.0       3.972935E-9
  8070.0       3.872501E-9
  8075.0       3.8439665E-9
  8080.0       3.863109E-9
  8085.0       3.8623704E-9
  8090.0       3.8221115E-9
  8095.0       3.7775414E-9
  8100.0       3.7839967E-9
  8105.0       3.7711767E-9
  8110.0       3.7375787E-9
  8115.0       3.6865462E-9
  8120.0       3.6978536E-9
  8125.0       3.7535113E-9
  8130.0       3.7737355E-9
  8135.0       3.76789E-9
  8140.0       3.7349817E-9
  8145.0       3.6902985E-9
  8150.0       3.6759893E-9
  8155.0       3.6948284E-9
  8160.0       3.6704086E-9
  8165.0       3.6302579E-9
  8170.0       3.6277592E-9
  8175.0       3.6309926E-9
  8180.0       3.6260126E-9
  8185.0       3.6107457E-9
  8190.0       3.6205996E-9
  8195.0       3.5886016E-9
  8200.0       3.5985255E-9
  8205.0       3.6619454E-9
  8210.0       3.7544097E-9
  8215.0       3.8200536E-9
  8220.0       3.778881E-9
  8225.0       3.6578918E-9
  8230.0       3.5600438E-9
  8235.0       3.6510643E-9
  8240.0       3.800513E-9
  8245.0       3.8917487E-9
  8250.0       3.9020884E-9
  8255.0       3.817217E-9
  8260.0       3.8241743E-9
  8265.0       3.889881E-9
  8270.0       3.9093266E-9
  8275.0       3.830354E-9
  8280.0       3.767606E-9
  8285.0       3.747404E-9
  8290.0       3.7485126E-9
  8295.0       3.73169E-9
  8300.0       3.6996863E-9
  8305.0       3.6459717E-9
  8310.0       3.6403947E-9
  8315.0       3.7250907E-9
  8320.0       3.7658365E-9
  8325.0       3.7475645E-9
  8330.0       3.7043917E-9
  8335.0       3.7002823E-9
  8340.0       3.7122616E-9
  8345.0       3.7227044E-9
  8350.0       3.7442236E-9
  8355.0       3.7861E-9
  8360.0       3.794669E-9
  8365.0       3.7820937E-9
  8370.0       3.81972E-9
  8375.0       3.8481605E-9
  8380.0       3.7953063E-9
  8385.0       3.6788184E-9
  8390.0       3.6766987E-9
  8395.0       3.799117E-9
  8400.0       3.9156345E-9
  8405.0       3.9674024E-9
  8410.0       3.9374415E-9
  8415.0       3.8887054E-9
  8420.0       3.8628416E-9
  8425.0       3.8343484E-9
  8430.0       3.8027967E-9
  8435.0       3.730392E-9
  8440.0       3.7425507E-9
  8445.0       3.8313157E-9
  8450.0       3.9204613E-9
  8455.0       3.969518E-9
  8460.0       3.97006E-9
  8465.0       3.88317E-9
  8470.0       3.845979E-9
  8475.0       3.9437045E-9
  8480.0       4.0431996E-9
  8485.0       4.082411E-9
  8490.0       3.959978E-9
  8495.0       3.576023E-9
  8500.0       3.3684082E-9
  8505.0       3.6405898E-9
  8510.0       3.873443E-9
  8515.0       3.8060386E-9
  8520.0       3.7242172E-9
  8525.0       3.73119E-9
  8530.0       3.7262264E-9
  8535.0       3.5283683E-9
  8540.0       3.0780505E-9
  8545.0       2.8627303E-9
  8550.0       3.0655807E-9
  8555.0       3.41616E-9
  8560.0       3.7085608E-9
  8565.0       3.7891885E-9
  8570.0       3.749232E-9
  8575.0       3.728761E-9
  8580.0       3.7244121E-9
  8585.0       3.6718937E-9
  8590.0       3.7007253E-9
  8595.0       3.8089505E-9
  8600.0       3.7412256E-9
  8605.0       3.931083E-9
  8610.0       3.8994243E-9
  8615.0       3.903764E-9
  8620.0       3.9360692E-9
  8625.0       3.9792125E-9
  8630.0       4.013538E-9
  8635.0       4.017664E-9
  8640.0       4.0150776E-9
  8645.0       3.978242E-9
  8650.0       3.874441E-9
  8655.0       3.6516505E-9
  8660.0       3.1941694E-9
  8665.0       3.1940026E-9
  8670.0       3.603112E-9
  8675.0       3.7436516E-9
  8680.0       3.838519E-9
  8685.0       3.8223975E-9
  8690.0       3.8237906E-9
  8695.0       3.940721E-9
  8700.0       3.9781116E-9
  8705.0       4.015401E-9
  8710.0       4.012657E-9
  8715.0       4.0245163E-9
  8720.0       4.058747E-9
  8725.0       4.0127794E-9
  8730.0       3.957288E-9
  8735.0       3.929135E-9
  8740.0       3.926024E-9
  8745.0       3.9574215E-9
  8750.0       3.9606216E-9
  8755.0       3.9551016E-9
  8760.0       3.9560852E-9
  8765.0       3.930716E-9
  8770.0       3.914909E-9
  8775.0       3.9349883E-9
  8780.0       3.9905124E-9
  8785.0       4.0067114E-9
  8790.0       3.972495E-9
  8795.0       3.926514E-9
  8800.0       3.896289E-9
  8805.0       3.76458E-9
  8810.0       3.8178123E-9
  8815.0       3.959923E-9
  8820.0       3.9517154E-9
  8825.0       3.9088963E-9
  8830.0       3.9788635E-9
  8835.0       3.9682515E-9
  8840.0       3.9408117E-9
  8845.0       4.012216E-9
  8850.0       4.042176E-9
  8855.0       4.045762E-9
  8860.0       3.9947223E-9
  8865.0       3.949146E-9
  8870.0       3.962718E-9
  8875.0       3.985607E-9
  8880.0       3.9761576E-9
  8885.0       4.026435E-9
  8890.0       4.015711E-9
  8895.0       4.014662E-9
  8900.0       4.034773E-9
  8905.0       4.0202766E-9
  8910.0       4.0110466E-9
  8915.0       3.9982777E-9
  8920.0       3.977407E-9
  8925.0       3.9824295E-9
  8930.0       3.987658E-9
  8935.0       3.999287E-9
  8940.0       3.9961714E-9
  8945.0       3.9667496E-9
  8950.0       3.982806E-9
  8955.0       4.011943E-9
  8960.0       4.0112624E-9
  8965.0       3.9883505E-9
  8970.0       3.961696E-9
  8975.0       3.958557E-9
  8980.0       3.9619223E-9
  8985.0       3.93304E-9
  8990.0       3.894221E-9
  8995.0       3.9267127E-9
  9000.0       3.922024E-9
  9005.0       3.9044785E-9
  9010.0       3.8687706E-9
  9015.0       3.8499453E-9
  9020.0       3.8725965E-9
  9025.0       3.8818913E-9
  9030.0       3.939907E-9
  9035.0       3.9775014E-9
  9040.0       3.995224E-9
  9045.0       4.0011665E-9
  9050.0       3.9998875E-9
  9055.0       3.963541E-9
  9060.0       3.9291295E-9
  9065.0       3.8944337E-9
  9070.0       3.856965E-9
  9075.0       3.8228616E-9
  9080.0       3.766533E-9
  9085.0       3.7210277E-9
  9090.0       3.6844552E-9
  9095.0       3.714907E-9
  9100.0       3.7053054E-9
  9105.0       3.6856738E-9
  9110.0       3.671473E-9
  9115.0       3.6426593E-9
  9120.0       3.6286325E-9
  9125.0       3.633538E-9
  9130.0       3.5925423E-9
  9135.0       3.5420804E-9
  9140.0       3.493026E-9
  9145.0       3.4637568E-9
  9150.0       3.4357648E-9
  9155.0       3.4161916E-9
  9160.0       3.4285972E-9
  9165.0       3.397651E-9
  9170.0       3.3311183E-9
  9175.0       3.3297554E-9
  9180.0       3.384053E-9
  9185.0       3.3989052E-9
  9190.0       3.3916472E-9
  9195.0       3.388859E-9
  9200.0       3.396735E-9
  9205.0       3.3946623E-9
  9210.0       3.3627212E-9
  9215.0       3.3619776E-9
  9220.0       3.392407E-9
  9225.0       3.4090144E-9
  9230.0       3.409468E-9
  9235.0       3.405883E-9
  9240.0       3.3932874E-9
  9245.0       3.3993774E-9
  9250.0       3.4131278E-9
  9255.0       3.4228875E-9
  9260.0       3.4485792E-9
  9265.0       3.497931E-9
  9270.0       3.52761E-9
  9275.0       3.517399E-9
  9280.0       3.4969503E-9
  9285.0       3.5292895E-9
  9290.0       3.5053873E-9
  9295.0       3.5070398E-9
  9300.0       3.520697E-9
  9305.0       3.505255E-9
  9310.0       3.4625254E-9
  9315.0       3.4101277E-9
  9320.0       3.407754E-9
  9325.0       3.4053662E-9
  9330.0       3.4471566E-9
  9335.0       3.3977159E-9
  9340.0       3.3474374E-9
  9345.0       3.3353091E-9
  9350.0       3.4251466E-9
  9355.0       3.3412964E-9
  9360.0       3.376775E-9
  9365.0       3.4345302E-9
  9370.0       3.43624E-9
  9375.0       3.47404E-9
  9380.0       3.488617E-9
  9385.0       3.5776073E-9
  9390.0       3.6760555E-9
  9395.0       3.735181E-9
  9400.0       3.7098853E-9
  9405.0       3.6827152E-9
  9410.0       3.6215155E-9
  9415.0       3.5837437E-9
  9420.0       3.5650745E-9
  9425.0       3.5176375E-9
  9430.0       3.4548013E-9
  9435.0       3.4929157E-9
  9440.0       3.3898475E-9
  9445.0       3.427719E-9
  9450.0       3.4868484E-9
  9455.0       3.4566752E-9
  9460.0       3.4602785E-9
  9465.0       3.5143601E-9
  9470.0       3.5569947E-9
  9475.0       3.5623289E-9
  9480.0       3.5095904E-9
  9485.0       3.5558234E-9
  9490.0       3.5764023E-9
  9495.0       3.5001495E-9
  9500.0       3.5137722E-9
  9505.0       3.517264E-9
  9510.0       3.516041E-9
  9515.0       3.514897E-9
  9520.0       3.5137036E-9
  9525.0       3.5123664E-9
  9530.0       3.510787E-9
  9535.0       3.5088568E-9
  9540.0       3.5064631E-9
  9545.0       3.5035155E-9
  9550.0       3.499901E-9
  9555.0       3.4955632E-9
  9560.0       3.4904706E-9
  9565.0       3.4846561E-9
  9570.0       3.478146E-9
  9575.0       3.4709442E-9
  9580.0       3.4630832E-9
  9585.0       3.454579E-9
  9590.0       3.4454648E-9
  9595.0       3.435752E-9
  9600.0       3.4254644E-9
  9605.0       3.4146774E-9
  9610.0       3.4035832E-9
  9615.0       3.3924208E-9
  9620.0       3.3814207E-9
  9625.0       3.370848E-9
  9630.0       3.3609326E-9
  9635.0       3.3519052E-9
  9640.0       3.3440335E-9
  9645.0       3.3375418E-9
  9650.0       3.332671E-9
  9655.0       3.3295475E-9
  9660.0       3.3280874E-9
  9665.0       3.3280734E-9
  9670.0       3.329299E-9
  9675.0       3.3315655E-9
  9680.0       3.3346543E-9
  9685.0       3.3383483E-9
  9690.0       3.3424499E-9
  9695.0       3.346748E-9
  9700.0       3.3510443E-9
  9705.0       3.3551686E-9
  9710.0       3.3591137E-9
  9715.0       3.3629046E-9
  9720.0       3.3665788E-9
  9725.0       3.3701801E-9
  9730.0       3.3737437E-9
  9735.0       3.3773038E-9
  9740.0       3.380898E-9
  9745.0       3.3845482E-9
  9750.0       3.38831E-9
  9755.0       3.3922074E-9
  9760.0       3.3962395E-9
  9765.0       3.4004053E-9
  9770.0       3.404705E-9
  9775.0       3.40913E-9
  9780.0       3.413673E-9
  9785.0       3.4183412E-9
  9790.0       3.4231136E-9
  9795.0       3.4279959E-9
  9800.0       3.4329906E-9
  9805.0       3.4380698E-9
  9810.0       3.443213E-9
  9815.0       3.4483698E-9
  9820.0       3.4534977E-9
  9825.0       3.4585608E-9
  9830.0       3.463512E-9
  9835.0       3.4682999E-9
  9840.0       3.4729017E-9
  9845.0       3.4772651E-9
  9850.0       3.481343E-9
  9855.0       3.4851106E-9
  9860.0       3.4885774E-9
  9865.0       3.4917542E-9
  9870.0       3.4946608E-9
  9875.0       3.4973184E-9
  9880.0       3.4997294E-9
  9885.0       3.5019376E-9
  9890.0       3.5039394E-9
  9895.0       3.5057641E-9
  9900.0       3.5074283E-9
  9905.0       3.508937E-9
  9910.0       3.5102887E-9
  9915.0       3.511489E-9
  9920.0       3.5125203E-9
  9925.0       3.5133887E-9
  9930.0       3.5140673E-9
  9935.0       3.5145566E-9
  9940.0       3.5148657E-9
  9945.0       3.5149694E-9
  9950.0       3.5148626E-9
  9955.0       3.5145575E-9
  9960.0       3.514069E-9
  9965.0       3.5134304E-9
  9970.0       3.5126817E-9
  9975.0       3.5118342E-9
  9980.0       3.5109426E-9
  9985.0       3.5100236E-9
  9990.0       3.50912E-9
  9995.0       3.5082552E-9
  10000.0      3.5074543E-9
  10005.0      3.5067504E-9
  10010.0      3.5061234E-9
  10015.0      3.5055234E-9
  10020.0      3.5049543E-9
  10025.0      3.5043506E-9
  10030.0      3.5037058E-9
  10035.0      3.5029737E-9
  10040.0      3.5021246E-9
  10045.0      3.5011394E-9
  10050.0      3.4999734E-9
  10055.0      3.4986103E-9
  10060.0      3.4970762E-9
  10065.0      3.4953767E-9
  10070.0      3.4935634E-9
  10075.0      3.4916363E-9
  10080.0      3.4896326E-9
  10085.0      3.4875787E-9
  10090.0      3.485505E-9
  10095.0      3.483429E-9
  10100.0      3.481387E-9
  10105.0      3.479391E-9
  10110.0      3.4774434E-9
  10115.0      3.4755336E-9
  10120.0      3.4736611E-9
  10125.0      3.4718135E-9
  10130.0      3.4699965E-9
  10135.0      3.4681784E-9
  10140.0      3.466375E-9
  10145.0      3.4645715E-9
  10150.0      3.462764E-9
  10155.0      3.460939E-9
  10160.0      3.4591037E-9
  10165.0      3.4572576E-9
  10170.0      3.4554044E-9
  10175.0      3.4535388E-9
  10180.0      3.4516656E-9
  10185.0      3.449797E-9
  10190.0      3.447911E-9
  10195.0      3.4460306E-9
  10200.0      3.444144E-9
  10205.0      3.442273E-9
  10210.0      3.4404513E-9
  10215.0      3.4387173E-9
  10220.0      3.4371233E-9
  10225.0      3.435709E-9
  10230.0      3.4345204E-9
  10235.0      3.43362E-9
  10240.0      3.4330458E-9
  10245.0      3.4328274E-9
  10250.0      3.4330236E-9
  10255.0      3.4336194E-9
  10260.0      3.4344723E-9
  10265.0      3.435358E-9
  10270.0      3.436093E-9
  10275.0      3.4364362E-9
  10280.0      3.4362118E-9
  10285.0      3.4351932E-9
  10290.0      3.4331782E-9
  10295.0      3.4299592E-9
  10300.0      3.4253353E-9
  10305.0      3.4192364E-9
  10310.0      3.4118754E-9
  10315.0      3.4036358E-9
  10320.0      3.3948466E-9
  10325.0      3.3858936E-9
  10330.0      3.3771346E-9
  10335.0      3.3689411E-9
  10340.0      3.3616536E-9
  10345.0      3.3556569E-9
  10350.0      3.3512955E-9
  10355.0      3.3487924E-9
  10360.0      3.347987E-9
  10365.0      3.348619E-9
  10370.0      3.350422E-9
  10375.0      3.3530962E-9
  10380.0      3.3563525E-9
  10385.0      3.359915E-9
  10390.0      3.3634941E-9
  10395.0      3.3668102E-9
  10400.0      3.3695848E-9
  10405.0      3.3716128E-9
  10410.0      3.3729308E-9
  10415.0      3.373608E-9
  10420.0      3.3737824E-9
  10425.0      3.373529E-9
  10430.0      3.3729672E-9
  10435.0      3.3721912E-9
  10440.0      3.3713317E-9
  10445.0      3.370465E-9
  10450.0      3.3697063E-9
  10455.0      3.3691212E-9
  10460.0      3.3687286E-9
  10465.0      3.368506E-9
  10470.0      3.3684202E-9
  10475.0      3.3684668E-9
  10480.0      3.3686056E-9
  10485.0      3.3688214E-9
  10490.0      3.369082E-9
  10495.0      3.3693732E-9
  10500.0      3.3696803E-9
  10505.0      3.3699632E-9
  10510.0      3.37024E-9
  10515.0      3.3704899E-9
  10520.0      3.3707281E-9
  10525.0      3.3709442E-9
  10530.0      3.3711574E-9
  10535.0      3.3713414E-9
  10540.0      3.3715142E-9
  10545.0      3.3716587E-9
  10550.0      3.3717942E-9
  10555.0      3.3719225E-9
  10560.0      3.3720235E-9
  10565.0      3.3721093E-9
  10570.0      3.3721768E-9
  10575.0      3.372228E-9
  10580.0      3.3722616E-9
  10585.0      3.3722816E-9
  10590.0      3.3722838E-9
  10595.0      3.372269E-9
  10600.0      3.3722372E-9
  10605.0      3.372186E-9
  10610.0      3.3721352E-9
  10615.0      3.3720546E-9
  10620.0      2.5287845E-9
