# WAVELENGTH   FLUX  
  1150.0       0.0   
  1155.0       0.0   
  1160.0       0.0   
  1165.0       0.0   
  1170.0       0.0   
  1175.0       0.0   
  1180.0       0.0   
  1185.0       0.0   
  1190.0       0.0   
  1195.0       0.0   
  1200.0       0.0   
  1205.0       0.0   
  1210.0       0.0   
  1215.0       0.0   
  1220.0       0.0   
  1225.0       0.0   
  1230.0       0.0   
  1235.0       0.0   
  1240.0       0.0   
  1245.0       0.0   
  1250.0       0.0   
  1255.0       0.0   
  1260.0       0.0   
  1265.0       0.0   
  1270.0       0.0   
  1275.0       0.0   
  1280.0       0.0   
  1285.0       0.0   
  1290.0       0.0   
  1295.0       0.0   
  1300.0       0.0   
  1305.0       0.0   
  1310.0       0.0   
  1315.0       0.0   
  1320.0       0.0   
  1325.0       0.0   
  1330.0       0.0   
  1335.0       0.0   
  1340.0       0.0   
  1345.0       0.0   
  1350.0       0.0   
  1355.0       0.0   
  1360.0       0.0   
  1365.0       0.0   
  1370.0       0.0   
  1375.0       0.0   
  1380.0       0.0   
  1385.0       0.0   
  1390.0       0.0   
  1395.0       0.0   
  1400.0       0.0   
  1405.0       0.0   
  1410.0       0.0   
  1415.0       0.0   
  1420.0       0.0   
  1425.0       0.0   
  1430.0       0.0   
  1435.0       0.0   
  1440.0       0.0   
  1445.0       0.0   
  1450.0       0.0   
  1455.0       0.0   
  1460.0       0.0   
  1465.0       0.0   
  1470.0       0.0   
  1475.0       0.0   
  1480.0       0.0   
  1485.0       0.0   
  1490.0       0.0   
  1495.0       0.0   
  1500.0       0.0   
  1505.0       0.0   
  1510.0       0.0   
  1515.0       0.0   
  1520.0       0.0   
  1525.0       0.0   
  1530.0       0.0   
  1535.0       0.0   
  1540.0       0.0   
  1545.0       0.0   
  1550.0       0.0   
  1555.0       0.0   
  1560.0       0.0   
  1565.0       0.0   
  1570.0       0.0   
  1575.0       0.0   
  1580.0       0.0   
  1585.0       0.0   
  1590.0       0.0   
  1595.0       0.0   
  1600.0       0.0   
  1605.0       0.0   
  1610.0       0.0   
  1615.0       0.0   
  1620.0       0.0   
  1625.0       0.0   
  1630.0       0.0   
  1635.0       0.0   
  1640.0       0.0   
  1645.0       0.0   
  1650.0       0.0   
  1655.0       0.0   
  1660.0       0.0   
  1665.0       0.0   
  1670.0       0.0   
  1675.0       0.0   
  1680.0       0.0   
  1685.0       0.0   
  1690.0       0.0   
  1695.0       0.0   
  1700.0       0.0   
  1705.0       0.0   
  1710.0       0.0   
  1715.0       0.0   
  1720.0       0.0   
  1725.0       0.0   
  1730.0       0.0   
  1735.0       0.0   
  1740.0       0.0   
  1745.0       0.0   
  1750.0       0.0   
  1755.0       0.0   
  1760.0       0.0   
  1765.0       0.0   
  1770.0       0.0   
  1775.0       0.0   
  1780.0       0.0   
  1785.0       0.0   
  1790.0       0.0   
  1795.0       0.0   
  1800.0       0.0   
  1805.0       0.0   
  1810.0       0.0   
  1815.0       0.0   
  1820.0       0.0   
  1825.0       0.0   
  1830.0       0.0   
  1835.0       0.0   
  1840.0       0.0   
  1845.0       0.0   
  1850.0       0.0   
  1855.0       0.0   
  1860.0       0.0   
  1865.0       0.0   
  1870.0       0.0   
  1875.0       0.0   
  1880.0       0.0   
  1885.0       0.0   
  1890.0       0.0   
  1895.0       0.0   
  1900.0       0.0   
  1905.0       0.0   
  1910.0       0.0   
  1915.0       0.0   
  1920.0       0.0   
  1925.0       0.0   
  1930.0       0.0   
  1935.0       0.0   
  1940.0       0.0   
  1945.0       0.0   
  1950.0       0.0   
  1955.0       0.0   
  1960.0       0.0   
  1965.0       0.0   
  1970.0       0.0   
  1975.0       0.0   
  1980.0       0.0   
  1985.0       0.0   
  1990.0       0.0   
  1995.0       0.0   
  2000.0       0.0   
  2005.0       0.0   
  2010.0       0.0   
  2015.0       0.0   
  2020.0       0.0   
  2025.0       0.0   
  2030.0       0.0   
  2035.0       0.0   
  2040.0       0.0   
  2045.0       0.0   
  2050.0       0.0   
  2055.0       0.0   
  2060.0       0.0   
  2065.0       0.0   
  2070.0       0.0   
  2075.0       0.0   
  2080.0       0.0   
  2085.0       0.0   
  2090.0       0.0   
  2095.0       0.0   
  2100.0       0.0   
  2105.0       0.0   
  2110.0       0.0   
  2115.0       0.0   
  2120.0       0.0   
  2125.0       0.0   
  2130.0       0.0   
  2135.0       0.0   
  2140.0       0.0   
  2145.0       0.0   
  2150.0       0.0   
  2155.0       0.0   
  2160.0       0.0   
  2165.0       0.0   
  2170.0       0.0   
  2175.0       0.0   
  2180.0       0.0   
  2185.0       0.0   
  2190.0       0.0   
  2195.0       0.0   
  2200.0       0.0   
  2205.0       0.0   
  2210.0       0.0   
  2215.0       0.0   
  2220.0       0.0   
  2225.0       0.0   
  2230.0       0.0   
  2235.0       0.0   
  2240.0       0.0   
  2245.0       0.0   
  2250.0       0.0   
  2255.0       0.0   
  2260.0       0.0   
  2265.0       0.0   
  2270.0       0.0   
  2275.0       0.0   
  2280.0       0.0   
  2285.0       0.0   
  2290.0       0.0   
  2295.0       0.0   
  2300.0       0.0   
  2305.0       0.0   
  2310.0       0.0   
  2315.0       0.0   
  2320.0       0.0   
  2325.0       0.0   
  2330.0       0.0   
  2335.0       0.0   
  2340.0       0.0   
  2345.0       0.0   
  2350.0       0.0   
  2355.0       0.0   
  2360.0       0.0   
  2365.0       0.0   
  2370.0       0.0   
  2375.0       0.0   
  2380.0       0.0   
  2385.0       0.0   
  2390.0       0.0   
  2395.0       0.0   
  2400.0       0.0   
  2405.0       0.0   
  2410.0       0.0   
  2415.0       0.0   
  2420.0       0.0   
  2425.0       0.0   
  2430.0       0.0   
  2435.0       0.0   
  2440.0       0.0   
  2445.0       0.0   
  2450.0       0.0   
  2455.0       0.0   
  2460.0       0.0   
  2465.0       0.0   
  2470.0       0.0   
  2475.0       0.0   
  2480.0       0.0   
  2485.0       0.0   
  2490.0       0.0   
  2495.0       0.0   
  2500.0       4.9094675E-16
  2505.0       3.9216948E-15
  2510.0       8.332368E-15
  2515.0       1.5191902E-14
  2520.0       1.960064E-14
  2525.0       2.3029425E-14
  2530.0       2.351842E-14
  2535.0       2.3027473E-14
  2540.0       1.9105831E-14
  2545.0       1.1264423E-14
  2550.0       1.4670204E-15
  2555.0       0.0   
  2560.0       0.0   
  2565.0       0.0   
  2570.0       0.0   
  2575.0       0.0   
  2580.0       0.0   
  2585.0       0.0   
  2590.0       0.0   
  2595.0       0.0   
  2600.0       7.363644E-15
  2605.0       5.98061E-14
  2610.0       1.2595444E-13
  2615.0       1.9503882E-13
  2620.0       2.5627807E-13
  2625.0       2.9938568E-13
  2630.0       3.2093108E-13
  2635.0       3.0866447E-13
  2640.0       2.562167E-13
  2645.0       1.5329766E-13
  2650.0       2.0050737E-14
  2655.0       0.0   
  2660.0       0.0   
  2665.0       0.0   
  2670.0       0.0   
  2675.0       0.0   
  2680.0       0.0   
  2685.0       0.0   
  2690.0       0.0   
  2695.0       0.0   
  2700.0       1.0406543E-13
  2705.0       8.5934835E-13
  2710.0       1.9104243E-12
  2715.0       3.157476E-12
  2720.0       4.5730615E-12
  2725.0       6.1307274E-12
  2730.0       7.8084214E-12
  2735.0       9.576743E-12
  2740.0       1.1408751E-11
  2745.0       1.3282895E-11
  2750.0       1.5172214E-11
  2755.0       1.7044833E-11
  2760.0       1.8862594E-11
  2765.0       2.0586248E-11
  2770.0       2.217562E-11
  2775.0       2.3585156E-11
  2780.0       2.4772245E-11
  2785.0       2.5699633E-11
  2790.0       2.632518E-11
  2795.0       2.660575E-11
  2800.0       2.6501707E-11
  2805.0       2.6005679E-11
  2810.0       2.5186827E-11
  2815.0       2.4141673E-11
  2820.0       2.2974041E-11
  2825.0       2.1783441E-11
  2830.0       2.0671262E-11
  2835.0       1.973943E-11
  2840.0       1.9089912E-11
  2845.0       1.8824041E-11
  2850.0       1.9036899E-11
  2855.0       1.9786795E-11
  2860.0       2.1029057E-11
  2865.0       2.2673047E-11
  2870.0       2.4633044E-11
  2875.0       2.68164E-11
  2880.0       2.9130056E-11
  2885.0       3.1485852E-11
  2890.0       3.3791556E-11
  2895.0       3.5958576E-11
  2900.0       3.7894902E-11
  2905.0       3.9542498E-11
  2910.0       4.090642E-11
  2915.0       4.201566E-11
  2920.0       4.2902827E-11
  2925.0       4.3607347E-11
  2930.0       4.4157535E-11
  2935.0       4.4592104E-11
  2940.0       4.4941394E-11
  2945.0       4.5239777E-11
  2950.0       4.552152E-11
  2955.0       4.581262E-11
  2960.0       4.612168E-11
  2965.0       4.644758E-11
  2970.0       4.6793E-11
  2975.0       4.716095E-11
  2980.0       4.7549024E-11
  2985.0       4.7957263E-11
  2990.0       4.838791E-11
  2995.0       4.8839627E-11
  3000.0       4.931735E-11
  3005.0       4.98235E-11
  3010.0       5.0388003E-11
  3015.0       5.1041647E-11
  3020.0       5.1811427E-11
  3025.0       5.273562E-11
  3030.0       5.384154E-11
  3035.0       5.5162652E-11
  3040.0       5.6730596E-11
  3045.0       5.8577365E-11
  3050.0       6.073533E-11
  3055.0       6.321762E-11
  3060.0       6.6003696E-11
  3065.0       6.905726E-11
  3070.0       7.234448E-11
  3075.0       7.582487E-11
  3080.0       7.9461444E-11
  3085.0       8.321663E-11
  3090.0       8.705648E-11
  3095.0       9.094047E-11
  3100.0       9.483381E-11
  3105.0       9.871867E-11
  3110.0       1.0262478E-10
  3115.0       1.06597835E-10
  3120.0       1.1068864E-10
  3125.0       1.14946525E-10
  3130.0       1.1941467E-10
  3135.0       1.2414791E-10
  3140.0       1.2919422E-10
  3145.0       1.3459814E-10
  3150.0       1.4040506E-10
  3155.0       1.5305751E-10
  3160.0       1.9982552E-10
  3165.0       2.2277515E-10
  3170.0       2.2748214E-10
  3175.0       2.1264585E-10
  3180.0       1.9109424E-10
  3185.0       1.780365E-10
  3190.0       1.761353E-10
  3195.0       1.824914E-10
  3200.0       1.933525E-10
  3205.0       2.0358229E-10
  3210.0       1.9891751E-10
  3215.0       1.7646279E-10
  3220.0       1.543313E-10
  3225.0       1.4953748E-10
  3230.0       1.5640571E-10
  3235.0       1.643714E-10
  3240.0       1.729073E-10
  3245.0       1.8357363E-10
  3250.0       1.9297998E-10
  3255.0       1.9891828E-10
  3260.0       2.0733046E-10
  3265.0       2.2306641E-10
  3270.0       2.400277E-10
  3275.0       2.5131533E-10
  3280.0       2.589475E-10
  3285.0       2.66784E-10
  3290.0       2.7433167E-10
  3295.0       2.7951141E-10
  3300.0       2.809739E-10
  3305.0       2.8052424E-10
  3310.0       2.8677652E-10
  3315.0       3.0355607E-10
  3320.0       3.1598035E-10
  3325.0       3.116688E-10
  3330.0       3.033456E-10
  3335.0       3.0760774E-10
  3340.0       3.2534456E-10
  3345.0       3.47863E-10
  3350.0       3.581734E-10
  3355.0       3.4471695E-10
  3360.0       3.1810962E-10
  3365.0       2.9630295E-10
  3370.0       2.935722E-10
  3375.0       3.1300018E-10
  3380.0       3.3342282E-10
  3385.0       3.3805367E-10
  3390.0       3.4456393E-10
  3395.0       3.6994302E-10
  3400.0       3.9519127E-10
  3405.0       3.9893233E-10
  3410.0       3.9015016E-10
  3415.0       3.849691E-10
  3420.0       3.8659512E-10
  3425.0       3.8949355E-10
  3430.0       3.797291E-10
  3435.0       3.502628E-10
  3440.0       3.1973918E-10
  3445.0       3.0939457E-10
  3450.0       3.2113487E-10
  3455.0       3.4588027E-10
  3460.0       3.6613246E-10
  3465.0       3.6990339E-10
  3470.0       3.6710365E-10
  3475.0       3.7009196E-10
  3480.0       3.7606993E-10
  3485.0       3.8017822E-10
  3490.0       3.8759146E-10
  3495.0       4.0380102E-10
  3500.0       4.2435125E-10
  3505.0       4.3674728E-10
  3510.0       4.196653E-10
  3515.0       4.0703232E-10
  3520.0       3.7555878E-10
  3525.0       3.8397688E-10
  3530.0       4.729958E-10
  3535.0       5.583889E-10
  3540.0       5.8784955E-10
  3545.0       5.7430743E-10
  3550.0       5.110064E-10
  3555.0       4.657947E-10
  3560.0       4.2641518E-10
  3565.0       3.6656067E-10
  3570.0       3.2019953E-10
  3575.0       2.983823E-10
  3580.0       2.7008548E-10
  3585.0       2.9674677E-10
  3590.0       3.3662814E-10
  3595.0       3.7811898E-10
  3600.0       3.969178E-10
  3605.0       3.6827147E-10
  3610.0       3.725896E-10
  3615.0       3.967931E-10
  3620.0       4.1022433E-10
  3625.0       4.3168724E-10
  3630.0       4.0984122E-10
  3635.0       4.506043E-10
  3640.0       4.7736376E-10
  3645.0       4.2391765E-10
  3650.0       4.3171614E-10
  3655.0       4.982898E-10
  3660.0       5.593164E-10
  3665.0       5.692095E-10
  3670.0       5.328343E-10
  3675.0       5.072646E-10
  3680.0       4.643768E-10
  3685.0       4.667371E-10
  3690.0       5.264432E-10
  3695.0       5.617517E-10
  3700.0       5.3646454E-10
  3705.0       4.3415124E-10
  3710.0       4.4602783E-10
  3715.0       4.41729E-10
  3720.0       3.4310169E-10
  3725.0       3.4392542E-10
  3730.0       3.4669131E-10
  3735.0       2.9450195E-10
  3740.0       2.906448E-10
  3745.0       2.9129787E-10
  3750.0       3.3331987E-10
  3755.0       3.90459E-10
  3760.0       4.0753234E-10
  3765.0       4.5741577E-10
  3770.0       5.3691673E-10
  3775.0       5.8567007E-10
  3780.0       5.9628796E-10
  3785.0       5.5087207E-10
  3790.0       5.0231064E-10
  3795.0       4.900304E-10
  3800.0       5.3291915E-10
  3805.0       5.734182E-10
  3810.0       5.473862E-10
  3815.0       4.4508613E-10
  3820.0       3.7647693E-10
  3825.0       3.5235148E-10
  3830.0       3.637642E-10
  3835.0       4.1283313E-10
  3840.0       4.5663015E-10
  3845.0       5.0863413E-10
  3850.0       4.843049E-10
  3855.0       4.1420092E-10
  3860.0       4.180376E-10
  3865.0       4.9088505E-10
  3870.0       4.993572E-10
  3875.0       4.815034E-10
  3880.0       4.93241E-10
  3885.0       4.7318655E-10
  3890.0       5.160211E-10
  3895.0       5.1157534E-10
  3900.0       5.122248E-10
  3905.0       5.554273E-10
  3910.0       6.0439803E-10
  3915.0       6.227007E-10
  3920.0       5.4858107E-10
  3925.0       4.636945E-10
  3930.0       3.9690062E-10
  3935.0       3.9474005E-10
  3940.0       4.235134E-10
  3945.0       4.728396E-10
  3950.0       5.619817E-10
  3955.0       5.052686E-10
  3960.0       4.0143222E-10
  3965.0       4.0822792E-10
  3970.0       4.9463034E-10
  3975.0       6.3242317E-10
  3980.0       7.398046E-10
  3985.0       8.099475E-10
  3990.0       8.3598384E-10
  3995.0       8.400965E-10
  4000.0       8.733271E-10
  4005.0       9.2072894E-10
  4010.0       9.787233E-10
  4015.0       9.902985E-10
  4020.0       9.601046E-10
  4025.0       9.2850155E-10
  4030.0       8.59751E-10
  4035.0       9.492038E-10
  4040.0       1.0068342E-9
  4045.0       9.4358E-10
  4050.0       1.0326698E-9
  4055.0       1.0551483E-9
  4060.0       9.853952E-10
  4065.0       9.670544E-10
  4070.0       9.933336E-10
  4075.0       1.0232092E-9
  4080.0       1.0927033E-9
  4085.0       1.2017969E-9
  4090.0       1.2075833E-9
  4095.0       1.0993075E-9
  4100.0       1.0378985E-9
  4105.0       1.0835092E-9
  4110.0       1.1036504E-9
  4115.0       1.1263004E-9
  4120.0       1.1788271E-9
  4125.0       1.1854062E-9
  4130.0       1.1131382E-9
  4135.0       1.1165425E-9
  4140.0       1.0982696E-9
  4145.0       1.0985156E-9
  4150.0       1.1902466E-9
  4155.0       1.2617182E-9
  4160.0       1.3144809E-9
  4165.0       1.2549046E-9
  4170.0       1.1670622E-9
  4175.0       1.1886758E-9
  4180.0       1.2571888E-9
  4185.0       1.2356559E-9
  4190.0       1.2208727E-9
  4195.0       1.1764125E-9
  4200.0       1.1097256E-9
  4205.0       1.164045E-9
  4210.0       1.176282E-9
  4215.0       1.0523049E-9
  4220.0       7.9387147E-10
  4225.0       5.4405E-10
  4230.0       6.159826E-10
  4235.0       8.559272E-10
  4240.0       1.0242945E-9
  4245.0       1.0617779E-9
  4250.0       9.60949E-10
  4255.0       9.2738633E-10
  4260.0       1.067763E-9
  4265.0       1.1544632E-9
  4270.0       1.0280827E-9
  4275.0       1.001574E-9
  4280.0       1.1227892E-9
  4285.0       1.0859844E-9
  4290.0       1.0258591E-9
  4295.0       1.0912784E-9
  4300.0       1.0801446E-9
  4305.0       1.0981357E-9
  4310.0       1.2409298E-9
  4315.0       1.4118129E-9
  4320.0       1.4578065E-9
  4325.0       1.4341203E-9
  4330.0       1.577291E-9
  4335.0       1.6296012E-9
  4340.0       1.5705774E-9
  4345.0       1.6073028E-9
  4350.0       1.5711498E-9
  4355.0       1.582631E-9
  4360.0       1.6769054E-9
  4365.0       1.7438693E-9
  4370.0       1.7083432E-9
  4375.0       1.5883445E-9
  4380.0       1.4261394E-9
  4385.0       1.4129445E-9
  4390.0       1.6184586E-9
  4395.0       1.7659968E-9
  4400.0       1.7010838E-9
  4405.0       1.5520353E-9
  4410.0       1.6729935E-9
  4415.0       1.7924939E-9
  4420.0       1.8607885E-9
  4425.0       1.7782424E-9
  4430.0       1.7637757E-9
  4435.0       1.7789573E-9
  4440.0       1.9744033E-9
  4445.0       2.0480437E-9
  4450.0       1.9152497E-9
  4455.0       1.6935472E-9
  4460.0       1.7934797E-9
  4465.0       2.079602E-9
  4470.0       2.267087E-9
  4475.0       2.341539E-9
  4480.0       2.3179172E-9
  4485.0       2.3289792E-9
  4490.0       2.3155053E-9
  4495.0       2.3367086E-9
  4500.0       2.4903395E-9
  4505.0       2.5615647E-9
  4510.0       2.5110438E-9
  4515.0       2.4596352E-9
  4520.0       2.4186535E-9
  4525.0       2.2317572E-9
  4530.0       2.0426838E-9
  4535.0       2.1743598E-9
  4540.0       2.3986009E-9
  4545.0       2.4173832E-9
  4550.0       2.475451E-9
  4555.0       2.6286289E-9
  4560.0       2.7701474E-9
  4565.0       2.822671E-9
  4570.0       2.784054E-9
  4575.0       2.7324913E-9
  4580.0       2.662588E-9
  4585.0       2.7253046E-9
  4590.0       2.7867528E-9
  4595.0       2.8185898E-9
  4600.0       2.7813312E-9
  4605.0       2.8454135E-9
  4610.0       2.944369E-9
  4615.0       2.9293679E-9
  4620.0       2.9312202E-9
  4625.0       2.917641E-9
  4630.0       2.9086633E-9
  4635.0       2.8277958E-9
  4640.0       2.8216425E-9
  4645.0       2.8243257E-9
  4650.0       2.7891451E-9
  4655.0       2.882638E-9
  4660.0       3.026041E-9
  4665.0       2.8641E-9
  4670.0       2.8579927E-9
  4675.0       2.9337714E-9
  4680.0       2.8747538E-9
  4685.0       2.8321487E-9
  4690.0       2.8494822E-9
  4695.0       2.8615288E-9
  4700.0       2.7753124E-9
  4705.0       2.767172E-9
  4710.0       2.8247786E-9
  4715.0       2.9030605E-9
  4720.0       2.8975882E-9
  4725.0       2.8253577E-9
  4730.0       2.7553952E-9
  4735.0       2.7431835E-9
  4740.0       2.7634013E-9
  4745.0       2.7953544E-9
  4750.0       2.7437237E-9
  4755.0       2.6481677E-9
  4760.0       2.511417E-9
  4765.0       2.3837443E-9
  4770.0       2.280441E-9
  4775.0       2.174113E-9
  4780.0       2.1064581E-9
  4785.0       2.1774214E-9
  4790.0       2.3471087E-9
  4795.0       2.4755542E-9
  4800.0       2.5476237E-9
  4805.0       2.608309E-9
  4810.0       2.5978444E-9
  4815.0       2.586715E-9
  4820.0       2.5309175E-9
  4825.0       2.4849551E-9
  4830.0       2.5020108E-9
  4835.0       2.5420939E-9
  4840.0       2.5728144E-9
  4845.0       2.6359452E-9
  4850.0       2.7035134E-9
  4855.0       2.7639218E-9
  4860.0       2.760322E-9
  4865.0       2.7218325E-9
  4870.0       2.6743054E-9
  4875.0       2.645859E-9
  4880.0       2.6304947E-9
  4885.0       2.690338E-9
  4890.0       2.74208E-9
  4895.0       2.7768414E-9
  4900.0       2.8564806E-9
  4905.0       2.9922167E-9
  4910.0       3.0093394E-9
  4915.0       2.9977132E-9
  4920.0       2.9250227E-9
  4925.0       2.9028986E-9
  4930.0       2.9089717E-9
  4935.0       3.0096716E-9
  4940.0       3.0269993E-9
  4945.0       3.0078837E-9
  4950.0       2.995024E-9
  4955.0       2.8867266E-9
  4960.0       2.7836202E-9
  4965.0       2.679663E-9
  4970.0       2.698795E-9
  4975.0       2.7182647E-9
  4980.0       2.688131E-9
  4985.0       2.6599278E-9
  4990.0       2.522233E-9
  4995.0       2.5081548E-9
  5000.0       2.471995E-9
  5005.0       2.438292E-9
  5010.0       2.3949132E-9
  5015.0       2.3569984E-9
  5020.0       2.3828406E-9
  5025.0       2.3936502E-9
  5030.0       2.4425493E-9
  5035.0       2.4047868E-9
  5040.0       2.3955966E-9
  5045.0       2.377478E-9
  5050.0       2.3419073E-9
  5055.0       2.392426E-9
  5060.0       2.4064353E-9
  5065.0       2.3743996E-9
  5070.0       2.3532312E-9
  5075.0       2.2870628E-9
  5080.0       2.2545765E-9
  5085.0       2.2762092E-9
  5090.0       2.2710647E-9
  5095.0       2.2862017E-9
  5100.0       2.2540174E-9
  5105.0       2.1933069E-9
  5110.0       2.168506E-9
  5115.0       2.205283E-9
  5120.0       2.209498E-9
  5125.0       2.1984885E-9
  5130.0       2.1891793E-9
  5135.0       2.2165323E-9
  5140.0       2.2704452E-9
  5145.0       2.260996E-9
  5150.0       2.2195288E-9
  5155.0       2.2316793E-9
  5160.0       2.2787123E-9
  5165.0       2.2088575E-9
  5170.0       2.0422843E-9
  5175.0       1.8573203E-9
  5180.0       1.8143338E-9
  5185.0       1.973274E-9
  5190.0       2.123933E-9
  5195.0       2.332794E-9
  5200.0       2.3562299E-9
  5205.0       2.2445341E-9
  5210.0       2.2818714E-9
  5215.0       2.4676405E-9
  5220.0       2.8134024E-9
  5225.0       2.9972285E-9
  5230.0       3.0962424E-9
  5235.0       3.1373617E-9
  5240.0       3.2328273E-9
  5245.0       3.2777145E-9
  5250.0       3.2911267E-9
  5255.0       3.2306855E-9
  5260.0       3.0845755E-9
  5265.0       2.9260596E-9
  5270.0       2.8129454E-9
  5275.0       2.8300449E-9
  5280.0       3.0509737E-9
  5285.0       3.3012562E-9
  5290.0       3.3666046E-9
  5295.0       3.3528578E-9
  5300.0       3.3910266E-9
  5305.0       3.3454723E-9
  5310.0       3.4370644E-9
  5315.0       3.5539172E-9
  5320.0       3.511067E-9
  5325.0       3.329369E-9
  5330.0       3.1919154E-9
  5335.0       3.149243E-9
  5340.0       3.2676952E-9
  5345.0       3.3558036E-9
  5350.0       3.4270786E-9
  5355.0       3.5405676E-9
  5360.0       3.6607695E-9
  5365.0       3.684486E-9
  5370.0       3.617872E-9
  5375.0       3.602383E-9
  5380.0       3.662567E-9
  5385.0       3.806701E-9
  5390.0       3.788347E-9
  5395.0       3.6920231E-9
  5400.0       3.5687928E-9
  5405.0       3.4517285E-9
  5410.0       3.4941467E-9
  5415.0       3.6054864E-9
  5420.0       3.785029E-9
  5425.0       3.8900545E-9
  5430.0       3.808542E-9
  5435.0       3.730958E-9
  5440.0       3.6766874E-9
  5445.0       3.638472E-9
  5450.0       3.5807841E-9
  5455.0       3.5262475E-9
  5460.0       3.6034338E-9
  5465.0       3.6776164E-9
  5470.0       3.741272E-9
  5475.0       3.7759933E-9
  5480.0       3.788091E-9
  5485.0       3.8028776E-9
  5490.0       3.8726773E-9
  5495.0       3.85243E-9
  5500.0       3.8111594E-9
  5505.0       3.791349E-9
  5510.0       3.7389762E-9
  5515.0       3.7469796E-9
  5520.0       3.8126813E-9
  5525.0       3.879838E-9
  5530.0       3.9913353E-9
  5535.0       4.0087587E-9
  5540.0       4.048197E-9
  5545.0       4.1110044E-9
  5550.0       4.1576156E-9
  5555.0       4.1535686E-9
  5560.0       4.1345523E-9
  5565.0       4.0594332E-9
  5570.0       4.000693E-9
  5575.0       3.9722057E-9
  5580.0       3.9548413E-9
  5585.0       3.897478E-9
  5590.0       3.8018007E-9
  5595.0       3.6403778E-9
  5600.0       3.597278E-9
  5605.0       3.727707E-9
  5610.0       3.8402272E-9
  5615.0       3.915106E-9
  5620.0       3.949748E-9
  5625.0       3.9148254E-9
  5630.0       3.937689E-9
  5635.0       4.0219885E-9
  5640.0       4.084496E-9
  5645.0       4.1052703E-9
  5650.0       4.1041384E-9
  5655.0       4.1129935E-9
  5660.0       4.1026147E-9
  5665.0       4.0927164E-9
  5670.0       4.1060972E-9
  5675.0       4.2230934E-9
  5680.0       4.2414237E-9
  5685.0       4.2045385E-9
  5690.0       4.187318E-9
  5695.0       4.1690673E-9
  5700.0       4.196021E-9
  5705.0       4.233422E-9
  5710.0       4.202441E-9
  5715.0       4.194819E-9
  5720.0       4.2341073E-9
  5725.0       4.306618E-9
  5730.0       4.371297E-9
  5735.0       4.380802E-9
  5740.0       4.3616852E-9
  5745.0       4.432593E-9
  5750.0       4.533876E-9
  5755.0       4.555843E-9
  5760.0       4.5182014E-9
  5765.0       4.502536E-9
  5770.0       4.4879824E-9
  5775.0       4.5103246E-9
  5780.0       4.5065116E-9
  5785.0       4.4340602E-9
  5790.0       4.3929202E-9
  5795.0       4.442343E-9
  5800.0       4.5682342E-9
  5805.0       4.6491277E-9
  5810.0       4.6476845E-9
  5815.0       4.629054E-9
  5820.0       4.64921E-9
  5825.0       4.6603055E-9
  5830.0       4.673149E-9
  5835.0       4.6898436E-9
  5840.0       4.6789763E-9
  5845.0       4.6453255E-9
  5850.0       4.569237E-9
  5855.0       4.456532E-9
  5860.0       4.405532E-9
  5865.0       4.327736E-9
  5870.0       4.3295594E-9
  5875.0       4.245972E-9
  5880.0       3.956745E-9
  5885.0       3.3485157E-9
  5890.0       2.7512548E-9
  5895.0       2.419292E-9
  5900.0       2.6148774E-9
  5905.0       3.2132883E-9
  5910.0       3.8524477E-9
  5915.0       4.177248E-9
  5920.0       4.2577972E-9
  5925.0       4.2774424E-9
  5930.0       4.3448276E-9
  5935.0       4.4487756E-9
  5940.0       4.4557495E-9
  5945.0       4.454609E-9
  5950.0       4.44426E-9
  5955.0       4.4937214E-9
  5960.0       4.4819806E-9
  5965.0       4.4389123E-9
  5970.0       4.4517257E-9
  5975.0       4.482568E-9
  5980.0       4.493747E-9
  5985.0       4.4916137E-9
  5990.0       4.5485375E-9
  5995.0       4.592604E-9
  6000.0       4.607869E-9
  6005.0       4.5667843E-9
  6010.0       4.5521213E-9
  6015.0       4.521774E-9
  6020.0       4.50408E-9
  6025.0       4.541035E-9
  6030.0       4.567453E-9
  6035.0       4.623031E-9
  6040.0       4.6959134E-9
  6045.0       4.7662168E-9
  6050.0       4.8076556E-9
  6055.0       4.8140243E-9
  6060.0       4.8114646E-9
  6065.0       4.799189E-9
  6070.0       4.895255E-9
  6075.0       4.886296E-9
  6080.0       4.776019E-9
  6085.0       4.7949222E-9
  6090.0       4.8136135E-9
  6095.0       4.7179016E-9
  6100.0       4.4835864E-9
  6105.0       4.566816E-9
  6110.0       4.7706847E-9
  6115.0       4.712249E-9
  6120.0       4.3919437E-9
  6125.0       4.5022217E-9
  6130.0       4.7239657E-9
  6135.0       4.603996E-9
  6140.0       4.647707E-9
  6145.0       4.7086886E-9
  6150.0       4.677785E-9
  6155.0       4.438048E-9
  6160.0       3.88232E-9
  6165.0       3.7610306E-9
  6170.0       4.020731E-9
  6175.0       4.361516E-9
  6180.0       4.4776054E-9
  6185.0       4.3698716E-9
  6190.0       4.241974E-9
  6195.0       4.3221413E-9
  6200.0       4.4208104E-9
  6205.0       4.4697934E-9
  6210.0       4.3300052E-9
  6215.0       4.1010613E-9
  6220.0       4.0170884E-9
  6225.0       3.9742045E-9
  6230.0       3.9484522E-9
  6235.0       4.010463E-9
  6240.0       4.0494093E-9
  6245.0       4.118667E-9
  6250.0       4.110767E-9
  6255.0       4.002096E-9
  6260.0       4.028255E-9
  6265.0       4.165656E-9
  6270.0       4.2365254E-9
  6275.0       4.2110297E-9
  6280.0       4.2472816E-9
  6285.0       4.3959725E-9
  6290.0       4.4396424E-9
  6295.0       4.3917416E-9
  6300.0       4.4273043E-9
  6305.0       4.498225E-9
  6310.0       4.5899133E-9
  6315.0       4.6041166E-9
  6320.0       4.650134E-9
  6325.0       4.712735E-9
  6330.0       4.7428386E-9
  6335.0       4.7419686E-9
  6340.0       4.779729E-9
  6345.0       4.8603828E-9
  6350.0       4.870092E-9
  6355.0       4.7208513E-9
  6360.0       4.6013224E-9
  6365.0       4.5999946E-9
  6370.0       4.610206E-9
  6375.0       4.497834E-9
  6380.0       4.306286E-9
  6385.0       4.3006403E-9
  6390.0       4.391125E-9
  6395.0       4.5032573E-9
  6400.0       4.592832E-9
  6405.0       4.7016258E-9
  6410.0       4.7613473E-9
  6415.0       4.775514E-9
  6420.0       4.7638937E-9
  6425.0       4.7991646E-9
  6430.0       4.806189E-9
  6435.0       4.783358E-9
  6440.0       4.80002E-9
  6445.0       4.9307904E-9
  6450.0       4.897456E-9
  6455.0       4.9071245E-9
  6460.0       4.7935935E-9
  6465.0       4.8633884E-9
  6470.0       5.042014E-9
  6475.0       5.131752E-9
  6480.0       5.1679057E-9
  6485.0       5.0753295E-9
  6490.0       4.8342534E-9
  6495.0       4.6723776E-9
  6500.0       4.932467E-9
  6505.0       5.1665405E-9
  6510.0       5.2434643E-9
  6515.0       5.306552E-9
  6520.0       5.385606E-9
  6525.0       5.4519482E-9
  6530.0       5.423782E-9
  6535.0       5.4067932E-9
  6540.0       5.433093E-9
  6545.0       5.401264E-9
  6550.0       5.344146E-9
  6555.0       5.2560845E-9
  6560.0       5.1609836E-9
  6565.0       5.1453206E-9
  6570.0       5.1692086E-9
  6575.0       5.248389E-9
  6580.0       5.371509E-9
  6585.0       5.388994E-9
  6590.0       5.303914E-9
  6595.0       5.2875064E-9
  6600.0       5.3563025E-9
  6605.0       5.315571E-9
  6610.0       5.3094436E-9
  6615.0       5.3391025E-9
  6620.0       5.3154614E-9
  6625.0       5.2488023E-9
  6630.0       5.1919704E-9
  6635.0       5.187466E-9
  6640.0       5.182953E-9
  6645.0       5.119156E-9
  6650.0       5.076484E-9
  6655.0       5.0244386E-9
  6660.0       4.9276303E-9
  6665.0       4.9281037E-9
  6670.0       4.9720406E-9
  6675.0       4.8889977E-9
  6680.0       4.797537E-9
  6685.0       4.8409237E-9
  6690.0       4.873395E-9
  6695.0       4.8461994E-9
  6700.0       4.878062E-9
  6705.0       4.899943E-9
  6710.0       4.764408E-9
  6715.0       4.5411968E-9
  6720.0       4.5712087E-9
  6725.0       4.66251E-9
  6730.0       4.655575E-9
  6735.0       4.6942517E-9
  6740.0       4.6507878E-9
  6745.0       4.579461E-9
  6750.0       4.5416333E-9
  6755.0       4.5917328E-9
  6760.0       4.6337463E-9
  6765.0       4.5829696E-9
  6770.0       4.548096E-9
  6775.0       4.5876964E-9
  6780.0       4.517657E-9
  6785.0       4.4488644E-9
  6790.0       4.4663166E-9
  6795.0       4.4635846E-9
  6800.0       4.48566E-9
  6805.0       4.4992845E-9
  6810.0       4.491735E-9
  6815.0       4.454957E-9
  6820.0       4.43977E-9
  6825.0       4.455707E-9
  6830.0       4.4677972E-9
  6835.0       4.4972057E-9
  6840.0       4.6053708E-9
  6845.0       4.60231E-9
  6850.0       4.558494E-9
  6855.0       4.5022377E-9
  6860.0       4.4454773E-9
  6865.0       4.3976494E-9
  6870.0       4.361786E-9
  6875.0       4.338444E-9
  6880.0       4.327918E-9
  6885.0       4.3305004E-9
  6890.0       4.3464503E-9
  6895.0       4.375964E-9
  6900.0       4.419124E-9
  6905.0       4.4743715E-9
  6910.0       4.535915E-9
  6915.0       4.5963704E-9
  6920.0       4.648441E-9
  6925.0       4.6872928E-9
  6930.0       4.7144995E-9
  6935.0       4.734133E-9
  6940.0       4.750377E-9
  6945.0       4.7662705E-9
  6950.0       4.78181E-9
  6955.0       4.7958166E-9
  6960.0       4.8070437E-9
  6965.0       4.8144932E-9
  6970.0       4.819092E-9
  6975.0       4.826047E-9
  6980.0       4.831574E-9
  6985.0       4.862196E-9
  6990.0       4.8655746E-9
  6995.0       4.8858078E-9
  7000.0       4.9105315E-9
  7005.0       4.9229585E-9
  7010.0       4.9760556E-9
  7015.0       5.0084266E-9
  7020.0       5.006995E-9
  7025.0       5.010036E-9
  7030.0       5.0371134E-9
  7035.0       5.0949307E-9
  7040.0       5.148923E-9
  7045.0       5.1792046E-9
  7050.0       5.1444706E-9
  7055.0       5.0629967E-9
  7060.0       4.99209E-9
  7065.0       4.9554703E-9
  7070.0       4.977982E-9
  7075.0       5.037302E-9
  7080.0       5.0183457E-9
  7085.0       4.9284004E-9
  7090.0       4.8598205E-9
  7095.0       4.865335E-9
  7100.0       4.8892703E-9
  7105.0       4.914894E-9
  7110.0       4.915058E-9
  7115.0       4.916203E-9
  7120.0       4.8783395E-9
  7125.0       4.7807496E-9
  7130.0       4.7200146E-9
  7135.0       4.7157305E-9
  7140.0       4.6867115E-9
  7145.0       4.64049E-9
  7150.0       4.709289E-9
  7155.0       4.822468E-9
  7160.0       4.8749134E-9
  7165.0       4.891609E-9
  7170.0       4.86267E-9
  7175.0       4.846983E-9
  7180.0       4.827206E-9
  7185.0       4.734401E-9
  7190.0       4.7032858E-9
  7195.0       4.6842037E-9
  7200.0       4.641478E-9
  7205.0       4.6559157E-9
  7210.0       4.7796966E-9
  7215.0       4.966132E-9
  7220.0       5.0706066E-9
  7225.0       5.0822835E-9
  7230.0       5.0417293E-9
  7235.0       5.001957E-9
  7240.0       4.969987E-9
  7245.0       4.978608E-9
  7250.0       4.999746E-9
  7255.0       5.025083E-9
  7260.0       5.0970903E-9
  7265.0       5.1241233E-9
  7270.0       5.1262132E-9
  7275.0       5.098503E-9
  7280.0       5.1241074E-9
  7285.0       5.1372515E-9
  7290.0       5.0990887E-9
  7295.0       5.1487823E-9
  7300.0       5.1662163E-9
  7305.0       5.1547646E-9
  7310.0       5.15298E-9
  7315.0       5.1505036E-9
  7320.0       5.12302E-9
  7325.0       5.1057905E-9
  7330.0       5.1423164E-9
  7335.0       5.1847553E-9
  7340.0       5.194877E-9
  7345.0       5.180399E-9
  7350.0       5.14322E-9
  7355.0       5.111537E-9
  7360.0       5.126622E-9
  7365.0       5.156181E-9
  7370.0       5.1720415E-9
  7375.0       5.172514E-9
  7380.0       5.1627094E-9
  7385.0       5.1077262E-9
  7390.0       5.0939177E-9
  7395.0       5.111963E-9
  7400.0       5.1040607E-9
  7405.0       5.105974E-9
  7410.0       5.108181E-9
  7415.0       5.1286717E-9
  7420.0       5.158565E-9
  7425.0       5.185855E-9
  7430.0       5.202659E-9
  7435.0       5.21558E-9
  7440.0       5.225349E-9
  7445.0       5.231988E-9
  7450.0       5.2373506E-9
  7455.0       5.2439706E-9
  7460.0       5.2543254E-9
  7465.0       5.269451E-9
  7470.0       5.286666E-9
  7475.0       5.3018714E-9
  7480.0       5.3109788E-9
  7485.0       5.3114086E-9
  7490.0       5.304625E-9
  7495.0       5.2935922E-9
  7500.0       5.2814193E-9
  7505.0       5.271E-9
  7510.0       5.264661E-9
  7515.0       5.264478E-9
  7520.0       5.272342E-9
  7525.0       5.287985E-9
  7530.0       5.305667E-9
  7535.0       5.317558E-9
  7540.0       5.316185E-9
  7545.0       5.2998987E-9
  7550.0       5.2821476E-9
  7555.0       5.2770543E-9
  7560.0       5.274097E-9
  7565.0       5.2711573E-9
  7570.0       5.2682028E-9
  7575.0       5.2652545E-9
  7580.0       5.2622973E-9
  7585.0       5.2593534E-9
  7590.0       5.2564038E-9
  7595.0       5.2534572E-9
  7600.0       5.250504E-9
  7605.0       5.2475597E-9
  7610.0       5.2446167E-9
  7615.0       5.241666E-9
  7620.0       5.23871E-9
  7625.0       5.235762E-9
  7630.0       5.232811E-9
  7635.0       5.2298668E-9
  7640.0       5.2269233E-9
  7645.0       5.223972E-9
  7650.0       5.221027E-9
  7655.0       5.218068E-9
  7660.0       5.215118E-9
  7665.0       5.2121747E-9
  7670.0       5.209229E-9
  7675.0       5.2062683E-9
  7680.0       5.2033324E-9
  7685.0       5.200382E-9
  7690.0       5.197422E-9
  7695.0       5.194477E-9
  7700.0       5.1915268E-9
  7705.0       5.188581E-9
  7710.0       5.1856373E-9
  7715.0       5.1826907E-9
  7720.0       5.1797397E-9
  7725.0       5.176792E-9
  7730.0       5.175254E-9
  7735.0       5.181542E-9
  7740.0       5.1847087E-9
  7745.0       5.1814197E-9
  7750.0       5.1742735E-9
  7755.0       5.1674713E-9
  7760.0       5.1652322E-9
  7765.0       5.1700852E-9
  7770.0       5.1802695E-9
  7775.0       5.192315E-9
  7780.0       5.2027174E-9
  7785.0       5.209053E-9
  7790.0       5.211688E-9
  7795.0       5.212109E-9
  7800.0       5.211829E-9
  7805.0       5.2119247E-9
  7810.0       5.2123306E-9
  7815.0       5.2125704E-9
  7820.0       5.2120903E-9
  7825.0       5.210508E-9
  7830.0       5.2078577E-9
  7835.0       5.204356E-9
  7840.0       5.200196E-9
  7845.0       5.1956093E-9
  7850.0       5.190921E-9
  7855.0       5.1864735E-9
  7860.0       5.1825793E-9
  7865.0       5.1793276E-9
  7870.0       5.176324E-9
  7875.0       5.1728852E-9
  7880.0       5.1683893E-9
  7885.0       5.162466E-9
  7890.0       5.1555458E-9
  7895.0       5.148358E-9
  7900.0       5.141565E-9
  7905.0       5.135345E-9
  7910.0       5.1284297E-9
  7915.0       5.119062E-9
  7920.0       5.1055427E-9
  7925.0       5.0877933E-9
  7930.0       5.0698734E-9
  7935.0       5.057424E-9
  7940.0       5.0559854E-9
  7945.0       5.0685602E-9
  7950.0       5.0914952E-9
  7955.0       5.118541E-9
  7960.0       5.14339E-9
  7965.0       5.161431E-9
  7970.0       5.1724744E-9
  7975.0       5.1779945E-9
  7980.0       5.179656E-9
  7985.0       5.178906E-9
  7990.0       5.176683E-9
  7995.0       5.17374E-9
  8000.0       5.170788E-9
  8005.0       5.1682445E-9
  8010.0       5.1657696E-9
  8015.0       5.162781E-9
  8020.0       5.1586584E-9
  8025.0       5.153307E-9
  8030.0       5.1478284E-9
  8035.0       5.1438143E-9
  8040.0       5.142816E-9
  8045.0       5.145784E-9
  8050.0       5.1520357E-9
  8055.0       5.1602784E-9
  8060.0       5.1690847E-9
  8065.0       5.1766076E-9
  8070.0       5.1798534E-9
  8075.0       5.1753797E-9
  8080.0       5.1600164E-9
  8085.0       5.1335354E-9
  8090.0       5.1035336E-9
  8095.0       5.0805706E-9
  8100.0       5.075085E-9
  8105.0       5.093199E-9
  8110.0       5.129861E-9
  8115.0       5.17572E-9
  8120.0       5.2211E-9
  8125.0       5.2574367E-9
  8130.0       5.2790177E-9
  8135.0       5.2812505E-9
  8140.0       5.259958E-9
  8145.0       5.2141047E-9
  8150.0       5.150718E-9
  8155.0       5.0799773E-9
  8160.0       5.012246E-9
  8165.0       4.9563296E-9
  8170.0       4.917104E-9
  8175.0       4.8979487E-9
  8180.0       4.9016737E-9
  8185.0       4.9275424E-9
  8190.0       4.965379E-9
  8195.0       5.0014206E-9
  8200.0       5.0220748E-9
  8205.0       5.019586E-9
  8210.0       5.0012052E-9
  8215.0       4.9799618E-9
  8220.0       4.9691122E-9
  8225.0       4.9784643E-9
  8230.0       5.0088755E-9
  8235.0       5.0577187E-9
  8240.0       5.1217763E-9
  8245.0       5.195532E-9
  8250.0       5.267264E-9
  8255.0       5.322957E-9
  8260.0       5.3489373E-9
  8265.0       5.337593E-9
  8270.0       5.2971525E-9
  8275.0       5.241869E-9
  8280.0       5.1862212E-9
  8285.0       5.1406737E-9
  8290.0       5.1052003E-9
  8295.0       5.0757842E-9
  8300.0       5.04812E-9
  8305.0       5.019547E-9
  8310.0       4.991536E-9
  8315.0       4.967122E-9
  8320.0       4.949419E-9
  8325.0       4.9400137E-9
  8330.0       4.936763E-9
  8335.0       4.9360445E-9
  8340.0       4.9342583E-9
  8345.0       4.9292335E-9
  8350.0       4.9226387E-9
  8355.0       4.917619E-9
  8360.0       4.9172892E-9
  8365.0       4.9234226E-9
  8370.0       4.934263E-9
  8375.0       4.946715E-9
  8380.0       4.9576623E-9
  8385.0       4.9655062E-9
  8390.0       4.9724176E-9
  8395.0       4.9820934E-9
  8400.0       4.9980744E-9
  8405.0       5.021091E-9
  8410.0       5.044617E-9
  8415.0       5.0593343E-9
  8420.0       5.056157E-9
  8425.0       5.0315196E-9
  8430.0       4.9961084E-9
  8435.0       4.966106E-9
  8440.0       4.957427E-9
  8445.0       4.978393E-9
  8450.0       5.0173594E-9
  8455.0       5.054975E-9
  8460.0       5.071944E-9
  8465.0       5.056288E-9
  8470.0       5.015222E-9
  8475.0       4.963356E-9
  8480.0       4.915579E-9
  8485.0       4.882556E-9
  8490.0       4.863886E-9
  8495.0       4.8549054E-9
  8500.0       4.8505773E-9
  8505.0       4.846147E-9
  8510.0       4.8377227E-9
  8515.0       4.821724E-9
  8520.0       4.794879E-9
  8525.0       4.7569304E-9
  8530.0       4.7153894E-9
  8535.0       4.6807185E-9
  8540.0       4.6633497E-9
  8545.0       4.670059E-9
  8550.0       4.6981588E-9
  8555.0       4.741299E-9
  8560.0       4.792815E-9
  8565.0       4.846113E-9
  8570.0       4.894932E-9
  8575.0       4.9331077E-9
  8580.0       4.9548277E-9
  8585.0       4.9576996E-9
  8590.0       4.948305E-9
  8595.0       4.9366116E-9
  8600.0       4.9325597E-9
  8605.0       4.941999E-9
  8610.0       4.9601865E-9
  8615.0       4.9783013E-9
  8620.0       4.9874E-9
  8625.0       4.981134E-9
  8630.0       4.9600666E-9
  8635.0       4.927385E-9
  8640.0       4.886521E-9
  8645.0       4.8408055E-9
  8650.0       4.793191E-9
  8655.0       4.746564E-9
  8660.0       4.703791E-9
  8665.0       4.668181E-9
  8670.0       4.6440465E-9
  8675.0       4.636107E-9
  8680.0       4.648824E-9
  8685.0       4.683706E-9
  8690.0       4.734586E-9
  8695.0       4.7922946E-9
  8700.0       4.8476245E-9
  8705.0       4.8934603E-9
  8710.0       4.9281565E-9
  8715.0       4.952152E-9
  8720.0       4.966136E-9
  8725.0       4.970869E-9
  8730.0       4.967397E-9
  8735.0       4.956866E-9
  8740.0       4.9404787E-9
  8745.0       4.9199205E-9
  8750.0       4.898129E-9
  8755.0       4.8785416E-9
  8760.0       4.864417E-9
  8765.0       4.8566724E-9
  8770.0       4.8503037E-9
  8775.0       4.8379407E-9
  8780.0       4.8123927E-9
  8785.0       4.7703668E-9
  8790.0       4.718608E-9
  8795.0       4.667753E-9
  8800.0       4.6285513E-9
  8805.0       4.6092326E-9
  8810.0       4.61145E-9
  8815.0       4.6343267E-9
  8820.0       4.676459E-9
  8825.0       4.733767E-9
  8830.0       4.795219E-9
  8835.0       4.8471005E-9
  8840.0       4.876002E-9
  8845.0       4.874227E-9
  8850.0       4.848963E-9
  8855.0       4.81307E-9
  8860.0       4.7796376E-9
  8865.0       4.7578905E-9
  8870.0       4.747079E-9
  8875.0       4.7425983E-9
  8880.0       4.7396562E-9
  8885.0       4.735286E-9
  8890.0       4.731242E-9
  8895.0       4.731129E-9
  8900.0       4.7384763E-9
  8905.0       4.7547375E-9
  8910.0       4.7758633E-9
  8915.0       4.795646E-9
  8920.0       4.8079434E-9
  8925.0       4.809239E-9
  8930.0       4.8026534E-9
  8935.0       4.7938995E-9
  8940.0       4.7887516E-9
  8945.0       4.7907163E-9
  8950.0       4.797424E-9
  8955.0       4.804291E-9
  8960.0       4.806599E-9
  8965.0       4.8008033E-9
  8970.0       4.786378E-9
  8975.0       4.763987E-9
  8980.0       4.734517E-9
  8985.0       4.699994E-9
  8990.0       4.6654907E-9
  8995.0       4.6372244E-9
  9000.0       4.6213735E-9
  9005.0       4.622938E-9
  9010.0       4.6437534E-9
  9015.0       4.6844533E-9
  9020.0       4.7451914E-9
  9025.0       4.8231468E-9
  9030.0       4.907508E-9
  9035.0       4.984418E-9
  9040.0       5.040126E-9
  9045.0       5.064481E-9
  9050.0       5.0568625E-9
  9055.0       5.0203126E-9
  9060.0       4.9584696E-9
  9065.0       4.8774E-9
  9070.0       4.789492E-9
  9075.0       4.7095736E-9
  9080.0       4.652136E-9
  9085.0       4.6260484E-9
  9090.0       4.625485E-9
  9095.0       4.6389714E-9
  9100.0       4.6547495E-9
  9105.0       4.6636877E-9
  9110.0       4.6635935E-9
  9115.0       4.654867E-9
  9120.0       4.638263E-9
  9125.0       4.6150097E-9
  9130.0       4.5875996E-9
  9135.0       4.5590185E-9
  9140.0       4.5322324E-9
  9145.0       4.5094555E-9
  9150.0       4.4910125E-9
  9155.0       4.4764543E-9
  9160.0       4.4654076E-9
  9165.0       4.458609E-9
  9170.0       4.459757E-9
  9175.0       4.473662E-9
  9180.0       4.504913E-9
  9185.0       4.554494E-9
  9190.0       4.614107E-9
  9195.0       4.6718105E-9
  9200.0       4.715764E-9
  9205.0       4.738347E-9
  9210.0       4.7427995E-9
  9215.0       4.7366218E-9
  9220.0       4.7273874E-9
  9225.0       4.7195194E-9
  9230.0       4.7092312E-9
  9235.0       4.6896074E-9
  9240.0       4.653949E-9
  9245.0       4.6010737E-9
  9250.0       4.544296E-9
  9255.0       4.5024073E-9
  9260.0       4.4939172E-9
  9265.0       4.52868E-9
  9270.0       4.594039E-9
  9275.0       4.668701E-9
  9280.0       4.7310285E-9
  9285.0       4.764666E-9
  9290.0       4.766958E-9
  9295.0       4.7405364E-9
  9300.0       4.688908E-9
  9305.0       4.6190856E-9
  9310.0       4.547159E-9
  9315.0       4.4927524E-9
  9320.0       4.474578E-9
  9325.0       4.4991233E-9
  9330.0       4.5409307E-9
  9335.0       4.5623567E-9
  9340.0       4.526326E-9
  9345.0       4.4141415E-9
  9350.0       4.254995E-9
  9355.0       4.096428E-9
  9360.0       3.9864347E-9
  9365.0       3.959165E-9
  9370.0       4.012762E-9
  9375.0       4.131516E-9
  9380.0       4.297921E-9
  9385.0       4.490439E-9
  9390.0       4.677024E-9
  9395.0       4.8215996E-9
  9400.0       4.889238E-9
  9405.0       4.860752E-9
  9410.0       4.7578745E-9
  9415.0       4.618069E-9
  9420.0       4.4795136E-9
  9425.0       4.371999E-9
  9430.0       4.303523E-9
  9435.0       4.273655E-9
  9440.0       4.2808703E-9
  9445.0       4.3202792E-9
  9450.0       4.3784985E-9
  9455.0       4.4388435E-9
  9460.0       4.4848707E-9
  9465.0       4.505648E-9
  9470.0       4.504651E-9
  9475.0       4.490864E-9
  9480.0       4.4736166E-9
  9485.0       4.4600794E-9
  9490.0       4.451726E-9
  9495.0       4.4479345E-9
  9500.0       4.447897E-9
  9505.0       4.4519894E-9
  9510.0       4.4635087E-9
  9515.0       4.486879E-9
  9520.0       4.5262E-9
  9525.0       4.5812154E-9
  9530.0       4.6402944E-9
  9535.0       4.6874526E-9
  9540.0       4.706924E-9
  9545.0       4.689396E-9
  9550.0       4.642424E-9
  9555.0       4.580041E-9
  9560.0       4.516554E-9
  9565.0       4.4627635E-9
  9570.0       4.420236E-9
  9575.0       4.3870347E-9
  9580.0       4.360935E-9
  9585.0       4.340371E-9
  9590.0       4.325538E-9
  9595.0       4.3173314E-9
  9600.0       4.31652E-9
  9605.0       4.322086E-9
  9610.0       4.3283888E-9
  9615.0       4.3279718E-9
  9620.0       4.3136197E-9
  9625.0       4.281852E-9
  9630.0       4.238975E-9
  9635.0       4.1950754E-9
  9640.0       4.160344E-9
  9645.0       4.1424526E-9
  9650.0       4.142465E-9
  9655.0       4.158932E-9
  9660.0       4.189976E-9
  9665.0       4.23205E-9
  9670.0       4.2772896E-9
  9675.0       4.3162025E-9
  9680.0       4.3395016E-9
  9685.0       4.341989E-9
  9690.0       4.329004E-9
  9695.0       4.309938E-9
  9700.0       4.294311E-9
  9705.0       4.288507E-9
  9710.0       4.2908197E-9
  9715.0       4.2964317E-9
  9720.0       4.3003636E-9
  9725.0       4.298986E-9
  9730.0       4.2921005E-9
  9735.0       4.2808828E-9
  9740.0       4.266614E-9
  9745.0       4.250218E-9
  9750.0       4.2317887E-9
  9755.0       4.211071E-9
  9760.0       4.187916E-9
  9765.0       4.163413E-9
  9770.0       4.1418953E-9
  9775.0       4.12893E-9
  9780.0       4.1299386E-9
  9785.0       4.147555E-9
  9790.0       4.1771857E-9
  9795.0       4.2114428E-9
  9800.0       4.2428967E-9
  9805.0       4.266191E-9
  9810.0       4.2813713E-9
  9815.0       4.2905866E-9
  9820.0       4.2961665E-9
  9825.0       4.299813E-9
  9830.0       4.301802E-9
  9835.0       4.3017976E-9
  9840.0       4.2994386E-9
  9845.0       4.2942587E-9
  9850.0       4.285654E-9
  9855.0       4.272924E-9
  9860.0       4.2555226E-9
  9865.0       4.2341735E-9
  9870.0       4.212951E-9
  9875.0       4.1972132E-9
  9880.0       4.1921533E-9
  9885.0       4.1996127E-9
  9890.0       4.212901E-9
  9895.0       4.2219948E-9
  9900.0       4.2170285E-9
  9905.0       4.1928145E-9
  9910.0       4.1563535E-9
  9915.0       4.1193213E-9
  9920.0       4.093462E-9
  9925.0       4.08649E-9
  9930.0       4.095639E-9
  9935.0       4.1141375E-9
  9940.0       4.1349186E-9
  9945.0       4.1524295E-9
  9950.0       4.1648627E-9
  9955.0       4.171904E-9
  9960.0       4.173457E-9
  9965.0       4.1702806E-9
  9970.0       4.1653943E-9
  9975.0       4.1626484E-9
  9980.0       4.1658486E-9
  9985.0       4.1772146E-9
  9990.0       4.194867E-9
  9995.0       4.215327E-9
  10000.0      4.235072E-9
  10005.0      4.2512824E-9
  10010.0      4.2630925E-9
  10015.0      4.2703756E-9
  10020.0      4.273036E-9
  10025.0      4.270852E-9
  10030.0      4.2631028E-9
  10035.0      4.248942E-9
  10040.0      4.2276413E-9
  10045.0      4.200102E-9
  10050.0      4.1714423E-9
  10055.0      4.148402E-9
  10060.0      4.137604E-9
  10065.0      4.1425587E-9
  10070.0      4.1588453E-9
  10075.0      4.178985E-9
  10080.0      4.195361E-9
  10085.0      4.2023744E-9
  10090.0      4.199559E-9
  10095.0      4.188462E-9
  10100.0      4.170885E-9
  10105.0      4.1494834E-9
  10110.0      4.129081E-9
  10115.0      4.1153454E-9
  10120.0      4.1136854E-9
  10125.0      4.1260844E-9
  10130.0      4.1456207E-9
  10135.0      4.1619863E-9
  10140.0      4.1649555E-9
  10145.0      4.1487125E-9
  10150.0      4.11896E-9
  10155.0      4.0858077E-9
  10160.0      4.0594594E-9
  10165.0      4.0466293E-9
  10170.0      4.0449364E-9
  10175.0      4.0485384E-9
  10180.0      4.0513917E-9
  10185.0      4.0493195E-9
  10190.0      4.0428985E-9
  10195.0      4.0345434E-9
  10200.0      4.026793E-9
  10205.0      4.021426E-9
  10210.0      4.018244E-9
  10215.0      4.016297E-9
  10220.0      4.0145975E-9
  10225.0      4.012389E-9
  10230.0      4.0096197E-9
  10235.0      4.0064565E-9
  10240.0      4.0031343E-9
  10245.0      3.9999275E-9
  10250.0      3.997353E-9
  10255.0      3.995969E-9
  10260.0      3.9963286E-9
  10265.0      3.9988066E-9
  10270.0      4.0032475E-9
  10275.0      4.009327E-9
  10280.0      4.01665E-9
  10285.0      4.024386E-9
  10290.0      4.03062E-9
  10295.0      4.0329917E-9
  10300.0      4.0292325E-9
  10305.0      4.0182595E-9
  10310.0      4.0021417E-9
  10315.0      3.9841184E-9
  10320.0      3.9675174E-9
  10325.0      3.955226E-9
  10330.0      3.948974E-9
  10335.0      3.950059E-9
  10340.0      3.9595722E-9
  10345.0      3.977116E-9
  10350.0      3.9984105E-9
  10355.0      4.0176724E-9
  10360.0      4.0292005E-9
  10365.0      4.0296855E-9
  10370.0      4.0219374E-9
  10375.0      4.0111146E-9
  10380.0      4.002489E-9
  10385.0      3.9997254E-9
  10390.0      4.0023687E-9
  10395.0      4.0083985E-9
  10400.0      4.0156785E-9
  10405.0      4.0225103E-9
  10410.0      4.0283687E-9
  10415.0      4.0331645E-9
  10420.0      4.036909E-9
  10425.0      4.0400616E-9
  10430.0      4.0442316E-9
  10435.0      4.0514845E-9
  10440.0      4.06373E-9
  10445.0      4.080825E-9
  10450.0      4.097382E-9
  10455.0      4.105936E-9
  10460.0      4.0992596E-9
  10465.0      4.0744355E-9
  10470.0      4.0396455E-9
  10475.0      4.007385E-9
  10480.0      3.9900163E-9
  10485.0      3.994599E-9
  10490.0      4.014339E-9
  10495.0      4.0370844E-9
  10500.0      4.0506665E-9
  10505.0      4.047698E-9
  10510.0      4.033224E-9
  10515.0      4.017103E-9
  10520.0      4.009244E-9
  10525.0      4.0156682E-9
  10530.0      4.0321604E-9
  10535.0      4.0505914E-9
  10540.0      4.0627364E-9
  10545.0      4.063296E-9
  10550.0      4.054624E-9
  10555.0      4.0420196E-9
  10560.0      4.0308734E-9
  10565.0      4.0247206E-9
  10570.0      4.0222776E-9
  10575.0      4.020361E-9
  10580.0      4.015777E-9
  10585.0      4.0066968E-9
  10590.0      3.9949626E-9
  10595.0      3.983795E-9
  10600.0      3.9764583E-9
  10605.0      3.9751265E-9
  10610.0      3.979174E-9
  10615.0      3.9868593E-9
  10620.0      2.9958351E-9
