# WAVELENGTH   FLUX           
  1150.0       0.0            
  1155.0       0.0            
  1160.0       0.0            
  1165.0       0.0            
  1170.0       0.0            
  1175.0       0.0            
  1180.0       0.0            
  1185.0       0.0            
  1190.0       0.0            
  1195.0       0.0            
  1200.0       0.0            
  1205.0       0.0            
  1210.0       0.0            
  1215.0       0.0            
  1220.0       0.0            
  1225.0       0.0            
  1230.0       0.0            
  1235.0       0.0            
  1240.0       0.0            
  1245.0       0.0            
  1250.0       0.0            
  1255.0       0.0            
  1260.0       0.0            
  1265.0       0.0            
  1270.0       0.0            
  1275.0       0.0            
  1280.0       0.0            
  1285.0       0.0            
  1290.0       0.0            
  1295.0       0.0            
  1300.0       0.0            
  1305.0       0.0            
  1310.0       0.0            
  1315.0       0.0            
  1320.0       0.0            
  1325.0       0.0            
  1330.0       0.0            
  1335.0       0.0            
  1340.0       0.0            
  1345.0       0.0            
  1350.0       0.0            
  1355.0       0.0            
  1360.0       0.0            
  1365.0       0.0            
  1370.0       0.0            
  1375.0       0.0            
  1380.0       0.0            
  1385.0       0.0            
  1390.0       0.0            
  1395.0       0.0            
  1400.0       0.0            
  1405.0       0.0            
  1410.0       0.0            
  1415.0       0.0            
  1420.0       0.0            
  1425.0       0.0            
  1430.0       0.0            
  1435.0       0.0            
  1440.0       0.0            
  1445.0       0.0            
  1450.0       0.0            
  1455.0       0.0            
  1460.0       0.0            
  1465.0       0.0            
  1470.0       0.0            
  1475.0       0.0            
  1480.0       0.0            
  1485.0       0.0            
  1490.0       0.0            
  1495.0       0.0            
  1500.0       0.0            
  1505.0       0.0            
  1510.0       0.0            
  1515.0       0.0            
  1520.0       0.0            
  1525.0       0.0            
  1530.0       0.0            
  1535.0       0.0            
  1540.0       0.0            
  1545.0       0.0            
  1550.0       0.0            
  1555.0       0.0            
  1560.0       0.0            
  1565.0       0.0            
  1570.0       0.0            
  1575.0       0.0            
  1580.0       0.0            
  1585.0       0.0            
  1590.0       0.0            
  1595.0       0.0            
  1600.0       4.6253764E-16  
  1605.0       3.6916483E-15  
  1610.0       7.380413E-15   
  1615.0       1.1069178E-14  
  1620.0       1.4295433E-14  
  1625.0       1.5217621E-14  
  1630.0       1.7984204E-14  
  1635.0       1.7981381E-14  
  1640.0       1.4289785E-14  
  1645.0       7.3719454E-15  
  1650.0       9.194006E-16   
  1655.0       0.0            
  1660.0       0.0            
  1665.0       0.0            
  1670.0       0.0            
  1675.0       0.0            
  1680.0       0.0            
  1685.0       0.0            
  1690.0       0.0            
  1695.0       0.0            
  1700.0       5.5494376E-15  
  1705.0       4.5222686E-14  
  1710.0       9.594601E-14   
  1715.0       1.4666378E-13  
  1720.0       1.9092365E-13  
  1725.0       2.2595605E-13  
  1730.0       2.4069513E-13  
  1735.0       2.3191453E-13  
  1740.0       1.908519E-13   
  1745.0       1.1289878E-13  
  1750.0       1.4712942E-14  
  1755.0       0.0            
  1760.0       0.0            
  1765.0       0.0            
  1770.0       0.0            
  1775.0       0.0            
  1780.0       0.0            
  1785.0       0.0            
  1790.0       0.0            
  1795.0       0.0            
  1800.0       7.814184E-14   
  1805.0       6.4417937E-13  
  1810.0       1.4281506E-12  
  1815.0       2.3578108E-12  
  1820.0       3.406879E-12   
  1825.0       4.55553E-12    
  1830.0       5.784866E-12   
  1835.0       7.0731975E-12  
  1840.0       8.398408E-12   
  1845.0       9.738823E-12   
  1850.0       1.10750705E-11 
  1855.0       1.2387782E-11  
  1860.0       1.367053E-11   
  1865.0       1.4916395E-11  
  1870.0       1.6118905E-11  
  1875.0       1.727576E-11   
  1880.0       1.8378197E-11  
  1885.0       1.9421614E-11  
  1890.0       2.0401396E-11  
  1895.0       2.1309246E-11  
  1900.0       2.214608E-11   
  1905.0       2.2914242E-11  
  1910.0       2.3646004E-11  
  1915.0       2.4381915E-11  
  1920.0       2.5165833E-11  
  1925.0       2.6041523E-11  
  1930.0       2.7050513E-11  
  1935.0       2.8236103E-11  
  1940.0       2.9639843E-11  
  1945.0       3.1305483E-11  
  1950.0       3.3274127E-11  
  1955.0       3.555861E-11   
  1960.0       3.8112263E-11  
  1965.0       4.085821E-11   
  1970.0       4.371894E-11   
  1975.0       4.6619687E-11  
  1980.0       4.948348E-11   
  1985.0       5.2233363E-11  
  1990.0       5.4793725E-11  
  1995.0       5.7082856E-11  
  2000.0       5.903169E-11   
  2005.0       6.0605146E-11  
  2010.0       6.186977E-11   
  2015.0       6.293387E-11   
  2020.0       6.39035E-11    
  2025.0       6.4891294E-11  
  2030.0       6.600771E-11   
  2035.0       6.7360235E-11  
  2040.0       6.905738E-11   
  2045.0       7.121375E-11   
  2050.0       7.3930535E-11  
  2055.0       7.7260365E-11  
  2060.0       8.112048E-11   
  2065.0       8.537752E-11   
  2070.0       8.988622E-11   
  2075.0       9.450603E-11   
  2080.0       9.909894E-11   
  2085.0       1.0352305E-10  
  2090.0       1.0763937E-10  
  2095.0       1.1130345E-10  
  2100.0       1.1438136E-10  
  2105.0       1.1678647E-10  
  2110.0       1.1856502E-10  
  2115.0       1.1980916E-10  
  2120.0       1.2061831E-10  
  2125.0       1.2109175E-10  
  2130.0       1.213285E-10   
  2135.0       1.214262E-10   
  2140.0       1.2148621E-10  
  2145.0       1.2160577E-10  
  2150.0       1.2188027E-10  
  2155.0       1.2236855E-10  
  2160.0       1.2303349E-10  
  2165.0       1.2379905E-10  
  2170.0       1.2458978E-10  
  2175.0       1.253283E-10   
  2180.0       1.2593467E-10  
  2185.0       1.2633045E-10  
  2190.0       1.2643832E-10  
  2195.0       1.2617847E-10  
  2200.0       1.2548199E-10  
  2205.0       1.2431316E-10  
  2210.0       1.2275322E-10  
  2215.0       1.2092012E-10  
  2220.0       1.1893697E-10  
  2225.0       1.1693037E-10  
  2230.0       1.15021076E-10 
  2235.0       1.1333591E-10  
  2240.0       1.11998015E-10 
  2245.0       1.1113234E-10  
  2250.0       1.1085835E-10  
  2255.0       1.1123916E-10  
  2260.0       1.12204385E-10 
  2265.0       1.1362993E-10  
  2270.0       1.1538141E-10  
  2275.0       1.1733092E-10  
  2280.0       1.1934738E-10  
  2285.0       1.2130044E-10  
  2290.0       1.2305848E-10  
  2295.0       1.2449165E-10  
  2300.0       1.2547548E-10  
  2305.0       1.2592753E-10  
  2310.0       1.2588412E-10  
  2315.0       1.2543327E-10  
  2320.0       1.2466167E-10  
  2325.0       1.2365459E-10  
  2330.0       1.2250041E-10  
  2335.0       1.2128992E-10  
  2340.0       1.201102E-10   
  2345.0       1.1905064E-10  
  2350.0       1.1819355E-10  
  2355.0       1.1760894E-10  
  2360.0       1.1731781E-10  
  2365.0       1.1732171E-10  
  2370.0       1.176205E-10   
  2375.0       1.1821412E-10  
  2380.0       1.1910001E-10  
  2385.0       1.2028013E-10  
  2390.0       1.2175266E-10  
  2395.0       1.2351972E-10  
  2400.0       1.2557999E-10  
  2405.0       1.2791611E-10  
  2410.0       1.3047932E-10  
  2415.0       1.3320747E-10  
  2420.0       1.360293E-10   
  2425.0       1.3888354E-10  
  2430.0       1.4170491E-10  
  2435.0       1.4442889E-10  
  2440.0       1.4698556E-10  
  2445.0       1.4931514E-10  
  2450.0       1.5134904E-10  
  2455.0       1.53049E-10    
  2460.0       1.5443259E-10  
  2465.0       1.5553409E-10  
  2470.0       1.5639764E-10  
  2475.0       1.5705971E-10  
  2480.0       1.5756255E-10  
  2485.0       1.5794711E-10  
  2490.0       1.5825098E-10  
  2495.0       1.5851456E-10  
  2500.0       1.5878021E-10  
  2505.0       1.5907538E-10  
  2510.0       1.5940343E-10  
  2515.0       1.5976032E-10  
  2520.0       1.601386E-10   
  2525.0       1.6052921E-10  
  2530.0       1.6092729E-10  
  2535.0       1.6132816E-10  
  2540.0       1.6172197E-10  
  2545.0       1.621044E-10   
  2550.0       1.6246737E-10  
  2555.0       1.628252E-10   
  2560.0       1.6323327E-10  
  2565.0       1.6376624E-10  
  2570.0       1.6449893E-10  
  2575.0       1.6550827E-10  
  2580.0       1.6686812E-10  
  2585.0       1.6865537E-10  
  2590.0       1.7094512E-10  
  2595.0       1.7381292E-10  
  2600.0       1.7732733E-10  
  2605.0       1.8152226E-10  
  2610.0       1.8632486E-10  
  2615.0       1.9161908E-10  
  2620.0       1.9728888E-10  
  2625.0       2.0321607E-10  
  2630.0       2.0928075E-10  
  2635.0       2.1536707E-10  
  2640.0       2.2135452E-10  
  2645.0       2.2713004E-10  
  2650.0       2.3257296E-10  
  2655.0       2.3758254E-10  
  2660.0       2.4209842E-10  
  2665.0       2.4606867E-10  
  2670.0       2.4944577E-10  
  2675.0       2.5218647E-10  
  2680.0       2.542396E-10   
  2685.0       2.5556104E-10  
  2690.0       2.5610436E-10  
  2695.0       2.5582136E-10  
  2700.0       2.5466873E-10  
  2705.0       2.5264588E-10  
  2710.0       2.4985455E-10  
  2715.0       2.4644634E-10  
  2720.0       2.425727E-10   
  2725.0       2.3837918E-10  
  2730.0       2.3401897E-10  
  2735.0       2.296418E-10   
  2740.0       2.2540238E-10  
  2745.0       2.21446E-10    
  2750.0       2.1792446E-10  
  2755.0       2.1495698E-10  
  2760.0       2.125948E-10   
  2765.0       2.1085783E-10  
  2770.0       2.0977112E-10  
  2775.0       2.0935001E-10  
  2780.0       2.0961506E-10  
  2785.0       2.1058831E-10  
  2790.0       2.1229092E-10  
  2795.0       2.1473961E-10  
  2800.0       2.1795481E-10  
  2805.0       2.2194638E-10  
  2810.0       2.2669093E-10  
  2815.0       2.321613E-10   
  2820.0       2.3832492E-10  
  2825.0       2.4514918E-10  
  2830.0       2.5260086E-10  
  2835.0       2.6065314E-10  
  2840.0       2.6927022E-10  
  2845.0       2.7842215E-10  
  2850.0       2.8807345E-10  
  2855.0       2.9817004E-10  
  2860.0       3.0859862E-10  
  2865.0       3.1922365E-10  
  2870.0       3.299079E-10   
  2875.0       3.4051467E-10  
  2880.0       3.509075E-10   
  2885.0       3.6094921E-10  
  2890.0       3.7050368E-10  
  2895.0       3.7943204E-10  
  2900.0       3.8760475E-10  
  2905.0       3.9494663E-10  
  2910.0       4.015328E-10   
  2915.0       4.0749212E-10  
  2920.0       4.1296078E-10  
  2925.0       4.1807893E-10  
  2930.0       4.2298054E-10  
  2935.0       4.278011E-10   
  2940.0       4.326825E-10   
  2945.0       4.3775372E-10  
  2950.0       4.4315226E-10  
  2955.0       4.4896456E-10  
  2960.0       4.5516318E-10  
  2965.0       4.6167253E-10  
  2970.0       4.684194E-10   
  2975.0       4.753233E-10   
  2980.0       4.8230714E-10  
  2985.0       4.8929866E-10  
  2990.0       4.962167E-10   
  2995.0       5.0298365E-10  
  3000.0       5.095283E-10   
  3005.0       5.15804E-10    
  3010.0       5.218378E-10   
  3015.0       5.276887E-10   
  3020.0       5.334214E-10   
  3025.0       5.3909116E-10  
  3030.0       5.4476423E-10  
  3035.0       5.5049776E-10  
  3040.0       5.563557E-10   
  3045.0       5.6239435E-10  
  3050.0       5.6867683E-10  
  3055.0       5.752291E-10   
  3060.0       5.8200783E-10  
  3065.0       5.8893573E-10  
  3070.0       5.9593513E-10  
  3075.0       6.029262E-10   
  3080.0       6.0983246E-10  
  3085.0       6.1657446E-10  
  3090.0       6.2307853E-10  
  3095.0       6.2926175E-10  
  3100.0       6.350476E-10   
  3105.0       6.4037553E-10  
  3110.0       6.4521705E-10  
  3115.0       6.4955197E-10  
  3120.0       6.53368E-10    
  3125.0       6.5665257E-10  
  3130.0       6.5938743E-10  
  3135.0       6.615621E-10   
  3140.0       6.631612E-10   
  3145.0       6.641656E-10   
  3150.0       6.645712E-10   
  3155.0       6.644173E-10   
  3160.0       6.638729E-10   
  3165.0       6.6315686E-10  
  3170.0       6.6249795E-10  
  3175.0       6.6211336E-10  
  3180.0       6.622337E-10   
  3185.0       6.630805E-10   
  3190.0       6.6487976E-10  
  3195.0       6.842161E-10   
  3200.0       7.903005E-10   
  3205.0       8.3639007E-10  
  3210.0       8.5523433E-10  
  3215.0       8.487782E-10   
  3220.0       8.2009566E-10  
  3225.0       7.8448303E-10  
  3230.0       7.7430085E-10  
  3235.0       8.0614343E-10  
  3240.0       8.4015706E-10  
  3245.0       8.394233E-10   
  3250.0       8.3017887E-10  
  3255.0       8.4583224E-10  
  3260.0       8.742761E-10   
  3265.0       8.899706E-10   
  3270.0       8.8045443E-10  
  3275.0       8.514482E-10   
  3280.0       8.405012E-10   
  3285.0       8.747917E-10   
  3290.0       9.2382046E-10  
  3295.0       9.556039E-10   
  3300.0       9.927719E-10   
  3305.0       9.811457E-10   
  3310.0       9.472962E-10   
  3315.0       9.067566E-10   
  3320.0       9.058605E-10   
  3325.0       9.641138E-10   
  3330.0       9.967734E-10   
  3335.0       9.390503E-10   
  3340.0       8.7941227E-10  
  3345.0       9.06109E-10    
  3350.0       9.538718E-10   
  3355.0       9.387968E-10   
  3360.0       8.8500635E-10  
  3365.0       8.480086E-10   
  3370.0       8.5252627E-10  
  3375.0       8.9756935E-10  
  3380.0       9.49669E-10    
  3385.0       9.795442E-10   
  3390.0       9.992699E-10   
  3395.0       1.0261058E-9   
  3400.0       1.0495225E-9   
  3405.0       1.0543296E-9   
  3410.0       1.0429134E-9   
  3415.0       1.031569E-9    
  3420.0       1.0520004E-9   
  3425.0       1.1088848E-9   
  3430.0       1.1257362E-9   
  3435.0       1.0566558E-9   
  3440.0       1.0113475E-9   
  3445.0       1.0774525E-9   
  3450.0       1.1333965E-9   
  3455.0       1.063002E-9    
  3460.0       9.725876E-10   
  3465.0       9.85552E-10    
  3470.0       1.044636E-9    
  3475.0       1.0595957E-9   
  3480.0       1.0394685E-9   
  3485.0       1.0222861E-9   
  3490.0       1.0176935E-9   
  3495.0       1.0230693E-9   
  3500.0       1.0355907E-9   
  3505.0       1.0573211E-9   
  3510.0       1.096549E-9    
  3515.0       1.1246231E-9   
  3520.0       1.1077738E-9   
  3525.0       1.0963618E-9   
  3530.0       1.1340189E-9   
  3535.0       1.2076736E-9   
  3540.0       1.275796E-9    
  3545.0       1.2633006E-9   
  3550.0       1.25003E-9     
  3555.0       1.2321423E-9   
  3560.0       1.1996625E-9   
  3565.0       1.1622416E-9   
  3570.0       1.1562699E-9   
  3575.0       1.1286996E-9   
  3580.0       1.0794141E-9   
  3585.0       1.0347713E-9   
  3590.0       1.1170732E-9   
  3595.0       1.2295996E-9   
  3600.0       1.2346857E-9   
  3605.0       1.1626491E-9   
  3610.0       1.117191E-9    
  3615.0       1.1585268E-9   
  3620.0       1.2517128E-9   
  3625.0       1.3032473E-9   
  3630.0       1.2535684E-9   
  3635.0       1.2752135E-9   
  3640.0       1.3300602E-9   
  3645.0       1.3221579E-9   
  3650.0       1.3339716E-9   
  3655.0       1.3985884E-9   
  3660.0       1.4462185E-9   
  3665.0       1.475024E-9    
  3670.0       1.5097008E-9   
  3675.0       1.5038356E-9   
  3680.0       1.4778101E-9   
  3685.0       1.505063E-9    
  3690.0       1.6090842E-9   
  3695.0       1.6918122E-9   
  3700.0       1.6706928E-9   
  3705.0       1.5631125E-9   
  3710.0       1.5843106E-9   
  3715.0       1.6855916E-9   
  3720.0       1.6830339E-9   
  3725.0       1.6472456E-9   
  3730.0       1.5931001E-9   
  3735.0       1.5581021E-9   
  3740.0       1.5915185E-9   
  3745.0       1.5129651E-9   
  3750.0       1.5169845E-9   
  3755.0       1.6096776E-9   
  3760.0       1.6067248E-9   
  3765.0       1.6468563E-9   
  3770.0       1.7433379E-9   
  3775.0       1.9199782E-9   
  3780.0       2.0438427E-9   
  3785.0       1.9442086E-9   
  3790.0       1.7507152E-9   
  3795.0       1.6992775E-9   
  3800.0       1.8465004E-9   
  3805.0       2.0164779E-9   
  3810.0       2.0416495E-9   
  3815.0       1.9169635E-9   
  3820.0       1.7391111E-9   
  3825.0       1.5291826E-9   
  3830.0       1.3983091E-9   
  3835.0       1.386368E-9    
  3840.0       1.5170106E-9   
  3845.0       1.6627486E-9   
  3850.0       1.7381647E-9   
  3855.0       1.7660351E-9   
  3860.0       1.8023212E-9   
  3865.0       1.8576555E-9   
  3870.0       1.844255E-9    
  3875.0       1.8128804E-9   
  3880.0       1.7325145E-9   
  3885.0       1.6584767E-9   
  3890.0       1.672647E-9    
  3895.0       1.7793295E-9   
  3900.0       1.883372E-9    
  3905.0       1.9294173E-9   
  3910.0       1.9218769E-9   
  3915.0       1.7977282E-9   
  3920.0       1.5559559E-9   
  3925.0       1.1883153E-9   
  3930.0       8.5529533E-10  
  3935.0       8.5744034E-10  
  3940.0       1.1609865E-9   
  3945.0       1.4757201E-9   
  3950.0       1.667669E-9    
  3955.0       1.6793579E-9   
  3960.0       1.4156964E-9   
  3965.0       1.0176108E-9   
  3970.0       9.742407E-10   
  3975.0       1.4309972E-9   
  3980.0       1.9551345E-9   
  3985.0       2.239164E-9    
  3990.0       2.3119189E-9   
  3995.0       2.3147375E-9   
  4000.0       2.365812E-9    
  4005.0       2.465063E-9    
  4010.0       2.626341E-9    
  4015.0       2.7594627E-9   
  4020.0       2.7676674E-9   
  4025.0       2.6711926E-9   
  4030.0       2.5759233E-9   
  4035.0       2.6453573E-9   
  4040.0       2.718891E-9    
  4045.0       2.6889606E-9   
  4050.0       2.6533107E-9   
  4055.0       2.6581437E-9   
  4060.0       2.6959617E-9   
  4065.0       2.6836295E-9   
  4070.0       2.600725E-9    
  4075.0       2.4715487E-9   
  4080.0       2.5465006E-9   
  4085.0       2.8107892E-9   
  4090.0       2.9790819E-9   
  4095.0       2.8140037E-9   
  4100.0       2.6028002E-9   
  4105.0       2.672867E-9    
  4110.0       2.8307339E-9   
  4115.0       2.8692753E-9   
  4120.0       2.7207883E-9   
  4125.0       2.5717735E-9   
  4130.0       2.5713427E-9   
  4135.0       2.7913563E-9   
  4140.0       2.9268374E-9   
  4145.0       2.8953282E-9   
  4150.0       2.8203535E-9   
  4155.0       2.839626E-9    
  4160.0       2.9438159E-9   
  4165.0       2.9225011E-9   
  4170.0       2.6983518E-9   
  4175.0       2.5182716E-9   
  4180.0       2.561448E-9    
  4185.0       2.729232E-9    
  4190.0       2.8504075E-9   
  4195.0       2.7888416E-9   
  4200.0       2.707466E-9    
  4205.0       2.7760203E-9   
  4210.0       2.9299023E-9   
  4215.0       3.0067857E-9   
  4220.0       2.9626275E-9   
  4225.0       2.8482854E-9   
  4230.0       2.8725584E-9   
  4235.0       2.9059635E-9   
  4240.0       2.9732248E-9   
  4245.0       2.9434393E-9   
  4250.0       2.9191711E-9   
  4255.0       3.003135E-9    
  4260.0       3.0961684E-9   
  4265.0       3.1081808E-9   
  4270.0       3.0144542E-9   
  4275.0       3.0503742E-9   
  4280.0       3.0551823E-9   
  4285.0       2.901541E-9    
  4290.0       2.7124878E-9   
  4295.0       2.54176E-9     
  4300.0       2.3858713E-9   
  4305.0       2.4408189E-9   
  4310.0       2.6584654E-9   
  4315.0       2.936798E-9    
  4320.0       3.1357341E-9   
  4325.0       3.207072E-9    
  4330.0       3.1629719E-9   
  4335.0       2.8653517E-9   
  4340.0       2.6222888E-9   
  4345.0       2.8457532E-9   
  4350.0       3.1524676E-9   
  4355.0       3.4116905E-9   
  4360.0       3.556839E-9    
  4365.0       3.5152956E-9   
  4370.0       3.3471188E-9   
  4375.0       3.2937604E-9   
  4380.0       3.22572E-9     
  4385.0       3.0754246E-9   
  4390.0       3.0508207E-9   
  4395.0       3.0467124E-9   
  4400.0       3.0660487E-9   
  4405.0       3.1075622E-9   
  4410.0       3.1148033E-9   
  4415.0       3.0511016E-9   
  4420.0       3.065216E-9    
  4425.0       3.1427014E-9   
  4430.0       3.2114436E-9   
  4435.0       3.2725966E-9   
  4440.0       3.2629748E-9   
  4445.0       3.236467E-9    
  4450.0       3.2257221E-9   
  4455.0       3.1481058E-9   
  4460.0       3.1043348E-9   
  4465.0       3.1512921E-9   
  4470.0       3.3263523E-9   
  4475.0       3.5886791E-9   
  4480.0       3.6320562E-9   
  4485.0       3.5266408E-9   
  4490.0       3.4292937E-9   
  4495.0       3.534388E-9    
  4500.0       3.77084E-9     
  4505.0       3.9182457E-9   
  4510.0       3.851461E-9    
  4515.0       3.6580525E-9   
  4520.0       3.447561E-9    
  4525.0       3.2624456E-9   
  4530.0       3.260557E-9    
  4535.0       3.4283032E-9   
  4540.0       3.5042493E-9   
  4545.0       3.389859E-9    
  4550.0       3.2572067E-9   
  4555.0       3.3131278E-9   
  4560.0       3.4656855E-9   
  4565.0       3.5971335E-9   
  4570.0       3.6702952E-9   
  4575.0       3.5880896E-9   
  4580.0       3.408333E-9    
  4585.0       3.3954888E-9   
  4590.0       3.4775776E-9   
  4595.0       3.5841043E-9   
  4600.0       3.6823338E-9   
  4605.0       3.8135455E-9   
  4610.0       3.8731693E-9   
  4615.0       3.7980445E-9   
  4620.0       3.7724814E-9   
  4625.0       3.7378864E-9   
  4630.0       3.7145225E-9   
  4635.0       3.7730135E-9   
  4640.0       3.839874E-9    
  4645.0       3.777703E-9    
  4650.0       3.7311514E-9   
  4655.0       3.730091E-9    
  4660.0       3.6940302E-9   
  4665.0       3.5176768E-9   
  4670.0       3.5404846E-9   
  4675.0       3.749919E-9    
  4680.0       3.872452E-9    
  4685.0       3.963978E-9    
  4690.0       3.9704053E-9   
  4695.0       3.8814236E-9   
  4700.0       3.729873E-9    
  4705.0       3.657864E-9    
  4710.0       3.696582E-9    
  4715.0       3.8428754E-9   
  4720.0       3.9169556E-9   
  4725.0       3.8240486E-9   
  4730.0       3.6810912E-9   
  4735.0       3.7052692E-9   
  4740.0       3.826786E-9    
  4745.0       3.9302868E-9   
  4750.0       3.9267105E-9   
  4755.0       3.7994337E-9   
  4760.0       3.6694363E-9   
  4765.0       3.6649666E-9   
  4770.0       3.824286E-9    
  4775.0       3.9234966E-9   
  4780.0       3.8974517E-9   
  4785.0       3.8550683E-9   
  4790.0       3.8561203E-9   
  4795.0       3.865657E-9    
  4800.0       3.820628E-9    
  4805.0       3.781349E-9    
  4810.0       3.8212526E-9   
  4815.0       3.887883E-9    
  4820.0       3.8503485E-9   
  4825.0       3.7929833E-9   
  4830.0       3.7991366E-9   
  4835.0       3.803498E-9    
  4840.0       3.793274E-9    
  4845.0       3.7166732E-9   
  4850.0       3.4944925E-9   
  4855.0       3.0605045E-9   
  4860.0       2.7603415E-9   
  4865.0       2.947117E-9    
  4870.0       3.2472505E-9   
  4875.0       3.3927603E-9   
  4880.0       3.4495293E-9   
  4885.0       3.4246157E-9   
  4890.0       3.523006E-9    
  4895.0       3.7036278E-9   
  4900.0       3.786501E-9    
  4905.0       3.7992036E-9   
  4910.0       3.696462E-9    
  4915.0       3.515624E-9    
  4920.0       3.3328371E-9   
  4925.0       3.467205E-9    
  4930.0       3.7201215E-9   
  4935.0       3.726387E-9    
  4940.0       3.7525187E-9   
  4945.0       3.8944274E-9   
  4950.0       3.954004E-9    
  4955.0       3.8754795E-9   
  4960.0       3.8240695E-9   
  4965.0       3.85881E-9     
  4970.0       3.8536876E-9   
  4975.0       3.77972E-9     
  4980.0       3.571819E-9    
  4985.0       3.4971273E-9   
  4990.0       3.6096646E-9   
  4995.0       3.6244876E-9   
  5000.0       3.5669472E-9   
  5005.0       3.4814813E-9   
  5010.0       3.4451757E-9   
  5015.0       3.3578251E-9   
  5020.0       3.3973606E-9   
  5025.0       3.5579426E-9   
  5030.0       3.6688905E-9   
  5035.0       3.6510852E-9   
  5040.0       3.5881003E-9   
  5045.0       3.6615275E-9   
  5050.0       3.74211E-9     
  5055.0       3.872004E-9    
  5060.0       3.963415E-9    
  5065.0       3.84472E-9     
  5070.0       3.6962766E-9   
  5075.0       3.5963603E-9   
  5080.0       3.571744E-9    
  5085.0       3.6844447E-9   
  5090.0       3.8091916E-9   
  5095.0       3.7713614E-9   
  5100.0       3.6660441E-9   
  5105.0       3.6770902E-9   
  5110.0       3.7146803E-9   
  5115.0       3.7409675E-9   
  5120.0       3.6571248E-9   
  5125.0       3.505342E-9    
  5130.0       3.4721275E-9   
  5135.0       3.5273073E-9   
  5140.0       3.5494478E-9   
  5145.0       3.5342231E-9   
  5150.0       3.5240126E-9   
  5155.0       3.5891818E-9   
  5160.0       3.6087004E-9   
  5165.0       3.3405196E-9   
  5170.0       3.188331E-9    
  5175.0       3.4251626E-9   
  5180.0       3.5843182E-9   
  5185.0       3.4488716E-9   
  5190.0       3.3161698E-9   
  5195.0       3.2952925E-9   
  5200.0       3.363796E-9    
  5205.0       3.3954521E-9   
  5210.0       3.4844143E-9   
  5215.0       3.6121561E-9   
  5220.0       3.651467E-9    
  5225.0       3.4765264E-9   
  5230.0       3.3633527E-9   
  5235.0       3.4518846E-9   
  5240.0       3.6049819E-9   
  5245.0       3.6318406E-9   
  5250.0       3.5586518E-9   
  5255.0       3.5275232E-9   
  5260.0       3.395673E-9    
  5265.0       3.1487664E-9   
  5270.0       3.0940703E-9   
  5275.0       3.2432343E-9   
  5280.0       3.4622094E-9   
  5285.0       3.6669914E-9   
  5290.0       3.8087165E-9   
  5295.0       3.745364E-9    
  5300.0       3.6567915E-9   
  5305.0       3.6593182E-9   
  5310.0       3.667369E-9    
  5315.0       3.6226884E-9   
  5320.0       3.567315E-9    
  5325.0       3.4779553E-9   
  5330.0       3.4540264E-9   
  5335.0       3.476652E-9    
  5340.0       3.5312429E-9   
  5345.0       3.645191E-9    
  5350.0       3.7339434E-9   
  5355.0       3.8009538E-9   
  5360.0       3.7383536E-9   
  5365.0       3.5994545E-9   
  5370.0       3.572067E-9    
  5375.0       3.6586734E-9   
  5380.0       3.703457E-9    
  5385.0       3.741516E-9    
  5390.0       3.7085917E-9   
  5395.0       3.5747605E-9   
  5400.0       3.468154E-9    
  5405.0       3.4127479E-9   
  5410.0       3.4626528E-9   
  5415.0       3.5429186E-9   
  5420.0       3.554878E-9    
  5425.0       3.5306045E-9   
  5430.0       3.53633E-9     
  5435.0       3.633213E-9    
  5440.0       3.77348E-9     
  5445.0       3.765874E-9    
  5450.0       3.737005E-9    
  5455.0       3.7433954E-9   
  5460.0       3.7758747E-9   
  5465.0       3.7397827E-9   
  5470.0       3.6816086E-9   
  5475.0       3.6031353E-9   
  5480.0       3.6191656E-9   
  5485.0       3.6939043E-9   
  5490.0       3.7015002E-9   
  5495.0       3.6861285E-9   
  5500.0       3.6550991E-9   
  5505.0       3.613119E-9    
  5510.0       3.6265555E-9   
  5515.0       3.7228929E-9   
  5520.0       3.753969E-9    
  5525.0       3.6229022E-9   
  5530.0       3.5663479E-9   
  5535.0       3.642094E-9    
  5540.0       3.7422527E-9   
  5545.0       3.779573E-9    
  5550.0       3.8178163E-9   
  5555.0       3.8152934E-9   
  5560.0       3.7740024E-9   
  5565.0       3.7108348E-9   
  5570.0       3.6817116E-9   
  5575.0       3.73239E-9     
  5580.0       3.7628602E-9   
  5585.0       3.6603411E-9   
  5590.0       3.5463994E-9   
  5595.0       3.5663617E-9   
  5600.0       3.621321E-9    
  5605.0       3.727111E-9    
  5610.0       3.8009773E-9   
  5615.0       3.733308E-9    
  5620.0       3.7075678E-9   
  5625.0       3.7462056E-9   
  5630.0       3.7684154E-9   
  5635.0       3.7366865E-9   
  5640.0       3.6987657E-9   
  5645.0       3.7506593E-9   
  5650.0       3.76869E-9     
  5655.0       3.603856E-9    
  5660.0       3.4526177E-9   
  5665.0       3.5028116E-9   
  5670.0       3.6260304E-9   
  5675.0       3.7003012E-9   
  5680.0       3.6493821E-9   
  5685.0       3.5978078E-9   
  5690.0       3.6564651E-9   
  5695.0       3.7273353E-9   
  5700.0       3.699775E-9    
  5705.0       3.5950032E-9   
  5710.0       3.5510215E-9   
  5715.0       3.6410543E-9   
  5720.0       3.742728E-9    
  5725.0       3.7831365E-9   
  5730.0       3.7747365E-9   
  5735.0       3.7783012E-9   
  5740.0       3.7747223E-9   
  5745.0       3.735411E-9    
  5750.0       3.7091406E-9   
  5755.0       3.6962702E-9   
  5760.0       3.7080041E-9   
  5765.0       3.721336E-9    
  5770.0       3.7270933E-9   
  5775.0       3.6689303E-9   
  5780.0       3.5842178E-9   
  5785.0       3.5908032E-9   
  5790.0       3.6503212E-9   
  5795.0       3.650113E-9    
  5800.0       3.6524044E-9   
  5805.0       3.6732641E-9   
  5810.0       3.696602E-9    
  5815.0       3.7175891E-9   
  5820.0       3.747892E-9    
  5825.0       3.7668153E-9   
  5830.0       3.7860257E-9   
  5835.0       3.7949888E-9   
  5840.0       3.7735512E-9   
  5845.0       3.7016774E-9   
  5850.0       3.6174304E-9   
  5855.0       3.5644299E-9   
  5860.0       3.6213297E-9   
  5865.0       3.7053294E-9   
  5870.0       3.7652503E-9   
  5875.0       3.782166E-9    
  5880.0       3.6901953E-9   
  5885.0       3.43615E-9     
  5890.0       3.19775E-9     
  5895.0       3.2674092E-9   
  5900.0       3.533037E-9    
  5905.0       3.6830987E-9   
  5910.0       3.678706E-9    
  5915.0       3.6764405E-9   
  5920.0       3.687703E-9    
  5925.0       3.641554E-9    
  5930.0       3.606118E-9    
  5935.0       3.6472396E-9   
  5940.0       3.671866E-9    
  5945.0       3.6367014E-9   
  5950.0       3.5910994E-9   
  5955.0       3.6123862E-9   
  5960.0       3.659369E-9    
  5965.0       3.6744208E-9   
  5970.0       3.663462E-9    
  5975.0       3.6086525E-9   
  5980.0       3.5608043E-9   
  5985.0       3.5238579E-9   
  5990.0       3.5531469E-9   
  5995.0       3.6066916E-9   
  6000.0       3.6179046E-9   
  6005.0       3.5612637E-9   
  6010.0       3.5165677E-9   
  6015.0       3.5031469E-9   
  6020.0       3.4875087E-9   
  6025.0       3.4996746E-9   
  6030.0       3.5564711E-9   
  6035.0       3.587015E-9    
  6040.0       3.587217E-9    
  6045.0       3.5794552E-9   
  6050.0       3.568598E-9    
  6055.0       3.5710785E-9   
  6060.0       3.5889474E-9   
  6065.0       3.582578E-9    
  6070.0       3.5846368E-9   
  6075.0       3.5568306E-9   
  6080.0       3.5073586E-9   
  6085.0       3.5129177E-9   
  6090.0       3.5365881E-9   
  6095.0       3.5151047E-9   
  6100.0       3.4588987E-9   
  6105.0       3.470786E-9    
  6110.0       3.4958183E-9   
  6115.0       3.4775305E-9   
  6120.0       3.453024E-9    
  6125.0       3.4562446E-9   
  6130.0       3.429732E-9    
  6135.0       3.3146101E-9   
  6140.0       3.2453698E-9   
  6145.0       3.273842E-9    
  6150.0       3.318094E-9    
  6155.0       3.3239762E-9   
  6160.0       3.2788625E-9   
  6165.0       3.2761938E-9   
  6170.0       3.3114642E-9   
  6175.0       3.3693286E-9   
  6180.0       3.420265E-9    
  6185.0       3.4114398E-9   
  6190.0       3.3867829E-9   
  6195.0       3.419505E-9    
  6200.0       3.4538081E-9   
  6205.0       3.4673804E-9   
  6210.0       3.4499628E-9   
  6215.0       3.405902E-9    
  6220.0       3.3955627E-9   
  6225.0       3.3832344E-9   
  6230.0       3.3206506E-9   
  6235.0       3.2642669E-9   
  6240.0       3.2181764E-9   
  6245.0       3.1834242E-9   
  6250.0       3.225549E-9    
  6255.0       3.2688123E-9   
  6260.0       3.3201502E-9   
  6265.0       3.3464396E-9   
  6270.0       3.3469558E-9   
  6275.0       3.267601E-9    
  6280.0       3.1712883E-9   
  6285.0       3.230585E-9    
  6290.0       3.3114016E-9   
  6295.0       3.2929426E-9   
  6300.0       3.2377596E-9   
  6305.0       3.2607932E-9   
  6310.0       3.2640963E-9   
  6315.0       3.225578E-9    
  6320.0       3.233806E-9    
  6325.0       3.3038392E-9   
  6330.0       3.317644E-9    
  6335.0       3.2866816E-9   
  6340.0       3.2766097E-9   
  6345.0       3.2768983E-9   
  6350.0       3.3040088E-9   
  6355.0       3.3101393E-9   
  6360.0       3.284846E-9    
  6365.0       3.2561633E-9   
  6370.0       3.2468714E-9   
  6375.0       3.2713365E-9   
  6380.0       3.291701E-9    
  6385.0       3.2985104E-9   
  6390.0       3.2836132E-9   
  6395.0       3.2671148E-9   
  6400.0       3.2660452E-9   
  6405.0       3.2449639E-9   
  6410.0       3.2122383E-9   
  6415.0       3.198899E-9    
  6420.0       3.2124607E-9   
  6425.0       3.2336251E-9   
  6430.0       3.2022758E-9   
  6435.0       3.2059269E-9   
  6440.0       3.2293985E-9   
  6445.0       3.2419878E-9   
  6450.0       3.1972245E-9   
  6455.0       3.1418714E-9   
  6460.0       3.1384921E-9   
  6465.0       3.1842002E-9   
  6470.0       3.2222538E-9   
  6475.0       3.236347E-9    
  6480.0       3.2162393E-9   
  6485.0       3.1626832E-9   
  6490.0       3.0372465E-9   
  6495.0       2.9740328E-9   
  6500.0       3.1188097E-9   
  6505.0       3.2413932E-9   
  6510.0       3.245603E-9    
  6515.0       3.1957186E-9   
  6520.0       3.2129814E-9   
  6525.0       3.234947E-9    
  6530.0       3.2340977E-9   
  6535.0       3.2268572E-9   
  6540.0       3.206589E-9    
  6545.0       3.1571563E-9   
  6550.0       3.073646E-9    
  6555.0       2.860776E-9    
  6560.0       2.5893199E-9   
  6565.0       2.7037372E-9   
  6570.0       2.9819083E-9   
  6575.0       3.1238676E-9   
  6580.0       3.166952E-9    
  6585.0       3.1465996E-9   
  6590.0       3.1114604E-9   
  6595.0       3.1220286E-9   
  6600.0       3.1529086E-9   
  6605.0       3.1389586E-9   
  6610.0       3.1419236E-9   
  6615.0       3.1808043E-9   
  6620.0       3.2183325E-9   
  6625.0       3.2067424E-9   
  6630.0       3.1660592E-9   
  6635.0       3.1382603E-9   
  6640.0       3.1268115E-9   
  6645.0       3.1279423E-9   
  6650.0       3.146438E-9    
  6655.0       3.138218E-9    
  6660.0       3.111632E-9    
  6665.0       3.111505E-9    
  6670.0       3.1177732E-9   
  6675.0       3.0862182E-9   
  6680.0       3.084208E-9    
  6685.0       3.1307548E-9   
  6690.0       3.1534555E-9   
  6695.0       3.1313272E-9   
  6700.0       3.1193543E-9   
  6705.0       3.122231E-9    
  6710.0       3.1105196E-9   
  6715.0       3.0728233E-9   
  6720.0       3.0744358E-9   
  6725.0       3.094301E-9    
  6730.0       3.1003018E-9   
  6735.0       3.0937377E-9   
  6740.0       3.0732612E-9   
  6745.0       3.0463696E-9   
  6750.0       3.043104E-9    
  6755.0       3.0669702E-9   
  6760.0       3.0817833E-9   
  6765.0       3.069631E-9    
  6770.0       3.0595253E-9   
  6775.0       3.0710372E-9   
  6780.0       3.0786358E-9   
  6785.0       3.0692457E-9   
  6790.0       3.0602205E-9   
  6795.0       3.0502145E-9   
  6800.0       3.0635767E-9   
  6805.0       3.0698872E-9   
  6810.0       3.0687985E-9   
  6815.0       3.0668637E-9   
  6820.0       3.0532636E-9   
  6825.0       3.033635E-9    
  6830.0       3.0147296E-9   
  6835.0       2.9984388E-9   
  6840.0       2.9817566E-9   
  6845.0       2.9802094E-9   
  6850.0       2.9796265E-9   
  6855.0       2.978163E-9    
  6860.0       2.9761171E-9   
  6865.0       2.9750329E-9   
  6870.0       2.9738823E-9   
  6875.0       2.97191E-9     
  6880.0       2.9698297E-9   
  6885.0       2.968179E-9    
  6890.0       2.9664102E-9   
  6895.0       2.9637448E-9   
  6900.0       2.9607106E-9   
  6905.0       2.95763E-9     
  6910.0       2.9548324E-9   
  6915.0       2.9530305E-9   
  6920.0       2.9516434E-9   
  6925.0       2.9485276E-9   
  6930.0       2.9451703E-9   
  6935.0       2.9425316E-9   
  6940.0       2.940903E-9    
  6945.0       2.9390144E-9   
  6950.0       2.9360725E-9   
  6955.0       2.933592E-9    
  6960.0       2.9329996E-9   
  6965.0       2.9334664E-9   
  6970.0       2.9277794E-9   
  6975.0       2.9071758E-9   
  6980.0       2.899905E-9    
  6985.0       2.9223937E-9   
  6990.0       2.9078364E-9   
  6995.0       2.867131E-9    
  7000.0       2.8205671E-9   
  7005.0       2.830095E-9    
  7010.0       2.8665859E-9   
  7015.0       2.8506568E-9   
  7020.0       2.8363518E-9   
  7025.0       2.840374E-9    
  7030.0       2.8663756E-9   
  7035.0       2.8677587E-9   
  7040.0       2.879944E-9    
  7045.0       2.895498E-9    
  7050.0       2.8861615E-9   
  7055.0       2.8713074E-9   
  7060.0       2.8551237E-9   
  7065.0       2.8322986E-9   
  7070.0       2.846585E-9    
  7075.0       2.8691938E-9   
  7080.0       2.8606666E-9   
  7085.0       2.8395921E-9   
  7090.0       2.8339469E-9   
  7095.0       2.8487643E-9   
  7100.0       2.8653047E-9   
  7105.0       2.8510625E-9   
  7110.0       2.8104148E-9   
  7115.0       2.795994E-9    
  7120.0       2.8023273E-9   
  7125.0       2.8260427E-9   
  7130.0       2.8462366E-9   
  7135.0       2.8677885E-9   
  7140.0       2.8728877E-9   
  7145.0       2.831756E-9    
  7150.0       2.8300073E-9   
  7155.0       2.854021E-9    
  7160.0       2.8324243E-9   
  7165.0       2.7793543E-9   
  7170.0       2.7456093E-9   
  7175.0       2.6975113E-9   
  7180.0       2.640877E-9    
  7185.0       2.569331E-9    
  7190.0       2.5587439E-9   
  7195.0       2.5920779E-9   
  7200.0       2.6162281E-9   
  7205.0       2.6473046E-9   
  7210.0       2.72545E-9     
  7215.0       2.7587723E-9   
  7220.0       2.7434715E-9   
  7225.0       2.7459852E-9   
  7230.0       2.7497629E-9   
  7235.0       2.7128542E-9   
  7240.0       2.6902545E-9   
  7245.0       2.6912126E-9   
  7250.0       2.6927334E-9   
  7255.0       2.6991245E-9   
  7260.0       2.7082292E-9   
  7265.0       2.7014444E-9   
  7270.0       2.7006244E-9   
  7275.0       2.6544607E-9   
  7280.0       2.631966E-9    
  7285.0       2.605419E-9    
  7290.0       2.565535E-9    
  7295.0       2.6159457E-9   
  7300.0       2.635954E-9    
  7305.0       2.5936926E-9   
  7310.0       2.5803222E-9   
  7315.0       2.6148306E-9   
  7320.0       2.6350806E-9   
  7325.0       2.6467968E-9   
  7330.0       2.6657967E-9   
  7335.0       2.6911047E-9   
  7340.0       2.7054203E-9   
  7345.0       2.6682194E-9   
  7350.0       2.6322358E-9   
  7355.0       2.6207632E-9   
  7360.0       2.6452152E-9   
  7365.0       2.6485891E-9   
  7370.0       2.6420246E-9   
  7375.0       2.6462141E-9   
  7380.0       2.6298088E-9   
  7385.0       2.5678768E-9   
  7390.0       2.5421043E-9   
  7395.0       2.5738878E-9   
  7400.0       2.5882905E-9   
  7405.0       2.560938E-9    
  7410.0       2.5147597E-9   
  7415.0       2.49085E-9     
  7420.0       2.492891E-9    
  7425.0       2.5312585E-9   
  7430.0       2.5706792E-9   
  7435.0       2.5731364E-9   
  7440.0       2.5392612E-9   
  7445.0       2.5073583E-9   
  7450.0       2.5187397E-9   
  7455.0       2.5419173E-9   
  7460.0       2.5315912E-9   
  7465.0       2.5368545E-9   
  7470.0       2.5415012E-9   
  7475.0       2.5254605E-9   
  7480.0       2.5103948E-9   
  7485.0       2.5102715E-9   
  7490.0       2.5010432E-9   
  7495.0       2.4977578E-9   
  7500.0       2.507384E-9    
  7505.0       2.4755769E-9   
  7510.0       2.4388174E-9   
  7515.0       2.4582132E-9   
  7520.0       2.4784748E-9   
  7525.0       2.4655835E-9   
  7530.0       2.456449E-9    
  7535.0       2.4764906E-9   
  7540.0       2.494199E-9    
  7545.0       2.4896352E-9   
  7550.0       2.4799587E-9   
  7555.0       2.4738747E-9   
  7560.0       2.4696016E-9   
  7565.0       2.46559E-9     
  7570.0       2.4625684E-9   
  7575.0       2.4565336E-9   
  7580.0       2.4507114E-9   
  7585.0       2.445561E-9    
  7590.0       2.4406113E-9   
  7595.0       2.4359113E-9   
  7600.0       2.4314006E-9   
  7605.0       2.4267097E-9   
  7610.0       2.422419E-9    
  7615.0       2.4195124E-9   
  7620.0       2.4175792E-9   
  7625.0       2.415688E-9    
  7630.0       2.4130968E-9   
  7635.0       2.4095161E-9   
  7640.0       2.4055087E-9   
  7645.0       2.4017488E-9   
  7650.0       2.3982951E-9   
  7655.0       2.3948867E-9   
  7660.0       2.3911075E-9   
  7665.0       2.3867834E-9   
  7670.0       2.3823903E-9   
  7675.0       2.3782767E-9   
  7680.0       2.3745983E-9   
  7685.0       2.3714228E-9   
  7690.0       2.3684577E-9   
  7695.0       2.3647426E-9   
  7700.0       2.3604452E-9   
  7705.0       2.3561364E-9   
  7710.0       2.3531699E-9   
  7715.0       2.3513913E-9   
  7720.0       2.3479103E-9   
  7725.0       2.3427846E-9   
  7730.0       2.3451683E-9   
  7735.0       2.357756E-9    
  7740.0       2.3427227E-9   
  7745.0       2.3047462E-9   
  7750.0       2.3040103E-9   
  7755.0       2.3387556E-9   
  7760.0       2.344211E-9    
  7765.0       2.2974067E-9   
  7770.0       2.210443E-9    
  7775.0       2.1797413E-9   
  7780.0       2.2238196E-9   
  7785.0       2.2752737E-9   
  7790.0       2.3067412E-9   
  7795.0       2.306154E-9    
  7800.0       2.2910935E-9   
  7805.0       2.301034E-9    
  7810.0       2.3066289E-9   
  7815.0       2.3195594E-9   
  7820.0       2.32147E-9     
  7825.0       2.3024098E-9   
  7830.0       2.2684064E-9   
  7835.0       2.2610862E-9   
  7840.0       2.2746751E-9   
  7845.0       2.2819826E-9   
  7850.0       2.283603E-9    
  7855.0       2.2886755E-9   
  7860.0       2.2938256E-9   
  7865.0       2.2911182E-9   
  7870.0       2.2814575E-9   
  7875.0       2.2538105E-9   
  7880.0       2.2377733E-9   
  7885.0       2.2581235E-9   
  7890.0       2.268172E-9    
  7895.0       2.2542646E-9   
  7900.0       2.2466788E-9   
  7905.0       2.244675E-9    
  7910.0       2.2370141E-9   
  7915.0       2.2221667E-9   
  7920.0       2.209681E-9    
  7925.0       2.1934476E-9   
  7930.0       2.1702413E-9   
  7935.0       2.1664643E-9   
  7940.0       2.172479E-9    
  7945.0       2.1648174E-9   
  7950.0       2.1844075E-9   
  7955.0       2.210121E-9    
  7960.0       2.2219202E-9   
  7965.0       2.224522E-9    
  7970.0       2.2201403E-9   
  7975.0       2.2180904E-9   
  7980.0       2.2174185E-9   
  7985.0       2.2138247E-9   
  7990.0       2.2012001E-9   
  7995.0       2.1698912E-9   
  8000.0       2.1562079E-9   
  8005.0       2.169663E-9    
  8010.0       2.1803244E-9   
  8015.0       2.179212E-9    
  8020.0       2.164737E-9    
  8025.0       2.1430493E-9   
  8030.0       2.1435103E-9   
  8035.0       2.158223E-9    
  8040.0       2.1495263E-9   
  8045.0       2.1214484E-9   
  8050.0       2.1213857E-9   
  8055.0       2.1422113E-9   
  8060.0       2.1566762E-9   
  8065.0       2.1574256E-9   
  8070.0       2.1493374E-9   
  8075.0       2.1453501E-9   
  8080.0       2.1332438E-9   
  8085.0       2.1140507E-9   
  8090.0       2.1076592E-9   
  8095.0       2.1140039E-9   
  8100.0       2.1416233E-9   
  8105.0       2.151557E-9    
  8110.0       2.1469346E-9   
  8115.0       2.1462527E-9   
  8120.0       2.1431832E-9   
  8125.0       2.1413953E-9   
  8130.0       2.1307676E-9   
  8135.0       2.1178133E-9   
  8140.0       2.1089381E-9   
  8145.0       2.0902633E-9   
  8150.0       2.0854345E-9   
  8155.0       2.0777766E-9   
  8160.0       2.057777E-9    
  8165.0       2.0426463E-9   
  8170.0       2.0458424E-9   
  8175.0       2.043052E-9    
  8180.0       2.0157782E-9   
  8185.0       1.9959194E-9   
  8190.0       1.9676967E-9   
  8195.0       1.9235318E-9   
  8200.0       1.9453241E-9   
  8205.0       2.030682E-9    
  8210.0       2.0786748E-9   
  8215.0       2.0484199E-9   
  8220.0       1.9893631E-9   
  8225.0       1.9397153E-9   
  8230.0       1.9363844E-9   
  8235.0       2.0091748E-9   
  8240.0       2.0541517E-9   
  8245.0       2.0347248E-9   
  8250.0       2.0034392E-9   
  8255.0       2.012806E-9    
  8260.0       2.0522437E-9   
  8265.0       2.0789637E-9   
  8270.0       2.0858983E-9   
  8275.0       2.0575401E-9   
  8280.0       2.0364057E-9   
  8285.0       2.0244013E-9   
  8290.0       2.0248048E-9   
  8295.0       2.0351805E-9   
  8300.0       2.0437687E-9   
  8305.0       2.036915E-9    
  8310.0       2.03495E-9     
  8315.0       2.032031E-9    
  8320.0       2.024469E-9    
  8325.0       2.00159E-9     
  8330.0       1.9671604E-9   
  8335.0       1.9312312E-9   
  8340.0       1.9295254E-9   
  8345.0       1.9757809E-9   
  8350.0       2.023881E-9    
  8355.0       2.0238708E-9   
  8360.0       2.0163293E-9   
  8365.0       2.0478161E-9   
  8370.0       2.0746809E-9   
  8375.0       2.041737E-9    
  8380.0       1.9931405E-9   
  8385.0       1.9761297E-9   
  8390.0       1.9879505E-9   
  8395.0       2.0121607E-9   
  8400.0       2.029998E-9    
  8405.0       2.037556E-9    
  8410.0       2.02343E-9     
  8415.0       1.991093E-9    
  8420.0       1.9830273E-9   
  8425.0       2.0089943E-9   
  8430.0       2.0161592E-9   
  8435.0       1.9557358E-9   
  8440.0       1.8999047E-9   
  8445.0       1.894683E-9    
  8450.0       1.9461286E-9   
  8455.0       2.0107256E-9   
  8460.0       2.013644E-9    
  8465.0       1.9439022E-9   
  8470.0       1.9067088E-9   
  8475.0       1.9596347E-9   
  8480.0       2.0250974E-9   
  8485.0       2.0410333E-9   
  8490.0       1.9410957E-9   
  8495.0       1.7090875E-9   
  8500.0       1.6243475E-9   
  8505.0       1.7566538E-9   
  8510.0       1.8619997E-9   
  8515.0       1.9059672E-9   
  8520.0       1.933819E-9    
  8525.0       1.9233766E-9   
  8530.0       1.8435784E-9   
  8535.0       1.6436916E-9   
  8540.0       1.3964869E-9   
  8545.0       1.3707676E-9   
  8550.0       1.5296512E-9   
  8555.0       1.7027653E-9   
  8560.0       1.8543388E-9   
  8565.0       1.9220803E-9   
  8570.0       1.9276927E-9   
  8575.0       1.9222697E-9   
  8580.0       1.9187831E-9   
  8585.0       1.916021E-9    
  8590.0       1.8859039E-9   
  8595.0       1.8171643E-9   
  8600.0       1.8007336E-9   
  8605.0       1.8430866E-9   
  8610.0       1.8803037E-9   
  8615.0       1.9026063E-9   
  8620.0       1.9128492E-9   
  8625.0       1.9195903E-9   
  8630.0       1.9326725E-9   
  8635.0       1.9510114E-9   
  8640.0       1.9558275E-9   
  8645.0       1.923692E-9    
  8650.0       1.8689794E-9   
  8655.0       1.734248E-9    
  8660.0       1.5145387E-9   
  8665.0       1.4594224E-9   
  8670.0       1.5485959E-9   
  8675.0       1.6893056E-9   
  8680.0       1.8019083E-9   
  8685.0       1.8090806E-9   
  8690.0       1.8029206E-9   
  8695.0       1.8562786E-9   
  8700.0       1.8528692E-9   
  8705.0       1.8898656E-9   
  8710.0       1.8868263E-9   
  8715.0       1.901043E-9    
  8720.0       1.9147384E-9   
  8725.0       1.9000663E-9   
  8730.0       1.8802078E-9   
  8735.0       1.8668285E-9   
  8740.0       1.8363024E-9   
  8745.0       1.7873315E-9   
  8750.0       1.7533898E-9   
  8755.0       1.7884407E-9   
  8760.0       1.8338042E-9   
  8765.0       1.8461064E-9   
  8770.0       1.8464732E-9   
  8775.0       1.8523446E-9   
  8780.0       1.8655608E-9   
  8785.0       1.8495551E-9   
  8790.0       1.830204E-9    
  8795.0       1.8335948E-9   
  8800.0       1.8270456E-9   
  8805.0       1.7891156E-9   
  8810.0       1.8164967E-9   
  8815.0       1.8392275E-9   
  8820.0       1.8245105E-9   
  8825.0       1.8241081E-9   
  8830.0       1.8287025E-9   
  8835.0       1.8123465E-9   
  8840.0       1.8068822E-9   
  8845.0       1.8158742E-9   
  8850.0       1.8108942E-9   
  8855.0       1.7731772E-9   
  8860.0       1.71177E-9     
  8865.0       1.7112319E-9   
  8870.0       1.7668068E-9   
  8875.0       1.793773E-9    
  8880.0       1.8034252E-9   
  8885.0       1.8147892E-9   
  8890.0       1.8108299E-9   
  8895.0       1.8123015E-9   
  8900.0       1.8195762E-9   
  8905.0       1.80727E-9     
  8910.0       1.784842E-9    
  8915.0       1.7912689E-9   
  8920.0       1.7855911E-9   
  8925.0       1.7432689E-9   
  8930.0       1.763267E-9    
  8935.0       1.7993893E-9   
  8940.0       1.7952321E-9   
  8945.0       1.7711226E-9   
  8950.0       1.7707508E-9   
  8955.0       1.7984936E-9   
  8960.0       1.7848318E-9   
  8965.0       1.7587899E-9   
  8970.0       1.7513068E-9   
  8975.0       1.7328647E-9   
  8980.0       1.7192794E-9   
  8985.0       1.6977392E-9   
  8990.0       1.6711361E-9   
  8995.0       1.7063305E-9   
  9000.0       1.6652535E-9   
  9005.0       1.6581038E-9   
  9010.0       1.6044657E-9   
  9015.0       1.5859153E-9   
  9020.0       1.637519E-9    
  9025.0       1.687565E-9    
  9030.0       1.751404E-9    
  9035.0       1.7940096E-9   
  9040.0       1.8085111E-9   
  9045.0       1.814446E-9    
  9050.0       1.7873558E-9   
  9055.0       1.76813E-9     
  9060.0       1.7007682E-9   
  9065.0       1.6817209E-9   
  9070.0       1.6873842E-9   
  9075.0       1.662286E-9    
  9080.0       1.6444204E-9   
  9085.0       1.6302026E-9   
  9090.0       1.607482E-9    
  9095.0       1.6360665E-9   
  9100.0       1.664374E-9    
  9105.0       1.6824118E-9   
  9110.0       1.6813614E-9   
  9115.0       1.6797612E-9   
  9120.0       1.6984245E-9   
  9125.0       1.7068656E-9   
  9130.0       1.6772133E-9   
  9135.0       1.6746504E-9   
  9140.0       1.7011993E-9   
  9145.0       1.6868555E-9   
  9150.0       1.6415004E-9   
  9155.0       1.6324297E-9   
  9160.0       1.6562854E-9   
  9165.0       1.6598121E-9   
  9170.0       1.6309414E-9   
  9175.0       1.6182984E-9   
  9180.0       1.658475E-9    
  9185.0       1.6739352E-9   
  9190.0       1.6794909E-9   
  9195.0       1.670639E-9    
  9200.0       1.6742716E-9   
  9205.0       1.6433989E-9   
  9210.0       1.6120051E-9   
  9215.0       1.5934901E-9   
  9220.0       1.5984163E-9   
  9225.0       1.5812954E-9   
  9230.0       1.5673226E-9   
  9235.0       1.582359E-9    
  9240.0       1.5995305E-9   
  9245.0       1.6040488E-9   
  9250.0       1.6134654E-9   
  9255.0       1.6132712E-9   
  9260.0       1.6283693E-9   
  9265.0       1.6602744E-9   
  9270.0       1.6760773E-9   
  9275.0       1.6733147E-9   
  9280.0       1.673056E-9    
  9285.0       1.6768784E-9   
  9290.0       1.6746106E-9   
  9295.0       1.6618196E-9   
  9300.0       1.6520699E-9   
  9305.0       1.6437403E-9   
  9310.0       1.621471E-9    
  9315.0       1.5873708E-9   
  9320.0       1.5794505E-9   
  9325.0       1.573767E-9    
  9330.0       1.5771577E-9   
  9335.0       1.5550975E-9   
  9340.0       1.5187487E-9   
  9345.0       1.5274061E-9   
  9350.0       1.5655769E-9   
  9355.0       1.543691E-9    
  9360.0       1.5749134E-9   
  9365.0       1.5801921E-9   
  9370.0       1.5699194E-9   
  9375.0       1.5898681E-9   
  9380.0       1.5960342E-9   
  9385.0       1.666091E-9    
  9390.0       1.7142828E-9   
  9395.0       1.7155652E-9   
  9400.0       1.6871301E-9   
  9405.0       1.650926E-9    
  9410.0       1.634735E-9    
  9415.0       1.6203845E-9   
  9420.0       1.6211467E-9   
  9425.0       1.5816507E-9   
  9430.0       1.5609475E-9   
  9435.0       1.5538331E-9   
  9440.0       1.5211719E-9   
  9445.0       1.5641127E-9   
  9450.0       1.5911917E-9   
  9455.0       1.5642901E-9   
  9460.0       1.5673876E-9   
  9465.0       1.5933901E-9   
  9470.0       1.6062875E-9   
  9475.0       1.6021479E-9   
  9480.0       1.575733E-9    
  9485.0       1.6121353E-9   
  9490.0       1.5931173E-9   
  9495.0       1.5399377E-9   
  9500.0       1.5387052E-9   
  9505.0       1.5922296E-9   
  9510.0       1.6122584E-9   
  9515.0       1.5541469E-9   
  9520.0       1.5136641E-9   
  9525.0       1.5253273E-9   
  9530.0       1.5447347E-9   
  9535.0       1.5386892E-9   
  9540.0       1.499981E-9    
  9545.0       1.4763356E-9   
  9550.0       1.4865488E-9   
  9555.0       1.4914796E-9   
  9560.0       1.5107594E-9   
  9565.0       1.5079514E-9   
  9570.0       1.5378053E-9   
  9575.0       1.5492728E-9   
  9580.0       1.5266174E-9   
  9585.0       1.5220181E-9   
  9590.0       1.5073784E-9   
  9595.0       1.5255013E-9   
  9600.0       1.5315027E-9   
  9605.0       1.543209E-9    
  9610.0       1.5542647E-9   
  9615.0       1.5427984E-9   
  9620.0       1.5195165E-9   
  9625.0       1.514196E-9    
  9630.0       1.5322019E-9   
  9635.0       1.5119794E-9   
  9640.0       1.5084181E-9   
  9645.0       1.509075E-9    
  9650.0       1.5141861E-9   
  9655.0       1.5102524E-9   
  9660.0       1.485683E-9    
  9665.0       1.5027066E-9   
  9670.0       1.5166025E-9   
  9675.0       1.5233189E-9   
  9680.0       1.5187993E-9   
  9685.0       1.5237733E-9   
  9690.0       1.5251551E-9   
  9695.0       1.5180305E-9   
  9700.0       1.5122524E-9   
  9705.0       1.5226359E-9   
  9710.0       1.5159471E-9   
  9715.0       1.5178659E-9   
  9720.0       1.515206E-9    
  9725.0       1.4991524E-9   
  9730.0       1.4930615E-9   
  9735.0       1.4840744E-9   
  9740.0       1.4784498E-9   
  9745.0       1.4793025E-9   
  9750.0       1.4661838E-9   
  9755.0       1.46585E-9     
  9760.0       1.4680205E-9   
  9765.0       1.4642646E-9   
  9770.0       1.4704807E-9   
  9775.0       1.4864677E-9   
  9780.0       1.4770237E-9   
  9785.0       1.4716209E-9   
  9790.0       1.4757613E-9   
  9795.0       1.4651631E-9   
  9800.0       1.4621951E-9   
  9805.0       1.4868459E-9   
  9810.0       1.4791939E-9   
  9815.0       1.4577004E-9   
  9820.0       1.4535523E-9   
  9825.0       1.4636168E-9   
  9830.0       1.4640625E-9   
  9835.0       1.4594823E-9   
  9840.0       1.4617346E-9   
  9845.0       1.4661703E-9   
  9850.0       1.4710081E-9   
  9855.0       1.4651401E-9   
  9860.0       1.4584759E-9   
  9865.0       1.4549907E-9   
  9870.0       1.4510895E-9   
  9875.0       1.4561016E-9   
  9880.0       1.4300222E-9   
  9885.0       1.4245461E-9   
  9890.0       1.4353788E-9   
  9895.0       1.4430964E-9   
  9900.0       1.4411256E-9   
  9905.0       1.4401965E-9   
  9910.0       1.4443372E-9   
  9915.0       1.4448384E-9   
  9920.0       1.4410849E-9   
  9925.0       1.4290964E-9   
  9930.0       1.4220916E-9   
  9935.0       1.4269745E-9   
  9940.0       1.4294262E-9   
  9945.0       1.4263022E-9   
  9950.0       1.4242761E-9   
  9955.0       1.421588E-9    
  9960.0       1.4165344E-9   
  9965.0       1.422276E-9    
  9970.0       1.4201553E-9   
  9975.0       1.4283337E-9   
  9980.0       1.4277177E-9   
  9985.0       1.4201157E-9   
  9990.0       1.4202689E-9   
  9995.0       1.412587E-9    
  10000.0      1.405804E-9    
  10005.0      1.3983894E-9   
  10010.0      1.3911029E-9   
  10015.0      1.4013253E-9   
  10020.0      1.3932556E-9   
  10025.0      1.3930768E-9   
  10030.0      1.3671291E-9   
  10035.0      1.3669058E-9   
  10040.0      1.3695113E-9   
  10045.0      1.3277947E-9   
  10050.0      1.3335109E-9   
  10055.0      1.3408101E-9   
  10060.0      1.3499858E-9   
  10065.0      1.3517498E-9   
  10070.0      1.3548538E-9   
  10075.0      1.3723593E-9   
  10080.0      1.3742372E-9   
  10085.0      1.3719718E-9   
  10090.0      1.3814411E-9   
  10095.0      1.382089E-9    
  10100.0      1.370713E-9    
  10105.0      1.379178E-9    
  10110.0      1.380085E-9    
  10115.0      1.3725155E-9   
  10120.0      1.3822167E-9   
  10125.0      1.3891472E-9   
  10130.0      1.3642567E-9   
  10135.0      1.3698491E-9   
  10140.0      1.3710048E-9   
  10145.0      1.3687299E-9   
  10150.0      1.3662315E-9   
  10155.0      1.3638691E-9   
  10160.0      1.3616646E-9   
  10165.0      1.3595997E-9   
  10170.0      1.3576588E-9   
  10175.0      1.3558321E-9   
  10180.0      1.3540946E-9   
  10185.0      1.3524347E-9   
  10190.0      1.350836E-9    
  10195.0      1.3492789E-9   
  10200.0      1.3477516E-9   
  10205.0      1.3462388E-9   
  10210.0      1.3447368E-9   
  10215.0      1.3432472E-9   
  10220.0      1.3417615E-9   
  10225.0      1.3402839E-9   
  10230.0      1.3388134E-9   
  10235.0      1.3373481E-9   
  10240.0      1.3358896E-9   
  10245.0      1.3344349E-9   
  10250.0      1.332981E-9    
  10255.0      1.3315296E-9   
  10260.0      1.3300808E-9   
  10265.0      1.328628E-9    
  10270.0      1.3271694E-9   
  10275.0      1.3257055E-9   
  10280.0      1.3242317E-9   
  10285.0      1.3227467E-9   
  10290.0      1.3212511E-9   
  10295.0      1.3197363E-9   
  10300.0      1.3182097E-9   
  10305.0      1.3166627E-9   
  10310.0      1.3151072E-9   
  10315.0      1.3135503E-9   
  10320.0      1.3120055E-9   
  10325.0      1.3104732E-9   
  10330.0      1.3089742E-9   
  10335.0      1.3075155E-9   
  10340.0      1.3060998E-9   
  10345.0      1.3047434E-9   
  10350.0      1.3034485E-9   
  10355.0      1.3022301E-9   
  10360.0      1.3010708E-9   
  10365.0      1.2999616E-9   
  10370.0      1.2988829E-9   
  10375.0      1.2978271E-9   
  10380.0      1.2967778E-9   
  10385.0      1.2957186E-9   
  10390.0      1.2946381E-9   
  10395.0      1.2935216E-9   
  10400.0      1.2923539E-9   
  10405.0      1.2911321E-9   
  10410.0      1.289843E-9    
  10415.0      1.2884939E-9   
  10420.0      1.2870875E-9   
  10425.0      1.2856263E-9   
  10430.0      1.2841167E-9   
  10435.0      1.2825544E-9   
  10440.0      1.2809439E-9   
  10445.0      1.2792858E-9   
  10450.0      1.2775877E-9   
  10455.0      1.2758496E-9   
  10460.0      1.274073E-9    
  10465.0      1.2722686E-9   
  10470.0      1.2704365E-9   
  10475.0      1.2685784E-9   
  10480.0      1.2667065E-9   
  10485.0      1.2648219E-9   
  10490.0      1.2629279E-9   
  10495.0      1.2610286E-9   
  10500.0      1.2591312E-9   
  10505.0      1.2572388E-9   
  10510.0      1.2553489E-9   
  10515.0      1.2534698E-9   
  10520.0      1.2515934E-9   
  10525.0      1.2497203E-9   
  10530.0      1.2478556E-9   
  10535.0      1.2459961E-9   
  10540.0      1.2441393E-9   
  10545.0      1.2422906E-9   
  10550.0      1.2404475E-9   
  10555.0      1.2386109E-9   
  10560.0      1.2367782E-9   
  10565.0      1.2349491E-9   
  10570.0      1.2331245E-9   
  10575.0      1.2313077E-9   
  10580.0      1.2294954E-9   
  10585.0      1.2276897E-9   
  10590.0      1.2258868E-9   
  10595.0      1.2240888E-9   
  10600.0      1.2222983E-9   
  10605.0      1.2205117E-9   
  10610.0      1.2187318E-9   
  10615.0      1.2169571E-9   
  10620.0      9.115389E-10   
