# WAVELENGTH   FLUX  
  1150.0       0.0   
  1155.0       0.0   
  1160.0       0.0   
  1165.0       0.0   
  1170.0       0.0   
  1175.0       0.0   
  1180.0       0.0   
  1185.0       0.0   
  1190.0       0.0   
  1195.0       0.0   
  1200.0       0.0   
  1205.0       0.0   
  1210.0       0.0   
  1215.0       0.0   
  1220.0       0.0   
  1225.0       0.0   
  1230.0       0.0   
  1235.0       0.0   
  1240.0       0.0   
  1245.0       0.0   
  1250.0       0.0   
  1255.0       0.0   
  1260.0       0.0   
  1265.0       0.0   
  1270.0       0.0   
  1275.0       0.0   
  1280.0       0.0   
  1285.0       0.0   
  1290.0       0.0   
  1295.0       0.0   
  1300.0       0.0   
  1305.0       0.0   
  1310.0       0.0   
  1315.0       0.0   
  1320.0       0.0   
  1325.0       0.0   
  1330.0       0.0   
  1335.0       0.0   
  1340.0       0.0   
  1345.0       0.0   
  1350.0       0.0   
  1355.0       0.0   
  1360.0       0.0   
  1365.0       0.0   
  1370.0       0.0   
  1375.0       0.0   
  1380.0       0.0   
  1385.0       0.0   
  1390.0       0.0   
  1395.0       0.0   
  1400.0       0.0   
  1405.0       0.0   
  1410.0       0.0   
  1415.0       0.0   
  1420.0       0.0   
  1425.0       0.0   
  1430.0       0.0   
  1435.0       0.0   
  1440.0       0.0   
  1445.0       0.0   
  1450.0       0.0   
  1455.0       0.0   
  1460.0       0.0   
  1465.0       0.0   
  1470.0       0.0   
  1475.0       0.0   
  1480.0       0.0   
  1485.0       0.0   
  1490.0       0.0   
  1495.0       0.0   
  1500.0       0.0   
  1505.0       0.0   
  1510.0       0.0   
  1515.0       0.0   
  1520.0       0.0   
  1525.0       0.0   
  1530.0       0.0   
  1535.0       0.0   
  1540.0       0.0   
  1545.0       0.0   
  1550.0       0.0   
  1555.0       0.0   
  1560.0       0.0   
  1565.0       0.0   
  1570.0       0.0   
  1575.0       0.0   
  1580.0       0.0   
  1585.0       0.0   
  1590.0       0.0   
  1595.0       0.0   
  1600.0       0.0   
  1605.0       0.0   
  1610.0       0.0   
  1615.0       0.0   
  1620.0       0.0   
  1625.0       0.0   
  1630.0       0.0   
  1635.0       0.0   
  1640.0       0.0   
  1645.0       0.0   
  1650.0       0.0   
  1655.0       0.0   
  1660.0       0.0   
  1665.0       0.0   
  1670.0       0.0   
  1675.0       0.0   
  1680.0       0.0   
  1685.0       0.0   
  1690.0       0.0   
  1695.0       0.0   
  1700.0       0.0   
  1705.0       0.0   
  1710.0       0.0   
  1715.0       0.0   
  1720.0       0.0   
  1725.0       0.0   
  1730.0       0.0   
  1735.0       0.0   
  1740.0       0.0   
  1745.0       0.0   
  1750.0       0.0   
  1755.0       0.0   
  1760.0       0.0   
  1765.0       0.0   
  1770.0       0.0   
  1775.0       0.0   
  1780.0       0.0   
  1785.0       0.0   
  1790.0       0.0   
  1795.0       0.0   
  1800.0       0.0   
  1805.0       0.0   
  1810.0       0.0   
  1815.0       0.0   
  1820.0       0.0   
  1825.0       0.0   
  1830.0       0.0   
  1835.0       0.0   
  1840.0       0.0   
  1845.0       0.0   
  1850.0       0.0   
  1855.0       0.0   
  1860.0       0.0   
  1865.0       0.0   
  1870.0       0.0   
  1875.0       0.0   
  1880.0       0.0   
  1885.0       0.0   
  1890.0       0.0   
  1895.0       0.0   
  1900.0       0.0   
  1905.0       0.0   
  1910.0       0.0   
  1915.0       0.0   
  1920.0       0.0   
  1925.0       0.0   
  1930.0       0.0   
  1935.0       0.0   
  1940.0       0.0   
  1945.0       0.0   
  1950.0       0.0   
  1955.0       0.0   
  1960.0       0.0   
  1965.0       0.0   
  1970.0       0.0   
  1975.0       0.0   
  1980.0       0.0   
  1985.0       0.0   
  1990.0       0.0   
  1995.0       0.0   
  2000.0       0.0   
  2005.0       0.0   
  2010.0       0.0   
  2015.0       0.0   
  2020.0       0.0   
  2025.0       0.0   
  2030.0       0.0   
  2035.0       0.0   
  2040.0       0.0   
  2045.0       0.0   
  2050.0       0.0   
  2055.0       0.0   
  2060.0       0.0   
  2065.0       0.0   
  2070.0       0.0   
  2075.0       0.0   
  2080.0       0.0   
  2085.0       0.0   
  2090.0       0.0   
  2095.0       0.0   
  2100.0       0.0   
  2105.0       0.0   
  2110.0       0.0   
  2115.0       0.0   
  2120.0       0.0   
  2125.0       0.0   
  2130.0       0.0   
  2135.0       0.0   
  2140.0       0.0   
  2145.0       0.0   
  2150.0       4.6215436E-16
  2155.0       3.690798E-15
  2160.0       7.379445E-15
  2165.0       1.1068109E-14
  2170.0       1.4756764E-14
  2175.0       1.7983289E-14
  2180.0       1.8443304E-14
  2185.0       1.7981156E-14
  2190.0       1.4752515E-14
  2195.0       1.0139615E-14
  2200.0       1.3801018E-15
  2205.0       0.0   
  2210.0       0.0   
  2215.0       0.0   
  2220.0       0.0   
  2225.0       0.0   
  2230.0       0.0   
  2235.0       0.0   
  2240.0       0.0   
  2245.0       0.0   
  2250.0       6.469498E-15
  2255.0       5.2594065E-14
  2260.0       1.10692475E-13
  2265.0       1.6924869E-13
  2270.0       2.2272815E-13
  2275.0       2.596044E-13
  2280.0       2.7711378E-13
  2285.0       2.6833567E-13
  2290.0       2.2312741E-13
  2295.0       1.3365172E-13
  2300.0       1.748305E-14
  2305.0       0.0   
  2310.0       0.0   
  2315.0       0.0   
  2320.0       0.0   
  2325.0       0.0   
  2330.0       0.0   
  2335.0       0.0   
  2340.0       0.0   
  2345.0       0.0   
  2350.0       9.056438E-14
  2355.0       7.4553975E-13
  2360.0       1.6415065E-12
  2365.0       2.6813146E-12
  2370.0       3.8308393E-12
  2375.0       5.051349E-12
  2380.0       6.3087326E-12
  2385.0       7.5693184E-12
  2390.0       8.79669E-12
  2395.0       9.953964E-12
  2400.0       1.1005633E-11
  2405.0       1.192725E-11
  2410.0       1.2713806E-11
  2415.0       1.33707784E-11
  2420.0       1.3901877E-11
  2425.0       1.4308949E-11
  2430.0       1.4600297E-11
  2435.0       1.4778217E-11
  2440.0       1.4848723E-11
  2445.0       1.4815914E-11
  2450.0       1.4684455E-11
  2455.0       1.4467713E-11
  2460.0       1.4198888E-11
  2465.0       1.3912555E-11
  2470.0       1.3648374E-11
  2475.0       1.3446932E-11
  2480.0       1.3347862E-11
  2485.0       1.3386668E-11
  2490.0       1.3605308E-11
  2495.0       1.4041622E-11
  2500.0       1.4731067E-11
  2505.0       1.569025E-11
  2510.0       1.6869334E-11
  2515.0       1.819915E-11
  2520.0       1.9607302E-11
  2525.0       2.1024684E-11
  2530.0       2.2373737E-11
  2535.0       2.3585389E-11
  2540.0       2.458625E-11
  2545.0       2.5301249E-11
  2550.0       2.566809E-11
  2555.0       2.5659634E-11
  2560.0       2.5369946E-11
  2565.0       2.4930962E-11
  2570.0       2.4486503E-11
  2575.0       2.4173058E-11
  2580.0       2.4134507E-11
  2585.0       2.4507316E-11
  2590.0       2.5435782E-11
  2595.0       2.7058205E-11
  2600.0       2.9507882E-11
  2605.0       3.2852547E-11
  2610.0       3.69837E-11
  2615.0       4.1728013E-11
  2620.0       4.690983E-11
  2625.0       5.2346526E-11
  2630.0       5.78569E-11
  2635.0       6.3261195E-11
  2640.0       6.8383126E-11
  2645.0       7.3038436E-11
  2650.0       7.705636E-11
  2655.0       8.031915E-11
  2660.0       8.285751E-11
  2665.0       8.476103E-11
  2670.0       8.612287E-11
  2675.0       8.703792E-11
  2680.0       8.7598845E-11
  2685.0       8.7898966E-11
  2690.0       8.803588E-11
  2695.0       8.810219E-11
  2700.0       8.818618E-11
  2705.0       8.835637E-11
  2710.0       8.859803E-11
  2715.0       8.8870154E-11
  2720.0       8.913387E-11
  2725.0       8.934585E-11
  2730.0       8.9462486E-11
  2735.0       8.944205E-11
  2740.0       8.924192E-11
  2745.0       8.8822255E-11
  2750.0       8.813743E-11
  2755.0       8.717169E-11
  2760.0       8.595663E-11
  2765.0       8.453965E-11
  2770.0       8.297514E-11
  2775.0       8.1318535E-11
  2780.0       7.962407E-11
  2785.0       7.79416E-11
  2790.0       7.6325474E-11
  2795.0       7.4830316E-11
  2800.0       7.350988E-11
  2805.0       7.2461044E-11
  2810.0       7.186969E-11
  2815.0       7.1956774E-11
  2820.0       7.2945774E-11
  2825.0       7.5068673E-11
  2830.0       7.854633E-11
  2835.0       8.36038E-11
  2840.0       9.047155E-11
  2845.0       9.937448E-11
  2850.0       1.1051905E-10
  2855.0       1.2397249E-10
  2860.0       1.3940059E-10
  2865.0       1.5632569E-10
  2870.0       1.742542E-10
  2875.0       1.9269421E-10
  2880.0       2.1114957E-10
  2885.0       2.2912562E-10
  2890.0       2.4613014E-10
  2895.0       2.616673E-10
  2900.0       2.752587E-10
  2905.0       2.865561E-10
  2910.0       2.9555206E-10
  2915.0       3.0237732E-10
  2920.0       3.0717048E-10
  2925.0       3.1007188E-10
  2930.0       3.1122174E-10
  2935.0       3.1076272E-10
  2940.0       3.0883532E-10
  2945.0       3.0557723E-10
  2950.0       3.011355E-10
  2955.0       2.9570008E-10
  2960.0       2.8957264E-10
  2965.0       2.8309566E-10
  2970.0       2.766243E-10
  2975.0       2.7050467E-10
  2980.0       2.6508995E-10
  2985.0       2.607298E-10
  2990.0       2.5777533E-10
  2995.0       2.5657695E-10
  3000.0       2.5747093E-10
  3005.0       2.6065627E-10
  3010.0       2.6597535E-10
  3015.0       2.7313715E-10
  3020.0       2.8183075E-10
  3025.0       2.9174804E-10
  3030.0       3.0258443E-10
  3035.0       3.1403224E-10
  3040.0       3.2577893E-10
  3045.0       3.375224E-10
  3050.0       3.4896272E-10
  3055.0       3.5987407E-10
  3060.0       3.702361E-10
  3065.0       3.8010714E-10
  3070.0       3.8955128E-10
  3075.0       3.9863615E-10
  3080.0       4.0742099E-10
  3085.0       4.159743E-10
  3090.0       4.2436005E-10
  3095.0       4.32641E-10
  3100.0       4.408797E-10
  3105.0       4.491118E-10
  3110.0       4.573078E-10
  3115.0       4.654073E-10
  3120.0       4.733489E-10
  3125.0       4.810726E-10
  3130.0       4.885159E-10
  3135.0       4.9561977E-10
  3140.0       5.023222E-10
  3145.0       5.085656E-10
  3150.0       5.142872E-10
  3155.0       5.1923854E-10
  3160.0       5.181628E-10
  3165.0       4.9525306E-10
  3170.0       4.964823E-10
  3175.0       5.365856E-10
  3180.0       5.810551E-10
  3185.0       5.9329697E-10
  3190.0       5.762367E-10
  3195.0       5.472555E-10
  3200.0       5.207884E-10
  3205.0       5.440664E-10
  3210.0       5.627086E-10
  3215.0       5.2640653E-10
  3220.0       4.763534E-10
  3225.0       4.6269197E-10
  3230.0       4.6763193E-10
  3235.0       4.626215E-10
  3240.0       4.6079404E-10
  3245.0       4.84329E-10
  3250.0       5.349603E-10
  3255.0       6.0204575E-10
  3260.0       6.642001E-10
  3265.0       7.0117123E-10
  3270.0       7.067297E-10
  3275.0       6.906897E-10
  3280.0       6.895173E-10
  3285.0       7.2850326E-10
  3290.0       7.7820256E-10
  3295.0       8.0248547E-10
  3300.0       8.0249335E-10
  3305.0       7.9052215E-10
  3310.0       7.6980733E-10
  3315.0       7.425326E-10
  3320.0       7.183027E-10
  3325.0       7.0694245E-10
  3330.0       7.1100353E-10
  3335.0       7.2988227E-10
  3340.0       7.6127604E-10
  3345.0       7.9513324E-10
  3350.0       8.033293E-10
  3355.0       7.6468876E-10
  3360.0       6.949355E-10
  3365.0       6.250076E-10
  3370.0       5.8791433E-10
  3375.0       6.0343E-10
  3380.0       6.552966E-10
  3385.0       7.1613904E-10
  3390.0       7.654243E-10
  3395.0       7.9329454E-10
  3400.0       8.096555E-10
  3405.0       8.243062E-10
  3410.0       8.2869495E-10
  3415.0       8.199242E-10
  3420.0       8.268037E-10
  3425.0       8.6492513E-10
  3430.0       8.8507696E-10
  3435.0       8.443314E-10
  3440.0       7.810885E-10
  3445.0       7.496028E-10
  3450.0       7.620446E-10
  3455.0       8.03645E-10
  3460.0       8.344882E-10
  3465.0       8.2702595E-10
  3470.0       8.085291E-10
  3475.0       8.086412E-10
  3480.0       8.0961515E-10
  3485.0       7.929171E-10
  3490.0       7.85588E-10
  3495.0       8.151048E-10
  3500.0       8.631824E-10
  3505.0       8.984547E-10
  3510.0       9.029881E-10
  3515.0       8.755568E-10
  3520.0       8.437974E-10
  3525.0       8.3748186E-10
  3530.0       8.631104E-10
  3535.0       9.1092817E-10
  3540.0       9.525865E-10
  3545.0       9.61712E-10
  3550.0       9.353734E-10
  3555.0       8.8394575E-10
  3560.0       8.2845475E-10
  3565.0       7.825171E-10
  3570.0       7.316028E-10
  3575.0       6.6525785E-10
  3580.0       6.1185956E-10
  3585.0       6.082326E-10
  3590.0       6.7169204E-10
  3595.0       7.886956E-10
  3600.0       8.8718133E-10
  3605.0       9.0851626E-10
  3610.0       8.8639585E-10
  3615.0       8.7521096E-10
  3620.0       8.9005625E-10
  3625.0       9.242539E-10
  3630.0       9.56512E-10
  3635.0       9.716138E-10
  3640.0       9.832017E-10
  3645.0       1.0110836E-9
  3650.0       1.0617262E-9
  3655.0       1.1303091E-9
  3660.0       1.1963319E-9
  3665.0       1.2362646E-9
  3670.0       1.2349418E-9
  3675.0       1.1939391E-9
  3680.0       1.1493995E-9
  3685.0       1.1343367E-9
  3690.0       1.1397769E-9
  3695.0       1.1467175E-9
  3700.0       1.1518241E-9
  3705.0       1.1530427E-9
  3710.0       1.1350887E-9
  3715.0       1.0841339E-9
  3720.0       1.0045964E-9
  3725.0       9.1284796E-10
  3730.0       8.375932E-10
  3735.0       8.017829E-10
  3740.0       8.013059E-10
  3745.0       8.2280394E-10
  3750.0       8.557453E-10
  3755.0       8.935661E-10
  3760.0       9.369128E-10
  3765.0       9.926192E-10
  3770.0       1.0747129E-9
  3775.0       1.1759894E-9
  3780.0       1.2291992E-9
  3785.0       1.1838325E-9
  3790.0       1.0926491E-9
  3795.0       1.0276181E-9
  3800.0       1.0056259E-9
  3805.0       1.0082283E-9
  3810.0       9.83644E-10
  3815.0       8.9520924E-10
  3820.0       7.771504E-10
  3825.0       6.821327E-10
  3830.0       6.3917954E-10
  3835.0       6.548254E-10
  3840.0       7.0194883E-10
  3845.0       7.4671797E-10
  3850.0       7.706075E-10
  3855.0       7.685849E-10
  3860.0       7.5485646E-10
  3865.0       7.451104E-10
  3870.0       7.4126777E-10
  3875.0       7.478836E-10
  3880.0       7.89313E-10
  3885.0       8.8023056E-10
  3890.0       9.901557E-10
  3895.0       1.0832643E-9
  3900.0       1.1549954E-9
  3905.0       1.2102326E-9
  3910.0       1.245084E-9
  3915.0       1.2394952E-9
  3920.0       1.144578E-9
  3925.0       9.463682E-10
  3930.0       7.5027395E-10
  3935.0       6.765232E-10
  3940.0       7.608086E-10
  3945.0       9.664052E-10
  3950.0       1.1554189E-9
  3955.0       1.2013822E-9
  3960.0       1.1091674E-9
  3965.0       9.620325E-10
  3970.0       9.1214136E-10
  3975.0       1.0647648E-9
  3980.0       1.3375641E-9
  3985.0       1.6009261E-9
  3990.0       1.7901308E-9
  3995.0       1.890441E-9
  4000.0       1.9476487E-9
  4005.0       2.0095188E-9
  4010.0       2.0718158E-9
  4015.0       2.1136246E-9
  4020.0       2.1238082E-9
  4025.0       2.1006188E-9
  4030.0       2.0559865E-9
  4035.0       2.0084876E-9
  4040.0       1.980355E-9
  4045.0       1.9842792E-9
  4050.0       2.0042612E-9
  4055.0       2.014487E-9
  4060.0       1.993777E-9
  4065.0       1.9457504E-9
  4070.0       1.9316175E-9
  4075.0       2.0009332E-9
  4080.0       2.1154714E-9
  4085.0       2.212029E-9
  4090.0       2.2522015E-9
  4095.0       2.2282953E-9
  4100.0       2.1852564E-9
  4105.0       2.1689224E-9
  4110.0       2.1762094E-9
  4115.0       2.1857234E-9
  4120.0       2.178367E-9
  4125.0       2.1433006E-9
  4130.0       2.087786E-9
  4135.0       2.026878E-9
  4140.0       1.9784285E-9
  4145.0       1.958223E-9
  4150.0       1.973381E-9
  4155.0       2.0179791E-9
  4160.0       2.06082E-9
  4165.0       2.0729705E-9
  4170.0       2.0566964E-9
  4175.0       2.028342E-9
  4180.0       2.0090645E-9
  4185.0       2.0112885E-9
  4190.0       2.021553E-9
  4195.0       2.0280386E-9
  4200.0       2.0477902E-9
  4205.0       2.0931372E-9
  4210.0       2.1353652E-9
  4215.0       2.1446307E-9
  4220.0       2.1303996E-9
  4225.0       2.1199316E-9
  4230.0       2.145131E-9
  4235.0       2.2162585E-9
  4240.0       2.2846096E-9
  4245.0       2.3031774E-9
  4250.0       2.2876296E-9
  4255.0       2.268504E-9
  4260.0       2.2515378E-9
  4265.0       2.2319466E-9
  4270.0       2.2043334E-9
  4275.0       2.1684938E-9
  4280.0       2.1355946E-9
  4285.0       2.100725E-9
  4290.0       2.0097837E-9
  4295.0       1.843212E-9
  4300.0       1.7187153E-9
  4305.0       1.7540652E-9
  4310.0       1.927827E-9
  4315.0       2.1617679E-9
  4320.0       2.3720432E-9
  4325.0       2.5040165E-9
  4330.0       2.580253E-9
  4335.0       2.6373377E-9
  4340.0       2.673737E-9
  4345.0       2.684116E-9
  4350.0       2.6927398E-9
  4355.0       2.7222788E-9
  4360.0       2.7595806E-9
  4365.0       2.773014E-9
  4370.0       2.7217006E-9
  4375.0       2.5954425E-9
  4380.0       2.4716251E-9
  4385.0       2.4300515E-9
  4390.0       2.4686457E-9
  4395.0       2.5470417E-9
  4400.0       2.6101272E-9
  4405.0       2.630509E-9
  4410.0       2.6625457E-9
  4415.0       2.749579E-9
  4420.0       2.827698E-9
  4425.0       2.8361997E-9
  4430.0       2.8294167E-9
  4435.0       2.867243E-9
  4440.0       2.9081852E-9
  4445.0       2.8967628E-9
  4450.0       2.8460936E-9
  4455.0       2.799888E-9
  4460.0       2.8087597E-9
  4465.0       2.8977227E-9
  4470.0       3.0199496E-9
  4475.0       3.1145542E-9
  4480.0       3.1564953E-9
  4485.0       3.152069E-9
  4490.0       3.1512721E-9
  4495.0       3.1993435E-9
  4500.0       3.2853276E-9
  4505.0       3.3653738E-9
  4510.0       3.3691772E-9
  4515.0       3.2602887E-9
  4520.0       3.115056E-9
  4525.0       3.0269676E-9
  4530.0       3.0204939E-9
  4535.0       3.0782843E-9
  4540.0       3.1463057E-9
  4545.0       3.183837E-9
  4550.0       3.217601E-9
  4555.0       3.2782856E-9
  4560.0       3.3399203E-9
  4565.0       3.3679664E-9
  4570.0       3.3637764E-9
  4575.0       3.3406358E-9
  4580.0       3.306475E-9
  4585.0       3.273093E-9
  4590.0       3.2677914E-9
  4595.0       3.3077434E-9
  4600.0       3.3683896E-9
  4605.0       3.4229857E-9
  4610.0       3.4795278E-9
  4615.0       3.542721E-9
  4620.0       3.5745586E-9
  4625.0       3.544368E-9
  4630.0       3.484022E-9
  4635.0       3.4364125E-9
  4640.0       3.4095995E-9
  4645.0       3.3956424E-9
  4650.0       3.3811594E-9
  4655.0       3.356034E-9
  4660.0       3.3231107E-9
  4665.0       3.2924083E-9
  4670.0       3.2794143E-9
  4675.0       3.2933245E-9
  4680.0       3.3216507E-9
  4685.0       3.344889E-9
  4690.0       3.3475238E-9
  4695.0       3.3272878E-9
  4700.0       3.3114935E-9
  4705.0       3.3276812E-9
  4710.0       3.3740415E-9
  4715.0       3.4321097E-9
  4720.0       3.47078E-9
  4725.0       3.4732468E-9
  4730.0       3.4708667E-9
  4735.0       3.496255E-9
  4740.0       3.537289E-9
  4745.0       3.5672003E-9
  4750.0       3.5677759E-9
  4755.0       3.5370755E-9
  4760.0       3.5056844E-9
  4765.0       3.5049528E-9
  4770.0       3.535736E-9
  4775.0       3.5809171E-9
  4780.0       3.6089554E-9
  4785.0       3.6038612E-9
  4790.0       3.602331E-9
  4795.0       3.6366796E-9
  4800.0       3.676398E-9
  4805.0       3.6863477E-9
  4810.0       3.6821575E-9
  4815.0       3.6832521E-9
  4820.0       3.6679857E-9
  4825.0       3.617015E-9
  4830.0       3.5587246E-9
  4835.0       3.525683E-9
  4840.0       3.5121506E-9
  4845.0       3.495882E-9
  4850.0       3.4521348E-9
  4855.0       3.3730834E-9
  4860.0       3.2961192E-9
  4865.0       3.2633747E-9
  4870.0       3.2834353E-9
  4875.0       3.342158E-9
  4880.0       3.4015202E-9
  4885.0       3.4361682E-9
  4890.0       3.4746095E-9
  4895.0       3.538133E-9
  4900.0       3.577093E-9
  4905.0       3.5459382E-9
  4910.0       3.4814065E-9
  4915.0       3.4346102E-9
  4920.0       3.411169E-9
  4925.0       3.407019E-9
  4930.0       3.4387113E-9
  4935.0       3.5133845E-9
  4940.0       3.5918677E-9
  4945.0       3.6332248E-9
  4950.0       3.6390195E-9
  4955.0       3.6287444E-9
  4960.0       3.6244079E-9
  4965.0       3.6321781E-9
  4970.0       3.6172698E-9
  4975.0       3.553348E-9
  4980.0       3.4760501E-9
  4985.0       3.4283538E-9
  4990.0       3.4091203E-9
  4995.0       3.3972931E-9
  5000.0       3.3664924E-9
  5005.0       3.3081573E-9
  5010.0       3.2632208E-9
  5015.0       3.2716938E-9
  5020.0       3.321504E-9
  5025.0       3.380117E-9
  5030.0       3.4157208E-9
  5035.0       3.4146814E-9
  5040.0       3.4080736E-9
  5045.0       3.427625E-9
  5050.0       3.4623746E-9
  5055.0       3.485552E-9
  5060.0       3.473843E-9
  5065.0       3.4217202E-9
  5070.0       3.364718E-9
  5075.0       3.337824E-9
  5080.0       3.3340282E-9
  5085.0       3.3339516E-9
  5090.0       3.3287313E-9
  5095.0       3.317735E-9
  5100.0       3.310129E-9
  5105.0       3.3159822E-9
  5110.0       3.3378502E-9
  5115.0       3.3672214E-9
  5120.0       3.3755903E-9
  5125.0       3.344944E-9
  5130.0       3.3037988E-9
  5135.0       3.284479E-9
  5140.0       3.2822571E-9
  5145.0       3.278604E-9
  5150.0       3.2567906E-9
  5155.0       3.2039682E-9
  5160.0       3.1159824E-9
  5165.0       3.00732E-9
  5170.0       2.931714E-9
  5175.0       2.9346496E-9
  5180.0       3.0007454E-9
  5185.0       3.0940175E-9
  5190.0       3.185892E-9
  5195.0       3.2571343E-9
  5200.0       3.3042433E-9
  5205.0       3.3322882E-9
  5210.0       3.3533953E-9
  5215.0       3.3754077E-9
  5220.0       3.389499E-9
  5225.0       3.3933243E-9
  5230.0       3.4166039E-9
  5235.0       3.4789567E-9
  5240.0       3.5413648E-9
  5245.0       3.55603E-9
  5250.0       3.512048E-9
  5255.0       3.4203906E-9
  5260.0       3.3124734E-9
  5265.0       3.2342398E-9
  5270.0       3.2473348E-9
  5275.0       3.376088E-9
  5280.0       3.5330765E-9
  5285.0       3.6253311E-9
  5290.0       3.6569296E-9
  5295.0       3.6668102E-9
  5300.0       3.684636E-9
  5305.0       3.7172292E-9
  5310.0       3.72546E-9
  5315.0       3.6761618E-9
  5320.0       3.5971186E-9
  5325.0       3.5331138E-9
  5330.0       3.511069E-9
  5335.0       3.5400451E-9
  5340.0       3.601751E-9
  5345.0       3.6721794E-9
  5350.0       3.7379664E-9
  5355.0       3.785454E-9
  5360.0       3.790557E-9
  5365.0       3.7456958E-9
  5370.0       3.6960401E-9
  5375.0       3.6830166E-9
  5380.0       3.685667E-9
  5385.0       3.6678203E-9
  5390.0       3.617757E-9
  5395.0       3.5450303E-9
  5400.0       3.488085E-9
  5405.0       3.4813734E-9
  5410.0       3.5203138E-9
  5415.0       3.5799126E-9
  5420.0       3.6224965E-9
  5425.0       3.6256467E-9
  5430.0       3.6179693E-9
  5435.0       3.6343428E-9
  5440.0       3.6745178E-9
  5445.0       3.7184171E-9
  5450.0       3.73198E-9
  5455.0       3.6995413E-9
  5460.0       3.664372E-9
  5465.0       3.6611396E-9
  5470.0       3.6457344E-9
  5475.0       3.5803571E-9
  5480.0       3.5219907E-9
  5485.0       3.533453E-9
  5490.0       3.5959125E-9
  5495.0       3.6628196E-9
  5500.0       3.6998429E-9
  5505.0       3.6941943E-9
  5510.0       3.6741885E-9
  5515.0       3.6699126E-9
  5520.0       3.6761645E-9
  5525.0       3.6788537E-9
  5530.0       3.6768697E-9
  5535.0       3.6770413E-9
  5540.0       3.6921217E-9
  5545.0       3.727757E-9
  5550.0       3.765588E-9
  5555.0       3.7824934E-9
  5560.0       3.7680072E-9
  5565.0       3.7278554E-9
  5570.0       3.6956238E-9
  5575.0       3.6948846E-9
  5580.0       3.6965937E-9
  5585.0       3.6693413E-9
  5590.0       3.6285959E-9
  5595.0       3.6050505E-9
  5600.0       3.6198073E-9
  5605.0       3.6731347E-9
  5610.0       3.72263E-9
  5615.0       3.730541E-9
  5620.0       3.7128078E-9
  5625.0       3.6967556E-9
  5630.0       3.6854002E-9
  5635.0       3.6742678E-9
  5640.0       3.665144E-9
  5645.0       3.6618741E-9
  5650.0       3.6661802E-9
  5655.0       3.675459E-9
  5660.0       3.6786811E-9
  5665.0       3.6703278E-9
  5670.0       3.6671892E-9
  5675.0       3.6858396E-9
  5680.0       3.7196475E-9
  5685.0       3.75158E-9
  5690.0       3.761557E-9
  5695.0       3.7358903E-9
  5700.0       3.6810972E-9
  5705.0       3.6185925E-9
  5710.0       3.5880812E-9
  5715.0       3.6191237E-9
  5720.0       3.696147E-9
  5725.0       3.7833696E-9
  5730.0       3.838423E-9
  5735.0       3.836389E-9
  5740.0       3.80319E-9
  5745.0       3.773739E-9
  5750.0       3.756195E-9
  5755.0       3.7477013E-9
  5760.0       3.74436E-9
  5765.0       3.743294E-9
  5770.0       3.744209E-9
  5775.0       3.747813E-9
  5780.0       3.754908E-9
  5785.0       3.76596E-9
  5790.0       3.780681E-9
  5795.0       3.7984793E-9
  5800.0       3.8186805E-9
  5805.0       3.8400505E-9
  5810.0       3.8598422E-9
  5815.0       3.8747654E-9
  5820.0       3.8815866E-9
  5825.0       3.8783345E-9
  5830.0       3.8662704E-9
  5835.0       3.8479486E-9
  5840.0       3.825944E-9
  5845.0       3.802427E-9
  5850.0       3.7783683E-9
  5855.0       3.754272E-9
  5860.0       3.730586E-9
  5865.0       3.7075365E-9
  5870.0       3.6847445E-9
  5875.0       3.6616286E-9
  5880.0       3.6377505E-9
  5885.0       3.6144268E-9
  5890.0       3.5975722E-9
  5895.0       3.5948313E-9
  5900.0       3.6260739E-9
  5905.0       3.7367487E-9
  5910.0       3.758849E-9
  5915.0       3.7757406E-9
  5920.0       3.8097148E-9
  5925.0       3.885281E-9
  5930.0       3.8819286E-9
  5935.0       3.835403E-9
  5940.0       3.8248036E-9
  5945.0       3.7991037E-9
  5950.0       3.818555E-9
  5955.0       3.8170076E-9
  5960.0       3.794709E-9
  5965.0       3.7892236E-9
  5970.0       3.8104764E-9
  5975.0       3.8085295E-9
  5980.0       3.786268E-9
  5985.0       3.7662518E-9
  5990.0       3.783831E-9
  5995.0       3.7944634E-9
  6000.0       3.7779477E-9
  6005.0       3.734317E-9
  6010.0       3.7087509E-9
  6015.0       3.6902434E-9
  6020.0       3.686455E-9
  6025.0       3.7116707E-9
  6030.0       3.7931303E-9
  6035.0       3.8671004E-9
  6040.0       3.8510004E-9
  6045.0       3.919759E-9
  6050.0       3.870634E-9
  6055.0       3.8440127E-9
  6060.0       3.8156163E-9
  6065.0       3.8067975E-9
  6070.0       3.845027E-9
  6075.0       3.8304386E-9
  6080.0       3.7718566E-9
  6085.0       3.737391E-9
  6090.0       3.728968E-9
  6095.0       3.736046E-9
  6100.0       3.7552104E-9
  6105.0       3.7381107E-9
  6110.0       3.7861696E-9
  6115.0       3.8076697E-9
  6120.0       3.7461203E-9
  6125.0       3.7294003E-9
  6130.0       3.7160826E-9
  6135.0       3.6526155E-9
  6140.0       3.6623746E-9
  6145.0       3.7378727E-9
  6150.0       3.7103804E-9
  6155.0       3.652296E-9
  6160.0       3.5348675E-9
  6165.0       3.5004142E-9
  6170.0       3.577951E-9
  6175.0       3.687737E-9
  6180.0       3.7249221E-9
  6185.0       3.7226873E-9
  6190.0       3.689482E-9
  6195.0       3.7182575E-9
  6200.0       3.729476E-9
  6205.0       3.7882613E-9
  6210.0       3.7406562E-9
  6215.0       3.6375485E-9
  6220.0       3.6534846E-9
  6225.0       3.698004E-9
  6230.0       3.6469052E-9
  6235.0       3.6297978E-9
  6240.0       3.6124777E-9
  6245.0       3.5962906E-9
  6250.0       3.5555088E-9
  6255.0       3.5213106E-9
  6260.0       3.5619288E-9
  6265.0       3.6645E-9
  6270.0       3.7139092E-9
  6275.0       3.726673E-9
  6280.0       3.6078625E-9
  6285.0       3.6556822E-9
  6290.0       3.6836019E-9
  6295.0       3.6381849E-9
  6300.0       3.572626E-9
  6305.0       3.607301E-9
  6310.0       3.6401893E-9
  6315.0       3.5634513E-9
  6320.0       3.5959768E-9
  6325.0       3.6638697E-9
  6330.0       3.6720114E-9
  6335.0       3.6304197E-9
  6340.0       3.6333152E-9
  6345.0       3.637308E-9
  6350.0       3.6896943E-9
  6355.0       3.649554E-9
  6360.0       3.566554E-9
  6365.0       3.5901693E-9
  6370.0       3.6953631E-9
  6375.0       3.7425E-9
  6380.0       3.6982835E-9
  6385.0       3.708324E-9
  6390.0       3.6842034E-9
  6395.0       3.6121357E-9
  6400.0       3.6166865E-9
  6405.0       3.6097156E-9
  6410.0       3.5965817E-9
  6415.0       3.5903462E-9
  6420.0       3.6137728E-9
  6425.0       3.6520973E-9
  6430.0       3.626616E-9
  6435.0       3.6550944E-9
  6440.0       3.6586625E-9
  6445.0       3.6662917E-9
  6450.0       3.60715E-9
  6455.0       3.6262777E-9
  6460.0       3.6210157E-9
  6465.0       3.6283732E-9
  6470.0       3.6439753E-9
  6475.0       3.633315E-9
  6480.0       3.6116101E-9
  6485.0       3.5904708E-9
  6490.0       3.5446839E-9
  6495.0       3.4441594E-9
  6500.0       3.5460095E-9
  6505.0       3.638795E-9
  6510.0       3.6796894E-9
  6515.0       3.6401744E-9
  6520.0       3.620377E-9
  6525.0       3.623439E-9
  6530.0       3.60389E-9
  6535.0       3.6393732E-9
  6540.0       3.6666805E-9
  6545.0       3.6355368E-9
  6550.0       3.5673757E-9
  6555.0       3.472451E-9
  6560.0       3.2619258E-9
  6565.0       3.1783376E-9
  6570.0       3.4328542E-9
  6575.0       3.5151062E-9
  6580.0       3.6079137E-9
  6585.0       3.6019416E-9
  6590.0       3.5646721E-9
  6595.0       3.533351E-9
  6600.0       3.5705505E-9
  6605.0       3.6000758E-9
  6610.0       3.5902386E-9
  6615.0       3.6200427E-9
  6620.0       3.6216696E-9
  6625.0       3.5926426E-9
  6630.0       3.5041425E-9
  6635.0       3.4771976E-9
  6640.0       3.5264887E-9
  6645.0       3.5296543E-9
  6650.0       3.5369918E-9
  6655.0       3.5845682E-9
  6660.0       3.5574996E-9
  6665.0       3.5086152E-9
  6670.0       3.5358443E-9
  6675.0       3.545045E-9
  6680.0       3.5685581E-9
  6685.0       3.6117527E-9
  6690.0       3.5940784E-9
  6695.0       3.5248562E-9
  6700.0       3.5112986E-9
  6705.0       3.521217E-9
  6710.0       3.515671E-9
  6715.0       3.446529E-9
  6720.0       3.4692154E-9
  6725.0       3.5499057E-9
  6730.0       3.5848615E-9
  6735.0       3.5081849E-9
  6740.0       3.4835452E-9
  6745.0       3.4873489E-9
  6750.0       3.4923542E-9
  6755.0       3.4875964E-9
  6760.0       3.5080012E-9
  6765.0       3.5032892E-9
  6770.0       3.4769676E-9
  6775.0       3.5198267E-9
  6780.0       3.515591E-9
  6785.0       3.4806746E-9
  6790.0       3.4844414E-9
  6795.0       3.5062564E-9
  6800.0       3.4711654E-9
  6805.0       3.4153793E-9
  6810.0       3.451503E-9
  6815.0       3.4789878E-9
  6820.0       3.479942E-9
  6825.0       3.4743879E-9
  6830.0       3.4735363E-9
  6835.0       3.4886878E-9
  6840.0       3.485595E-9
  6845.0       3.4807093E-9
  6850.0       3.4753793E-9
  6855.0       3.4705918E-9
  6860.0       3.4666912E-9
  6865.0       3.461491E-9
  6870.0       3.4547947E-9
  6875.0       3.450019E-9
  6880.0       3.4464833E-9
  6885.0       3.443309E-9
  6890.0       3.4400427E-9
  6895.0       3.4372836E-9
  6900.0       3.435242E-9
  6905.0       3.4332357E-9
  6910.0       3.4312906E-9
  6915.0       3.4312648E-9
  6920.0       3.4316476E-9
  6925.0       3.4298866E-9
  6930.0       3.4273364E-9
  6935.0       3.4242773E-9
  6940.0       3.421955E-9
  6945.0       3.4202443E-9
  6950.0       3.4183454E-9
  6955.0       3.41706E-9
  6960.0       3.4154402E-9
  6965.0       3.414261E-9
  6970.0       3.4085106E-9
  6975.0       3.3468432E-9
  6980.0       3.343362E-9
  6985.0       3.3874028E-9
  6990.0       3.3919247E-9
  6995.0       3.397556E-9
  7000.0       3.3622056E-9
  7005.0       3.340679E-9
  7010.0       3.3352239E-9
  7015.0       3.30417E-9
  7020.0       3.2988068E-9
  7025.0       3.2905974E-9
  7030.0       3.3291492E-9
  7035.0       3.3251957E-9
  7040.0       3.3604988E-9
  7045.0       3.4014394E-9
  7050.0       3.3825471E-9
  7055.0       3.3469088E-9
  7060.0       3.3457948E-9
  7065.0       3.3405378E-9
  7070.0       3.3400336E-9
  7075.0       3.3754268E-9
  7080.0       3.3704364E-9
  7085.0       3.280971E-9
  7090.0       3.2584784E-9
  7095.0       3.288442E-9
  7100.0       3.3391137E-9
  7105.0       3.3259973E-9
  7110.0       3.299599E-9
  7115.0       3.3013012E-9
  7120.0       3.3011207E-9
  7125.0       3.301394E-9
  7130.0       3.300803E-9
  7135.0       3.3482375E-9
  7140.0       3.3543912E-9
  7145.0       3.3287924E-9
  7150.0       3.3201626E-9
  7155.0       3.3359353E-9
  7160.0       3.3280338E-9
  7165.0       3.3054401E-9
  7170.0       3.3110676E-9
  7175.0       3.2531153E-9
  7180.0       3.1804719E-9
  7185.0       3.105275E-9
  7190.0       3.084482E-9
  7195.0       3.131314E-9
  7200.0       3.172877E-9
  7205.0       3.1823375E-9
  7210.0       3.2341034E-9
  7215.0       3.2849237E-9
  7220.0       3.314004E-9
  7225.0       3.3285403E-9
  7230.0       3.3250485E-9
  7235.0       3.2859029E-9
  7240.0       3.2693839E-9
  7245.0       3.2543284E-9
  7250.0       3.2597678E-9
  7255.0       3.257029E-9
  7260.0       3.2371434E-9
  7265.0       3.2016725E-9
  7270.0       3.2442782E-9
  7275.0       3.2139496E-9
  7280.0       3.1797176E-9
  7285.0       3.144192E-9
  7290.0       3.1220855E-9
  7295.0       3.2071987E-9
  7300.0       3.2183245E-9
  7305.0       3.1931495E-9
  7310.0       3.18019E-9
  7315.0       3.2004353E-9
  7320.0       3.199645E-9
  7325.0       3.209408E-9
  7330.0       3.2069436E-9
  7335.0       3.2620342E-9
  7340.0       3.319415E-9
  7345.0       3.2782885E-9
  7350.0       3.2012983E-9
  7355.0       3.1708478E-9
  7360.0       3.1817755E-9
  7365.0       3.1887795E-9
  7370.0       3.2028058E-9
  7375.0       3.225759E-9
  7380.0       3.209057E-9
  7385.0       3.119297E-9
  7390.0       3.1113727E-9
  7395.0       3.1664582E-9
  7400.0       3.173538E-9
  7405.0       3.1857899E-9
  7410.0       3.1270475E-9
  7415.0       3.0950376E-9
  7420.0       3.1105134E-9
  7425.0       3.1437846E-9
  7430.0       3.180758E-9
  7435.0       3.179612E-9
  7440.0       3.1510876E-9
  7445.0       3.1188796E-9
  7450.0       3.1596454E-9
  7455.0       3.1809098E-9
  7460.0       3.1236893E-9
  7465.0       3.135665E-9
  7470.0       3.1546148E-9
  7475.0       3.1291367E-9
  7480.0       3.121472E-9
  7485.0       3.1146858E-9
  7490.0       3.0851617E-9
  7495.0       3.0466516E-9
  7500.0       3.0747156E-9
  7505.0       3.0754224E-9
  7510.0       3.0563136E-9
  7515.0       3.0915124E-9
  7520.0       3.1017044E-9
  7525.0       3.0749274E-9
  7530.0       3.0886533E-9
  7535.0       3.1098837E-9
  7540.0       3.1091563E-9
  7545.0       3.0797989E-9
  7550.0       3.071409E-9
  7555.0       3.0672722E-9
  7560.0       3.0623724E-9
  7565.0       3.0587515E-9
  7570.0       3.0551914E-9
  7575.0       3.0511806E-9
  7580.0       3.0487601E-9
  7585.0       3.0465244E-9
  7590.0       3.0435539E-9
  7595.0       3.0412013E-9
  7600.0       3.0397158E-9
  7605.0       3.0380862E-9
  7610.0       3.0354328E-9
  7615.0       3.0325364E-9
  7620.0       3.0296128E-9
  7625.0       3.0266745E-9
  7630.0       3.0237248E-9
  7635.0       3.0207978E-9
  7640.0       3.0179153E-9
  7645.0       3.0150935E-9
  7650.0       3.0123501E-9
  7655.0       3.0097074E-9
  7660.0       3.007187E-9
  7665.0       3.0047875E-9
  7670.0       3.0022087E-9
  7675.0       2.9988578E-9
  7680.0       2.9962246E-9
  7685.0       2.995689E-9
  7690.0       2.9953142E-9
  7695.0       2.9924918E-9
  7700.0       2.989143E-9
  7705.0       2.9855112E-9
  7710.0       2.9819047E-9
  7715.0       2.9800478E-9
  7720.0       2.9794236E-9
  7725.0       2.9785288E-9
  7730.0       2.9867488E-9
  7735.0       3.0094132E-9
  7740.0       2.9882712E-9
  7745.0       2.9374243E-9
  7750.0       2.946957E-9
  7755.0       3.0119898E-9
  7760.0       3.0194611E-9
  7765.0       3.0315506E-9
  7770.0       3.0302099E-9
  7775.0       2.991888E-9
  7780.0       2.963761E-9
  7785.0       2.98882E-9
  7790.0       2.9806133E-9
  7795.0       2.9813099E-9
  7800.0       2.985526E-9
  7805.0       3.0050604E-9
  7810.0       2.952364E-9
  7815.0       2.9936136E-9
  7820.0       3.0210094E-9
  7825.0       3.0105518E-9
  7830.0       2.9541454E-9
  7835.0       2.9213696E-9
  7840.0       2.9880076E-9
  7845.0       3.0021758E-9
  7850.0       2.992614E-9
  7855.0       2.9849119E-9
  7860.0       3.0145089E-9
  7865.0       2.9951084E-9
  7870.0       2.9915466E-9
  7875.0       2.9510723E-9
  7880.0       2.9378973E-9
  7885.0       2.9630212E-9
  7890.0       2.9618217E-9
  7895.0       2.934485E-9
  7900.0       2.9273255E-9
  7905.0       2.9263585E-9
  7910.0       2.913166E-9
  7915.0       2.88281E-9
  7920.0       2.862295E-9
  7925.0       2.8556888E-9
  7930.0       2.8401015E-9
  7935.0       2.8193599E-9
  7940.0       2.8155398E-9
  7945.0       2.8038858E-9
  7950.0       2.8567924E-9
  7955.0       2.9119345E-9
  7960.0       2.9436575E-9
  7965.0       2.9246894E-9
  7970.0       2.9229004E-9
  7975.0       2.9255725E-9
  7980.0       2.9123202E-9
  7985.0       2.9206026E-9
  7990.0       2.897471E-9
  7995.0       2.8631009E-9
  8000.0       2.8537062E-9
  8005.0       2.8846536E-9
  8010.0       2.8872005E-9
  8015.0       2.8962712E-9
  8020.0       2.8889249E-9
  8025.0       2.8728169E-9
  8030.0       2.9047809E-9
  8035.0       2.9409066E-9
  8040.0       2.9130558E-9
  8045.0       2.8365061E-9
  8050.0       2.8361087E-9
  8055.0       2.8887301E-9
  8060.0       2.9064888E-9
  8065.0       2.8743061E-9
  8070.0       2.8517029E-9
  8075.0       2.86078E-9
  8080.0       2.8549898E-9
  8085.0       2.848473E-9
  8090.0       2.836531E-9
  8095.0       2.8194658E-9
  8100.0       2.8291303E-9
  8105.0       2.8510445E-9
  8110.0       2.8274956E-9
  8115.0       2.8142952E-9
  8120.0       2.8596732E-9
  8125.0       2.880081E-9
  8130.0       2.864167E-9
  8135.0       2.8601879E-9
  8140.0       2.854503E-9
  8145.0       2.8335934E-9
  8150.0       2.8227547E-9
  8155.0       2.8180174E-9
  8160.0       2.781632E-9
  8165.0       2.7517455E-9
  8170.0       2.7918778E-9
  8175.0       2.7920006E-9
  8180.0       2.740639E-9
  8185.0       2.735979E-9
  8190.0       2.7650489E-9
  8195.0       2.7313747E-9
  8200.0       2.7790636E-9
  8205.0       2.8402047E-9
  8210.0       2.838029E-9
  8215.0       2.826093E-9
  8220.0       2.790972E-9
  8225.0       2.7455676E-9
  8230.0       2.6856402E-9
  8235.0       2.766646E-9
  8240.0       2.8490463E-9
  8245.0       2.8855387E-9
  8250.0       2.8988267E-9
  8255.0       2.8695928E-9
  8260.0       2.8819982E-9
  8265.0       2.8892198E-9
  8270.0       2.8560878E-9
  8275.0       2.8041098E-9
  8280.0       2.8211946E-9
  8285.0       2.818428E-9
  8290.0       2.8006075E-9
  8295.0       2.779881E-9
  8300.0       2.7692704E-9
  8305.0       2.761395E-9
  8310.0       2.7635283E-9
  8315.0       2.7837586E-9
  8320.0       2.7489713E-9
  8325.0       2.7331113E-9
  8330.0       2.7269065E-9
  8335.0       2.749911E-9
  8340.0       2.7428475E-9
  8345.0       2.7432379E-9
  8350.0       2.7599294E-9
  8355.0       2.7987999E-9
  8360.0       2.779411E-9
  8365.0       2.7682983E-9
  8370.0       2.7901765E-9
  8375.0       2.7991445E-9
  8380.0       2.7646534E-9
  8385.0       2.725602E-9
  8390.0       2.7461666E-9
  8395.0       2.7882427E-9
  8400.0       2.7888647E-9
  8405.0       2.7760503E-9
  8410.0       2.7537266E-9
  8415.0       2.7475282E-9
  8420.0       2.7672789E-9
  8425.0       2.7750469E-9
  8430.0       2.7381828E-9
  8435.0       2.7084748E-9
  8440.0       2.7314215E-9
  8445.0       2.7687965E-9
  8450.0       2.805445E-9
  8455.0       2.7974165E-9
  8460.0       2.7924458E-9
  8465.0       2.7412852E-9
  8470.0       2.7439444E-9
  8475.0       2.7595073E-9
  8480.0       2.786211E-9
  8485.0       2.7875817E-9
  8490.0       2.7483225E-9
  8495.0       2.5859699E-9
  8500.0       2.521264E-9
  8505.0       2.6458005E-9
  8510.0       2.7107863E-9
  8515.0       2.6792046E-9
  8520.0       2.7056641E-9
  8525.0       2.6813134E-9
  8530.0       2.644383E-9
  8535.0       2.4889004E-9
  8540.0       2.221252E-9
  8545.0       2.256248E-9
  8550.0       2.5279738E-9
  8555.0       2.6586793E-9
  8560.0       2.686566E-9
  8565.0       2.7120646E-9
  8570.0       2.7224552E-9
  8575.0       2.705778E-9
  8580.0       2.7079596E-9
  8585.0       2.703135E-9
  8590.0       2.6915368E-9
  8595.0       2.6883575E-9
  8600.0       2.6979643E-9
  8605.0       2.6991553E-9
  8610.0       2.6625817E-9
  8615.0       2.6736349E-9
  8620.0       2.6986697E-9
  8625.0       2.712751E-9
  8630.0       2.7115707E-9
  8635.0       2.7103324E-9
  8640.0       2.706761E-9
  8645.0       2.6905969E-9
  8650.0       2.6157165E-9
  8655.0       2.516855E-9
  8660.0       2.3094382E-9
  8665.0       2.3278623E-9
  8670.0       2.5083047E-9
  8675.0       2.5760802E-9
  8680.0       2.6195632E-9
  8685.0       2.5892124E-9
  8690.0       2.5845568E-9
  8695.0       2.648986E-9
  8700.0       2.6517961E-9
  8705.0       2.6832492E-9
  8710.0       2.6689708E-9
  8715.0       2.6786844E-9
  8720.0       2.6901352E-9
  8725.0       2.6515041E-9
  8730.0       2.6267941E-9
  8735.0       2.5936093E-9
  8740.0       2.5805973E-9
  8745.0       2.643762E-9
  8750.0       2.6434188E-9
  8755.0       2.635305E-9
  8760.0       2.6376463E-9
  8765.0       2.6209488E-9
  8770.0       2.618887E-9
  8775.0       2.6225715E-9
  8780.0       2.650677E-9
  8785.0       2.642732E-9
  8790.0       2.5998423E-9
  8795.0       2.5753668E-9
  8800.0       2.5917064E-9
  8805.0       2.4941496E-9
  8810.0       2.494657E-9
  8815.0       2.5788796E-9
  8820.0       2.5928386E-9
  8825.0       2.572555E-9
  8830.0       2.5929954E-9
  8835.0       2.5818037E-9
  8840.0       2.5960893E-9
  8845.0       2.6415412E-9
  8850.0       2.6307683E-9
  8855.0       2.6143705E-9
  8860.0       2.5657054E-9
  8865.0       2.5297935E-9
  8870.0       2.554449E-9
  8875.0       2.582113E-9
  8880.0       2.5793143E-9
  8885.0       2.5843023E-9
  8890.0       2.5852687E-9
  8895.0       2.5840812E-9
  8900.0       2.5856126E-9
  8905.0       2.5903093E-9
  8910.0       2.5836089E-9
  8915.0       2.5870426E-9
  8920.0       2.5663105E-9
  8925.0       2.5615599E-9
  8930.0       2.5911548E-9
  8935.0       2.5961695E-9
  8940.0       2.5738742E-9
  8945.0       2.5511298E-9
  8950.0       2.560556E-9
  8955.0       2.5764357E-9
  8960.0       2.5486127E-9
  8965.0       2.5120048E-9
  8970.0       2.500206E-9
  8975.0       2.517035E-9
  8980.0       2.5141882E-9
  8985.0       2.4564373E-9
  8990.0       2.3962996E-9
  8995.0       2.4504003E-9
  9000.0       2.4677922E-9
  9005.0       2.4270759E-9
  9010.0       2.3877171E-9
  9015.0       2.4000866E-9
  9020.0       2.4502522E-9
  9025.0       2.487628E-9
  9030.0       2.5631908E-9
  9035.0       2.612813E-9
  9040.0       2.6560691E-9
  9045.0       2.663204E-9
  9050.0       2.6498195E-9
  9055.0       2.5936813E-9
  9060.0       2.5578193E-9
  9065.0       2.5119138E-9
  9070.0       2.4737308E-9
  9075.0       2.4333897E-9
  9080.0       2.4070974E-9
  9085.0       2.391481E-9
  9090.0       2.3860445E-9
  9095.0       2.427237E-9
  9100.0       2.433448E-9
  9105.0       2.4494589E-9
  9110.0       2.4906037E-9
  9115.0       2.4687408E-9
  9120.0       2.4863496E-9
  9125.0       2.4833162E-9
  9130.0       2.4422677E-9
  9135.0       2.3906517E-9
  9140.0       2.3779336E-9
  9145.0       2.3869995E-9
  9150.0       2.3483682E-9
  9155.0       2.3378628E-9
  9160.0       2.3613715E-9
  9165.0       2.3577227E-9
  9170.0       2.3056284E-9
  9175.0       2.2903248E-9
  9180.0       2.3372897E-9
  9185.0       2.366595E-9
  9190.0       2.3356233E-9
  9195.0       2.350857E-9
  9200.0       2.3474296E-9
  9205.0       2.3430524E-9
  9210.0       2.3212836E-9
  9215.0       2.319278E-9
  9220.0       2.3361095E-9
  9225.0       2.3285458E-9
  9230.0       2.3257032E-9
  9235.0       2.3323932E-9
  9240.0       2.3124063E-9
  9245.0       2.320242E-9
  9250.0       2.3194306E-9
  9255.0       2.3231925E-9
  9260.0       2.3365623E-9
  9265.0       2.3621027E-9
  9270.0       2.3911804E-9
  9275.0       2.3676716E-9
  9280.0       2.3455238E-9
  9285.0       2.3866982E-9
  9290.0       2.370001E-9
  9295.0       2.3628972E-9
  9300.0       2.3529083E-9
  9305.0       2.3330602E-9
  9310.0       2.3047737E-9
  9315.0       2.2341329E-9
  9320.0       2.2169524E-9
  9325.0       2.2119107E-9
  9330.0       2.223845E-9
  9335.0       2.1834794E-9
  9340.0       2.1583044E-9
  9345.0       2.1493851E-9
  9350.0       2.2075044E-9
  9355.0       2.187639E-9
  9360.0       2.2055258E-9
  9365.0       2.2318258E-9
  9370.0       2.2218944E-9
  9375.0       2.2417752E-9
  9380.0       2.249699E-9
  9385.0       2.3076454E-9
  9390.0       2.4040259E-9
  9395.0       2.4613305E-9
  9400.0       2.4237767E-9
  9405.0       2.3897913E-9
  9410.0       2.335319E-9
  9415.0       2.3071374E-9
  9420.0       2.2955735E-9
  9425.0       2.24026E-9
  9430.0       2.1919129E-9
  9435.0       2.2169202E-9
  9440.0       2.1527136E-9
  9445.0       2.2078859E-9
  9450.0       2.241979E-9
  9455.0       2.2058642E-9
  9460.0       2.1977418E-9
  9465.0       2.254542E-9
  9470.0       2.2892928E-9
  9475.0       2.2711188E-9
  9480.0       2.2469933E-9
  9485.0       2.2848312E-9
  9490.0       2.2869229E-9
  9495.0       2.2103854E-9
  9500.0       2.1686657E-9
  9505.0       2.287641E-9
  9510.0       2.3498299E-9
  9515.0       2.3118716E-9
  9520.0       2.2195576E-9
  9525.0       2.2094477E-9
  9530.0       2.2552626E-9
  9535.0       2.2621427E-9
  9540.0       2.2343645E-9
  9545.0       2.1677777E-9
  9550.0       2.1429485E-9
  9555.0       2.068615E-9
  9560.0       2.2029105E-9
  9565.0       2.1927213E-9
  9570.0       2.2047593E-9
  9575.0       2.2615467E-9
  9580.0       2.2580111E-9
  9585.0       2.2219413E-9
  9590.0       2.181712E-9
  9595.0       2.1668614E-9
  9600.0       2.2103637E-9
  9605.0       2.2124482E-9
  9610.0       2.2078726E-9
  9615.0       2.1997812E-9
  9620.0       2.173821E-9
  9625.0       2.2017825E-9
  9630.0       2.1919262E-9
  9635.0       2.169344E-9
  9640.0       2.170932E-9
  9645.0       2.1719042E-9
  9650.0       2.1887216E-9
  9655.0       2.20927E-9
  9660.0       2.1808135E-9
  9665.0       2.1827702E-9
  9670.0       2.2234248E-9
  9675.0       2.2180933E-9
  9680.0       2.1945379E-9
  9685.0       2.1883944E-9
  9690.0       2.1812132E-9
  9695.0       2.1829207E-9
  9700.0       2.169606E-9
  9705.0       2.2019258E-9
  9710.0       2.189147E-9
  9715.0       2.1653E-9
  9720.0       2.1794377E-9
  9725.0       2.1584536E-9
  9730.0       2.1433377E-9
  9735.0       2.118423E-9
  9740.0       2.1309512E-9
  9745.0       2.1288495E-9
  9750.0       2.1640423E-9
  9755.0       2.1635682E-9
  9760.0       2.1439364E-9
  9765.0       2.150382E-9
  9770.0       2.1534454E-9
  9775.0       2.176854E-9
  9780.0       2.136006E-9
  9785.0       2.1051685E-9
  9790.0       2.1320254E-9
  9795.0       2.1460238E-9
  9800.0       2.1522222E-9
  9805.0       2.1650572E-9
  9810.0       2.1571185E-9
  9815.0       2.1501907E-9
  9820.0       2.1858533E-9
  9825.0       2.1865365E-9
  9830.0       2.1246618E-9
  9835.0       2.149762E-9
  9840.0       2.1358595E-9
  9845.0       2.1461186E-9
  9850.0       2.1247928E-9
  9855.0       2.1000472E-9
  9860.0       2.1413993E-9
  9865.0       2.1394144E-9
  9870.0       2.1075783E-9
  9875.0       2.116605E-9
  9880.0       2.135951E-9
  9885.0       2.1571471E-9
  9890.0       2.1901165E-9
  9895.0       2.1517714E-9
  9900.0       2.152407E-9
  9905.0       2.1462145E-9
  9910.0       2.1731255E-9
  9915.0       2.101458E-9
  9920.0       2.092213E-9
  9925.0       2.1184263E-9
  9930.0       2.1392796E-9
  9935.0       2.1398965E-9
  9940.0       2.0971107E-9
  9945.0       2.1331172E-9
  9950.0       2.1495856E-9
  9955.0       2.1241593E-9
  9960.0       2.0818551E-9
  9965.0       2.0955362E-9
  9970.0       2.1014335E-9
  9975.0       2.1251583E-9
  9980.0       2.1008468E-9
  9985.0       2.0922581E-9
  9990.0       2.0921271E-9
  9995.0       2.1073565E-9
  10000.0      2.134867E-9
  10005.0      2.1464712E-9
  10010.0      2.1553779E-9
  10015.0      2.1619524E-9
  10020.0      2.163155E-9
  10025.0      2.1573145E-9
  10030.0      2.1462923E-9
  10035.0      2.1333126E-9
  10040.0      2.1216482E-9
  10045.0      2.1136197E-9
  10050.0      2.1091255E-9
  10055.0      2.1070823E-9
  10060.0      2.106362E-9
  10065.0      2.1060853E-9
  10070.0      2.1060693E-9
  10075.0      2.1064386E-9
  10080.0      2.1072912E-9
  10085.0      2.1084423E-9
  10090.0      2.1089401E-9
  10095.0      2.107525E-9
  10100.0      2.1029987E-9
  10105.0      2.0949589E-9
  10110.0      2.085043E-9
  10115.0      2.0757096E-9
  10120.0      2.0693867E-9
  10125.0      2.0674067E-9
  10130.0      2.0683657E-9
  10135.0      2.0697715E-9
  10140.0      2.0691422E-9
  10145.0      2.0650703E-9
  10150.0      2.058959E-9
  10155.0      2.053277E-9
  10160.0      2.0505344E-9
  10165.0      2.0522215E-9
  10170.0      2.0571946E-9
  10175.0      2.0632882E-9
  10180.0      2.0682858E-9
  10185.0      2.0705202E-9
  10190.0      2.069679E-9
  10195.0      2.0659974E-9
  10200.0      2.0597943E-9
  10205.0      2.0517579E-9
  10210.0      2.0435404E-9
  10215.0      2.0371427E-9
  10220.0      2.034507E-9
  10225.0      2.0364517E-9
  10230.0      2.0409214E-9
  10235.0      2.0447315E-9
  10240.0      2.0447488E-9
  10245.0      2.0392878E-9
  10250.0      2.0304318E-9
  10255.0      2.0217394E-9
  10260.0      2.0167565E-9
  10265.0      2.0174575E-9
  10270.0      2.0216326E-9
  10275.0      2.0254642E-9
  10280.0      2.0251611E-9
  10285.0      2.0184951E-9
  10290.0      2.00742E-9
  10295.0      1.995469E-9
  10300.0      1.9862116E-9
  10305.0      1.9818707E-9
  10310.0      1.98121E-9
  10315.0      1.981651E-9
  10320.0      1.9805901E-9
  10325.0      1.9764186E-9
  10330.0      1.970146E-9
  10335.0      1.963782E-9
  10340.0      1.959362E-9
  10345.0      1.9581357E-9
  10350.0      1.9593596E-9
  10355.0      1.9614934E-9
  10360.0      1.9629653E-9
  10365.0      1.9626016E-9
  10370.0      1.9602915E-9
  10375.0      1.9563147E-9
  10380.0      1.9510142E-9
  10385.0      1.945001E-9
  10390.0      1.939518E-9
  10395.0      1.9360797E-9
  10400.0      1.9361268E-9
  10405.0      1.9403064E-9
  10410.0      1.947141E-9
  10415.0      1.9543553E-9
  10420.0      1.959658E-9
  10425.0      1.9615602E-9
  10430.0      1.9606101E-9
  10435.0      1.958156E-9
  10440.0      1.9555875E-9
  10445.0      1.9540034E-9
  10450.0      1.9537247E-9
  10455.0      1.954779E-9
  10460.0      1.9571424E-9
  10465.0      1.9605881E-9
  10470.0      1.964296E-9
  10475.0      1.9672102E-9
  10480.0      1.9683006E-9
  10485.0      1.96684E-9
  10490.0      1.9628845E-9
  10495.0      1.9568152E-9
  10500.0      1.949041E-9
  10505.0      1.9401E-9
  10510.0      1.930834E-9
  10515.0      1.9221944E-9
  10520.0      1.9151305E-9
  10525.0      1.9103605E-9
  10530.0      1.9080095E-9
  10535.0      1.907963E-9
  10540.0      1.9100694E-9
  10545.0      1.9139268E-9
  10550.0      1.9185045E-9
  10555.0      1.9225215E-9
  10560.0      1.924732E-9
  10565.0      1.9244428E-9
  10570.0      1.922393E-9
  10575.0      1.9198845E-9
  10580.0      1.9182245E-9
  10585.0      1.9182322E-9
  10590.0      1.9194741E-9
  10595.0      1.9210447E-9
  10600.0      1.9219955E-9
  10605.0      1.9216897E-9
  10610.0      1.9202056E-9
  10615.0      1.917918E-9
  10620.0      1.4366511E-9
