# WAVELENGTH   FLUX  
  1150.0       0.0   
  1155.0       0.0   
  1160.0       0.0   
  1165.0       0.0   
  1170.0       0.0   
  1175.0       0.0   
  1180.0       0.0   
  1185.0       0.0   
  1190.0       0.0   
  1195.0       0.0   
  1200.0       0.0   
  1205.0       0.0   
  1210.0       0.0   
  1215.0       0.0   
  1220.0       0.0   
  1225.0       0.0   
  1230.0       0.0   
  1235.0       0.0   
  1240.0       0.0   
  1245.0       0.0   
  1250.0       0.0   
  1255.0       0.0   
  1260.0       0.0   
  1265.0       0.0   
  1270.0       0.0   
  1275.0       0.0   
  1280.0       0.0   
  1285.0       0.0   
  1290.0       0.0   
  1295.0       0.0   
  1300.0       0.0   
  1305.0       0.0   
  1310.0       0.0   
  1315.0       0.0   
  1320.0       0.0   
  1325.0       0.0   
  1330.0       0.0   
  1335.0       0.0   
  1340.0       0.0   
  1345.0       0.0   
  1350.0       0.0   
  1355.0       0.0   
  1360.0       0.0   
  1365.0       0.0   
  1370.0       0.0   
  1375.0       0.0   
  1380.0       0.0   
  1385.0       0.0   
  1390.0       0.0   
  1395.0       0.0   
  1400.0       0.0   
  1405.0       0.0   
  1410.0       0.0   
  1415.0       0.0   
  1420.0       0.0   
  1425.0       0.0   
  1430.0       0.0   
  1435.0       0.0   
  1440.0       0.0   
  1445.0       0.0   
  1450.0       0.0   
  1455.0       0.0   
  1460.0       0.0   
  1465.0       0.0   
  1470.0       0.0   
  1475.0       0.0   
  1480.0       0.0   
  1485.0       0.0   
  1490.0       0.0   
  1495.0       0.0   
  1500.0       0.0   
  1505.0       0.0   
  1510.0       0.0   
  1515.0       0.0   
  1520.0       0.0   
  1525.0       0.0   
  1530.0       0.0   
  1535.0       0.0   
  1540.0       0.0   
  1545.0       0.0   
  1550.0       0.0   
  1555.0       0.0   
  1560.0       0.0   
  1565.0       0.0   
  1570.0       0.0   
  1575.0       0.0   
  1580.0       0.0   
  1585.0       0.0   
  1590.0       0.0   
  1595.0       0.0   
  1600.0       0.0   
  1605.0       0.0   
  1610.0       0.0   
  1615.0       0.0   
  1620.0       0.0   
  1625.0       0.0   
  1630.0       0.0   
  1635.0       0.0   
  1640.0       0.0   
  1645.0       0.0   
  1650.0       0.0   
  1655.0       0.0   
  1660.0       0.0   
  1665.0       0.0   
  1670.0       0.0   
  1675.0       0.0   
  1680.0       0.0   
  1685.0       0.0   
  1690.0       0.0   
  1695.0       0.0   
  1700.0       0.0   
  1705.0       0.0   
  1710.0       0.0   
  1715.0       0.0   
  1720.0       0.0   
  1725.0       0.0   
  1730.0       0.0   
  1735.0       0.0   
  1740.0       0.0   
  1745.0       0.0   
  1750.0       0.0   
  1755.0       0.0   
  1760.0       0.0   
  1765.0       0.0   
  1770.0       0.0   
  1775.0       0.0   
  1780.0       0.0   
  1785.0       0.0   
  1790.0       0.0   
  1795.0       0.0   
  1800.0       0.0   
  1805.0       0.0   
  1810.0       0.0   
  1815.0       0.0   
  1820.0       0.0   
  1825.0       0.0   
  1830.0       0.0   
  1835.0       0.0   
  1840.0       0.0   
  1845.0       0.0   
  1850.0       0.0   
  1855.0       0.0   
  1860.0       0.0   
  1865.0       0.0   
  1870.0       0.0   
  1875.0       0.0   
  1880.0       0.0   
  1885.0       0.0   
  1890.0       0.0   
  1895.0       0.0   
  1900.0       0.0   
  1905.0       0.0   
  1910.0       0.0   
  1915.0       0.0   
  1920.0       0.0   
  1925.0       0.0   
  1930.0       0.0   
  1935.0       0.0   
  1940.0       0.0   
  1945.0       0.0   
  1950.0       0.0   
  1955.0       0.0   
  1960.0       0.0   
  1965.0       0.0   
  1970.0       0.0   
  1975.0       0.0   
  1980.0       0.0   
  1985.0       0.0   
  1990.0       0.0   
  1995.0       0.0   
  2000.0       0.0   
  2005.0       0.0   
  2010.0       0.0   
  2015.0       0.0   
  2020.0       0.0   
  2025.0       0.0   
  2030.0       0.0   
  2035.0       0.0   
  2040.0       0.0   
  2045.0       0.0   
  2050.0       0.0   
  2055.0       0.0   
  2060.0       0.0   
  2065.0       0.0   
  2070.0       0.0   
  2075.0       0.0   
  2080.0       0.0   
  2085.0       0.0   
  2090.0       0.0   
  2095.0       0.0   
  2100.0       0.0   
  2105.0       0.0   
  2110.0       0.0   
  2115.0       0.0   
  2120.0       0.0   
  2125.0       0.0   
  2130.0       0.0   
  2135.0       0.0   
  2140.0       0.0   
  2145.0       0.0   
  2150.0       0.0   
  2155.0       0.0   
  2160.0       0.0   
  2165.0       0.0   
  2170.0       0.0   
  2175.0       0.0   
  2180.0       0.0   
  2185.0       0.0   
  2190.0       0.0   
  2195.0       0.0   
  2200.0       0.0   
  2205.0       0.0   
  2210.0       0.0   
  2215.0       0.0   
  2220.0       0.0   
  2225.0       0.0   
  2230.0       0.0   
  2235.0       0.0   
  2240.0       0.0   
  2245.0       0.0   
  2250.0       0.0   
  2255.0       0.0   
  2260.0       0.0   
  2265.0       0.0   
  2270.0       0.0   
  2275.0       0.0   
  2280.0       0.0   
  2285.0       0.0   
  2290.0       0.0   
  2295.0       0.0   
  2300.0       0.0   
  2305.0       0.0   
  2310.0       0.0   
  2315.0       0.0   
  2320.0       0.0   
  2325.0       0.0   
  2330.0       0.0   
  2335.0       0.0   
  2340.0       0.0   
  2345.0       0.0   
  2350.0       0.0   
  2355.0       0.0   
  2360.0       0.0   
  2365.0       0.0   
  2370.0       0.0   
  2375.0       0.0   
  2380.0       0.0   
  2385.0       0.0   
  2390.0       0.0   
  2395.0       0.0   
  2400.0       0.0   
  2405.0       0.0   
  2410.0       0.0   
  2415.0       0.0   
  2420.0       0.0   
  2425.0       0.0   
  2430.0       0.0   
  2435.0       0.0   
  2440.0       0.0   
  2445.0       0.0   
  2450.0       0.0   
  2455.0       0.0   
  2460.0       0.0   
  2465.0       0.0   
  2470.0       0.0   
  2475.0       0.0   
  2480.0       0.0   
  2485.0       0.0   
  2490.0       0.0   
  2495.0       0.0   
  2500.0       4.832048E-16
  2505.0       3.8598525E-15
  2510.0       8.200971E-15
  2515.0       1.4952332E-14
  2520.0       1.929155E-14
  2525.0       2.2666263E-14
  2530.0       2.3147549E-14
  2535.0       2.2664369E-14
  2540.0       1.880454E-14
  2545.0       1.1086789E-14
  2550.0       1.4438862E-15
  2555.0       0.0   
  2560.0       0.0   
  2565.0       0.0   
  2570.0       0.0   
  2575.0       0.0   
  2580.0       0.0   
  2585.0       0.0   
  2590.0       0.0   
  2595.0       0.0   
  2600.0       7.247523E-15
  2605.0       5.934619E-14
  2610.0       1.2782799E-13
  2615.0       1.9919777E-13
  2620.0       2.6043596E-13
  2625.0       3.0575694E-13
  2630.0       3.2744432E-13
  2635.0       3.148876E-13
  2640.0       2.598906E-13
  2645.0       1.5473639E-13
  2650.0       2.0215908E-14
  2655.0       0.0   
  2660.0       0.0   
  2665.0       0.0   
  2670.0       0.0   
  2675.0       0.0   
  2680.0       0.0   
  2685.0       0.0   
  2690.0       0.0   
  2695.0       0.0   
  2700.0       1.062895E-13
  2705.0       8.7619186E-13
  2710.0       1.938663E-12
  2715.0       3.1949786E-12
  2720.0       4.60801E-12
  2725.0       6.151232E-12
  2730.0       7.794267E-12
  2735.0       9.503828E-12
  2740.0       1.12514815E-11
  2745.0       1.3006819E-11
  2750.0       1.4739017E-11
  2755.0       1.6418153E-11
  2760.0       1.8021067E-11
  2765.0       1.9530924E-11
  2770.0       2.0927916E-11
  2775.0       2.2187946E-11
  2780.0       2.3295576E-11
  2785.0       2.4226728E-11
  2790.0       2.4961545E-11
  2795.0       2.5483228E-11
  2800.0       2.5771024E-11
  2805.0       2.581818E-11
  2810.0       2.5657514E-11
  2815.0       2.5331435E-11
  2820.0       2.4884829E-11
  2825.0       2.4358706E-11
  2830.0       2.3801227E-11
  2835.0       2.3257772E-11
  2840.0       2.2767375E-11
  2845.0       2.2381631E-11
  2850.0       2.2136726E-11
  2855.0       2.206832E-11
  2860.0       2.2161939E-11
  2865.0       2.2393962E-11
  2870.0       2.2738816E-11
  2875.0       2.3174783E-11
  2880.0       2.367342E-11
  2885.0       2.4210167E-11
  2890.0       2.4758974E-11
  2895.0       2.5295675E-11
  2900.0       2.5794788E-11
  2905.0       2.6239384E-11
  2910.0       2.6634334E-11
  2915.0       2.699069E-11
  2920.0       2.7320533E-11
  2925.0       2.7638336E-11
  2930.0       2.795658E-11
  2935.0       2.8289834E-11
  2940.0       2.8649604E-11
  2945.0       2.9045549E-11
  2950.0       2.949405E-11
  2955.0       3.000332E-11
  2960.0       3.057385E-11
  2965.0       3.1201732E-11
  2970.0       3.188074E-11
  2975.0       3.260943E-11
  2980.0       3.338443E-11
  2985.0       3.420137E-11
  2990.0       3.5054418E-11
  2995.0       3.594422E-11
  3000.0       3.6862867E-11
  3005.0       3.7810945E-11
  3010.0       3.878464E-11
  3015.0       3.9791562E-11
  3020.0       4.0833215E-11
  3025.0       4.1910076E-11
  3030.0       4.30255E-11
  3035.0       4.418293E-11
  3040.0       4.538319E-11
  3045.0       4.6629388E-11
  3050.0       4.792272E-11
  3055.0       4.92673E-11
  3060.0       5.0652767E-11
  3065.0       5.2079212E-11
  3070.0       5.353995E-11
  3075.0       5.5025283E-11
  3080.0       5.653278E-11
  3085.0       5.805622E-11
  3090.0       5.95902E-11
  3095.0       6.112559E-11
  3100.0       6.265956E-11
  3105.0       6.418103E-11
  3110.0       6.567119E-11
  3115.0       6.710726E-11
  3120.0       6.846625E-11
  3125.0       6.972474E-11
  3130.0       7.0859416E-11
  3135.0       7.184464E-11
  3140.0       7.265956E-11
  3145.0       7.328159E-11
  3150.0       7.368895E-11
  3155.0       7.3875475E-11
  3160.0       7.3878396E-11
  3165.0       7.374998E-11
  3170.0       7.3544545E-11
  3175.0       7.331641E-11
  3180.0       7.312211E-11
  3185.0       7.3013685E-11
  3190.0       7.3047506E-11
  3195.0       7.446101E-11
  3200.0       8.233217E-11
  3205.0       8.622569E-11
  3210.0       8.8096565E-11
  3215.0       8.7881175E-11
  3220.0       8.5778606E-11
  3225.0       8.303186E-11
  3230.0       8.240632E-11
  3235.0       8.5146584E-11
  3240.0       8.7332606E-11
  3245.0       8.7443074E-11
  3250.0       9.6921166E-11
  3255.0       1.2249014E-10
  3260.0       1.3959987E-10
  3265.0       1.2699732E-10
  3270.0       1.0859433E-10
  3275.0       1.1141616E-10
  3280.0       1.2498991E-10
  3285.0       1.3232658E-10
  3290.0       1.3748717E-10
  3295.0       1.4700716E-10
  3300.0       1.5216338E-10
  3305.0       1.4405921E-10
  3310.0       1.2936481E-10
  3315.0       1.1967786E-10
  3320.0       1.2304409E-10
  3325.0       1.3925523E-10
  3330.0       1.5107794E-10
  3335.0       1.4492474E-10
  3340.0       1.3313892E-10
  3345.0       1.3107546E-10
  3350.0       1.3575537E-10
  3355.0       1.3810471E-10
  3360.0       1.3253626E-10
  3365.0       1.2049733E-10
  3370.0       1.1703961E-10
  3375.0       1.3110897E-10
  3380.0       1.4323769E-10
  3385.0       1.3725189E-10
  3390.0       1.3307232E-10
  3395.0       1.4869929E-10
  3400.0       1.6148537E-10
  3405.0       1.4947765E-10
  3410.0       1.3336207E-10
  3415.0       1.3791109E-10
  3420.0       1.5499459E-10
  3425.0       1.6663737E-10
  3430.0       1.635934E-10
  3435.0       1.4717826E-10
  3440.0       1.3592473E-10
  3445.0       1.4306879E-10
  3450.0       1.5197688E-10
  3455.0       1.4634541E-10
  3460.0       1.4017298E-10
  3465.0       1.4891523E-10
  3470.0       1.6131366E-10
  3475.0       1.6304472E-10
  3480.0       1.5901029E-10
  3485.0       1.5767529E-10
  3490.0       1.5719653E-10
  3495.0       1.5520142E-10
  3500.0       1.58281E-10
  3505.0       1.699622E-10
  3510.0       1.770361E-10
  3515.0       1.6866755E-10
  3520.0       1.5696755E-10
  3525.0       1.5773143E-10
  3530.0       1.726706E-10
  3535.0       1.939545E-10
  3540.0       2.0416133E-10
  3545.0       1.9348892E-10
  3550.0       1.8032145E-10
  3555.0       1.8052669E-10
  3560.0       1.7615279E-10
  3565.0       1.502793E-10
  3570.0       1.2245574E-10
  3575.0       1.1481481E-10
  3580.0       1.1954168E-10
  3585.0       1.2516302E-10
  3590.0       1.4043493E-10
  3595.0       1.6986956E-10
  3600.0       1.870393E-10
  3605.0       1.7233996E-10
  3610.0       1.5453211E-10
  3615.0       1.6401465E-10
  3620.0       1.8701155E-10
  3625.0       2.0178252E-10
  3630.0       2.1048138E-10
  3635.0       2.1827933E-10
  3640.0       2.142948E-10
  3645.0       1.9545003E-10
  3650.0       1.9425839E-10
  3655.0       2.3312482E-10
  3660.0       2.7331604E-10
  3665.0       2.752224E-10
  3670.0       2.579536E-10
  3675.0       2.5011515E-10
  3680.0       2.4589764E-10
  3685.0       2.3598637E-10
  3690.0       2.3677937E-10
  3695.0       2.5932434E-10
  3700.0       2.7503233E-10
  3705.0       2.5822566E-10
  3710.0       2.3038613E-10
  3715.0       2.1793303E-10
  3720.0       2.1271417E-10
  3725.0       2.0020685E-10
  3730.0       1.8478971E-10
  3735.0       1.7496572E-10
  3740.0       1.7025448E-10
  3745.0       1.6826698E-10
  3750.0       1.7109704E-10
  3755.0       1.8150735E-10
  3760.0       1.9914022E-10
  3765.0       2.2191275E-10
  3770.0       2.4614016E-10
  3775.0       2.6506908E-10
  3780.0       2.6608263E-10
  3785.0       2.4335378E-10
  3790.0       2.1454524E-10
  3795.0       2.0081078E-10
  3800.0       2.0812559E-10
  3805.0       2.2834129E-10
  3810.0       2.3310598E-10
  3815.0       2.0414165E-10
  3820.0       1.6843632E-10
  3825.0       1.5580287E-10
  3830.0       1.5850743E-10
  3835.0       1.6196829E-10
  3840.0       1.7150864E-10
  3845.0       1.9156376E-10
  3850.0       2.0406471E-10
  3855.0       1.947986E-10
  3860.0       1.820616E-10
  3865.0       1.8507983E-10
  3870.0       1.9312453E-10
  3875.0       1.9233391E-10
  3880.0       1.9100957E-10
  3885.0       1.999738E-10
  3890.0       2.1393706E-10
  3895.0       2.2562235E-10
  3900.0       2.38769E-10
  3905.0       2.5568647E-10
  3910.0       2.6378683E-10
  3915.0       2.5076402E-10
  3920.0       2.2042262E-10
  3925.0       1.8343504E-10
  3930.0       1.5224615E-10
  3935.0       1.396878E-10
  3940.0       1.5729723E-10
  3945.0       2.0442026E-10
  3950.0       2.4989985E-10
  3955.0       2.608188E-10
  3960.0       2.3137162E-10
  3965.0       1.799218E-10
  3970.0       1.5886609E-10
  3975.0       2.0543257E-10
  3980.0       2.8473066E-10
  3985.0       3.5051295E-10
  3990.0       3.9870005E-10
  3995.0       4.369838E-10
  4000.0       4.607768E-10
  4005.0       4.69781E-10
  4010.0       4.8724286E-10
  4015.0       5.259373E-10
  4020.0       5.4913524E-10
  4025.0       5.281347E-10
  4030.0       5.0356475E-10
  4035.0       5.167769E-10
  4040.0       5.415826E-10
  4045.0       5.419556E-10
  4050.0       5.251498E-10
  4055.0       5.113063E-10
  4060.0       5.08729E-10
  4065.0       5.144224E-10
  4070.0       5.1088433E-10
  4075.0       4.9782956E-10
  4080.0       5.3008825E-10
  4085.0       6.3226463E-10
  4090.0       6.9910105E-10
  4095.0       6.4543837E-10
  4100.0       5.6617405E-10
  4105.0       5.671647E-10
  4110.0       6.022923E-10
  4115.0       5.992655E-10
  4120.0       5.7288585E-10
  4125.0       5.5950944E-10
  4130.0       5.604879E-10
  4135.0       5.633717E-10
  4140.0       5.5814664E-10
  4145.0       5.466837E-10
  4150.0       5.5664834E-10
  4155.0       6.0290034E-10
  4160.0       6.425656E-10
  4165.0       6.3414773E-10
  4170.0       5.9810784E-10
  4175.0       5.7453997E-10
  4180.0       5.897627E-10
  4185.0       6.3945127E-10
  4190.0       6.5781003E-10
  4195.0       6.0316996E-10
  4200.0       5.5492716E-10
  4205.0       5.930362E-10
  4210.0       6.76468E-10
  4215.0       7.2561324E-10
  4220.0       6.876623E-10
  4225.0       5.709725E-10
  4230.0       5.089938E-10
  4235.0       6.0243055E-10
  4240.0       7.4545864E-10
  4245.0       8.063022E-10
  4250.0       7.9363915E-10
  4255.0       7.641138E-10
  4260.0       7.539794E-10
  4265.0       7.7789886E-10
  4270.0       8.1830087E-10
  4275.0       8.4483326E-10
  4280.0       8.265701E-10
  4285.0       7.58751E-10
  4290.0       7.0258327E-10
  4295.0       7.0613954E-10
  4300.0       7.2138717E-10
  4305.0       7.1380096E-10
  4310.0       7.756263E-10
  4315.0       9.688633E-10
  4320.0       1.1514228E-9
  4325.0       1.1797422E-9
  4330.0       1.1125131E-9
  4335.0       1.0607253E-9
  4340.0       1.0651202E-9
  4345.0       1.1264174E-9
  4350.0       1.2162974E-9
  4355.0       1.3015106E-9
  4360.0       1.3615558E-9
  4365.0       1.3814793E-9
  4370.0       1.3483618E-9
  4375.0       1.2573941E-9
  4380.0       1.1265318E-9
  4385.0       1.0052063E-9
  4390.0       9.962241E-10
  4395.0       1.137306E-9
  4400.0       1.2498702E-9
  4405.0       1.1849549E-9
  4410.0       1.0830118E-9
  4415.0       1.1123256E-9
  4420.0       1.2215113E-9
  4425.0       1.3012504E-9
  4430.0       1.3194078E-9
  4435.0       1.2989819E-9
  4440.0       1.3185285E-9
  4445.0       1.4082007E-9
  4450.0       1.426546E-9
  4455.0       1.2738378E-9
  4460.0       1.1264285E-9
  4465.0       1.1713112E-9
  4470.0       1.3445968E-9
  4475.0       1.5143731E-9
  4480.0       1.627684E-9
  4485.0       1.6722208E-9
  4490.0       1.6582992E-9
  4495.0       1.6230902E-9
  4500.0       1.6509495E-9
  4505.0       1.785677E-9
  4510.0       1.9193473E-9
  4515.0       1.9243676E-9
  4520.0       1.7783126E-9
  4525.0       1.5453017E-9
  4530.0       1.4015008E-9
  4535.0       1.4652788E-9
  4540.0       1.5994954E-9
  4545.0       1.6478365E-9
  4550.0       1.6577575E-9
  4555.0       1.7174355E-9
  4560.0       1.8117525E-9
  4565.0       1.888803E-9
  4570.0       1.9119868E-9
  4575.0       1.8804895E-9
  4580.0       1.8651285E-9
  4585.0       1.9119244E-9
  4590.0       1.9365471E-9
  4595.0       1.8753836E-9
  4600.0       1.8464433E-9
  4605.0       1.9676816E-9
  4610.0       2.1726168E-9
  4615.0       2.3458417E-9
  4620.0       2.4327587E-9
  4625.0       2.4156634E-9
  4630.0       2.3089888E-9
  4635.0       2.1453526E-9
  4640.0       1.9779558E-9
  4645.0       1.876291E-9
  4650.0       1.925128E-9
  4655.0       2.1245938E-9
  4660.0       2.2474735E-9
  4665.0       2.128017E-9
  4670.0       1.9800086E-9
  4675.0       2.0282596E-9
  4680.0       2.148797E-9
  4685.0       2.1738846E-9
  4690.0       2.173744E-9
  4695.0       2.2395013E-9
  4700.0       2.2762476E-9
  4705.0       2.2062634E-9
  4710.0       2.1812168E-9
  4715.0       2.3194224E-9
  4720.0       2.4267952E-9
  4725.0       2.3263775E-9
  4730.0       2.1973485E-9
  4735.0       2.2466262E-9
  4740.0       2.3920907E-9
  4745.0       2.4810503E-9
  4750.0       2.4747635E-9
  4755.0       2.3919464E-9
  4760.0       2.2810345E-9
  4765.0       2.2035183E-9
  4770.0       2.224578E-9
  4775.0       2.347637E-9
  4780.0       2.418205E-9
  4785.0       2.3324132E-9
  4790.0       2.26737E-9
  4795.0       2.3792366E-9
  4800.0       2.4967157E-9
  4805.0       2.4644453E-9
  4810.0       2.4452829E-9
  4815.0       2.5370666E-9
  4820.0       2.61298E-9
  4825.0       2.5503522E-9
  4830.0       2.462262E-9
  4835.0       2.4972997E-9
  4840.0       2.5004991E-9
  4845.0       2.510403E-9
  4850.0       2.4479117E-9
  4855.0       2.3280111E-9
  4860.0       2.2125988E-9
  4865.0       2.2160949E-9
  4870.0       2.287537E-9
  4875.0       2.3868196E-9
  4880.0       2.431288E-9
  4885.0       2.318012E-9
  4890.0       2.3551505E-9
  4895.0       2.6647302E-9
  4900.0       2.8157263E-9
  4905.0       2.8068337E-9
  4910.0       2.6786489E-9
  4915.0       2.5891764E-9
  4920.0       2.4731268E-9
  4925.0       2.6635683E-9
  4930.0       2.849972E-9
  4935.0       2.6858147E-9
  4940.0       2.6129658E-9
  4945.0       2.8680915E-9
  4950.0       3.0332163E-9
  4955.0       2.856971E-9
  4960.0       2.6326896E-9
  4965.0       2.6089693E-9
  4970.0       2.6649494E-9
  4975.0       2.6589442E-9
  4980.0       2.5110272E-9
  4985.0       2.5140559E-9
  4990.0       2.6022806E-9
  4995.0       2.5896927E-9
  5000.0       2.4647795E-9
  5005.0       2.3653492E-9
  5010.0       2.3385085E-9
  5015.0       2.2573565E-9
  5020.0       2.346757E-9
  5025.0       2.573677E-9
  5030.0       2.717081E-9
  5035.0       2.5928473E-9
  5040.0       2.396131E-9
  5045.0       2.551963E-9
  5050.0       2.7740288E-9
  5055.0       2.9608571E-9
  5060.0       3.0282292E-9
  5065.0       2.8627136E-9
  5070.0       2.701604E-9
  5075.0       2.57677E-9
  5080.0       2.4452422E-9
  5085.0       2.6106612E-9
  5090.0       2.8408471E-9
  5095.0       2.851259E-9
  5100.0       2.7046052E-9
  5105.0       2.595158E-9
  5110.0       2.5629483E-9
  5115.0       2.7106668E-9
  5120.0       2.7379605E-9
  5125.0       2.5512081E-9
  5130.0       2.5454354E-9
  5135.0       2.6464135E-9
  5140.0       2.6145879E-9
  5145.0       2.4728355E-9
  5150.0       2.4250706E-9
  5155.0       2.6875238E-9
  5160.0       2.7794846E-9
  5165.0       2.2516762E-9
  5170.0       1.845959E-9
  5175.0       2.022511E-9
  5180.0       2.256262E-9
  5185.0       2.3692583E-9
  5190.0       2.4980247E-9
  5195.0       2.583219E-9
  5200.0       2.6033833E-9
  5205.0       2.3169402E-9
  5210.0       2.2857507E-9
  5215.0       2.6379467E-9
  5220.0       2.8170721E-9
  5225.0       2.7339455E-9
  5230.0       2.7601543E-9
  5235.0       3.0342484E-9
  5240.0       3.1822616E-9
  5245.0       2.9366716E-9
  5250.0       2.6936604E-9
  5255.0       2.8442801E-9
  5260.0       2.9218192E-9
  5265.0       2.6184115E-9
  5270.0       2.458325E-9
  5275.0       2.794121E-9
  5280.0       3.2311873E-9
  5285.0       3.485289E-9
  5290.0       3.5224976E-9
  5295.0       3.2479759E-9
  5300.0       3.1156207E-9
  5305.0       3.4384349E-9
  5310.0       3.6934897E-9
  5315.0       3.6735215E-9
  5320.0       3.4554881E-9
  5325.0       3.131663E-9
  5330.0       3.0885392E-9
  5335.0       3.3381278E-9
  5340.0       3.4109573E-9
  5345.0       3.4221594E-9
  5350.0       3.5558758E-9
  5355.0       3.8842165E-9
  5360.0       3.9640757E-9
  5365.0       3.6925143E-9
  5370.0       3.4634726E-9
  5375.0       3.6875227E-9
  5380.0       3.8044554E-9
  5385.0       3.6444798E-9
  5390.0       3.4191527E-9
  5395.0       3.3043408E-9
  5400.0       3.2428253E-9
  5405.0       3.1547613E-9
  5410.0       3.2755259E-9
  5415.0       3.664444E-9
  5420.0       3.8480783E-9
  5425.0       3.763228E-9
  5430.0       3.528325E-9
  5435.0       3.537171E-9
  5440.0       3.7967336E-9
  5445.0       3.7053622E-9
  5450.0       3.576088E-9
  5455.0       3.4623835E-9
  5460.0       3.5556558E-9
  5465.0       3.5887946E-9
  5470.0       3.5612966E-9
  5475.0       3.4569534E-9
  5480.0       3.4398029E-9
  5485.0       3.5351544E-9
  5490.0       3.6595509E-9
  5495.0       3.7315533E-9
  5500.0       3.6840178E-9
  5505.0       3.5602183E-9
  5510.0       3.5100398E-9
  5515.0       3.6481862E-9
  5520.0       3.868898E-9
  5525.0       3.889747E-9
  5530.0       3.8508023E-9
  5535.0       3.8922927E-9
  5540.0       4.0192147E-9
  5545.0       4.0772297E-9
  5550.0       4.158916E-9
  5555.0       4.0740473E-9
  5560.0       3.9605363E-9
  5565.0       3.8889074E-9
  5570.0       3.931219E-9
  5575.0       4.0408557E-9
  5580.0       4.0103636E-9
  5585.0       3.7479366E-9
  5590.0       3.5596441E-9
  5595.0       3.6621797E-9
  5600.0       3.796172E-9
  5605.0       4.046186E-9
  5610.0       4.157445E-9
  5615.0       3.9447854E-9
  5620.0       3.78786E-9
  5625.0       3.7643937E-9
  5630.0       3.9008947E-9
  5635.0       3.8526426E-9
  5640.0       3.762876E-9
  5645.0       3.8414685E-9
  5650.0       3.937312E-9
  5655.0       3.875672E-9
  5660.0       3.749853E-9
  5665.0       3.8078922E-9
  5670.0       3.9742516E-9
  5675.0       4.1275166E-9
  5680.0       4.145032E-9
  5685.0       4.1149657E-9
  5690.0       4.16664E-9
  5695.0       4.1081636E-9
  5700.0       3.895498E-9
  5705.0       3.737405E-9
  5710.0       3.7108754E-9
  5715.0       4.0647916E-9
  5720.0       4.3362336E-9
  5725.0       4.3290176E-9
  5730.0       4.191622E-9
  5735.0       4.213656E-9
  5740.0       4.2499533E-9
  5745.0       4.269482E-9
  5750.0       4.234662E-9
  5755.0       4.2483825E-9
  5760.0       4.2777635E-9
  5765.0       4.394038E-9
  5770.0       4.4800896E-9
  5775.0       4.330569E-9
  5780.0       4.0291184E-9
  5785.0       3.92734E-9
  5790.0       4.119642E-9
  5795.0       4.39162E-9
  5800.0       4.591728E-9
  5805.0       4.595721E-9
  5810.0       4.5830886E-9
  5815.0       4.5994755E-9
  5820.0       4.6986552E-9
  5825.0       4.751839E-9
  5830.0       4.78299E-9
  5835.0       4.771292E-9
  5840.0       4.7806585E-9
  5845.0       4.6658943E-9
  5850.0       4.4443507E-9
  5855.0       4.3174593E-9
  5860.0       4.334278E-9
  5865.0       4.391246E-9
  5870.0       4.488929E-9
  5875.0       4.482071E-9
  5880.0       4.211027E-9
  5885.0       3.7088255E-9
  5890.0       3.0463179E-9
  5895.0       3.1434344E-9
  5900.0       3.7413765E-9
  5905.0       4.129355E-9
  5910.0       4.2768655E-9
  5915.0       4.2458015E-9
  5920.0       4.2455484E-9
  5925.0       4.3112243E-9
  5930.0       4.3707336E-9
  5935.0       4.3479536E-9
  5940.0       4.3389394E-9
  5945.0       4.4115196E-9
  5950.0       4.42302E-9
  5955.0       4.376531E-9
  5960.0       4.4665045E-9
  5965.0       4.5861572E-9
  5970.0       4.634157E-9
  5975.0       4.5269952E-9
  5980.0       4.3992263E-9
  5985.0       4.399464E-9
  5990.0       4.53311E-9
  5995.0       4.558411E-9
  6000.0       4.4890105E-9
  6005.0       4.413457E-9
  6010.0       4.3639794E-9
  6015.0       4.351328E-9
  6020.0       4.4199204E-9
  6025.0       4.6005018E-9
  6030.0       4.764719E-9
  6035.0       4.8688444E-9
  6040.0       4.94205E-9
  6045.0       5.044404E-9
  6050.0       5.031339E-9
  6055.0       4.891197E-9
  6060.0       4.807308E-9
  6065.0       4.8870326E-9
  6070.0       5.111777E-9
  6075.0       5.0726503E-9
  6080.0       4.8618065E-9
  6085.0       4.732834E-9
  6090.0       4.7241926E-9
  6095.0       4.7684376E-9
  6100.0       4.7788404E-9
  6105.0       4.7986095E-9
  6110.0       4.8733586E-9
  6115.0       4.8403503E-9
  6120.0       4.706949E-9
  6125.0       4.663103E-9
  6130.0       4.675395E-9
  6135.0       4.41696E-9
  6140.0       4.436011E-9
  6145.0       4.6928905E-9
  6150.0       4.710076E-9
  6155.0       4.5476645E-9
  6160.0       4.1823762E-9
  6165.0       4.0635606E-9
  6170.0       4.189318E-9
  6175.0       4.3693E-9
  6180.0       4.4644652E-9
  6185.0       4.31877E-9
  6190.0       4.0932195E-9
  6195.0       4.1645207E-9
  6200.0       4.3528865E-9
  6205.0       4.414435E-9
  6210.0       4.250039E-9
  6215.0       3.9791304E-9
  6220.0       3.8393395E-9
  6225.0       3.848317E-9
  6230.0       3.837006E-9
  6235.0       3.918928E-9
  6240.0       3.8615715E-9
  6245.0       3.8733967E-9
  6250.0       3.9385895E-9
  6255.0       3.755518E-9
  6260.0       3.749642E-9
  6265.0       3.9970875E-9
  6270.0       4.1214707E-9
  6275.0       4.129399E-9
  6280.0       4.1116897E-9
  6285.0       4.2947024E-9
  6290.0       4.426893E-9
  6295.0       4.27673E-9
  6300.0       4.211944E-9
  6305.0       4.3600106E-9
  6310.0       4.4702384E-9
  6315.0       4.407224E-9
  6320.0       4.411494E-9
  6325.0       4.5808037E-9
  6330.0       4.7006763E-9
  6335.0       4.634706E-9
  6340.0       4.607477E-9
  6345.0       4.6301E-9
  6350.0       4.6408903E-9
  6355.0       4.383425E-9
  6360.0       4.1768833E-9
  6365.0       4.409277E-9
  6370.0       4.807148E-9
  6375.0       4.904925E-9
  6380.0       4.8285496E-9
  6385.0       4.8221613E-9
  6390.0       4.7677653E-9
  6395.0       4.782955E-9
  6400.0       4.8183217E-9
  6405.0       4.882155E-9
  6410.0       4.8695306E-9
  6415.0       4.81246E-9
  6420.0       4.774601E-9
  6425.0       4.8300026E-9
  6430.0       4.8170663E-9
  6435.0       4.9095523E-9
  6440.0       5.004428E-9
  6445.0       4.9714965E-9
  6450.0       4.822582E-9
  6455.0       4.934605E-9
  6460.0       5.0388445E-9
  6465.0       5.0315685E-9
  6470.0       5.0308215E-9
  6475.0       4.938886E-9
  6480.0       4.8246616E-9
  6485.0       4.800088E-9
  6490.0       4.6184883E-9
  6495.0       4.1621764E-9
  6500.0       4.1739896E-9
  6505.0       4.5658033E-9
  6510.0       4.820717E-9
  6515.0       4.9104383E-9
  6520.0       4.931355E-9
  6525.0       4.956675E-9
  6530.0       4.9370046E-9
  6535.0       5.0348055E-9
  6540.0       5.096755E-9
  6545.0       4.9522306E-9
  6550.0       4.756344E-9
  6555.0       4.5520934E-9
  6560.0       4.324324E-9
  6565.0       4.487675E-9
  6570.0       4.766587E-9
  6575.0       4.830435E-9
  6580.0       4.9296753E-9
  6585.0       4.9987685E-9
  6590.0       4.9946727E-9
  6595.0       4.923881E-9
  6600.0       4.9936455E-9
  6605.0       4.9563162E-9
  6610.0       4.917725E-9
  6615.0       5.1104827E-9
  6620.0       5.1921147E-9
  6625.0       5.0777924E-9
  6630.0       4.984006E-9
  6635.0       4.997912E-9
  6640.0       5.063224E-9
  6645.0       5.028969E-9
  6650.0       5.0119393E-9
  6655.0       4.9810676E-9
  6660.0       4.8987756E-9
  6665.0       4.87074E-9
  6670.0       4.9730713E-9
  6675.0       4.9433897E-9
  6680.0       4.884526E-9
  6685.0       4.999159E-9
  6690.0       5.0626463E-9
  6695.0       5.040916E-9
  6700.0       5.020072E-9
  6705.0       5.0000284E-9
  6710.0       4.9443423E-9
  6715.0       4.8588595E-9
  6720.0       4.8779536E-9
  6725.0       4.9667186E-9
  6730.0       5.007243E-9
  6735.0       4.962456E-9
  6740.0       4.833762E-9
  6745.0       4.755667E-9
  6750.0       4.770221E-9
  6755.0       4.9612825E-9
  6760.0       5.106413E-9
  6765.0       5.0392637E-9
  6770.0       4.9755497E-9
  6775.0       5.1189297E-9
  6780.0       5.1636246E-9
  6785.0       4.997815E-9
  6790.0       4.9616045E-9
  6795.0       4.9952633E-9
  6800.0       5.1248903E-9
  6805.0       5.1319744E-9
  6810.0       5.1025792E-9
  6815.0       5.138605E-9
  6820.0       5.204344E-9
  6825.0       5.210828E-9
  6830.0       5.149914E-9
  6835.0       5.1410165E-9
  6840.0       5.100984E-9
  6845.0       5.134803E-9
  6850.0       5.1546114E-9
  6855.0       5.1197606E-9
  6860.0       5.125816E-9
  6865.0       5.209264E-9
  6870.0       5.2203557E-9
  6875.0       5.2074816E-9
  6880.0       5.2413425E-9
  6885.0       5.277658E-9
  6890.0       5.339044E-9
  6895.0       5.3443103E-9
  6900.0       5.3486953E-9
  6905.0       5.3608242E-9
  6910.0       5.327612E-9
  6915.0       5.3222404E-9
  6920.0       5.3438023E-9
  6925.0       5.284929E-9
  6930.0       5.2736477E-9
  6935.0       5.2897806E-9
  6940.0       5.287345E-9
  6945.0       5.2372435E-9
  6950.0       5.242996E-9
  6955.0       5.241963E-9
  6960.0       5.3035616E-9
  6965.0       5.3462874E-9
  6970.0       5.307009E-9
  6975.0       5.089007E-9
  6980.0       4.956568E-9
  6985.0       5.1359064E-9
  6990.0       5.215778E-9
  6995.0       5.226052E-9
  7000.0       5.164287E-9
  7005.0       5.1505316E-9
  7010.0       5.1729536E-9
  7015.0       5.080614E-9
  7020.0       5.100613E-9
  7025.0       5.098119E-9
  7030.0       5.2074944E-9
  7035.0       5.315809E-9
  7040.0       5.3882663E-9
  7045.0       5.5166804E-9
  7050.0       5.4379683E-9
  7055.0       5.1702806E-9
  7060.0       5.026524E-9
  7065.0       4.8924296E-9
  7070.0       4.9318487E-9
  7075.0       5.1390647E-9
  7080.0       5.1556373E-9
  7085.0       4.8622435E-9
  7090.0       4.594911E-9
  7095.0       4.573101E-9
  7100.0       4.622585E-9
  7105.0       4.6279034E-9
  7110.0       4.6281876E-9
  7115.0       4.7220876E-9
  7120.0       4.7148996E-9
  7125.0       4.5132236E-9
  7130.0       4.3340003E-9
  7135.0       4.4418753E-9
  7140.0       4.5673434E-9
  7145.0       4.620154E-9
  7150.0       4.629672E-9
  7155.0       4.7284945E-9
  7160.0       4.764777E-9
  7165.0       4.7493267E-9
  7170.0       4.7801074E-9
  7175.0       4.7858015E-9
  7180.0       4.6962416E-9
  7185.0       4.5712767E-9
  7190.0       4.5058717E-9
  7195.0       4.5962265E-9
  7200.0       4.651126E-9
  7205.0       4.7020934E-9
  7210.0       4.7515925E-9
  7215.0       4.8786832E-9
  7220.0       5.046196E-9
  7225.0       5.114159E-9
  7230.0       5.1825553E-9
  7235.0       5.129222E-9
  7240.0       5.0326743E-9
  7245.0       5.0395097E-9
  7250.0       5.06087E-9
  7255.0       5.067484E-9
  7260.0       5.0634616E-9
  7265.0       5.078607E-9
  7270.0       5.1312776E-9
  7275.0       5.105933E-9
  7280.0       5.0139133E-9
  7285.0       4.9468807E-9
  7290.0       4.899129E-9
  7295.0       5.070974E-9
  7300.0       5.1890745E-9
  7305.0       5.1799636E-9
  7310.0       5.1596833E-9
  7315.0       5.161527E-9
  7320.0       5.138135E-9
  7325.0       5.1492255E-9
  7330.0       5.210206E-9
  7335.0       5.3440985E-9
  7340.0       5.4690106E-9
  7345.0       5.4260934E-9
  7350.0       5.2963727E-9
  7355.0       5.097951E-9
  7360.0       5.1271445E-9
  7365.0       5.2593006E-9
  7370.0       5.4770037E-9
  7375.0       5.630878E-9
  7380.0       5.617756E-9
  7385.0       5.4243485E-9
  7390.0       5.3089573E-9
  7395.0       5.4005023E-9
  7400.0       5.4822817E-9
  7405.0       5.5890292E-9
  7410.0       5.512823E-9
  7415.0       5.3364437E-9
  7420.0       5.2947793E-9
  7425.0       5.448159E-9
  7430.0       5.5654192E-9
  7435.0       5.5565184E-9
  7440.0       5.485477E-9
  7445.0       5.4789364E-9
  7450.0       5.5748526E-9
  7455.0       5.5655383E-9
  7460.0       5.441116E-9
  7465.0       5.4934253E-9
  7470.0       5.526128E-9
  7475.0       5.487836E-9
  7480.0       5.4819966E-9
  7485.0       5.4513043E-9
  7490.0       5.4355977E-9
  7495.0       5.4235683E-9
  7500.0       5.580856E-9
  7505.0       5.602859E-9
  7510.0       5.566765E-9
  7515.0       5.6470633E-9
  7520.0       5.712834E-9
  7525.0       5.6732636E-9
  7530.0       5.681904E-9
  7535.0       5.736387E-9
  7540.0       5.732639E-9
  7545.0       5.7045555E-9
  7550.0       5.707755E-9
  7555.0       5.6763447E-9
  7560.0       5.670862E-9
  7565.0       5.6716147E-9
  7570.0       5.65506E-9
  7575.0       5.6567218E-9
  7580.0       5.629275E-9
  7585.0       5.5828444E-9
  7590.0       5.6008083E-9
  7595.0       5.6172027E-9
  7600.0       5.5967035E-9
  7605.0       5.563177E-9
  7610.0       5.5474803E-9
  7615.0       5.4932765E-9
  7620.0       5.4995124E-9
  7625.0       5.5813723E-9
  7630.0       5.618421E-9
  7635.0       5.621774E-9
  7640.0       5.6220064E-9
  7645.0       5.6137908E-9
  7650.0       5.566818E-9
  7655.0       5.508869E-9
  7660.0       5.40888E-9
  7665.0       5.421234E-9
  7670.0       5.544442E-9
  7675.0       5.585602E-9
  7680.0       5.5927396E-9
  7685.0       5.591387E-9
  7690.0       5.56875E-9
  7695.0       5.5233236E-9
  7700.0       5.5483325E-9
  7705.0       5.5585456E-9
  7710.0       5.4875913E-9
  7715.0       5.4557505E-9
  7720.0       5.493052E-9
  7725.0       5.5079417E-9
  7730.0       5.600368E-9
  7735.0       5.7302643E-9
  7740.0       5.745917E-9
  7745.0       5.5384652E-9
  7750.0       5.409974E-9
  7755.0       5.6126153E-9
  7760.0       5.765124E-9
  7765.0       5.7764855E-9
  7770.0       5.74006E-9
  7775.0       5.768467E-9
  7780.0       5.73958E-9
  7785.0       5.677024E-9
  7790.0       5.6592078E-9
  7795.0       5.71028E-9
  7800.0       5.738794E-9
  7805.0       5.7834915E-9
  7810.0       5.806145E-9
  7815.0       5.889264E-9
  7820.0       5.9261853E-9
  7825.0       5.9225225E-9
  7830.0       5.8036704E-9
  7835.0       5.658518E-9
  7840.0       5.707876E-9
  7845.0       5.7532668E-9
  7850.0       5.7094995E-9
  7855.0       5.7063914E-9
  7860.0       5.802021E-9
  7865.0       5.8282836E-9
  7870.0       5.755693E-9
  7875.0       5.635022E-9
  7880.0       5.5583347E-9
  7885.0       5.5776654E-9
  7890.0       5.576563E-9
  7895.0       5.3639813E-9
  7900.0       5.309347E-9
  7905.0       5.3490044E-9
  7910.0       5.271437E-9
  7915.0       5.183393E-9
  7920.0       5.2205653E-9
  7925.0       5.3228555E-9
  7930.0       5.3809157E-9
  7935.0       5.3095097E-9
  7940.0       5.1472724E-9
  7945.0       5.072292E-9
  7950.0       5.166578E-9
  7955.0       5.273449E-9
  7960.0       5.334394E-9
  7965.0       5.436187E-9
  7970.0       5.489175E-9
  7975.0       5.4989915E-9
  7980.0       5.4732077E-9
  7985.0       5.473253E-9
  7990.0       5.5141687E-9
  7995.0       5.4007767E-9
  8000.0       5.3356786E-9
  8005.0       5.4163594E-9
  8010.0       5.5390004E-9
  8015.0       5.655521E-9
  8020.0       5.555829E-9
  8025.0       5.256868E-9
  8030.0       5.2203655E-9
  8035.0       5.5405507E-9
  8040.0       5.6206804E-9
  8045.0       5.384243E-9
  8050.0       5.2656812E-9
  8055.0       5.4006897E-9
  8060.0       5.475017E-9
  8065.0       5.373449E-9
  8070.0       5.1874482E-9
  8075.0       5.1689013E-9
  8080.0       5.2535407E-9
  8085.0       5.304204E-9
  8090.0       5.1998064E-9
  8095.0       5.078153E-9
  8100.0       5.08008E-9
  8105.0       5.0999227E-9
  8110.0       5.100208E-9
  8115.0       5.031455E-9
  8120.0       5.0715676E-9
  8125.0       5.204378E-9
  8130.0       5.234746E-9
  8135.0       5.2360853E-9
  8140.0       5.205585E-9
  8145.0       5.145034E-9
  8150.0       5.1645808E-9
  8155.0       5.2386855E-9
  8160.0       5.188672E-9
  8165.0       5.1526907E-9
  8170.0       5.1656333E-9
  8175.0       5.1597207E-9
  8180.0       5.118965E-9
  8185.0       5.0587494E-9
  8190.0       5.0600946E-9
  8195.0       4.965195E-9
  8200.0       4.981594E-9
  8205.0       5.0584466E-9
  8210.0       5.2059534E-9
  8215.0       5.3378826E-9
  8220.0       5.353654E-9
  8225.0       5.2763385E-9
  8230.0       5.2288978E-9
  8235.0       5.308056E-9
  8240.0       5.440283E-9
  8245.0       5.5684573E-9
  8250.0       5.5322085E-9
  8255.0       5.3894618E-9
  8260.0       5.485445E-9
  8265.0       5.581764E-9
  8270.0       5.585517E-9
  8275.0       5.492263E-9
  8280.0       5.4777103E-9
  8285.0       5.4172733E-9
  8290.0       5.383096E-9
  8295.0       5.359192E-9
  8300.0       5.2804956E-9
  8305.0       5.152534E-9
  8310.0       5.1086544E-9
  8315.0       5.2772067E-9
  8320.0       5.3293383E-9
  8325.0       5.220911E-9
  8330.0       5.1340536E-9
  8335.0       5.170649E-9
  8340.0       5.2406155E-9
  8345.0       5.220309E-9
  8350.0       5.2047784E-9
  8355.0       5.2706697E-9
  8360.0       5.2803713E-9
  8365.0       5.2373625E-9
  8370.0       5.3337983E-9
  8375.0       5.3521725E-9
  8380.0       5.1920352E-9
  8385.0       4.944371E-9
  8390.0       4.9988675E-9
  8395.0       5.231637E-9
  8400.0       5.3663665E-9
  8405.0       5.4401705E-9
  8410.0       5.3624025E-9
  8415.0       5.2963554E-9
  8420.0       5.212629E-9
  8425.0       5.12747E-9
  8430.0       5.172593E-9
  8435.0       5.027376E-9
  8440.0       5.085221E-9
  8445.0       5.2628035E-9
  8450.0       5.3770135E-9
  8455.0       5.4300067E-9
  8460.0       5.405173E-9
  8465.0       5.3167155E-9
  8470.0       5.3539058E-9
  8475.0       5.5578258E-9
  8480.0       5.634714E-9
  8485.0       5.639249E-9
  8490.0       5.478098E-9
  8495.0       4.9144058E-9
  8500.0       4.775119E-9
  8505.0       5.2420543E-9
  8510.0       5.4248686E-9
  8515.0       5.233965E-9
  8520.0       5.233782E-9
  8525.0       5.3071822E-9
  8530.0       5.301426E-9
  8535.0       4.958809E-9
  8540.0       4.1759383E-9
  8545.0       3.8167207E-9
  8550.0       4.2600843E-9
  8555.0       4.936143E-9
  8560.0       5.440121E-9
  8565.0       5.61524E-9
  8570.0       5.5939506E-9
  8575.0       5.591556E-9
  8580.0       5.614625E-9
  8585.0       5.6569096E-9
  8590.0       5.723517E-9
  8595.0       5.788974E-9
  8600.0       5.843111E-9
  8605.0       5.827921E-9
  8610.0       5.7330882E-9
  8615.0       5.707244E-9
  8620.0       5.7170513E-9
  8625.0       5.790774E-9
  8630.0       5.8861707E-9
  8635.0       5.9477885E-9
  8640.0       5.9664322E-9
  8645.0       5.881457E-9
  8650.0       5.757051E-9
  8655.0       5.445782E-9
  8660.0       4.6604605E-9
  8665.0       4.289818E-9
  8670.0       4.588642E-9
  8675.0       4.9483377E-9
  8680.0       5.3129128E-9
  8685.0       5.415419E-9
  8690.0       5.421163E-9
  8695.0       5.6861458E-9
  8700.0       5.619774E-9
  8705.0       5.7024865E-9
  8710.0       5.7271916E-9
  8715.0       5.7603287E-9
  8720.0       5.849116E-9
  8725.0       5.7995155E-9
  8730.0       5.6981264E-9
  8735.0       5.6771627E-9
  8740.0       5.6663914E-9
  8745.0       5.6603358E-9
  8750.0       5.634166E-9
  8755.0       5.627559E-9
  8760.0       5.6562772E-9
  8765.0       5.587667E-9
  8770.0       5.5503353E-9
  8775.0       5.6201372E-9
  8780.0       5.738662E-9
  8785.0       5.7987988E-9
  8790.0       5.7499547E-9
  8795.0       5.6521055E-9
  8800.0       5.592098E-9
  8805.0       5.3507927E-9
  8810.0       5.4861893E-9
  8815.0       5.730479E-9
  8820.0       5.6095786E-9
  8825.0       5.600691E-9
  8830.0       5.7875E-9
  8835.0       5.709327E-9
  8840.0       5.6618554E-9
  8845.0       5.817986E-9
  8850.0       5.9232987E-9
  8855.0       5.909131E-9
  8860.0       5.760259E-9
  8865.0       5.6534426E-9
  8870.0       5.7421854E-9
  8875.0       5.77161E-9
  8880.0       5.7385883E-9
  8885.0       5.871973E-9
  8890.0       5.9037153E-9
  8895.0       5.8891967E-9
  8900.0       5.9135212E-9
  8905.0       5.953998E-9
  8910.0       5.939776E-9
  8915.0       5.858561E-9
  8920.0       5.80912E-9
  8925.0       5.816129E-9
  8930.0       5.761155E-9
  8935.0       5.814979E-9
  8940.0       5.8446528E-9
  8945.0       5.6878586E-9
  8950.0       5.713691E-9
  8955.0       5.852361E-9
  8960.0       5.8740155E-9
  8965.0       5.7731784E-9
  8970.0       5.681171E-9
  8975.0       5.6249307E-9
  8980.0       5.6626233E-9
  8985.0       5.6161316E-9
  8990.0       5.3947846E-9
  8995.0       5.5353278E-9
  9000.0       5.5671086E-9
  9005.0       5.5371716E-9
  9010.0       5.396279E-9
  9015.0       5.235879E-9
  9020.0       5.3311178E-9
  9025.0       5.4320513E-9
  9030.0       5.717721E-9
  9035.0       6.0200267E-9
  9040.0       6.127953E-9
  9045.0       6.182711E-9
  9050.0       6.1675243E-9
  9055.0       6.1536145E-9
  9060.0       6.037236E-9
  9065.0       5.8664935E-9
  9070.0       5.737348E-9
  9075.0       5.681167E-9
  9080.0       5.4912737E-9
  9085.0       5.323847E-9
  9090.0       5.1749476E-9
  9095.0       5.4294214E-9
  9100.0       5.448376E-9
  9105.0       5.455493E-9
  9110.0       5.486242E-9
  9115.0       5.484565E-9
  9120.0       5.40562E-9
  9125.0       5.60022E-9
  9130.0       5.5269282E-9
  9135.0       5.323515E-9
  9140.0       5.180921E-9
  9145.0       5.017603E-9
  9150.0       4.948215E-9
  9155.0       4.8628914E-9
  9160.0       4.9976374E-9
  9165.0       4.921705E-9
  9170.0       4.5765947E-9
  9175.0       4.4616932E-9
  9180.0       4.7235638E-9
  9185.0       4.897461E-9
  9190.0       4.844299E-9
  9195.0       4.757891E-9
  9200.0       4.8304574E-9
  9205.0       4.807115E-9
  9210.0       4.7522657E-9
  9215.0       4.742458E-9
  9220.0       4.7970152E-9
  9225.0       4.8696696E-9
  9230.0       4.8624345E-9
  9235.0       4.8394444E-9
  9240.0       4.7884496E-9
  9245.0       4.7966138E-9
  9250.0       4.845906E-9
  9255.0       4.914097E-9
  9260.0       4.9478075E-9
  9265.0       5.0366227E-9
  9270.0       5.0917404E-9
  9275.0       5.0425495E-9
  9280.0       5.001421E-9
  9285.0       4.9930815E-9
  9290.0       4.9769917E-9
  9295.0       4.9761013E-9
  9300.0       4.9887015E-9
  9305.0       4.9890234E-9
  9310.0       4.876071E-9
  9315.0       4.765942E-9
  9320.0       4.7238036E-9
  9325.0       4.752061E-9
  9330.0       4.7904E-9
  9335.0       4.6688644E-9
  9340.0       4.59376E-9
  9345.0       4.505095E-9
  9350.0       4.6992943E-9
  9355.0       4.57059E-9
  9360.0       4.600067E-9
  9365.0       4.7237716E-9
  9370.0       4.6636406E-9
  9375.0       4.721242E-9
  9380.0       4.7136877E-9
  9385.0       4.9610565E-9
  9390.0       5.208527E-9
  9395.0       5.3226676E-9
  9400.0       5.288238E-9
  9405.0       5.202422E-9
  9410.0       5.067059E-9
  9415.0       5.0106626E-9
  9420.0       4.993051E-9
  9425.0       4.8998827E-9
  9430.0       4.8104547E-9
  9435.0       4.8482205E-9
  9440.0       4.5975668E-9
  9445.0       4.662246E-9
  9450.0       4.8121516E-9
  9455.0       4.7596536E-9
  9460.0       4.730288E-9
  9465.0       4.830208E-9
  9470.0       4.925667E-9
  9475.0       4.941901E-9
  9480.0       4.8650017E-9
  9485.0       4.9140896E-9
  9490.0       5.0297086E-9
  9495.0       4.8351696E-9
  9500.0       4.710119E-9
  9505.0       4.9506426E-9
  9510.0       5.1066023E-9
  9515.0       5.0146864E-9
  9520.0       4.788746E-9
  9525.0       4.8524904E-9
  9530.0       4.9511275E-9
  9535.0       5.02263E-9
  9540.0       4.9760356E-9
  9545.0       4.7689666E-9
  9550.0       4.791459E-9
  9555.0       4.7779176E-9
  9560.0       4.8438737E-9
  9565.0       4.811358E-9
  9570.0       4.8143383E-9
  9575.0       4.91183E-9
  9580.0       4.8833892E-9
  9585.0       4.857536E-9
  9590.0       4.7549813E-9
  9595.0       4.799359E-9
  9600.0       4.812217E-9
  9605.0       4.8412216E-9
  9610.0       4.9029687E-9
  9615.0       4.9005835E-9
  9620.0       4.879291E-9
  9625.0       4.803743E-9
  9630.0       4.876827E-9
  9635.0       4.7996283E-9
  9640.0       4.673898E-9
  9645.0       4.7007824E-9
  9650.0       4.7148476E-9
  9655.0       4.7785473E-9
  9660.0       4.733267E-9
  9665.0       4.710196E-9
  9670.0       4.75437E-9
  9675.0       4.7550994E-9
  9680.0       4.814091E-9
  9685.0       4.869354E-9
  9690.0       4.8505027E-9
  9695.0       4.8500293E-9
  9700.0       4.85414E-9
  9705.0       4.825743E-9
  9710.0       4.8657096E-9
  9715.0       4.8804774E-9
  9720.0       4.8413127E-9
  9725.0       4.8328292E-9
  9730.0       4.756933E-9
  9735.0       4.719695E-9
  9740.0       4.6888244E-9
  9745.0       4.7049897E-9
  9750.0       4.7712145E-9
  9755.0       4.7790945E-9
  9760.0       4.8041127E-9
  9765.0       4.773028E-9
  9770.0       4.853459E-9
  9775.0       4.87229E-9
  9780.0       4.7588924E-9
  9785.0       4.7679136E-9
  9790.0       4.8172013E-9
  9795.0       4.9029385E-9
  9800.0       4.9024447E-9
  9805.0       4.9970716E-9
  9810.0       5.042069E-9
  9815.0       4.9926734E-9
  9820.0       5.0633786E-9
  9825.0       4.9206266E-9
  9830.0       5.007009E-9
  9835.0       5.048719E-9
  9840.0       5.0660334E-9
  9845.0       5.066084E-9
  9850.0       5.1119473E-9
  9855.0       5.1849147E-9
  9860.0       5.1294062E-9
  9865.0       5.173596E-9
  9870.0       5.1644764E-9
  9875.0       5.1437303E-9
  9880.0       5.152515E-9
  9885.0       5.1293503E-9
  9890.0       5.1270552E-9
  9895.0       5.1056674E-9
  9900.0       5.18145E-9
  9905.0       5.1133684E-9
  9910.0       5.1048086E-9
  9915.0       5.156177E-9
  9920.0       5.189593E-9
  9925.0       5.129993E-9
  9930.0       5.0763647E-9
  9935.0       5.1542495E-9
  9940.0       5.160484E-9
  9945.0       5.1163576E-9
  9950.0       5.1192144E-9
  9955.0       5.139287E-9
  9960.0       5.1766906E-9
  9965.0       5.132073E-9
  9970.0       5.1776374E-9
  9975.0       5.2180034E-9
  9980.0       5.2365206E-9
  9985.0       5.2199427E-9
  9990.0       5.1839955E-9
  9995.0       5.1074824E-9
  10000.0      5.150715E-9
  10005.0      5.159823E-9
  10010.0      5.1595075E-9
  10015.0      5.15935E-9
  10020.0      5.1593188E-9
  10025.0      5.1593814E-9
  10030.0      5.1595292E-9
  10035.0      5.159711E-9
  10040.0      5.1599187E-9
  10045.0      5.1601172E-9
  10050.0      5.1602753E-9
  10055.0      5.160387E-9
  10060.0      5.160443E-9
  10065.0      5.1604556E-9
  10070.0      5.1604516E-9
  10075.0      5.1604054E-9
  10080.0      5.1603717E-9
  10085.0      5.160325E-9
  10090.0      5.160283E-9
  10095.0      5.160265E-9
  10100.0      5.1602926E-9
  10105.0      5.1603437E-9
  10110.0      5.1604188E-9
  10115.0      5.160511E-9
  10120.0      5.1606053E-9
  10125.0      5.160678E-9
  10130.0      5.1607234E-9
  10135.0      5.1607203E-9
  10140.0      5.1606395E-9
  10145.0      5.160509E-9
  10150.0      5.1602824E-9
  10155.0      5.1599547E-9
  10160.0      5.159576E-9
  10165.0      5.1591864E-9
  10170.0      5.1588405E-9
  10175.0      5.1585833E-9
  10180.0      5.1584665E-9
  10185.0      5.1585363E-9
  10190.0      5.158833E-9
  10195.0      5.159417E-9
  10200.0      5.160327E-9
  10205.0      5.1615663E-9
  10210.0      5.1629945E-9
  10215.0      5.1644466E-9
  10220.0      5.1657447E-9
  10225.0      5.1667044E-9
  10230.0      5.167142E-9
  10235.0      5.1668745E-9
  10240.0      5.165748E-9
  10245.0      5.1635505E-9
  10250.0      5.1601186E-9
  10255.0      5.1553695E-9
  10260.0      5.1494515E-9
  10265.0      5.1425713E-9
  10270.0      5.1349587E-9
  10275.0      5.1268363E-9
  10280.0      5.1184386E-9
  10285.0      5.1099955E-9
  10290.0      5.1017346E-9
  10295.0      5.0938893E-9
  10300.0      5.0866737E-9
  10305.0      5.080241E-9
  10310.0      5.0746047E-9
  10315.0      5.069692E-9
  10320.0      5.06543E-9
  10325.0      5.0617714E-9
  10330.0      5.058603E-9
  10335.0      5.0558957E-9
  10340.0      5.053563E-9
  10345.0      5.051535E-9
  10350.0      5.0497313E-9
  10355.0      5.0481233E-9
  10360.0      5.0467404E-9
  10365.0      5.0456186E-9
  10370.0      5.0448423E-9
  10375.0      5.0444178E-9
  10380.0      5.044423E-9
  10385.0      5.0449187E-9
  10390.0      5.0459388E-9
  10395.0      5.0475517E-9
  10400.0      5.049794E-9
  10405.0      5.0526747E-9
  10410.0      5.0561146E-9
  10415.0      5.059965E-9
  10420.0      5.0640674E-9
  10425.0      5.068315E-9
  10430.0      5.0725397E-9
  10435.0      5.076614E-9
  10440.0      5.0803863E-9
  10445.0      5.0837223E-9
  10450.0      5.0864726E-9
  10455.0      5.0885736E-9
  10460.0      5.090019E-9
  10465.0      5.0908806E-9
  10470.0      5.0912434E-9
  10475.0      5.0911617E-9
  10480.0      5.090701E-9
  10485.0      5.0899445E-9
  10490.0      5.088952E-9
  10495.0      5.0878013E-9
  10500.0      5.0865587E-9
  10505.0      5.0852784E-9
  10510.0      5.083972E-9
  10515.0      5.082644E-9
  10520.0      5.0812976E-9
  10525.0      5.0799356E-9
  10530.0      5.078544E-9
  10535.0      5.0771356E-9
  10540.0      5.0756923E-9
  10545.0      5.074243E-9
  10550.0      5.0727715E-9
  10555.0      5.071279E-9
  10560.0      5.0697575E-9
  10565.0      5.0682205E-9
  10570.0      5.0666484E-9
  10575.0      5.0650706E-9
  10580.0      5.0634745E-9
  10585.0      5.061859E-9
  10590.0      5.0602185E-9
  10595.0      5.0585602E-9
  10600.0      5.0568776E-9
  10605.0      5.0551674E-9
  10610.0      5.053439E-9
  10615.0      5.051703E-9
  10620.0      3.787381E-9
