# WAVELENGTH   FLUX           
  1150.0       0.0            
  1155.0       0.0            
  1160.0       0.0            
  1165.0       0.0            
  1170.0       0.0            
  1175.0       0.0            
  1180.0       0.0            
  1185.0       0.0            
  1190.0       0.0            
  1195.0       0.0            
  1200.0       0.0            
  1205.0       0.0            
  1210.0       0.0            
  1215.0       0.0            
  1220.0       0.0            
  1225.0       0.0            
  1230.0       0.0            
  1235.0       0.0            
  1240.0       0.0            
  1245.0       0.0            
  1250.0       0.0            
  1255.0       0.0            
  1260.0       0.0            
  1265.0       0.0            
  1270.0       0.0            
  1275.0       0.0            
  1280.0       0.0            
  1285.0       0.0            
  1290.0       0.0            
  1295.0       0.0            
  1300.0       0.0            
  1305.0       0.0            
  1310.0       0.0            
  1315.0       0.0            
  1320.0       0.0            
  1325.0       0.0            
  1330.0       0.0            
  1335.0       0.0            
  1340.0       0.0            
  1345.0       0.0            
  1350.0       0.0            
  1355.0       0.0            
  1360.0       0.0            
  1365.0       0.0            
  1370.0       0.0            
  1375.0       0.0            
  1380.0       0.0            
  1385.0       0.0            
  1390.0       0.0            
  1395.0       0.0            
  1400.0       0.0            
  1405.0       0.0            
  1410.0       0.0            
  1415.0       0.0            
  1420.0       0.0            
  1425.0       0.0            
  1430.0       0.0            
  1435.0       0.0            
  1440.0       0.0            
  1445.0       0.0            
  1450.0       0.0            
  1455.0       0.0            
  1460.0       0.0            
  1465.0       0.0            
  1470.0       0.0            
  1475.0       0.0            
  1480.0       0.0            
  1485.0       0.0            
  1490.0       0.0            
  1495.0       0.0            
  1500.0       0.0            
  1505.0       0.0            
  1510.0       0.0            
  1515.0       0.0            
  1520.0       0.0            
  1525.0       0.0            
  1530.0       0.0            
  1535.0       0.0            
  1540.0       0.0            
  1545.0       0.0            
  1550.0       0.0            
  1555.0       0.0            
  1560.0       0.0            
  1565.0       0.0            
  1570.0       0.0            
  1575.0       0.0            
  1580.0       0.0            
  1585.0       0.0            
  1590.0       0.0            
  1595.0       0.0            
  1600.0       0.0            
  1605.0       0.0            
  1610.0       0.0            
  1615.0       0.0            
  1620.0       0.0            
  1625.0       0.0            
  1630.0       0.0            
  1635.0       0.0            
  1640.0       0.0            
  1645.0       0.0            
  1650.0       0.0            
  1655.0       0.0            
  1660.0       0.0            
  1665.0       0.0            
  1670.0       0.0            
  1675.0       0.0            
  1680.0       0.0            
  1685.0       0.0            
  1690.0       0.0            
  1695.0       0.0            
  1700.0       0.0            
  1705.0       0.0            
  1710.0       0.0            
  1715.0       0.0            
  1720.0       0.0            
  1725.0       0.0            
  1730.0       0.0            
  1735.0       0.0            
  1740.0       0.0            
  1745.0       0.0            
  1750.0       0.0            
  1755.0       0.0            
  1760.0       0.0            
  1765.0       0.0            
  1770.0       0.0            
  1775.0       0.0            
  1780.0       0.0            
  1785.0       0.0            
  1790.0       0.0            
  1795.0       0.0            
  1800.0       0.0            
  1805.0       0.0            
  1810.0       0.0            
  1815.0       0.0            
  1820.0       0.0            
  1825.0       0.0            
  1830.0       0.0            
  1835.0       0.0            
  1840.0       0.0            
  1845.0       0.0            
  1850.0       0.0            
  1855.0       0.0            
  1860.0       0.0            
  1865.0       0.0            
  1870.0       0.0            
  1875.0       0.0            
  1880.0       0.0            
  1885.0       0.0            
  1890.0       0.0            
  1895.0       0.0            
  1900.0       0.0            
  1905.0       0.0            
  1910.0       0.0            
  1915.0       0.0            
  1920.0       0.0            
  1925.0       0.0            
  1930.0       0.0            
  1935.0       0.0            
  1940.0       0.0            
  1945.0       0.0            
  1950.0       0.0            
  1955.0       0.0            
  1960.0       0.0            
  1965.0       0.0            
  1970.0       0.0            
  1975.0       0.0            
  1980.0       0.0            
  1985.0       0.0            
  1990.0       0.0            
  1995.0       0.0            
  2000.0       0.0            
  2005.0       0.0            
  2010.0       0.0            
  2015.0       0.0            
  2020.0       0.0            
  2025.0       0.0            
  2030.0       0.0            
  2035.0       0.0            
  2040.0       0.0            
  2045.0       0.0            
  2050.0       0.0            
  2055.0       0.0            
  2060.0       0.0            
  2065.0       0.0            
  2070.0       0.0            
  2075.0       4.672209E-16   
  2080.0       3.2638056E-15  
  2085.0       3.728777E-15   
  2090.0       4.195994E-15   
  2095.0       6.992571E-15   
  2100.0       7.457558E-15   
  2105.0       7.924765E-15   
  2110.0       1.0721342E-14  
  2115.0       1.1186335E-14  
  2120.0       1.1186343E-14  
  2125.0       1.118634E-14   
  2130.0       1.0719147E-14  
  2135.0       7.922569E-15   
  2140.0       7.457557E-15   
  2145.0       6.9903766E-15  
  2150.0       3.7266112E-15  
  2155.0       0.0            
  2160.0       0.0            
  2165.0       0.0            
  2170.0       0.0            
  2175.0       0.0            
  2180.0       0.0            
  2185.0       0.0            
  2190.0       0.0            
  2195.0       0.0            
  2200.0       0.0            
  2205.0       0.0            
  2210.0       0.0            
  2215.0       0.0            
  2220.0       0.0            
  2225.0       0.0            
  2230.0       0.0            
  2235.0       0.0            
  2240.0       4.2021576E-15  
  2245.0       1.8652196E-14  
  2250.0       3.4034434E-14  
  2255.0       5.26804E-14    
  2260.0       7.458791E-14   
  2265.0       9.69606E-14    
  2270.0       1.1933323E-13  
  2275.0       1.4170587E-13  
  2280.0       1.6361137E-13  
  2285.0       1.8272032E-13  
  2290.0       2.0136429E-13  
  2295.0       2.195409E-13   
  2300.0       2.34454E-13    
  2305.0       2.4563852E-13  
  2310.0       2.526267E-13   
  2315.0       2.535568E-13   
  2320.0       2.5262298E-13  
  2325.0       2.4516118E-13  
  2330.0       2.3070936E-13  
  2335.0       2.1159631E-13  
  2340.0       1.8502365E-13  
  2345.0       1.4866423E-13  
  2350.0       1.0717859E-13  
  2355.0       5.9167664E-14  
  2360.0       7.896996E-15   
  2365.0       0.0            
  2370.0       0.0            
  2375.0       0.0            
  2380.0       0.0            
  2385.0       0.0            
  2390.0       0.0            
  2395.0       0.0            
  2400.0       0.0            
  2405.0       4.5733738E-14  
  2410.0       1.7066313E-13  
  2415.0       3.114185E-13   
  2420.0       4.0599273E-13  
  2425.0       3.8541723E-13  
  2430.0       2.6797032E-13  
  2435.0       3.0585354E-13  
  2440.0       5.547174E-13   
  2445.0       4.6736714E-13  
  2450.0       1.4950024E-13  
  2455.0       5.7790415E-14  
  2460.0       7.550782E-14   
  2465.0       4.5658667E-14  
  2470.0       1.4905674E-14  
  2475.0       6.988634E-15   
  2480.0       9.303161E-16   
  2485.0       0.0            
  2490.0       1.4011011E-15  
  2495.0       1.1658962E-14  
  2500.0       2.6575942E-14  
  2505.0       4.2886566E-14  
  2510.0       4.5673856E-14  
  2515.0       2.888691E-14   
  2520.0       7.4520044E-15  
  2525.0       1.2596632E-14  
  2530.0       4.9889946E-14  
  2535.0       6.477378E-14   
  2540.0       9.009995E-16   
  2545.0       1.8753774E-14  
  2550.0       4.831946E-13   
  2555.0       1.2210476E-12  
  2560.0       1.777881E-12   
  2565.0       1.966469E-12   
  2570.0       1.8367933E-12  
  2575.0       1.739145E-12   
  2580.0       2.571706E-12   
  2585.0       4.358682E-12   
  2590.0       4.9591733E-12  
  2595.0       4.253828E-12   
  2600.0       4.3560693E-12  
  2605.0       5.806597E-12   
  2610.0       7.649756E-12   
  2615.0       8.1808406E-12  
  2620.0       7.548221E-12   
  2625.0       7.711698E-12   
  2630.0       9.9660315E-12  
  2635.0       1.2532527E-11  
  2640.0       1.1818541E-11  
  2645.0       7.92223E-12    
  2650.0       5.417939E-12   
  2655.0       9.854031E-12   
  2660.0       1.383825E-11   
  2665.0       9.262522E-12   
  2670.0       5.2220684E-12  
  2675.0       6.8861414E-12  
  2680.0       1.00958625E-11 
  2685.0       1.12048365E-11 
  2690.0       9.898798E-12   
  2695.0       8.919949E-12   
  2700.0       8.719075E-12   
  2705.0       7.692585E-12   
  2710.0       5.205879E-12   
  2715.0       2.2268676E-12  
  2720.0       8.7892947E-13  
  2725.0       1.502289E-12   
  2730.0       2.6663452E-12  
  2735.0       2.4424115E-12  
  2740.0       1.3257702E-12  
  2745.0       1.4540277E-12  
  2750.0       2.2609369E-12  
  2755.0       3.1463094E-12  
  2760.0       4.977834E-12   
  2765.0       6.4221384E-12  
  2770.0       6.297493E-12   
  2775.0       7.0321123E-12  
  2780.0       8.186508E-12   
  2785.0       6.5945196E-12  
  2790.0       3.3083607E-12  
  2795.0       8.709501E-13   
  2800.0       4.467061E-13   
  2805.0       1.3385398E-12  
  2810.0       1.8822274E-12  
  2815.0       1.9734572E-12  
  2820.0       1.8782402E-12  
  2825.0       1.3644478E-12  
  2830.0       7.007721E-13   
  2835.0       3.2848607E-13  
  2840.0       1.4675748E-13  
  2845.0       3.119657E-14   
  2850.0       0.0            
  2855.0       0.0            
  2860.0       2.9407327E-14  
  2865.0       2.0424984E-13  
  2870.0       4.578168E-13   
  2875.0       7.296059E-13   
  2880.0       1.2947206E-12  
  2885.0       2.4999148E-12  
  2890.0       4.4969566E-12  
  2895.0       6.8198854E-12  
  2900.0       8.132949E-12   
  2905.0       7.174735E-12   
  2910.0       7.845171E-12   
  2915.0       1.4167482E-11  
  2920.0       1.623865E-11   
  2925.0       1.0378442E-11  
  2930.0       8.948868E-12   
  2935.0       1.2595813E-11  
  2940.0       1.4300823E-11  
  2945.0       1.3380499E-11  
  2950.0       1.4348289E-11  
  2955.0       1.8528262E-11  
  2960.0       1.712756E-11   
  2965.0       1.1090635E-11  
  2970.0       1.0834621E-11  
  2975.0       1.2079613E-11  
  2980.0       8.018528E-12   
  2985.0       8.432659E-12   
  2990.0       1.2734743E-11  
  2995.0       1.0021643E-11  
  3000.0       6.4359984E-12  
  3005.0       8.4029875E-12  
  3010.0       1.0083772E-11  
  3015.0       6.846629E-12   
  3020.0       1.994059E-12   
  3025.0       9.07371E-12    
  3030.0       2.3554126E-11  
  3035.0       2.4078618E-11  
  3040.0       1.5305583E-11  
  3045.0       9.716709E-12   
  3050.0       1.0718086E-11  
  3055.0       1.6726575E-11  
  3060.0       2.4697161E-11  
  3065.0       3.2893688E-11  
  3070.0       4.2651677E-11  
  3075.0       5.578084E-11   
  3080.0       6.668933E-11   
  3085.0       6.539182E-11   
  3090.0       4.8637427E-11  
  3095.0       4.857971E-11   
  3100.0       9.3080946E-11  
  3105.0       1.3719863E-10  
  3110.0       1.7378182E-10  
  3115.0       2.6432007E-10  
  3120.0       3.3639647E-10  
  3125.0       3.014828E-10   
  3130.0       2.5008087E-10  
  3135.0       2.3364743E-10  
  3140.0       2.3070355E-10  
  3145.0       2.8117714E-10  
  3150.0       3.4076814E-10  
  3155.0       2.5725796E-10  
  3160.0       1.7327538E-10  
  3165.0       2.9765426E-10  
  3170.0       4.9817117E-10  
  3175.0       5.6467614E-10  
  3180.0       4.0964498E-10  
  3185.0       2.2689511E-10  
  3190.0       1.6972572E-10  
  3195.0       1.772807E-10   
  3200.0       2.745126E-10   
  3205.0       4.761679E-10   
  3210.0       5.264227E-10   
  3215.0       3.2896313E-10  
  3220.0       1.6460595E-10  
  3225.0       1.9576E-10     
  3230.0       3.4482575E-10  
  3235.0       3.723261E-10   
  3240.0       4.2263962E-10  
  3245.0       8.0419377E-10  
  3250.0       1.030709E-9    
  3255.0       8.382408E-10   
  3260.0       7.3812684E-10  
  3265.0       7.616622E-10   
  3270.0       7.2292694E-10  
  3275.0       8.789812E-10   
  3280.0       1.1916487E-9   
  3285.0       1.312438E-9    
  3290.0       1.3239487E-9   
  3295.0       1.3549011E-9   
  3300.0       1.2814991E-9   
  3305.0       1.0327592E-9   
  3310.0       6.9908407E-10  
  3315.0       5.324192E-10   
  3320.0       7.230479E-10   
  3325.0       1.1781885E-9   
  3330.0       1.3904886E-9   
  3335.0       1.0347802E-9   
  3340.0       6.7883377E-10  
  3345.0       6.9660766E-10  
  3350.0       9.1684293E-10  
  3355.0       9.502892E-10   
  3360.0       6.419089E-10   
  3365.0       2.9145583E-10  
  3370.0       2.7526878E-10  
  3375.0       7.0168715E-10  
  3380.0       1.1315405E-9   
  3385.0       1.2029711E-9   
  3390.0       9.444695E-10   
  3395.0       8.294485E-10   
  3400.0       1.0425818E-9   
  3405.0       1.1385135E-9   
  3410.0       9.854078E-10   
  3415.0       9.013904E-10   
  3420.0       1.3409064E-9   
  3425.0       2.0382485E-9   
  3430.0       1.8815458E-9   
  3435.0       9.977873E-10   
  3440.0       3.5313014E-10  
  3445.0       4.998137E-10   
  3450.0       1.0674757E-9   
  3455.0       1.2717731E-9   
  3460.0       1.387664E-9    
  3465.0       1.5159244E-9   
  3470.0       1.0539003E-9   
  3475.0       7.325837E-10   
  3480.0       1.3231374E-9   
  3485.0       1.6066805E-9   
  3490.0       1.2068039E-9   
  3495.0       1.0408476E-9   
  3500.0       1.3753944E-9   
  3505.0       1.8133292E-9   
  3510.0       1.6830757E-9   
  3515.0       9.846265E-10   
  3520.0       4.3227605E-10  
  3525.0       9.874717E-10   
  3530.0       2.6205618E-9   
  3535.0       3.930385E-9    
  3540.0       4.2831183E-9   
  3545.0       3.972003E-9    
  3550.0       3.706194E-9    
  3555.0       3.5161656E-9   
  3560.0       3.0023672E-9   
  3565.0       2.0144404E-9   
  3570.0       8.926862E-10   
  3575.0       2.3856658E-10  
  3580.0       1.7323493E-10  
  3585.0       3.8132328E-10  
  3590.0       3.625779E-10   
  3595.0       2.1830905E-10  
  3600.0       3.85628E-10    
  3605.0       6.5775363E-10  
  3610.0       9.167324E-10   
  3615.0       1.5029482E-9   
  3620.0       2.1300888E-9   
  3625.0       2.2156255E-9   
  3630.0       1.7603994E-9   
  3635.0       1.5936981E-9   
  3640.0       2.4372153E-9   
  3645.0       2.8330889E-9   
  3650.0       2.5133349E-9   
  3655.0       3.6360623E-9   
  3660.0       4.9075464E-9   
  3665.0       4.3581747E-9   
  3670.0       4.0862864E-9   
  3675.0       4.1024566E-9   
  3680.0       2.4304554E-9   
  3685.0       1.5085757E-9   
  3690.0       3.31114E-9     
  3695.0       5.7531113E-9   
  3700.0       6.1734964E-9   
  3705.0       3.6790877E-9   
  3710.0       1.4002576E-9   
  3715.0       1.2495235E-9   
  3720.0       1.3779824E-9   
  3725.0       1.0039314E-9   
  3730.0       6.2217387E-10  
  3735.0       6.038595E-10   
  3740.0       7.144658E-10   
  3745.0       5.5976723E-10  
  3750.0       7.9227624E-10  
  3755.0       1.6026069E-9   
  3760.0       2.067921E-9    
  3765.0       2.5872111E-9   
  3770.0       4.2100416E-9   
  3775.0       6.7718195E-9   
  3780.0       8.335004E-9    
  3785.0       6.9406867E-9   
  3790.0       4.88602E-9     
  3795.0       4.4566626E-9   
  3800.0       4.9596935E-9   
  3805.0       5.2793787E-9   
  3810.0       4.6974282E-9   
  3815.0       3.1190974E-9   
  3820.0       1.3218638E-9   
  3825.0       7.361131E-10   
  3830.0       1.2520662E-9   
  3835.0       2.1082756E-9   
  3840.0       3.4114118E-9   
  3845.0       4.276264E-9    
  3850.0       3.3358898E-9   
  3855.0       1.8457559E-9   
  3860.0       1.3995757E-9   
  3865.0       2.033333E-9    
  3870.0       2.7331706E-9   
  3875.0       2.4567577E-9   
  3880.0       1.3549003E-9   
  3885.0       9.44153E-10    
  3890.0       2.569106E-9    
  3895.0       3.896616E-9    
  3900.0       3.0716414E-9   
  3905.0       2.5983922E-9   
  3910.0       3.172281E-9    
  3915.0       2.9058727E-9   
  3920.0       1.8266944E-9   
  3925.0       8.864346E-10   
  3930.0       5.6264476E-10  
  3935.0       5.831771E-10   
  3940.0       7.1857637E-10  
  3945.0       1.5078561E-9   
  3950.0       2.2530422E-9   
  3955.0       1.5623737E-9   
  3960.0       5.520342E-10   
  3965.0       5.185382E-10   
  3970.0       1.2334973E-9   
  3975.0       2.328466E-9    
  3980.0       3.3475138E-9   
  3985.0       3.5083765E-9   
  3990.0       3.2967296E-9   
  3995.0       4.2976667E-9   
  4000.0       5.643091E-9    
  4005.0       5.803419E-9    
  4010.0       5.6639515E-9   
  4015.0       5.806058E-9    
  4020.0       5.607477E-9    
  4025.0       4.3057846E-9   
  4030.0       2.6756493E-9   
  4035.0       2.9654295E-9   
  4040.0       4.0561985E-9   
  4045.0       3.821697E-9    
  4050.0       3.3124583E-9   
  4055.0       3.2402956E-9   
  4060.0       3.1785021E-9   
  4065.0       3.403085E-9    
  4070.0       3.7193957E-9   
  4075.0       3.1291463E-9   
  4080.0       2.8149374E-9   
  4085.0       4.058324E-9    
  4090.0       4.777881E-9    
  4095.0       3.7517696E-9   
  4100.0       2.6098559E-9   
  4105.0       2.568999E-9    
  4110.0       3.3927747E-9   
  4115.0       3.4940737E-9   
  4120.0       3.0133727E-9   
  4125.0       3.3110892E-9   
  4130.0       3.0773424E-9   
  4135.0       1.6293287E-9   
  4140.0       9.2750696E-10  
  4145.0       1.8416283E-9   
  4150.0       3.8573846E-9   
  4155.0       5.8100866E-9   
  4160.0       6.007258E-9    
  4165.0       3.566701E-9    
  4170.0       1.3213429E-9   
  4175.0       1.5340165E-9   
  4180.0       3.0467369E-9   
  4185.0       4.0312003E-9   
  4190.0       3.4848078E-9   
  4195.0       2.4580882E-9   
  4200.0       1.9323758E-9   
  4205.0       1.6538028E-9   
  4210.0       1.3346739E-9   
  4215.0       9.0826024E-10  
  4220.0       4.5258042E-10  
  4225.0       2.0600165E-10  
  4230.0       4.2431453E-10  
  4235.0       1.004175E-9    
  4240.0       1.7066218E-9   
  4245.0       2.2651705E-9   
  4250.0       2.1753566E-9   
  4255.0       1.4383872E-9   
  4260.0       1.2903024E-9   
  4265.0       1.6333602E-9   
  4270.0       1.3288103E-9   
  4275.0       1.2808593E-9   
  4280.0       2.0353585E-9   
  4285.0       2.2996354E-9   
  4290.0       1.7072689E-9   
  4295.0       1.1126906E-9   
  4300.0       1.7156472E-9   
  4305.0       2.701312E-9    
  4310.0       2.1420703E-9   
  4315.0       1.2193428E-9   
  4320.0       1.4064038E-9   
  4325.0       1.6050411E-9   
  4330.0       1.2588304E-9   
  4335.0       1.0466631E-9   
  4340.0       1.2087583E-9   
  4345.0       1.4656583E-9   
  4350.0       1.3557495E-9   
  4355.0       1.0832887E-9   
  4360.0       1.1172876E-9   
  4365.0       1.4414535E-9   
  4370.0       1.8221437E-9   
  4375.0       1.9887016E-9   
  4380.0       1.7729241E-9   
  4385.0       1.3702781E-9   
  4390.0       1.2702924E-9   
  4395.0       1.2030862E-9   
  4400.0       8.02498E-10    
  4405.0       6.9959755E-10  
  4410.0       1.4122878E-9   
  4415.0       2.6384945E-9   
  4420.0       2.9343195E-9   
  4425.0       1.5589284E-9   
  4430.0       5.4261984E-10  
  4435.0       6.1259486E-10  
  4440.0       7.63935E-10    
  4445.0       1.2658659E-9   
  4450.0       2.1524402E-9   
  4455.0       2.2664495E-9   
  4460.0       1.481513E-9    
  4465.0       6.507441E-10   
  4470.0       7.1703543E-10  
  4475.0       1.6984084E-9   
  4480.0       2.5489646E-9   
  4485.0       2.6897988E-9   
  4490.0       2.1924964E-9   
  4495.0       1.5423559E-9   
  4500.0       1.0679007E-9   
  4505.0       8.1928286E-10  
  4510.0       7.806906E-10   
  4515.0       9.0270974E-10  
  4520.0       1.0445604E-9   
  4525.0       8.84512E-10    
  4530.0       5.00361E-10    
  4535.0       1.4406025E-9   
  4540.0       3.2080345E-9   
  4545.0       2.419665E-9    
  4550.0       5.489415E-10   
  4555.0       6.1920646E-10  
  4560.0       1.0554189E-9   
  4565.0       9.985629E-10   
  4570.0       1.3659903E-9   
  4575.0       1.6223833E-9   
  4580.0       1.1469323E-9   
  4585.0       4.895778E-10   
  4590.0       5.7313687E-10  
  4595.0       1.4894087E-9   
  4600.0       1.6097542E-9   
  4605.0       8.403263E-10   
  4610.0       7.2736933E-10  
  4615.0       1.4221557E-9   
  4620.0       2.1291808E-9   
  4625.0       1.915075E-9    
  4630.0       9.687786E-10   
  4635.0       3.3520145E-10  
  4640.0       1.869858E-10   
  4645.0       5.0976406E-10  
  4650.0       1.544646E-9    
  4655.0       2.8384122E-9   
  4660.0       3.410326E-9    
  4665.0       2.5199594E-9   
  4670.0       1.0260006E-9   
  4675.0       6.428539E-10   
  4680.0       9.732543E-10   
  4685.0       1.1550124E-9   
  4690.0       1.3341608E-9   
  4695.0       2.340624E-9    
  4700.0       3.962601E-9    
  4705.0       3.526637E-9    
  4710.0       1.2353376E-9   
  4715.0       1.2004178E-10  
  4720.0       4.850061E-10   
  4725.0       7.66289E-10    
  4730.0       0.0            
  4735.0       1.8995612E-9   
  4740.0       9.418634E-9    
  4745.0       1.5078188E-8   
  4750.0       1.3282669E-8   
  4755.0       6.900361E-9    
  4760.0       1.3818856E-9   
  4765.0       0.0            
  4770.0       1.6716745E-10  
  4775.0       3.7998357E-10  
  4780.0       1.2411299E-9   
  4785.0       2.1714546E-9   
  4790.0       2.380453E-9    
  4795.0       1.9536763E-9   
  4800.0       1.2864979E-9   
  4805.0       6.75706E-10    
  4810.0       0.0            
  4815.0       0.0            
  4820.0       2.1692497E-9   
  4825.0       4.4929003E-9   
  4830.0       3.2266918E-9   
  4835.0       2.0137167E-9   
  4840.0       3.3012524E-9   
  4845.0       3.3648988E-9   
  4850.0       1.5253347E-9   
  4855.0       4.3688705E-10  
  4860.0       2.570606E-9    
  4865.0       5.1559343E-9   
  4870.0       3.7018706E-9   
  4875.0       3.8004853E-9   
  4880.0       7.850482E-9    
  4885.0       8.2117255E-9   
  4890.0       4.9030957E-9   
  4895.0       2.9447145E-9   
  4900.0       3.1734368E-9   
  4905.0       3.6694745E-9   
  4910.0       2.5826057E-9   
  4915.0       2.0320592E-9   
  4920.0       3.2216978E-9   
  4925.0       3.8627763E-9   
  4930.0       3.915903E-9    
  4935.0       4.1213646E-9   
  4940.0       2.9832308E-9   
  4945.0       2.1400501E-9   
  4950.0       4.484743E-9    
  4955.0       4.996145E-9    
  4960.0       1.5145497E-9   
  4965.0       2.6231928E-10  
  4970.0       1.4279916E-9   
  4975.0       1.93823E-9     
  4980.0       3.1178793E-9   
  4985.0       4.9497872E-9   
  4990.0       4.4954898E-9   
  4995.0       2.2801454E-9   
  5000.0       7.7769463E-10  
  5005.0       5.1753946E-10  
  5010.0       6.220816E-10   
  5015.0       4.255983E-10   
  5020.0       1.9693327E-9   
  5025.0       5.371788E-9    
  5030.0       5.863916E-9    
  5035.0       3.1830933E-9   
  5040.0       1.5456075E-9   
  5045.0       1.0628578E-9   
  5050.0       7.545766E-10   
  5055.0       1.2042486E-9   
  5060.0       2.5424873E-9   
  5065.0       3.9495154E-9   
  5070.0       4.003319E-9    
  5075.0       2.74072E-9     
  5080.0       2.051741E-9    
  5085.0       4.0743395E-9   
  5090.0       7.1170936E-9   
  5095.0       5.789355E-9    
  5100.0       3.2948768E-9   
  5105.0       5.1952598E-9   
  5110.0       8.27639E-9     
  5115.0       9.052928E-9    
  5120.0       7.4627575E-9   
  5125.0       5.9523013E-9   
  5130.0       5.9553713E-9   
  5135.0       6.140095E-9    
  5140.0       6.1863044E-9   
  5145.0       6.630881E-9    
  5150.0       5.8999663E-9   
  5155.0       5.1325117E-9   
  5160.0       8.674669E-9    
  5165.0       1.0812745E-8   
  5170.0       5.455977E-9    
  5175.0       8.6067786E-10  
  5180.0       6.0968E-10     
  5185.0       6.393131E-10   
  5190.0       1.7321384E-9   
  5195.0       3.9931187E-9   
  5200.0       3.512407E-9    
  5205.0       2.5400153E-9   
  5210.0       5.933242E-9    
  5215.0       7.889764E-9    
  5220.0       4.861796E-9    
  5225.0       3.004308E-9    
  5230.0       3.5590848E-9   
  5235.0       3.7761705E-9   
  5240.0       3.511795E-9    
  5245.0       3.3846805E-9   
  5250.0       3.4251844E-9   
  5255.0       4.4581947E-9   
  5260.0       6.4610233E-9   
  5265.0       6.69474E-9     
  5270.0       5.6382388E-9   
  5275.0       5.9128813E-9   
  5280.0       5.16555E-9     
  5285.0       3.3449457E-9   
  5290.0       5.3838787E-9   
  5295.0       9.280565E-9    
  5300.0       9.845312E-9    
  5305.0       7.1240707E-9   
  5310.0       3.1972172E-9   
  5315.0       1.1787751E-9   
  5320.0       5.5416534E-9   
  5325.0       1.26360105E-8  
  5330.0       9.860431E-9    
  5335.0       2.122813E-9    
  5340.0       5.8476785E-10  
  5345.0       1.4688716E-9   
  5350.0       1.5016832E-9   
  5355.0       2.1879885E-9   
  5360.0       2.78693E-9     
  5365.0       2.3100852E-9   
  5370.0       1.5414877E-9   
  5375.0       1.4171619E-9   
  5380.0       2.4293518E-9   
  5385.0       4.350277E-9    
  5390.0       6.056873E-9    
  5395.0       6.030926E-9    
  5400.0       5.0347166E-9   
  5405.0       4.671488E-9    
  5410.0       4.8145816E-9   
  5415.0       4.74652E-9     
  5420.0       4.1728154E-9   
  5425.0       4.1214743E-9   
  5430.0       5.1917777E-9   
  5435.0       6.432374E-9    
  5440.0       6.972099E-9    
  5445.0       6.3296093E-9   
  5450.0       4.0599573E-9   
  5455.0       1.2500526E-9   
  5460.0       5.544998E-10   
  5465.0       1.4001161E-9   
  5470.0       2.2489257E-9   
  5475.0       4.324625E-9    
  5480.0       6.608267E-9    
  5485.0       6.336274E-9    
  5490.0       5.2574936E-9   
  5495.0       5.059468E-9    
  5500.0       3.371126E-9    
  5505.0       1.5803266E-9   
  5510.0       3.889328E-9    
  5515.0       7.495051E-9    
  5520.0       8.233016E-9    
  5525.0       5.66393E-9     
  5530.0       2.8485656E-9   
  5535.0       3.3912377E-9   
  5540.0       5.4685705E-9   
  5545.0       5.993125E-9    
  5550.0       4.269349E-9    
  5555.0       2.1541005E-9   
  5560.0       1.6126644E-9   
  5565.0       1.923444E-9    
  5570.0       2.3414106E-9   
  5575.0       2.9184521E-9   
  5580.0       3.563945E-9    
  5585.0       3.806481E-9    
  5590.0       3.0746288E-9   
  5595.0       1.9941861E-9   
  5600.0       1.4771112E-9   
  5605.0       1.2592198E-9   
  5610.0       1.038896E-9    
  5615.0       8.697265E-10   
  5620.0       8.2724927E-10  
  5625.0       9.0367747E-10  
  5630.0       9.759762E-10   
  5635.0       8.704343E-10   
  5640.0       7.455141E-10   
  5645.0       1.3514408E-9   
  5650.0       2.3822269E-9   
  5655.0       2.6422298E-9   
  5660.0       2.1027564E-9   
  5665.0       1.4227705E-9   
  5670.0       1.2881859E-9   
  5675.0       1.6138478E-9   
  5680.0       1.8537404E-9   
  5685.0       2.3430913E-9   
  5690.0       3.0671423E-9   
  5695.0       3.0449512E-9   
  5700.0       2.4287576E-9   
  5705.0       2.2192799E-9   
  5710.0       2.2427957E-9   
  5715.0       2.273258E-9    
  5720.0       2.7882407E-9   
  5725.0       3.6977317E-9   
  5730.0       4.277142E-9    
  5735.0       3.913059E-9    
  5740.0       2.8447749E-9   
  5745.0       2.36195E-9     
  5750.0       2.8982052E-9   
  5755.0       3.6229502E-9   
  5760.0       3.3007934E-9   
  5765.0       2.0429407E-9   
  5770.0       1.6495707E-9   
  5775.0       1.9479698E-9   
  5780.0       1.931561E-9    
  5785.0       2.1495394E-9   
  5790.0       2.744886E-9    
  5795.0       3.1711627E-9   
  5800.0       3.6181806E-9   
  5805.0       4.0370485E-9   
  5810.0       3.6533159E-9   
  5815.0       2.6573523E-9   
  5820.0       1.979653E-9    
  5825.0       2.2701632E-9   
  5830.0       2.8147598E-9   
  5835.0       2.2978912E-9   
  5840.0       1.505197E-9    
  5845.0       1.6539958E-9   
  5850.0       2.734393E-9    
  5855.0       3.1207237E-9   
  5860.0       1.7884882E-9   
  5865.0       7.824257E-10   
  5870.0       8.407E-10      
  5875.0       8.0884055E-10  
  5880.0       6.926215E-10   
  5885.0       7.9310325E-10  
  5890.0       8.742134E-10   
  5895.0       8.238838E-10   
  5900.0       7.028104E-10   
  5905.0       5.7158317E-10  
  5910.0       4.9348314E-10  
  5915.0       5.092988E-10   
  5920.0       5.1857724E-10  
  5925.0       4.6234847E-10  
  5930.0       5.382452E-10   
  5935.0       7.296708E-10   
  5940.0       7.9640783E-10  
  5945.0       7.3547607E-10  
  5950.0       6.6427475E-10  
  5955.0       6.778256E-10   
  5960.0       7.9092893E-10  
  5965.0       9.181406E-10   
  5970.0       9.159928E-10   
  5975.0       9.618158E-10   
  5980.0       1.3707023E-9   
  5985.0       1.8177445E-9   
  5990.0       1.877833E-9    
  5995.0       1.5249371E-9   
  6000.0       1.171105E-9    
  6005.0       1.1988647E-9   
  6010.0       1.4148398E-9   
  6015.0       1.6201249E-9   
  6020.0       1.7645612E-9   
  6025.0       1.7450428E-9   
  6030.0       1.6618468E-9   
  6035.0       1.9101336E-9   
  6040.0       2.5128086E-9   
  6045.0       3.1163714E-9   
  6050.0       3.4933954E-9   
  6055.0       3.5235128E-9   
  6060.0       3.2596845E-9   
  6065.0       3.3203689E-9   
  6070.0       3.996995E-9    
  6075.0       4.2004147E-9   
  6080.0       3.7931733E-9   
  6085.0       4.061439E-9    
  6090.0       4.4903183E-9   
  6095.0       4.207428E-9    
  6100.0       4.4500488E-9   
  6105.0       5.13464E-9     
  6110.0       4.55206E-9     
  6115.0       3.995194E-9    
  6120.0       4.9978315E-9   
  6125.0       5.055127E-9    
  6130.0       3.886882E-9    
  6135.0       4.625869E-9    
  6140.0       5.6777028E-9   
  6145.0       4.0943813E-9   
  6150.0       2.3940319E-9   
  6155.0       2.354812E-9    
  6160.0       2.1375268E-9   
  6165.0       1.5196587E-9   
  6170.0       1.326537E-9    
  6175.0       1.1268216E-9   
  6180.0       7.4766815E-10  
  6185.0       6.1317645E-10  
  6190.0       8.292943E-10   
  6195.0       1.152209E-9    
  6200.0       1.2335593E-9   
  6205.0       1.0445259E-9   
  6210.0       7.756287E-10   
  6215.0       6.5923367E-10  
  6220.0       6.610908E-10   
  6225.0       6.4876493E-10  
  6230.0       6.823533E-10   
  6235.0       7.864446E-10   
  6240.0       8.565632E-10   
  6245.0       8.932321E-10   
  6250.0       9.2827146E-10  
  6255.0       8.925455E-10   
  6260.0       8.7938273E-10  
  6265.0       1.0592786E-9   
  6270.0       1.2341294E-9   
  6275.0       1.2601318E-9   
  6280.0       1.3020682E-9   
  6285.0       1.3922548E-9   
  6290.0       1.4707949E-9   
  6295.0       1.6149688E-9   
  6300.0       1.9664355E-9   
  6305.0       2.5787534E-9   
  6310.0       3.0898206E-9   
  6315.0       3.096639E-9    
  6320.0       2.7516827E-9   
  6325.0       2.5758031E-9   
  6330.0       3.0435905E-9   
  6335.0       3.3728462E-9   
  6340.0       2.7909268E-9   
  6345.0       2.3613163E-9   
  6350.0       2.8666176E-9   
  6355.0       3.7400962E-9   
  6360.0       3.7645362E-9   
  6365.0       3.090455E-9    
  6370.0       4.7145416E-9   
  6375.0       7.5149345E-9   
  6380.0       7.2728215E-9   
  6385.0       5.728341E-9    
  6390.0       5.0801714E-9   
  6395.0       4.3080965E-9   
  6400.0       5.044291E-9    
  6405.0       9.521221E-9    
  6410.0       1.19484564E-8  
  6415.0       8.766102E-9    
  6420.0       4.9117697E-9   
  6425.0       3.8569414E-9   
  6430.0       5.7555183E-9   
  6435.0       8.3064835E-9   
  6440.0       9.475682E-9    
  6445.0       9.16586E-9     
  6450.0       9.415471E-9    
  6455.0       1.0969599E-8   
  6460.0       1.00871285E-8  
  6465.0       8.226875E-9    
  6470.0       1.0971205E-8   
  6475.0       1.4545212E-8   
  6480.0       1.33219995E-8  
  6485.0       1.0044193E-8   
  6490.0       8.768627E-9    
  6495.0       1.0777855E-8   
  6500.0       1.3033116E-8   
  6505.0       1.3345534E-8   
  6510.0       1.2932332E-8   
  6515.0       1.1412178E-8   
  6520.0       1.0024885E-8   
  6525.0       1.5353347E-8   
  6530.0       2.3744944E-8   
  6535.0       2.3626033E-8   
  6540.0       1.6711388E-8   
  6545.0       1.05420135E-8  
  6550.0       9.506123E-9    
  6555.0       1.0424448E-8   
  6560.0       7.0668182E-9   
  6565.0       3.84955E-9     
  6570.0       4.62214E-9     
  6575.0       5.5160263E-9   
  6580.0       5.45071E-9     
  6585.0       5.4295697E-9   
  6590.0       4.501814E-9    
  6595.0       3.120406E-9    
  6600.0       3.1874932E-9   
  6605.0       4.3471364E-9   
  6610.0       5.1396083E-9   
  6615.0       4.5708743E-9   
  6620.0       3.4850491E-9   
  6625.0       3.0863379E-9   
  6630.0       2.922862E-9    
  6635.0       2.9738942E-9   
  6640.0       3.6251437E-9   
  6645.0       3.6084953E-9   
  6650.0       2.5634217E-9   
  6655.0       2.2120028E-9   
  6660.0       2.3691733E-9   
  6665.0       2.0973274E-9   
  6670.0       2.1850848E-9   
  6675.0       2.641278E-9    
  6680.0       2.5636004E-9   
  6685.0       2.4593547E-9   
  6690.0       2.8129452E-9   
  6695.0       3.0543252E-9   
  6700.0       2.8311287E-9   
  6705.0       2.445869E-9    
  6710.0       2.692416E-9    
  6715.0       3.1141132E-9   
  6720.0       2.911115E-9    
  6725.0       2.7375742E-9   
  6730.0       2.8303204E-9   
  6735.0       2.7754623E-9   
  6740.0       2.885821E-9    
  6745.0       3.1931062E-9   
  6750.0       2.9819338E-9   
  6755.0       2.6221554E-9   
  6760.0       3.1381748E-9   
  6765.0       4.8325663E-9   
  6770.0       6.2685346E-9   
  6775.0       5.4728413E-9   
  6780.0       3.589348E-9    
  6785.0       2.4874673E-9   
  6790.0       2.5061513E-9   
  6795.0       2.9220573E-9   
  6800.0       2.9717349E-9   
  6805.0       3.6681183E-9   
  6810.0       5.5660374E-9   
  6815.0       7.362872E-9    
  6820.0       7.924694E-9    
  6825.0       7.0714905E-9   
  6830.0       5.8660223E-9   
  6835.0       5.413116E-9    
  6840.0       6.074193E-9    
  6845.0       6.47313E-9     
  6850.0       5.739873E-9    
  6855.0       6.0497585E-9   
  6860.0       7.2098434E-9   
  6865.0       7.535616E-9    
  6870.0       1.0799291E-8   
  6875.0       1.7529183E-8   
  6880.0       1.7405716E-8   
  6885.0       1.0944063E-8   
  6890.0       9.442996E-9    
  6895.0       1.2925543E-8   
  6900.0       1.574968E-8    
  6905.0       1.4257293E-8   
  6910.0       1.1054001E-8   
  6915.0       1.2026383E-8   
  6920.0       1.5035214E-8   
  6925.0       1.6116331E-8   
  6930.0       1.718021E-8    
  6935.0       1.9969356E-8   
  6940.0       2.3376431E-8   
  6945.0       2.3539428E-8   
  6950.0       1.9758277E-8   
  6955.0       2.054998E-8    
  6960.0       2.6315295E-8   
  6965.0       2.5178894E-8   
  6970.0       2.1594342E-8   
  6975.0       2.4801759E-8   
  6980.0       2.70581E-8     
  6985.0       2.4542015E-8   
  6990.0       2.238849E-8    
  6995.0       2.325824E-8    
  7000.0       2.4609182E-8   
  7005.0       2.3174149E-8   
  7010.0       2.4394247E-8   
  7015.0       2.872994E-8    
  7020.0       2.6585468E-8   
  7025.0       2.2661276E-8   
  7030.0       2.4909422E-8   
  7035.0       2.5071355E-8   
  7040.0       2.1674719E-8   
  7045.0       2.2052765E-8   
  7050.0       2.3000307E-8   
  7055.0       1.9193818E-8   
  7060.0       1.1576331E-8   
  7065.0       6.4647194E-9   
  7070.0       8.317438E-9    
  7075.0       1.1828347E-8   
  7080.0       1.2298321E-8   
  7085.0       9.552796E-9    
  7090.0       6.7666908E-9   
  7095.0       6.8018555E-9   
  7100.0       8.569237E-9    
  7105.0       1.0723062E-8   
  7110.0       1.2886845E-8   
  7115.0       1.3929984E-8   
  7120.0       1.251659E-8    
  7125.0       8.684766E-9    
  7130.0       4.381909E-9    
  7135.0       2.7766895E-9   
  7140.0       2.8132008E-9   
  7145.0       1.955789E-9    
  7150.0       4.205956E-9    
  7155.0       1.0565327E-8   
  7160.0       1.1921468E-8   
  7165.0       7.28562E-9     
  7170.0       5.104214E-9    
  7175.0       6.921159E-9    
  7180.0       9.00424E-9     
  7185.0       9.006083E-9    
  7190.0       7.430293E-9    
  7195.0       6.5990404E-9   
  7200.0       8.053184E-9    
  7205.0       9.693478E-9    
  7210.0       8.23085E-9     
  7215.0       6.999006E-9    
  7220.0       8.561205E-9    
  7225.0       1.0177788E-8   
  7230.0       1.1109134E-8   
  7235.0       1.2608681E-8   
  7240.0       1.5256548E-8   
  7245.0       1.7916133E-8   
  7250.0       1.8467102E-8   
  7255.0       1.6454035E-8   
  7260.0       1.3534774E-8   
  7265.0       1.2717681E-8   
  7270.0       1.4366642E-8   
  7275.0       1.6833496E-8   
  7280.0       1.8818984E-8   
  7285.0       2.0226842E-8   
  7290.0       2.1305986E-8   
  7295.0       2.232345E-8    
  7300.0       2.3490157E-8   
  7305.0       2.4948953E-8   
  7310.0       2.6827061E-8   
  7315.0       2.9207385E-8   
  7320.0       3.1944218E-8   
  7325.0       3.4684923E-8   
  7330.0       3.7045833E-8   
  7335.0       3.870436E-8    
  7340.0       3.9590248E-8   
  7345.0       3.979695E-8    
  7350.0       3.9442888E-8   
  7355.0       3.8681655E-8   
  7360.0       3.777975E-8    
  7365.0       3.7058182E-8   
  7370.0       3.6828204E-8   
  7375.0       3.7236223E-8   
  7380.0       3.7980318E-8   
  7385.0       3.8578264E-8   
  7390.0       3.8571628E-8   
  7395.0       3.7881296E-8   
  7400.0       3.724691E-8    
  7405.0       3.767237E-8    
  7410.0       4.0083968E-8   
  7415.0       4.4577323E-8   
  7420.0       4.9693774E-8   
  7425.0       5.3531156E-8   
  7430.0       5.4319006E-8   
  7435.0       5.158374E-8    
  7440.0       4.7055927E-8   
  7445.0       4.3045887E-8   
  7450.0       4.1677016E-8   
  7455.0       4.3431925E-8   
  7460.0       4.6382517E-8   
  7465.0       4.8033645E-8   
  7470.0       4.612243E-8    
  7475.0       4.029444E-8    
  7480.0       3.3001402E-8   
  7485.0       2.7354858E-8   
  7490.0       2.6200116E-8   
  7495.0       3.0190424E-8   
  7500.0       3.6756372E-8   
  7505.0       4.2569244E-8   
  7510.0       4.4528093E-8   
  7515.0       4.155026E-8    
  7520.0       3.5667295E-8   
  7525.0       2.9673597E-8   
  7530.0       2.6242029E-8   
  7535.0       2.6674345E-8   
  7540.0       2.9827437E-8   
  7545.0       3.3886106E-8   
  7550.0       3.706967E-8    
  7555.0       3.8317815E-8   
  7560.0       3.7983447E-8   
  7565.0       3.6840262E-8   
  7570.0       3.5668855E-8   
  7575.0       3.499145E-8    
  7580.0       3.471789E-8    
  7585.0       3.454204E-8    
  7590.0       3.4145874E-8   
  7595.0       3.330075E-8    
  7600.0       3.2030968E-8   
  7605.0       3.046761E-8    
  7610.0       2.8750673E-8   
  7615.0       2.6987376E-8   
  7620.0       2.5166422E-8   
  7625.0       2.32099E-8     
  7630.0       2.1036524E-8   
  7635.0       1.8654193E-8   
  7640.0       1.6476742E-8   
  7645.0       1.5221836E-8   
  7650.0       1.5647668E-8   
  7655.0       1.8352235E-8   
  7660.0       2.2975225E-8   
  7665.0       2.8101123E-8   
  7670.0       3.2113658E-8   
  7675.0       3.3516894E-8   
  7680.0       3.178789E-8    
  7685.0       2.797968E-8    
  7690.0       2.3546509E-8   
  7695.0       1.992488E-8    
  7700.0       1.8112313E-8   
  7705.0       1.8016413E-8   
  7710.0       1.9143817E-8   
  7715.0       2.0970644E-8   
  7720.0       2.308431E-8    
  7725.0       2.547619E-8    
  7730.0       2.83642E-8     
  7735.0       3.1990417E-8   
  7740.0       3.647725E-8    
  7745.0       4.127783E-8    
  7750.0       4.517686E-8    
  7755.0       4.683942E-8    
  7760.0       4.5061743E-8   
  7765.0       3.971835E-8    
  7770.0       3.2607005E-8   
  7775.0       2.6055012E-8   
  7780.0       2.2367137E-8   
  7785.0       2.3120405E-8   
  7790.0       2.7545823E-8   
  7795.0       3.3735716E-8   
  7800.0       3.966038E-8    
  7805.0       4.3512244E-8   
  7810.0       4.464326E-8    
  7815.0       4.3458428E-8   
  7820.0       4.053954E-8    
  7825.0       3.6478816E-8   
  7830.0       3.1915405E-8   
  7835.0       2.7580908E-8   
  7840.0       2.4234286E-8   
  7845.0       2.2621379E-8   
  7850.0       2.3261409E-8   
  7855.0       2.5784873E-8   
  7860.0       2.9273604E-8   
  7865.0       3.273802E-8    
  7870.0       3.5250356E-8   
  7875.0       3.630467E-8    
  7880.0       3.5957285E-8   
  7885.0       3.4388293E-8   
  7890.0       3.1793657E-8   
  7895.0       2.8470188E-8   
  7900.0       2.5012866E-8   
  7905.0       2.2148697E-8   
  7910.0       2.0615667E-8   
  7915.0       2.102029E-8    
  7920.0       2.3161732E-8   
  7925.0       2.5906147E-8   
  7930.0       2.7935089E-8   
  7935.0       2.7999327E-8   
  7940.0       2.554116E-8    
  7945.0       2.1495262E-8   
  7950.0       1.727906E-8    
  7955.0       1.4305227E-8   
  7960.0       1.3501042E-8   
  7965.0       1.4474799E-8   
  7970.0       1.6303987E-8   
  7975.0       1.8028704E-8   
  7980.0       1.891021E-8    
  7985.0       1.8981828E-8   
  7990.0       1.8689608E-8   
  7995.0       1.8523206E-8   
  8000.0       1.8867853E-8   
  8005.0       1.9667162E-8   
  8010.0       2.0564467E-8   
  8015.0       2.1163382E-8   
  8020.0       2.112926E-8    
  8025.0       2.0463746E-8   
  8030.0       1.948869E-8    
  8035.0       1.8581312E-8   
  8040.0       1.809739E-8    
  8045.0       1.8233216E-8   
  8050.0       1.8961218E-8   
  8055.0       2.0203183E-8   
  8060.0       2.1882066E-8   
  8065.0       2.3959343E-8   
  8070.0       2.647522E-8    
  8075.0       2.949452E-8    
  8080.0       3.307449E-8    
  8085.0       3.7159843E-8   
  8090.0       4.133249E-8    
  8095.0       4.499826E-8    
  8100.0       4.7548486E-8   
  8105.0       4.8501143E-8   
  8110.0       4.7988795E-8   
  8115.0       4.6652016E-8   
  8120.0       4.5210008E-8   
  8125.0       4.4318266E-8   
  8130.0       4.417655E-8    
  8135.0       4.4345953E-8   
  8140.0       4.424219E-8    
  8145.0       4.3343185E-8   
  8150.0       4.181081E-8    
  8155.0       4.1505913E-8   
  8160.0       4.4914604E-8   
  8165.0       5.45264E-8     
  8170.0       7.189882E-8    
  8175.0       9.4650765E-8   
  8180.0       1.17722784E-7  
  8185.0       1.3569012E-7   
  8190.0       1.4364751E-7   
  8195.0       1.402286E-7    
  8200.0       1.2878749E-7   
  8205.0       1.137174E-7    
  8210.0       9.9369444E-8   
  8215.0       8.904512E-8    
  8220.0       8.306966E-8    
  8225.0       8.051344E-8    
  8230.0       8.032028E-8    
  8235.0       8.1571464E-8   
  8240.0       8.4017316E-8   
  8245.0       8.7960636E-8   
  8250.0       9.379116E-8    
  8255.0       1.01793205E-7  
  8260.0       1.11348015E-7  
  8265.0       1.2006451E-7   
  8270.0       1.2502309E-7   
  8275.0       1.2332852E-7   
  8280.0       1.1313361E-7   
  8285.0       9.685249E-8    
  8290.0       7.966209E-8    
  8295.0       6.7111465E-8   
  8300.0       6.429987E-8    
  8305.0       7.27917E-8     
  8310.0       8.814655E-8    
  8315.0       1.04334816E-7  
  8320.0       1.1532154E-7   
  8325.0       1.16593725E-7  
  8330.0       1.0938422E-7   
  8335.0       9.830692E-8    
  8340.0       8.840602E-8    
  8345.0       8.4381185E-8   
  8350.0       8.8219544E-8   
  8355.0       9.7301324E-8   
  8360.0       1.0778691E-7   
  8365.0       1.15790264E-7  
  8370.0       1.1813529E-7   
  8375.0       1.14751835E-7  
  8380.0       1.07789255E-7  
  8385.0       9.971467E-8    
  8390.0       9.290352E-8    
  8395.0       8.889471E-8    
  8400.0       8.750352E-8    
  8405.0       8.8010154E-8   
  8410.0       8.964988E-8    
  8415.0       9.165098E-8    
  8420.0       9.320374E-8    
  8425.0       9.346339E-8    
  8430.0       9.1578464E-8   
  8435.0       8.674338E-8    
  8440.0       7.867157E-8    
  8445.0       6.8683086E-8   
  8450.0       5.88414E-8     
  8455.0       5.129068E-8    
  8460.0       4.7964992E-8   
  8465.0       4.9295927E-8   
  8470.0       5.350643E-8    
  8475.0       5.829731E-8    
  8480.0       6.136104E-8    
  8485.0       6.0852E-8      
  8490.0       5.7102984E-8   
  8495.0       5.215818E-8    
  8500.0       4.832266E-8    
  8505.0       4.7835737E-8   
  8510.0       5.2118597E-8   
  8515.0       6.006565E-8    
  8520.0       6.9401246E-8   
  8525.0       7.7719946E-8   
  8530.0       8.278011E-8    
  8535.0       8.365611E-8    
  8540.0       8.17672E-8     
  8545.0       7.917832E-8    
  8550.0       7.79912E-8     
  8555.0       7.997906E-8    
  8560.0       8.50796E-8     
  8565.0       9.139689E-8    
  8570.0       9.670536E-8    
  8575.0       9.8803866E-8   
  8580.0       9.605472E-8    
  8585.0       8.920743E-8    
  8590.0       8.0633214E-8   
  8595.0       7.293061E-8    
  8600.0       6.86305E-8     
  8605.0       6.946749E-8    
  8610.0       7.47137E-8     
  8615.0       8.2501856E-8   
  8620.0       9.0836735E-8   
  8625.0       9.7790256E-8   
  8630.0       1.0203119E-7   
  8635.0       1.03519255E-7  
  8640.0       1.0263024E-7   
  8645.0       9.978E-8       
  8650.0       9.54456E-8     
  8655.0       9.042824E-8    
  8660.0       8.582286E-8    
  8665.0       8.2738744E-8   
  8670.0       8.1976324E-8   
  8675.0       8.370089E-8    
  8680.0       8.785739E-8    
  8685.0       9.404941E-8    
  8690.0       1.0060611E-7   
  8695.0       1.05077625E-7  
  8700.0       1.05317994E-7  
  8705.0       1.0184174E-7   
  8710.0       9.85503E-8     
  8715.0       9.9815935E-8   
  8720.0       1.0749128E-7   
  8725.0       1.1648118E-7   
  8730.0       1.1896639E-7   
  8735.0       1.0859202E-7   
  8740.0       8.8152994E-8   
  8745.0       6.875293E-8    
  8750.0       6.213213E-8    
  8755.0       7.3495016E-8   
  8760.0       9.450766E-8    
  8765.0       1.1278761E-7   
  8770.0       1.1808648E-7   
  8775.0       1.1067609E-7   
  8780.0       9.797839E-8    
  8785.0       8.793883E-8    
  8790.0       8.492185E-8    
  8795.0       8.7471896E-8   
  8800.0       9.2677595E-8   
  8805.0       9.791696E-8    
  8810.0       1.0209892E-7   
  8815.0       1.0507764E-7   
  8820.0       1.0687055E-7   
  8825.0       1.0776804E-7   
  8830.0       1.0846092E-7   
  8835.0       1.0970279E-7   
  8840.0       1.1185982E-7   
  8845.0       1.13920045E-7  
  8850.0       1.1413832E-7   
  8855.0       1.10888664E-7  
  8860.0       1.0403683E-7   
  8865.0       9.564281E-8    
  8870.0       8.827347E-8    
  8875.0       8.4371635E-8   
  8880.0       8.578653E-8    
  8885.0       9.401627E-8    
  8890.0       1.10062125E-7  
  8895.0       1.3149939E-7   
  8900.0       1.5035931E-7   
  8905.0       1.574125E-7    
  8910.0       1.4583735E-7   
  8915.0       1.193895E-7    
  8920.0       8.901897E-8    
  8925.0       6.6158506E-8   
  8930.0       5.7722172E-8   
  8935.0       6.129284E-8    
  8940.0       7.157553E-8    
  8945.0       8.343249E-8    
  8950.0       9.3825264E-8   
  8955.0       1.01621715E-7  
  8960.0       1.0607649E-7   
  8965.0       1.07178494E-7  
  8970.0       1.06970504E-7  
  8975.0       1.0835416E-7   
  8980.0       1.1390775E-7   
  8985.0       1.2340733E-7   
  8990.0       1.3288914E-7   
  8995.0       1.3767372E-7   
  9000.0       1.3461369E-7   
  9005.0       1.2674502E-7   
  9010.0       1.2092103E-7   
  9015.0       1.2403885E-7   
  9020.0       1.3889208E-7   
  9025.0       1.5940293E-7   
  9030.0       1.7666008E-7   
  9035.0       1.8275175E-7   
  9040.0       1.7721266E-7   
  9045.0       1.6777699E-7   
  9050.0       1.6357245E-7   
  9055.0       1.7137565E-7   
  9060.0       1.8883117E-7   
  9065.0       2.0821214E-7   
  9070.0       2.2151977E-7   
  9075.0       2.2446929E-7   
  9080.0       2.2080697E-7   
  9085.0       2.1685739E-7   
  9090.0       2.1841825E-7   
  9095.0       2.2665532E-7   
  9100.0       2.3738167E-7   
  9105.0       2.4541495E-7   
  9110.0       2.4655773E-7   
  9115.0       2.4097255E-7   
  9120.0       2.3178607E-7   
  9125.0       2.2247418E-7   
  9130.0       2.1583587E-7   
  9135.0       2.1281315E-7   
  9140.0       2.1360214E-7   
  9145.0       2.1824977E-7   
  9150.0       2.262378E-7    
  9155.0       2.3608756E-7   
  9160.0       2.4606894E-7   
  9165.0       2.5451013E-7   
  9170.0       2.60166E-7     
  9175.0       2.622208E-7    
  9180.0       2.5995297E-7   
  9185.0       2.5297408E-7   
  9190.0       2.4227836E-7   
  9195.0       2.298053E-7    
  9200.0       2.1757894E-7   
  9205.0       2.0714522E-7   
  9210.0       1.9861781E-7   
  9215.0       1.9147849E-7   
  9220.0       1.8515874E-7   
  9225.0       1.7928224E-7   
  9230.0       1.7410042E-7   
  9235.0       1.7016949E-7   
  9240.0       1.6807965E-7   
  9245.0       1.6841592E-7   
  9250.0       1.7160673E-7   
  9255.0       1.7723423E-7   
  9260.0       1.8407526E-7   
  9265.0       1.9076668E-7   
  9270.0       1.9594212E-7   
  9275.0       1.982919E-7    
  9280.0       1.9709869E-7   
  9285.0       1.9317406E-7   
  9290.0       1.8792088E-7   
  9295.0       1.8279974E-7   
  9300.0       1.7926806E-7   
  9305.0       1.7859745E-7   
  9310.0       1.8088517E-7   
  9315.0       1.8480507E-7   
  9320.0       1.8873915E-7   
  9325.0       1.9105526E-7   
  9330.0       1.9016632E-7   
  9335.0       1.8507158E-7   
  9340.0       1.7690633E-7   
  9345.0       1.680028E-7    
  9350.0       1.6084192E-7   
  9355.0       1.579051E-7    
  9360.0       1.6146863E-7   
  9365.0       1.7216304E-7   
  9370.0       1.8768658E-7   
  9375.0       2.0493094E-7   
  9380.0       2.2072707E-7   
  9385.0       2.3192686E-7   
  9390.0       2.3585632E-7   
  9395.0       2.3232991E-7   
  9400.0       2.2342044E-7   
  9405.0       2.1157884E-7   
  9410.0       1.9926831E-7   
  9415.0       1.8890594E-7   
  9420.0       1.8237147E-7   
  9425.0       1.7981432E-7   
  9430.0       1.8054509E-7   
  9435.0       1.8377632E-7   
  9440.0       1.8872159E-7   
  9445.0       1.9461943E-7   
  9450.0       2.0093104E-7   
  9455.0       2.0757538E-7   
  9460.0       2.1461243E-7   
  9465.0       2.221147E-7    
  9470.0       2.3015437E-7   
  9475.0       2.3876595E-7   
  9480.0       2.477286E-7    
  9485.0       2.5648572E-7   
  9490.0       2.644031E-7    
  9495.0       2.7084425E-7   
  9500.0       2.7517748E-7   
  9505.0       2.7689575E-7   
  9510.0       2.7612296E-7   
  9515.0       2.7352445E-7   
  9520.0       2.6985643E-7   
  9525.0       2.6587657E-7   
  9530.0       2.6233198E-7   
  9535.0       2.5980302E-7   
  9540.0       2.581909E-7    
  9545.0       2.5695525E-7   
  9550.0       2.5549832E-7   
  9555.0       2.532204E-7    
  9560.0       2.4953889E-7   
  9565.0       2.440919E-7    
  9570.0       2.3729048E-7   
  9575.0       2.2995697E-7   
  9580.0       2.2296341E-7   
  9585.0       2.1718299E-7   
  9590.0       2.1346027E-7   
  9595.0       2.1235428E-7   
  9600.0       2.1360509E-7   
  9605.0       2.166099E-7    
  9610.0       2.2072793E-7   
  9615.0       2.2532001E-7   
  9620.0       2.2976255E-7   
  9625.0       2.3359406E-7   
  9630.0       2.3677491E-7   
  9635.0       2.3942857E-7   
  9640.0       2.4169438E-7   
  9645.0       2.4371099E-7   
  9650.0       2.4561268E-7   
  9655.0       2.4747996E-7   
  9660.0       2.4926905E-7   
  9665.0       2.5089253E-7   
  9670.0       2.5225805E-7   
  9675.0       2.5327324E-7   
  9680.0       2.5384776E-7   
  9685.0       2.538911E-7    
  9690.0       2.5332477E-7   
  9695.0       2.520731E-7    
  9700.0       2.500585E-7    
  9705.0       2.47206E-7     
  9710.0       2.4344328E-7   
  9715.0       2.3875603E-7   
  9720.0       2.3329292E-7   
  9725.0       2.2727585E-7   
  9730.0       2.2093525E-7   
  9735.0       2.1450188E-7   
  9740.0       2.0821462E-7   
  9745.0       2.0242592E-7   
  9750.0       1.978555E-7    
  9755.0       1.9539905E-7   
  9760.0       1.9597326E-7   
  9765.0       2.0049349E-7   
  9770.0       2.0984737E-7   
  9775.0       2.2446501E-7   
  9780.0       2.4291796E-7   
  9785.0       2.625699E-7    
  9790.0       2.8062342E-7   
  9795.0       2.9427787E-7   
  9800.0       3.0075796E-7   
  9805.0       2.9787319E-7   
  9810.0       2.864884E-7    
  9815.0       2.7024637E-7   
  9820.0       2.53253E-7     
  9825.0       2.396286E-7    
  9830.0       2.334866E-7    
  9835.0       2.3847454E-7   
  9840.0       2.551152E-7    
  9845.0       2.7975824E-7   
  9850.0       3.0783465E-7   
  9855.0       3.3472492E-7   
  9860.0       3.5581215E-7   
  9865.0       3.6670687E-7   
  9870.0       3.6513032E-7   
  9875.0       3.5358235E-7   
  9880.0       3.3617272E-7   
  9885.0       3.171557E-7    
  9890.0       3.007878E-7    
  9895.0       2.9124746E-7   
  9900.0       2.916627E-7    
  9905.0       3.0135183E-7   
  9910.0       3.174985E-7    
  9915.0       3.3701912E-7   
  9920.0       3.5682717E-7   
  9925.0       3.7384507E-7   
  9930.0       3.8523626E-7   
  9935.0       3.897145E-7    
  9940.0       3.878774E-7    
  9945.0       3.8070044E-7   
  9950.0       3.69181E-7     
  9955.0       3.5431864E-7   
  9960.0       3.371288E-7    
  9965.0       3.1882493E-7   
  9970.0       3.0110692E-7   
  9975.0       2.858525E-7    
  9980.0       2.749573E-7    
  9985.0       2.7031788E-7   
  9990.0       2.7380503E-7   
  9995.0       2.868004E-7    
  10000.0      3.0828087E-7   
  10005.0      3.3524367E-7   
  10010.0      3.6437558E-7   
  10015.0      3.9235454E-7   
  10020.0      4.1586054E-7   
  10025.0      4.3176615E-7   
  10030.0      4.3849374E-7   
  10035.0      4.372261E-7    
  10040.0      4.2990982E-7   
  10045.0      4.1854295E-7   
  10050.0      4.051281E-7    
  10055.0      3.916475E-7    
  10060.0      3.7983196E-7   
  10065.0      3.704079E-7    
  10070.0      3.6348763E-7   
  10075.0      3.5910455E-7   
  10080.0      3.5728414E-7   
  10085.0      3.5806002E-7   
  10090.0      3.614295E-7    
  10095.0      3.671433E-7    
  10100.0      3.7451363E-7   
  10105.0      3.8273095E-7   
  10110.0      3.9097498E-7   
  10115.0      3.984267E-7    
  10120.0      4.042739E-7    
  10125.0      4.078443E-7    
  10130.0      4.091165E-7    
  10135.0      4.08584E-7     
  10140.0      4.0682067E-7   
  10145.0      4.044E-7       
  10150.0      4.0189505E-7   
  10155.0      3.9986034E-7   
  10160.0      3.9867427E-7   
  10165.0      3.9824604E-7   
  10170.0      3.9830542E-7   
  10175.0      3.985662E-7    
  10180.0      3.9873913E-7   
  10185.0      3.985444E-7    
  10190.0      3.9783143E-7   
  10195.0      3.9714382E-7   
  10200.0      3.9766013E-7   
  10205.0      4.0065825E-7   
  10210.0      4.0741133E-7   
  10215.0      4.18878E-7     
  10220.0      4.3425567E-7   
  10225.0      4.5097863E-7   
  10230.0      4.6617419E-7   
  10235.0      4.769762E-7    
  10240.0      4.8102265E-7   
  10245.0      4.7829906E-7   
  10250.0      4.7064373E-7   
  10255.0      4.6017647E-7   
  10260.0      4.4899298E-7   
  10265.0      4.3877805E-7   
  10270.0      4.2945754E-7   
  10275.0      4.197584E-7    
  10280.0      4.082483E-7    
  10285.0      3.9358574E-7   
  10290.0      3.755919E-7    
  10295.0      3.5765837E-7   
  10300.0      3.4483202E-7   
  10305.0      3.4234748E-7   
  10310.0      3.551039E-7    
  10315.0      3.8478538E-7   
  10320.0      4.2507818E-7   
  10325.0      4.6673054E-7   
  10330.0      5.002029E-7    
  10335.0      5.164944E-7    
  10340.0      5.113415E-7    
  10345.0      4.907421E-7    
  10350.0      4.640053E-7    
  10355.0      4.4072962E-7   
  10360.0      4.2992818E-7   
  10365.0      4.3577973E-7   
  10370.0      4.534231E-7    
  10375.0      4.7541306E-7   
  10380.0      4.9410096E-7   
  10385.0      5.024082E-7    
  10390.0      4.976473E-7    
  10395.0      4.846019E-7    
  10400.0      4.7003533E-7   
  10405.0      4.6084324E-7   
  10410.0      4.633519E-7    
  10415.0      4.7956314E-7   
  10420.0      5.0446846E-7   
  10425.0      5.312753E-7    
  10430.0      5.530742E-7    
  10435.0      5.634123E-7    
  10440.0      5.5939626E-7   
  10445.0      5.441811E-7    
  10450.0      5.2252335E-7   
  10455.0      4.9929304E-7   
  10460.0      4.7912204E-7   
  10465.0      4.6473508E-7   
  10470.0      4.5545397E-7   
  10475.0      4.4966686E-7   
  10480.0      4.456893E-7    
  10485.0      4.4193965E-7   
  10490.0      4.3763626E-7   
  10495.0      4.3351363E-7   
  10500.0      4.3073678E-7   
  10505.0      4.305006E-7    
  10510.0      4.3389483E-7   
  10515.0      4.4101176E-7   
  10520.0      4.4968334E-7   
  10525.0      4.5697843E-7   
  10530.0      4.5990035E-7   
  10535.0      4.55555E-7     
  10540.0      4.4214525E-7   
  10545.0      4.2084423E-7   
  10550.0      3.9402374E-7   
  10555.0      3.64181E-7     
  10560.0      3.3381164E-7   
  10565.0      3.0547062E-7   
  10570.0      2.819025E-7    
  10575.0      2.6595163E-7   
  10580.0      2.6047644E-7   
  10585.0      2.6826305E-7   
  10590.0      2.9093553E-7   
  10595.0      3.2519557E-7   
  10600.0      3.644006E-7    
  10605.0      4.0144195E-7   
  10610.0      4.2923227E-7   
  10615.0      4.4160504E-7   
  10620.0      3.2985164E-7   
