# WAVELENGTH   FLUX           
  1150.0       0.0            
  1155.0       0.0            
  1160.0       0.0            
  1165.0       0.0            
  1170.0       0.0            
  1175.0       0.0            
  1180.0       0.0            
  1185.0       0.0            
  1190.0       0.0            
  1195.0       0.0            
  1200.0       0.0            
  1205.0       0.0            
  1210.0       0.0            
  1215.0       0.0            
  1220.0       0.0            
  1225.0       0.0            
  1230.0       0.0            
  1235.0       0.0            
  1240.0       0.0            
  1245.0       0.0            
  1250.0       0.0            
  1255.0       0.0            
  1260.0       0.0            
  1265.0       0.0            
  1270.0       0.0            
  1275.0       0.0            
  1280.0       0.0            
  1285.0       0.0            
  1290.0       0.0            
  1295.0       0.0            
  1300.0       0.0            
  1305.0       0.0            
  1310.0       0.0            
  1315.0       0.0            
  1320.0       0.0            
  1325.0       0.0            
  1330.0       0.0            
  1335.0       0.0            
  1340.0       0.0            
  1345.0       0.0            
  1350.0       0.0            
  1355.0       0.0            
  1360.0       0.0            
  1365.0       0.0            
  1370.0       0.0            
  1375.0       0.0            
  1380.0       0.0            
  1385.0       0.0            
  1390.0       0.0            
  1395.0       0.0            
  1400.0       0.0            
  1405.0       0.0            
  1410.0       0.0            
  1415.0       0.0            
  1420.0       0.0            
  1425.0       0.0            
  1430.0       0.0            
  1435.0       0.0            
  1440.0       0.0            
  1445.0       0.0            
  1450.0       0.0            
  1455.0       0.0            
  1460.0       0.0            
  1465.0       0.0            
  1470.0       0.0            
  1475.0       0.0            
  1480.0       0.0            
  1485.0       0.0            
  1490.0       0.0            
  1495.0       0.0            
  1500.0       0.0            
  1505.0       0.0            
  1510.0       0.0            
  1515.0       0.0            
  1520.0       0.0            
  1525.0       0.0            
  1530.0       0.0            
  1535.0       0.0            
  1540.0       0.0            
  1545.0       0.0            
  1550.0       0.0            
  1555.0       0.0            
  1560.0       0.0            
  1565.0       0.0            
  1570.0       0.0            
  1575.0       0.0            
  1580.0       0.0            
  1585.0       0.0            
  1590.0       0.0            
  1595.0       0.0            
  1600.0       0.0            
  1605.0       0.0            
  1610.0       0.0            
  1615.0       0.0            
  1620.0       0.0            
  1625.0       0.0            
  1630.0       0.0            
  1635.0       0.0            
  1640.0       0.0            
  1645.0       0.0            
  1650.0       0.0            
  1655.0       0.0            
  1660.0       0.0            
  1665.0       0.0            
  1670.0       0.0            
  1675.0       0.0            
  1680.0       0.0            
  1685.0       0.0            
  1690.0       0.0            
  1695.0       0.0            
  1700.0       0.0            
  1705.0       0.0            
  1710.0       0.0            
  1715.0       0.0            
  1720.0       0.0            
  1725.0       0.0            
  1730.0       0.0            
  1735.0       0.0            
  1740.0       0.0            
  1745.0       0.0            
  1750.0       0.0            
  1755.0       0.0            
  1760.0       0.0            
  1765.0       0.0            
  1770.0       0.0            
  1775.0       0.0            
  1780.0       0.0            
  1785.0       0.0            
  1790.0       0.0            
  1795.0       0.0            
  1800.0       0.0            
  1805.0       0.0            
  1810.0       0.0            
  1815.0       0.0            
  1820.0       0.0            
  1825.0       0.0            
  1830.0       0.0            
  1835.0       0.0            
  1840.0       0.0            
  1845.0       0.0            
  1850.0       0.0            
  1855.0       0.0            
  1860.0       0.0            
  1865.0       0.0            
  1870.0       0.0            
  1875.0       0.0            
  1880.0       0.0            
  1885.0       0.0            
  1890.0       0.0            
  1895.0       0.0            
  1900.0       0.0            
  1905.0       0.0            
  1910.0       0.0            
  1915.0       0.0            
  1920.0       0.0            
  1925.0       0.0            
  1930.0       0.0            
  1935.0       0.0            
  1940.0       0.0            
  1945.0       0.0            
  1950.0       4.5770706E-16  
  1955.0       3.1969209E-15  
  1960.0       4.109993E-15   
  1965.0       7.3069085E-15  
  1970.0       1.05014975E-14 
  1975.0       1.0956888E-14  
  1980.0       1.0956871E-14  
  1985.0       1.0956875E-14  
  1990.0       1.04992E-14    
  1995.0       6.8446174E-15  
  2000.0       9.107906E-16   
  2005.0       0.0            
  2010.0       0.0            
  2015.0       0.0            
  2020.0       0.0            
  2025.0       0.0            
  2030.0       0.0            
  2035.0       0.0            
  2040.0       0.0            
  2045.0       0.0            
  2050.0       3.6612017E-15  
  2055.0       2.9693743E-14  
  2060.0       6.256661E-14   
  2065.0       9.7718735E-14  
  2070.0       1.2693258E-13  
  2075.0       1.483842E-13   
  2080.0       1.5887687E-13  
  2085.0       1.5430064E-13  
  2090.0       1.2826375E-13  
  2095.0       7.6658874E-14  
  2100.0       1.0019889E-14  
  2105.0       0.0            
  2110.0       0.0            
  2115.0       0.0            
  2120.0       0.0            
  2125.0       0.0            
  2130.0       0.0            
  2135.0       0.0            
  2140.0       0.0            
  2145.0       0.0            
  2150.0       5.2166218E-14  
  2155.0       4.298729E-13   
  2160.0       9.508391E-13   
  2165.0       1.5667572E-12  
  2170.0       2.2653E-12     
  2175.0       3.0268327E-12  
  2180.0       3.836752E-12   
  2185.0       4.6854695E-12  
  2190.0       5.5560903E-12  
  2195.0       6.431731E-12   
  2200.0       7.302334E-12   
  2205.0       8.153306E-12   
  2210.0       8.981907E-12   
  2215.0       9.785396E-12   
  2220.0       1.056286E-11   
  2225.0       1.1312026E-11  
  2230.0       1.2034256E-11  
  2235.0       1.27249634E-11 
  2240.0       1.3385555E-11  
  2245.0       1.4013269E-11  
  2250.0       1.460538E-11   
  2255.0       1.516324E-11   
  2260.0       1.5681852E-11  
  2265.0       1.6160746E-11  
  2270.0       1.660127E-11   
  2275.0       1.6996144E-11  
  2280.0       1.7346295E-11  
  2285.0       1.7648936E-11  
  2290.0       1.7901387E-11  
  2295.0       1.810497E-11   
  2300.0       1.8254682E-11  
  2305.0       1.8350972E-11  
  2310.0       1.8403E-11     
  2315.0       1.841897E-11   
  2320.0       1.8408438E-11  
  2325.0       1.8376927E-11  
  2330.0       1.8334936E-11  
  2335.0       1.8295232E-11  
  2340.0       1.8263724E-11  
  2345.0       1.8250514E-11  
  2350.0       1.826605E-11   
  2355.0       1.8318113E-11  
  2360.0       1.8414475E-11  
  2365.0       1.856515E-11   
  2370.0       1.8778853E-11  
  2375.0       1.906789E-11   
  2380.0       1.943864E-11   
  2385.0       1.9902524E-11  
  2390.0       2.0463657E-11  
  2395.0       2.1136658E-11  
  2400.0       2.1928797E-11  
  2405.0       2.2834184E-11  
  2410.0       2.3821703E-11  
  2415.0       2.484572E-11   
  2420.0       2.5859207E-11  
  2425.0       2.6817864E-11  
  2430.0       2.767702E-11   
  2435.0       2.8387303E-11  
  2440.0       2.8903994E-11  
  2445.0       2.9182802E-11  
  2450.0       2.9179444E-11  
  2455.0       2.8877544E-11  
  2460.0       2.833643E-11   
  2465.0       2.7638348E-11  
  2470.0       2.686816E-11   
  2475.0       2.6115365E-11  
  2480.0       2.5465316E-11  
  2485.0       2.5005237E-11  
  2490.0       2.4822342E-11  
  2495.0       2.5001971E-11  
  2500.0       2.5629504E-11  
  2505.0       2.674549E-11   
  2510.0       2.8289255E-11  
  2515.0       3.0163917E-11  
  2520.0       3.2262238E-11  
  2525.0       3.4481022E-11  
  2530.0       3.671803E-11   
  2535.0       3.887008E-11   
  2540.0       4.082992E-11   
  2545.0       4.2496576E-11  
  2550.0       4.377142E-11   
  2555.0       4.4619003E-11  
  2560.0       4.5169476E-11  
  2565.0       4.561369E-11   
  2570.0       4.614611E-11   
  2575.0       4.6964446E-11  
  2580.0       4.82704E-11    
  2585.0       5.0256774E-11  
  2590.0       5.3120165E-11  
  2595.0       5.706053E-11   
  2600.0       6.22653E-11    
  2605.0       6.881761E-11   
  2610.0       7.653963E-11   
  2615.0       8.5152024E-11  
  2620.0       9.4363295E-11  
  2625.0       1.0388127E-10  
  2630.0       1.1341452E-10  
  2635.0       1.2267662E-10  
  2640.0       1.3137552E-10  
  2645.0       1.3921744E-10  
  2650.0       1.4592436E-10  
  2655.0       1.513064E-10   
  2660.0       1.554159E-10   
  2665.0       1.5840006E-10  
  2670.0       1.6041246E-10  
  2675.0       1.6160495E-10  
  2680.0       1.6213494E-10  
  2685.0       1.6215773E-10  
  2690.0       1.6182558E-10  
  2695.0       1.612908E-10   
  2700.0       1.6070907E-10  
  2705.0       1.6018073E-10  
  2710.0       1.596935E-10   
  2715.0       1.5918591E-10  
  2720.0       1.5859601E-10  
  2725.0       1.5785503E-10  
  2730.0       1.5690353E-10  
  2735.0       1.5567243E-10  
  2740.0       1.5410083E-10  
  2745.0       1.521238E-10   
  2750.0       1.4967998E-10  
  2755.0       1.4674785E-10  
  2760.0       1.4341026E-10  
  2765.0       1.3978788E-10  
  2770.0       1.360056E-10   
  2775.0       1.3218934E-10  
  2780.0       1.2846238E-10  
  2785.0       1.2495258E-10  
  2790.0       1.2178074E-10  
  2795.0       1.1907549E-10  
  2800.0       1.169653E-10   
  2805.0       1.1561059E-10  
  2810.0       1.1526329E-10  
  2815.0       1.1620574E-10  
  2820.0       1.1872578E-10  
  2825.0       1.2310937E-10  
  2830.0       1.2964711E-10  
  2835.0       1.3862511E-10  
  2840.0       1.503311E-10   
  2845.0       1.650506E-10   
  2850.0       1.8305114E-10  
  2855.0       2.0438845E-10  
  2860.0       2.285651E-10   
  2865.0       2.5488003E-10  
  2870.0       2.8260266E-10  
  2875.0       3.110066E-10   
  2880.0       3.3936673E-10  
  2885.0       3.6695336E-10  
  2890.0       3.930445E-10   
  2895.0       4.169112E-10   
  2900.0       4.378434E-10   
  2905.0       4.5532556E-10  
  2910.0       4.6933596E-10  
  2915.0       4.800446E-10   
  2920.0       4.8763443E-10  
  2925.0       4.9229754E-10  
  2930.0       4.9421595E-10  
  2935.0       4.935807E-10   
  2940.0       4.9057886E-10  
  2945.0       4.853975E-10   
  2950.0       4.7822946E-10  
  2955.0       4.693517E-10   
  2960.0       4.5924575E-10  
  2965.0       4.4847387E-10  
  2970.0       4.3760276E-10  
  2975.0       4.2720685E-10  
  2980.0       4.178523E-10   
  2985.0       4.1010834E-10  
  2990.0       4.0454484E-10  
  2995.0       4.0173215E-10  
  3000.0       4.0221648E-10  
  3005.0       4.0631798E-10  
  3010.0       4.1377204E-10  
  3015.0       4.2408796E-10  
  3020.0       4.3674514E-10  
  3025.0       4.5122903E-10  
  3030.0       4.670306E-10   
  3035.0       4.8363163E-10  
  3040.0       5.005172E-10   
  3045.0       5.17173E-10    
  3050.0       5.330969E-10   
  3055.0       5.479173E-10   
  3060.0       5.6159843E-10  
  3065.0       5.742405E-10   
  3070.0       5.859517E-10   
  3075.0       5.968393E-10   
  3080.0       6.0701605E-10  
  3085.0       6.165885E-10   
  3090.0       6.2566935E-10  
  3095.0       6.343652E-10   
  3100.0       6.427854E-10   
  3105.0       6.510323E-10   
  3110.0       6.591935E-10   
  3115.0       6.6734007E-10  
  3120.0       6.7555356E-10  
  3125.0       6.8391165E-10  
  3130.0       6.924866E-10   
  3135.0       7.013605E-10   
  3140.0       7.106105E-10   
  3145.0       7.2031026E-10  
  3150.0       7.305338E-10   
  3155.0       7.420964E-10   
  3160.0       7.550803E-10   
  3165.0       7.4877915E-10  
  3170.0       7.5524864E-10  
  3175.0       7.8268514E-10  
  3180.0       8.063632E-10   
  3185.0       8.066159E-10   
  3190.0       8.050043E-10   
  3195.0       8.258528E-10   
  3200.0       8.59874E-10    
  3205.0       8.676709E-10   
  3210.0       8.4140056E-10  
  3215.0       7.976145E-10   
  3220.0       7.6214385E-10  
  3225.0       7.503112E-10   
  3230.0       7.439146E-10   
  3235.0       7.256888E-10   
  3240.0       7.1391265E-10  
  3245.0       7.337437E-10   
  3250.0       7.91065E-10    
  3255.0       8.7508173E-10  
  3260.0       9.518223E-10   
  3265.0       9.897873E-10   
  3270.0       9.872424E-10   
  3275.0       9.606199E-10   
  3280.0       9.43424E-10    
  3285.0       9.625528E-10   
  3290.0       1.0108961E-9   
  3295.0       1.0653953E-9   
  3300.0       1.0960693E-9   
  3305.0       1.0848826E-9   
  3310.0       1.0509954E-9   
  3315.0       1.0214934E-9   
  3320.0       1.0070896E-9   
  3325.0       1.0079271E-9   
  3330.0       1.0140468E-9   
  3335.0       1.0176613E-9   
  3340.0       1.0254774E-9   
  3345.0       1.0426026E-9   
  3350.0       1.0552683E-9   
  3355.0       1.0450918E-9   
  3360.0       1.0022345E-9   
  3365.0       9.351159E-10   
  3370.0       8.895823E-10   
  3375.0       9.0137886E-10  
  3380.0       9.434515E-10   
  3385.0       9.786965E-10   
  3390.0       1.0065712E-9   
  3395.0       1.0356785E-9   
  3400.0       1.0605092E-9   
  3405.0       1.0720861E-9   
  3410.0       1.0683535E-9   
  3415.0       1.0562834E-9   
  3420.0       1.0575815E-9   
  3425.0       1.0796155E-9   
  3430.0       1.0796107E-9   
  3435.0       1.0250686E-9   
  3440.0       9.598137E-10   
  3445.0       9.380925E-10   
  3450.0       9.633057E-10   
  3455.0       1.011873E-9    
  3460.0       1.0435706E-9   
  3465.0       1.0341951E-9   
  3470.0       1.0152116E-9   
  3475.0       1.0185252E-9   
  3480.0       1.0232458E-9   
  3485.0       1.0087282E-9   
  3490.0       1.0076973E-9   
  3495.0       1.0527973E-9   
  3500.0       1.1213926E-9   
  3505.0       1.1736312E-9   
  3510.0       1.1825055E-9   
  3515.0       1.1447131E-9   
  3520.0       1.1041347E-9   
  3525.0       1.105875E-9    
  3530.0       1.1510553E-9   
  3535.0       1.2174938E-9   
  3540.0       1.2672208E-9   
  3545.0       1.2700384E-9   
  3550.0       1.2308173E-9   
  3555.0       1.1693906E-9   
  3560.0       1.109054E-9    
  3565.0       1.0612546E-9   
  3570.0       1.0054554E-9   
  3575.0       9.2859515E-10  
  3580.0       8.685989E-10   
  3585.0       8.7109525E-10  
  3590.0       9.481739E-10   
  3595.0       1.0779037E-9   
  3600.0       1.1830711E-9   
  3605.0       1.1893415E-9   
  3610.0       1.1494703E-9   
  3615.0       1.2028378E-9   
  3620.0       1.3078629E-9   
  3625.0       1.3904948E-9   
  3630.0       1.4065514E-9   
  3635.0       1.3743346E-9   
  3640.0       1.3526861E-9   
  3645.0       1.383554E-9    
  3650.0       1.4488665E-9   
  3655.0       1.4798419E-9   
  3660.0       1.4195571E-9   
  3665.0       1.2852863E-9   
  3670.0       1.1664194E-9   
  3675.0       1.1580245E-9   
  3680.0       1.2834412E-9   
  3685.0       1.4667351E-9   
  3690.0       1.5845394E-9   
  3695.0       1.5598863E-9   
  3700.0       1.4150735E-9   
  3705.0       1.2463033E-9   
  3710.0       1.1492302E-9   
  3715.0       1.1537921E-9   
  3720.0       1.2175632E-9   
  3725.0       1.2770066E-9   
  3730.0       1.2993772E-9   
  3735.0       1.2928386E-9   
  3740.0       1.2808982E-9   
  3745.0       1.2730909E-9   
  3750.0       1.2629183E-9   
  3755.0       1.2518371E-9   
  3760.0       1.2628207E-9   
  3765.0       1.3234045E-9   
  3770.0       1.4339836E-9   
  3775.0       1.5522469E-9   
  3780.0       1.6160325E-9   
  3785.0       1.5905414E-9   
  3790.0       1.4948655E-9   
  3795.0       1.3855864E-9   
  3800.0       1.3135966E-9   
  3805.0       1.287814E-9    
  3810.0       1.2745974E-9   
  3815.0       1.2314989E-9   
  3820.0       1.1413276E-9   
  3825.0       1.0211908E-9   
  3830.0       9.0813035E-10  
  3835.0       8.365948E-10   
  3840.0       8.230051E-10   
  3845.0       8.622707E-10   
  3850.0       9.301929E-10   
  3855.0       9.909099E-10   
  3860.0       1.0126457E-9   
  3865.0       9.887365E-10   
  3870.0       9.505323E-10   
  3875.0       9.536314E-10   
  3880.0       1.0394586E-9   
  3885.0       1.2022262E-9   
  3890.0       1.3879117E-9   
  3895.0       1.5289904E-9   
  3900.0       1.5900391E-9   
  3905.0       1.582094E-9    
  3910.0       1.5340479E-9   
  3915.0       1.4567879E-9   
  3920.0       1.3378686E-9   
  3925.0       1.1745841E-9   
  3930.0       1.0140679E-9   
  3935.0       9.451546E-10   
  3940.0       1.0308222E-9   
  3945.0       1.2403403E-9   
  3950.0       1.4450199E-9   
  3955.0       1.4979473E-9   
  3960.0       1.353209E-9    
  3965.0       1.122185E-9    
  3970.0       1.0046743E-9   
  3975.0       1.1488047E-9   
  3980.0       1.5431899E-9   
  3985.0       2.0201358E-9   
  3990.0       2.3760656E-9   
  3995.0       2.5155553E-9   
  4000.0       2.496478E-9    
  4005.0       2.456706E-9    
  4010.0       2.4941347E-9   
  4015.0       2.5936526E-9   
  4020.0       2.659097E-9    
  4025.0       2.6179163E-9   
  4030.0       2.49163E-9     
  4035.0       2.3744817E-9   
  4040.0       2.3487616E-9   
  4045.0       2.409778E-9    
  4050.0       2.4696563E-9   
  4055.0       2.4436244E-9   
  4060.0       2.3334912E-9   
  4065.0       2.2329991E-9   
  4070.0       2.2534923E-9   
  4075.0       2.4274813E-9   
  4080.0       2.6704166E-9   
  4085.0       2.8424998E-9   
  4090.0       2.8551472E-9   
  4095.0       2.7313516E-9   
  4100.0       2.579825E-9    
  4105.0       2.5062967E-9   
  4110.0       2.5326368E-9   
  4115.0       2.595037E-9    
  4120.0       2.6152973E-9   
  4125.0       2.5722389E-9   
  4130.0       2.5166915E-9   
  4135.0       2.521618E-9    
  4140.0       2.6106786E-9   
  4145.0       2.7340965E-9   
  4150.0       2.8125409E-9   
  4155.0       2.8013405E-9   
  4160.0       2.7207667E-9   
  4165.0       2.631292E-9    
  4170.0       2.577143E-9    
  4175.0       2.5539622E-9   
  4180.0       2.5302447E-9   
  4185.0       2.4920899E-9   
  4190.0       2.4661622E-9   
  4195.0       2.4987004E-9   
  4200.0       2.6066047E-9   
  4205.0       2.749719E-9    
  4210.0       2.8556055E-9   
  4215.0       2.8725495E-9   
  4220.0       2.8072282E-9   
  4225.0       2.7183016E-9   
  4230.0       2.6697575E-9   
  4235.0       2.6845697E-9   
  4240.0       2.7374243E-9   
  4245.0       2.7830316E-9   
  4250.0       2.791587E-9    
  4255.0       2.7646903E-9   
  4260.0       2.7234208E-9   
  4265.0       2.6845093E-9   
  4270.0       2.6486855E-9   
  4275.0       2.6051317E-9   
  4280.0       2.5428093E-9   
  4285.0       2.4587525E-9   
  4290.0       2.359878E-9    
  4295.0       2.261934E-9    
  4300.0       2.1886946E-9   
  4305.0       2.1679505E-9   
  4310.0       2.2215945E-9   
  4315.0       2.3527258E-9   
  4320.0       2.5382072E-9   
  4325.0       2.7350582E-9   
  4330.0       2.89789E-9     
  4335.0       2.9954865E-9   
  4340.0       3.0195877E-9   
  4345.0       2.9848288E-9   
  4350.0       2.9224105E-9   
  4355.0       2.870741E-9    
  4360.0       2.8609586E-9   
  4365.0       2.9002334E-9   
  4370.0       2.9627543E-9   
  4375.0       2.9997882E-9   
  4380.0       2.9717684E-9   
  4385.0       2.8840708E-9   
  4390.0       2.7931746E-9   
  4395.0       2.7725824E-9   
  4400.0       2.8601546E-9   
  4405.0       3.0241452E-9   
  4410.0       3.1796992E-9   
  4415.0       3.2519205E-9   
  4420.0       3.2316936E-9   
  4425.0       3.1781449E-9   
  4430.0       3.1681893E-9   
  4435.0       3.2318217E-9   
  4440.0       3.3265657E-9   
  4445.0       3.3790015E-9   
  4450.0       3.3537495E-9   
  4455.0       3.2866045E-9   
  4460.0       3.2561278E-9   
  4465.0       3.3154421E-9   
  4470.0       3.440552E-9    
  4475.0       3.5475163E-9   
  4480.0       3.5637457E-9   
  4485.0       3.4887937E-9   
  4490.0       3.3964087E-9   
  4495.0       3.375275E-9    
  4500.0       3.4535887E-9   
  4505.0       3.5745613E-9   
  4510.0       3.6449925E-9   
  4515.0       3.609443E-9    
  4520.0       3.49199E-9     
  4525.0       3.3759515E-9   
  4530.0       3.3372483E-9   
  4535.0       3.3888847E-9   
  4540.0       3.4835954E-9   
  4545.0       3.560445E-9    
  4550.0       3.5923542E-9   
  4555.0       3.5982661E-9   
  4560.0       3.6129983E-9   
  4565.0       3.6475576E-9   
  4570.0       3.680917E-9    
  4575.0       3.685184E-9    
  4580.0       3.6564491E-9   
  4585.0       3.622963E-9    
  4590.0       3.6212333E-9   
  4595.0       3.6627064E-9   
  4600.0       3.7251915E-9   
  4605.0       3.7736E-9      
  4610.0       3.7880135E-9   
  4615.0       3.775241E-9    
  4620.0       3.754518E-9    
  4625.0       3.7347685E-9   
  4630.0       3.7106225E-9   
  4635.0       3.6779118E-9   
  4640.0       3.647695E-9    
  4645.0       3.640711E-9    
  4650.0       3.662457E-9    
  4655.0       3.6866457E-9   
  4660.0       3.6732384E-9   
  4665.0       3.60745E-9     
  4670.0       3.5237002E-9   
  4675.0       3.4875474E-9   
  4680.0       3.5397607E-9   
  4685.0       3.6518797E-9   
  4690.0       3.7420738E-9   
  4695.0       3.7397108E-9   
  4700.0       3.6449015E-9   
  4705.0       3.5327565E-9   
  4710.0       3.49143E-9     
  4715.0       3.5453218E-9   
  4720.0       3.639513E-9    
  4725.0       3.6945165E-9   
  4730.0       3.6795202E-9   
  4735.0       3.6409953E-9   
  4740.0       3.6558778E-9   
  4745.0       3.7498715E-9   
  4750.0       3.865679E-9    
  4755.0       3.90928E-9     
  4760.0       3.831308E-9    
  4765.0       3.6757084E-9   
  4770.0       3.5485357E-9   
  4775.0       3.5299015E-9   
  4780.0       3.6133962E-9   
  4785.0       3.7214702E-9   
  4790.0       3.7743617E-9   
  4795.0       3.753612E-9    
  4800.0       3.706273E-9    
  4805.0       3.689043E-9    
  4810.0       3.7148256E-9   
  4815.0       3.7496153E-9   
  4820.0       3.7531263E-9   
  4825.0       3.7219732E-9   
  4830.0       3.6921712E-9   
  4835.0       3.6966887E-9   
  4840.0       3.726446E-9    
  4845.0       3.7346717E-9   
  4850.0       3.6790393E-9   
  4855.0       3.5652017E-9   
  4860.0       3.4502818E-9   
  4865.0       3.3982352E-9   
  4870.0       3.429556E-9    
  4875.0       3.5099548E-9   
  4880.0       3.5818493E-9   
  4885.0       3.6110503E-9   
  4890.0       3.6089505E-9   
  4895.0       3.609622E-9    
  4900.0       3.630162E-9    
  4905.0       3.653503E-9    
  4910.0       3.6460666E-9   
  4915.0       3.5936591E-9   
  4920.0       3.5225765E-9   
  4925.0       3.481842E-9    
  4930.0       3.5038499E-9   
  4935.0       3.5793901E-9   
  4940.0       3.665679E-9    
  4945.0       3.7199492E-9   
  4950.0       3.730985E-9    
  4955.0       3.720424E-9    
  4960.0       3.716415E-9    
  4965.0       3.7275765E-9   
  4970.0       3.7376995E-9   
  4975.0       3.7236279E-9   
  4980.0       3.6791932E-9   
  4985.0       3.6211638E-9   
  4990.0       3.573744E-9    
  4995.0       3.548718E-9    
  5000.0       3.5382326E-9   
  5005.0       3.5250096E-9   
  5010.0       3.5001277E-9   
  5015.0       3.4705985E-9   
  5020.0       3.4514773E-9   
  5025.0       3.4529055E-9   
  5030.0       3.4733316E-9   
  5035.0       3.5032226E-9   
  5040.0       3.5337777E-9   
  5045.0       3.561532E-9    
  5050.0       3.5854557E-9   
  5055.0       3.6031917E-9   
  5060.0       3.6112238E-9   
  5065.0       3.609018E-9    
  5070.0       3.601913E-9    
  5075.0       3.5976366E-9   
  5080.0       3.5992884E-9   
  5085.0       3.6017735E-9   
  5090.0       3.595717E-9    
  5095.0       3.5763987E-9   
  5100.0       3.5494814E-9   
  5105.0       3.5273002E-9   
  5110.0       3.5180094E-9   
  5115.0       3.5177075E-9   
  5120.0       3.5124466E-9   
  5125.0       3.4900114E-9   
  5130.0       3.4531364E-9   
  5135.0       3.4214434E-9   
  5140.0       3.4169858E-9   
  5145.0       3.4440508E-9   
  5150.0       3.4783814E-9   
  5155.0       3.4766816E-9   
  5160.0       3.4057914E-9   
  5165.0       3.2722844E-9   
  5170.0       3.1272724E-9   
  5175.0       3.0400764E-9   
  5180.0       3.0567815E-9   
  5185.0       3.1703153E-9   
  5190.0       3.3237282E-9   
  5195.0       3.4479262E-9   
  5200.0       3.503311E-9    
  5205.0       3.4960685E-9   
  5210.0       3.4634575E-9   
  5215.0       3.4429133E-9   
  5220.0       3.4500538E-9   
  5225.0       3.4808223E-9   
  5230.0       3.5266212E-9   
  5235.0       3.5819974E-9   
  5240.0       3.6389973E-9   
  5245.0       3.6778047E-9   
  5250.0       3.6706698E-9   
  5255.0       3.60422E-9     
  5260.0       3.5004262E-9   
  5265.0       3.4127077E-9   
  5270.0       3.3951275E-9   
  5275.0       3.4642555E-9   
  5280.0       3.5838488E-9   
  5285.0       3.6897045E-9   
  5290.0       3.735469E-9    
  5295.0       3.7212882E-9   
  5300.0       3.6864682E-9   
  5305.0       3.6737202E-9   
  5310.0       3.6931393E-9   
  5315.0       3.7180334E-9   
  5320.0       3.7137051E-9   
  5325.0       3.6703554E-9   
  5330.0       3.6138983E-9   
  5335.0       3.5869578E-9   
  5340.0       3.6139836E-9   
  5345.0       3.680588E-9    
  5350.0       3.7447427E-9   
  5355.0       3.767773E-9    
  5360.0       3.7415204E-9   
  5365.0       3.6927672E-9   
  5370.0       3.6612144E-9   
  5375.0       3.6682881E-9   
  5380.0       3.7018182E-9   
  5385.0       3.727011E-9    
  5390.0       3.7132657E-9   
  5395.0       3.6582701E-9   
  5400.0       3.591863E-9    
  5405.0       3.554593E-9    
  5410.0       3.5683752E-9   
  5415.0       3.6214705E-9   
  5420.0       3.6772139E-9   
  5425.0       3.7004055E-9   
  5430.0       3.6831433E-9   
  5435.0       3.648749E-9    
  5440.0       3.631177E-9    
  5445.0       3.6479182E-9   
  5450.0       3.6868408E-9   
  5455.0       3.7161643E-9   
  5460.0       3.711289E-9    
  5465.0       3.6751877E-9   
  5470.0       3.6348689E-9   
  5475.0       3.6186387E-9   
  5480.0       3.6334413E-9   
  5485.0       3.659716E-9    
  5490.0       3.668969E-9    
  5495.0       3.6488832E-9   
  5500.0       3.6128827E-9   
  5505.0       3.5877181E-9   
  5510.0       3.5916279E-9   
  5515.0       3.6210752E-9   
  5520.0       3.656918E-9    
  5525.0       3.683879E-9    
  5530.0       3.7022128E-9   
  5535.0       3.7220727E-9   
  5540.0       3.7483647E-9   
  5545.0       3.7712162E-9   
  5550.0       3.772819E-9    
  5555.0       3.7456616E-9   
  5560.0       3.7016434E-9   
  5565.0       3.6629904E-9   
  5570.0       3.643454E-9    
  5575.0       3.6359866E-9   
  5580.0       3.6204868E-9   
  5585.0       3.5859822E-9   
  5590.0       3.5446055E-9   
  5595.0       3.523566E-9    
  5600.0       3.5425607E-9   
  5605.0       3.595123E-9    
  5610.0       3.6512111E-9   
  5615.0       3.681311E-9    
  5620.0       3.678768E-9    
  5625.0       3.6615182E-9   
  5630.0       3.6541787E-9   
  5635.0       3.665783E-9    
  5640.0       3.6827508E-9   
  5645.0       3.6839665E-9   
  5650.0       3.6622727E-9   
  5655.0       3.6322163E-9   
  5660.0       3.6189536E-9   
  5665.0       3.6374568E-9   
  5670.0       3.678668E-9    
  5675.0       3.715008E-9    
  5680.0       3.7198826E-9   
  5685.0       3.6848133E-9   
  5690.0       3.6240557E-9   
  5695.0       3.5654943E-9   
  5700.0       3.534427E-9    
  5705.0       3.541453E-9    
  5710.0       3.5802734E-9   
  5715.0       3.6333803E-9   
  5720.0       3.6810943E-9   
  5725.0       3.709664E-9    
  5730.0       3.7156942E-9   
  5735.0       3.7053716E-9   
  5740.0       3.6900183E-9   
  5745.0       3.6796788E-9   
  5750.0       3.678609E-9    
  5755.0       3.6843157E-9   
  5760.0       3.6901082E-9   
  5765.0       3.6897314E-9   
  5770.0       3.6806493E-9   
  5775.0       3.664422E-9    
  5780.0       3.6453884E-9   
  5785.0       3.6288712E-9   
  5790.0       3.6196572E-9   
  5795.0       3.6214987E-9   
  5800.0       3.6363224E-9   
  5805.0       3.6631533E-9   
  5810.0       3.6974661E-9   
  5815.0       3.73169E-9     
  5820.0       3.7569827E-9   
  5825.0       3.7660417E-9   
  5830.0       3.755699E-9    
  5835.0       3.7287196E-9   
  5840.0       3.694049E-9    
  5845.0       3.664848E-9    
  5850.0       3.6489791E-9   
  5855.0       3.632415E-9    
  5860.0       3.656508E-9    
  5865.0       3.6894352E-9   
  5870.0       3.7021923E-9   
  5875.0       3.6784369E-9   
  5880.0       3.618102E-9    
  5885.0       3.5127667E-9   
  5890.0       3.4059469E-9   
  5895.0       3.3931256E-9   
  5900.0       3.5296992E-9   
  5905.0       3.5365602E-9   
  5910.0       3.5926466E-9   
  5915.0       3.6070864E-9   
  5920.0       3.6348724E-9   
  5925.0       3.6531123E-9   
  5930.0       3.6653818E-9   
  5935.0       3.6539025E-9   
  5940.0       3.646673E-9    
  5945.0       3.62492E-9     
  5950.0       3.5938006E-9   
  5955.0       3.583841E-9    
  5960.0       3.6047967E-9   
  5965.0       3.6310874E-9   
  5970.0       3.6249428E-9   
  5975.0       3.6097807E-9   
  5980.0       3.5958878E-9   
  5985.0       3.5788892E-9   
  5990.0       3.5781964E-9   
  5995.0       3.5975545E-9   
  6000.0       3.6009933E-9   
  6005.0       3.5831844E-9   
  6010.0       3.5843075E-9   
  6015.0       3.558986E-9    
  6020.0       3.5485117E-9   
  6025.0       3.6036012E-9   
  6030.0       3.6294658E-9   
  6035.0       3.6503804E-9   
  6040.0       3.6457284E-9   
  6045.0       3.6610157E-9   
  6050.0       3.665249E-9    
  6055.0       3.650254E-9    
  6060.0       3.6464238E-9   
  6065.0       3.6275107E-9   
  6070.0       3.6231989E-9   
  6075.0       3.6032501E-9   
  6080.0       3.5694556E-9   
  6085.0       3.5498673E-9   
  6090.0       3.5474024E-9   
  6095.0       3.5659877E-9   
  6100.0       3.5412133E-9   
  6105.0       3.5130203E-9   
  6110.0       3.5485226E-9   
  6115.0       3.5560943E-9   
  6120.0       3.5029046E-9   
  6125.0       3.4979457E-9   
  6130.0       3.5037615E-9   
  6135.0       3.4727232E-9   
  6140.0       3.444222E-9    
  6145.0       3.490756E-9    
  6150.0       3.4845786E-9   
  6155.0       3.456778E-9    
  6160.0       3.4172194E-9   
  6165.0       3.3886303E-9   
  6170.0       3.4152028E-9   
  6175.0       3.4520151E-9   
  6180.0       3.4993295E-9   
  6185.0       3.500967E-9    
  6190.0       3.492648E-9    
  6195.0       3.5207972E-9   
  6200.0       3.5364862E-9   
  6205.0       3.5420167E-9   
  6210.0       3.51332E-9     
  6215.0       3.4536327E-9   
  6220.0       3.4337502E-9   
  6225.0       3.4389565E-9   
  6230.0       3.4168588E-9   
  6235.0       3.4395908E-9   
  6240.0       3.4536214E-9   
  6245.0       3.442781E-9    
  6250.0       3.4494045E-9   
  6255.0       3.4397847E-9   
  6260.0       3.4497436E-9   
  6265.0       3.467896E-9    
  6270.0       3.4770273E-9   
  6275.0       3.4519398E-9   
  6280.0       3.3990963E-9   
  6285.0       3.429743E-9    
  6290.0       3.4360566E-9   
  6295.0       3.412913E-9    
  6300.0       3.3822936E-9   
  6305.0       3.397797E-9    
  6310.0       3.422763E-9    
  6315.0       3.3942893E-9   
  6320.0       3.4141272E-9   
  6325.0       3.45891E-9     
  6330.0       3.4707581E-9   
  6335.0       3.449487E-9    
  6340.0       3.4394054E-9   
  6345.0       3.455176E-9    
  6350.0       3.4661252E-9   
  6355.0       3.4539394E-9   
  6360.0       3.4244243E-9   
  6365.0       3.4322092E-9   
  6370.0       3.470542E-9    
  6375.0       3.4842633E-9   
  6380.0       3.4780594E-9   
  6385.0       3.4821757E-9   
  6390.0       3.4792855E-9   
  6395.0       3.4613423E-9   
  6400.0       3.4276537E-9   
  6405.0       3.4207346E-9   
  6410.0       3.401583E-9    
  6415.0       3.400432E-9    
  6420.0       3.3988259E-9   
  6425.0       3.4133483E-9   
  6430.0       3.4170105E-9   
  6435.0       3.423503E-9    
  6440.0       3.4228802E-9   
  6445.0       3.4320666E-9   
  6450.0       3.3895524E-9   
  6455.0       3.383595E-9    
  6460.0       3.3787384E-9   
  6465.0       3.3768186E-9   
  6470.0       3.3856602E-9   
  6475.0       3.3947503E-9   
  6480.0       3.3974363E-9   
  6485.0       3.3785177E-9   
  6490.0       3.3352934E-9   
  6495.0       3.2366272E-9   
  6500.0       3.254555E-9    
  6505.0       3.3413992E-9   
  6510.0       3.3817007E-9   
  6515.0       3.3823548E-9   
  6520.0       3.3695364E-9   
  6525.0       3.3762868E-9   
  6530.0       3.3522953E-9   
  6535.0       3.338216E-9    
  6540.0       3.3396363E-9   
  6545.0       3.326248E-9    
  6550.0       3.3009455E-9   
  6555.0       3.2260905E-9   
  6560.0       3.0706728E-9   
  6565.0       2.9833407E-9   
  6570.0       3.1297265E-9   
  6575.0       3.2189686E-9   
  6580.0       3.308325E-9    
  6585.0       3.3513599E-9   
  6590.0       3.3563876E-9   
  6595.0       3.3340108E-9   
  6600.0       3.3186294E-9   
  6605.0       3.3035104E-9   
  6610.0       3.3056027E-9   
  6615.0       3.3438114E-9   
  6620.0       3.3646814E-9   
  6625.0       3.3426082E-9   
  6630.0       3.30623E-9     
  6635.0       3.274203E-9    
  6640.0       3.2849565E-9   
  6645.0       3.3028646E-9   
  6650.0       3.3482401E-9   
  6655.0       3.3753702E-9   
  6660.0       3.369938E-9    
  6665.0       3.3476801E-9   
  6670.0       3.3491123E-9   
  6675.0       3.3341858E-9   
  6680.0       3.3246184E-9   
  6685.0       3.3407814E-9   
  6690.0       3.3445902E-9   
  6695.0       3.3283512E-9   
  6700.0       3.3138956E-9   
  6705.0       3.3084957E-9   
  6710.0       3.2967629E-9   
  6715.0       3.2744676E-9   
  6720.0       3.2805978E-9   
  6725.0       3.2940901E-9   
  6730.0       3.3017014E-9   
  6735.0       3.3175187E-9   
  6740.0       3.3218563E-9   
  6745.0       3.3249519E-9   
  6750.0       3.3171312E-9   
  6755.0       3.311111E-9    
  6760.0       3.3128724E-9   
  6765.0       3.3031142E-9   
  6770.0       3.2871024E-9   
  6775.0       3.3212553E-9   
  6780.0       3.337554E-9    
  6785.0       3.325119E-9    
  6790.0       3.3136005E-9   
  6795.0       3.2932528E-9   
  6800.0       3.2812426E-9   
  6805.0       3.286211E-9    
  6810.0       3.3060208E-9   
  6815.0       3.3348473E-9   
  6820.0       3.3461744E-9   
  6825.0       3.3371028E-9   
  6830.0       3.295984E-9    
  6835.0       3.251127E-9    
  6840.0       3.2247E-9      
  6845.0       3.2230836E-9   
  6850.0       3.2395098E-9   
  6855.0       3.2586323E-9   
  6860.0       3.265124E-9    
  6865.0       3.2537324E-9   
  6870.0       3.230902E-9    
  6875.0       3.2091318E-9   
  6880.0       3.1984293E-9   
  6885.0       3.2000225E-9   
  6890.0       3.2068523E-9   
  6895.0       3.2083531E-9   
  6900.0       3.198858E-9    
  6905.0       3.1828626E-9   
  6910.0       3.171005E-9    
  6915.0       3.1732437E-9   
  6920.0       3.190855E-9    
  6925.0       3.2148286E-9   
  6930.0       3.2349947E-9   
  6935.0       3.2451475E-9   
  6940.0       3.2466518E-9   
  6945.0       3.2446412E-9   
  6950.0       3.241023E-9    
  6955.0       3.2340097E-9   
  6960.0       3.2202172E-9   
  6965.0       3.205438E-9    
  6970.0       3.199477E-9    
  6975.0       3.1902103E-9   
  6980.0       3.2116152E-9   
  6985.0       3.2639569E-9   
  6990.0       3.2625258E-9   
  6995.0       3.2231569E-9   
  7000.0       3.1551026E-9   
  7005.0       3.0957885E-9   
  7010.0       3.090592E-9    
  7015.0       3.1109157E-9   
  7020.0       3.180131E-9    
  7025.0       3.2044E-9      
  7030.0       3.216155E-9    
  7035.0       3.1823135E-9   
  7040.0       3.1458873E-9   
  7045.0       3.1493435E-9   
  7050.0       3.1592486E-9   
  7055.0       3.1783463E-9   
  7060.0       3.2039236E-9   
  7065.0       3.1924507E-9   
  7070.0       3.1720517E-9   
  7075.0       3.149609E-9    
  7080.0       3.1347758E-9   
  7085.0       3.1244611E-9   
  7090.0       3.1469205E-9   
  7095.0       3.1686582E-9   
  7100.0       3.16732E-9     
  7105.0       3.128596E-9    
  7110.0       3.0702771E-9   
  7115.0       3.036781E-9    
  7120.0       3.0363907E-9   
  7125.0       3.070512E-9    
  7130.0       3.1269838E-9   
  7135.0       3.190805E-9    
  7140.0       3.216622E-9    
  7145.0       3.1967207E-9   
  7150.0       3.174328E-9    
  7155.0       3.1823895E-9   
  7160.0       3.1813672E-9   
  7165.0       3.1578375E-9   
  7170.0       3.1435927E-9   
  7175.0       3.1097451E-9   
  7180.0       3.0590865E-9   
  7185.0       2.9991039E-9   
  7190.0       2.960496E-9    
  7195.0       2.9615308E-9   
  7200.0       2.9436462E-9   
  7205.0       2.926923E-9    
  7210.0       2.963669E-9    
  7215.0       3.039263E-9    
  7220.0       3.0994365E-9   
  7225.0       3.1564638E-9   
  7230.0       3.1808032E-9   
  7235.0       3.1253067E-9   
  7240.0       3.0675726E-9   
  7245.0       2.9913274E-9   
  7250.0       2.9510416E-9   
  7255.0       2.9523506E-9   
  7260.0       2.9856213E-9   
  7265.0       3.0211826E-9   
  7270.0       3.040794E-9    
  7275.0       2.9908327E-9   
  7280.0       2.9419405E-9   
  7285.0       2.9170697E-9   
  7290.0       2.8940526E-9   
  7295.0       2.9542173E-9   
  7300.0       3.0198188E-9   
  7305.0       3.0148033E-9   
  7310.0       3.0054221E-9   
  7315.0       2.9971143E-9   
  7320.0       2.9914513E-9   
  7325.0       3.0063358E-9   
  7330.0       3.0288374E-9   
  7335.0       3.0490683E-9   
  7340.0       3.0505376E-9   
  7345.0       3.0142886E-9   
  7350.0       2.9747558E-9   
  7355.0       2.9339084E-9   
  7360.0       2.912722E-9    
  7365.0       2.8814615E-9   
  7370.0       2.8821265E-9   
  7375.0       2.9106815E-9   
  7380.0       2.9713134E-9   
  7385.0       3.02721E-9     
  7390.0       3.0706475E-9   
  7395.0       3.0723524E-9   
  7400.0       3.0018978E-9   
  7405.0       2.899503E-9    
  7410.0       2.84094E-9     
  7415.0       2.8562372E-9   
  7420.0       2.9402412E-9   
  7425.0       3.0183431E-9   
  7430.0       3.0608667E-9   
  7435.0       3.034423E-9    
  7440.0       2.9555138E-9   
  7445.0       2.8810323E-9   
  7450.0       2.860929E-9    
  7455.0       2.8732343E-9   
  7460.0       2.8841722E-9   
  7465.0       2.9147706E-9   
  7470.0       2.9697527E-9   
  7475.0       2.9963314E-9   
  7480.0       3.0201917E-9   
  7485.0       3.0138212E-9   
  7490.0       2.9678882E-9   
  7495.0       2.9129017E-9   
  7500.0       2.8941394E-9   
  7505.0       2.8838512E-9   
  7510.0       2.8718086E-9   
  7515.0       2.886823E-9    
  7520.0       2.8980254E-9   
  7525.0       2.8844762E-9   
  7530.0       2.8902594E-9   
  7535.0       2.897786E-9    
  7540.0       2.9037939E-9   
  7545.0       2.899667E-9    
  7550.0       2.905226E-9    
  7555.0       2.9101288E-9   
  7560.0       2.9041582E-9   
  7565.0       2.8839668E-9   
  7570.0       2.8576717E-9   
  7575.0       2.845905E-9    
  7580.0       2.870197E-9    
  7585.0       2.930946E-9    
  7590.0       2.9987552E-9   
  7595.0       3.030279E-9    
  7600.0       2.9974683E-9   
  7605.0       2.9101317E-9   
  7610.0       2.8123845E-9   
  7615.0       2.7546596E-9   
  7620.0       2.757763E-9    
  7625.0       2.800464E-9    
  7630.0       2.8394962E-9   
  7635.0       2.8421394E-9   
  7640.0       2.807105E-9    
  7645.0       2.7605662E-9   
  7650.0       2.7322498E-9   
  7655.0       2.7328853E-9   
  7660.0       2.7513591E-9   
  7665.0       2.7681173E-9   
  7670.0       2.7711644E-9   
  7675.0       2.7631595E-9   
  7680.0       2.7556262E-9   
  7685.0       2.7574434E-9   
  7690.0       2.7676137E-9   
  7695.0       2.7789973E-9   
  7700.0       2.786979E-9    
  7705.0       2.7908784E-9   
  7710.0       2.79361E-9     
  7715.0       2.7970843E-9   
  7720.0       2.799605E-9    
  7725.0       2.7985625E-9   
  7730.0       2.7979719E-9   
  7735.0       2.7944749E-9   
  7740.0       2.7769302E-9   
  7745.0       2.7363967E-9   
  7750.0       2.7247846E-9   
  7755.0       2.7491482E-9   
  7760.0       2.763113E-9    
  7765.0       2.7820144E-9   
  7770.0       2.7887632E-9   
  7775.0       2.7873974E-9   
  7780.0       2.7851517E-9   
  7785.0       2.7753093E-9   
  7790.0       2.7634524E-9   
  7795.0       2.7513904E-9   
  7800.0       2.74273E-9     
  7805.0       2.754369E-9    
  7810.0       2.768278E-9    
  7815.0       2.7908185E-9   
  7820.0       2.8011558E-9   
  7825.0       2.7964657E-9   
  7830.0       2.7705416E-9   
  7835.0       2.7525826E-9   
  7840.0       2.7669127E-9   
  7845.0       2.7847156E-9   
  7850.0       2.784241E-9    
  7855.0       2.7790323E-9   
  7860.0       2.7723004E-9   
  7865.0       2.7501463E-9   
  7870.0       2.7317608E-9   
  7875.0       2.7276597E-9   
  7880.0       2.7335405E-9   
  7885.0       2.7416311E-9   
  7890.0       2.729317E-9    
  7895.0       2.6969065E-9   
  7900.0       2.6709148E-9   
  7905.0       2.6556062E-9   
  7910.0       2.6582292E-9   
  7915.0       2.6530005E-9   
  7920.0       2.6607332E-9   
  7925.0       2.6478244E-9   
  7930.0       2.6118474E-9   
  7935.0       2.5744407E-9   
  7940.0       2.551542E-9    
  7945.0       2.5506317E-9   
  7950.0       2.5856814E-9   
  7955.0       2.618496E-9    
  7960.0       2.630834E-9    
  7965.0       2.6500289E-9   
  7970.0       2.6558393E-9   
  7975.0       2.6594067E-9   
  7980.0       2.6610965E-9   
  7985.0       2.6599358E-9   
  7990.0       2.6479845E-9   
  7995.0       2.625193E-9    
  8000.0       2.605689E-9    
  8005.0       2.6138909E-9   
  8010.0       2.615569E-9    
  8015.0       2.6362055E-9   
  8020.0       2.645095E-9    
  8025.0       2.6361708E-9   
  8030.0       2.6284597E-9   
  8035.0       2.6334688E-9   
  8040.0       2.6271783E-9   
  8045.0       2.6046438E-9   
  8050.0       2.603515E-9    
  8055.0       2.6237859E-9   
  8060.0       2.627069E-9    
  8065.0       2.6283973E-9   
  8070.0       2.611909E-9    
  8075.0       2.5920075E-9   
  8080.0       2.5760496E-9   
  8085.0       2.5615068E-9   
  8090.0       2.5500282E-9   
  8095.0       2.536963E-9    
  8100.0       2.539701E-9    
  8105.0       2.5600246E-9   
  8110.0       2.568416E-9    
  8115.0       2.5764788E-9   
  8120.0       2.592817E-9    
  8125.0       2.59722E-9     
  8130.0       2.5912494E-9   
  8135.0       2.5827631E-9   
  8140.0       2.5790472E-9   
  8145.0       2.5643552E-9   
  8150.0       2.5596585E-9   
  8155.0       2.5524687E-9   
  8160.0       2.5364275E-9   
  8165.0       2.517529E-9    
  8170.0       2.5372604E-9   
  8175.0       2.5226785E-9   
  8180.0       2.486109E-9    
  8185.0       2.4884697E-9   
  8190.0       2.488659E-9    
  8195.0       2.4749032E-9   
  8200.0       2.4911033E-9   
  8205.0       2.5340177E-9   
  8210.0       2.5461724E-9   
  8215.0       2.5424394E-9   
  8220.0       2.5286024E-9   
  8225.0       2.4956164E-9   
  8230.0       2.4483513E-9   
  8235.0       2.487814E-9    
  8240.0       2.5266318E-9   
  8245.0       2.5349272E-9   
  8250.0       2.544615E-9    
  8255.0       2.5348943E-9   
  8260.0       2.5319145E-9   
  8265.0       2.5318414E-9   
  8270.0       2.5123668E-9   
  8275.0       2.4787072E-9   
  8280.0       2.4713185E-9   
  8285.0       2.466212E-9    
  8290.0       2.4474651E-9   
  8295.0       2.4344187E-9   
  8300.0       2.4339402E-9   
  8305.0       2.4272573E-9   
  8310.0       2.429828E-9    
  8315.0       2.4232458E-9   
  8320.0       2.4097238E-9   
  8325.0       2.4037297E-9   
  8330.0       2.3909656E-9   
  8335.0       2.3816678E-9   
  8340.0       2.3864968E-9   
  8345.0       2.4037226E-9   
  8350.0       2.4244948E-9   
  8355.0       2.4350768E-9   
  8360.0       2.431836E-9    
  8365.0       2.4302367E-9   
  8370.0       2.4312363E-9   
  8375.0       2.423989E-9    
  8380.0       2.41291E-9     
  8385.0       2.4048608E-9   
  8390.0       2.4154285E-9   
  8395.0       2.4381754E-9   
  8400.0       2.441608E-9    
  8405.0       2.4409965E-9   
  8410.0       2.4328966E-9   
  8415.0       2.424697E-9    
  8420.0       2.4121574E-9   
  8425.0       2.3915143E-9   
  8430.0       2.3802127E-9   
  8435.0       2.373466E-9    
  8440.0       2.3882822E-9   
  8445.0       2.418467E-9    
  8450.0       2.4414806E-9   
  8455.0       2.4514584E-9   
  8460.0       2.4508027E-9   
  8465.0       2.4386535E-9   
  8470.0       2.426508E-9    
  8475.0       2.4378584E-9   
  8480.0       2.4414886E-9   
  8485.0       2.4295597E-9   
  8490.0       2.3894255E-9   
  8495.0       2.3025062E-9   
  8500.0       2.2433122E-9   
  8505.0       2.3316473E-9   
  8510.0       2.3911169E-9   
  8515.0       2.4073026E-9   
  8520.0       2.413358E-9    
  8525.0       2.3625077E-9   
  8530.0       2.2644868E-9   
  8535.0       2.1249482E-9   
  8540.0       1.9736373E-9   
  8545.0       1.9828132E-9   
  8550.0       2.1765112E-9   
  8555.0       2.2992697E-9   
  8560.0       2.3696365E-9   
  8565.0       2.3944728E-9   
  8570.0       2.3903866E-9   
  8575.0       2.386238E-9    
  8580.0       2.3779223E-9   
  8585.0       2.3790958E-9   
  8590.0       2.383251E-9    
  8595.0       2.3719826E-9   
  8600.0       2.3703397E-9   
  8605.0       2.369196E-9    
  8610.0       2.360377E-9    
  8615.0       2.3584459E-9   
  8620.0       2.3670312E-9   
  8625.0       2.3761486E-9   
  8630.0       2.3797926E-9   
  8635.0       2.3809927E-9   
  8640.0       2.3683255E-9   
  8645.0       2.3235271E-9   
  8650.0       2.2570776E-9   
  8655.0       2.154689E-9    
  8660.0       2.0205178E-9   
  8665.0       2.0282287E-9   
  8670.0       2.153988E-9    
  8675.0       2.2463311E-9   
  8680.0       2.3001945E-9   
  8685.0       2.312914E-9    
  8690.0       2.3086781E-9   
  8695.0       2.3232853E-9   
  8700.0       2.3224553E-9   
  8705.0       2.3433813E-9   
  8710.0       2.352401E-9    
  8715.0       2.3577547E-9   
  8720.0       2.3626852E-9   
  8725.0       2.3503581E-9   
  8730.0       2.3364777E-9   
  8735.0       2.3349918E-9   
  8740.0       2.3384812E-9   
  8745.0       2.3457813E-9   
  8750.0       2.3413564E-9   
  8755.0       2.3181466E-9   
  8760.0       2.3012088E-9   
  8765.0       2.284557E-9    
  8770.0       2.2763968E-9   
  8775.0       2.283439E-9    
  8780.0       2.2993834E-9   
  8785.0       2.2995978E-9   
  8790.0       2.2793794E-9   
  8795.0       2.2622721E-9   
  8800.0       2.262615E-9    
  8805.0       2.237845E-9    
  8810.0       2.254793E-9    
  8815.0       2.3053726E-9   
  8820.0       2.318368E-9    
  8825.0       2.3078248E-9   
  8830.0       2.3130606E-9   
  8835.0       2.3115976E-9   
  8840.0       2.3091502E-9   
  8845.0       2.3185838E-9   
  8850.0       2.3202413E-9   
  8855.0       2.3088962E-9   
  8860.0       2.2804774E-9   
  8865.0       2.2579392E-9   
  8870.0       2.248068E-9    
  8875.0       2.246542E-9    
  8880.0       2.2477136E-9   
  8885.0       2.262386E-9    
  8890.0       2.2749511E-9   
  8895.0       2.2832527E-9   
  8900.0       2.2908113E-9   
  8905.0       2.3025077E-9   
  8910.0       2.2953741E-9   
  8915.0       2.2901543E-9   
  8920.0       2.2813837E-9   
  8925.0       2.2738869E-9   
  8930.0       2.2739148E-9   
  8935.0       2.2766469E-9   
  8940.0       2.27953E-9     
  8945.0       2.2617417E-9   
  8950.0       2.266369E-9    
  8955.0       2.2822837E-9   
  8960.0       2.2820528E-9   
  8965.0       2.2639608E-9   
  8970.0       2.2594393E-9   
  8975.0       2.2519693E-9   
  8980.0       2.2428794E-9   
  8985.0       2.2096567E-9   
  8990.0       2.1674267E-9   
  8995.0       2.201475E-9    
  9000.0       2.1904072E-9   
  9005.0       2.1780697E-9   
  9010.0       2.1625E-9      
  9015.0       2.1610809E-9   
  9020.0       2.18155E-9     
  9025.0       2.2227475E-9   
  9030.0       2.2679596E-9   
  9035.0       2.3141096E-9   
  9040.0       2.3269413E-9   
  9045.0       2.3252091E-9   
  9050.0       2.318593E-9    
  9055.0       2.3129616E-9   
  9060.0       2.2987245E-9   
  9065.0       2.2768492E-9   
  9070.0       2.240936E-9    
  9075.0       2.2195108E-9   
  9080.0       2.201025E-9    
  9085.0       2.179099E-9    
  9090.0       2.174149E-9    
  9095.0       2.1949467E-9   
  9100.0       2.18459E-9     
  9105.0       2.195015E-9    
  9110.0       2.2101072E-9   
  9115.0       2.2215865E-9   
  9120.0       2.22514E-9     
  9125.0       2.2507183E-9   
  9130.0       2.2230697E-9   
  9135.0       2.18421E-9     
  9140.0       2.1907218E-9   
  9145.0       2.1960511E-9   
  9150.0       2.160958E-9    
  9155.0       2.1283906E-9   
  9160.0       2.146604E-9    
  9165.0       2.1627085E-9   
  9170.0       2.1361435E-9   
  9175.0       2.1021263E-9   
  9180.0       2.1258435E-9   
  9185.0       2.1524902E-9   
  9190.0       2.1643936E-9   
  9195.0       2.1571351E-9   
  9200.0       2.1604094E-9   
  9205.0       2.147116E-9    
  9210.0       2.1296505E-9   
  9215.0       2.118914E-9    
  9220.0       2.1283082E-9   
  9225.0       2.1331292E-9   
  9230.0       2.1196094E-9   
  9235.0       2.1098725E-9   
  9240.0       2.1022915E-9   
  9245.0       2.0938025E-9   
  9250.0       2.1002817E-9   
  9255.0       2.1109035E-9   
  9260.0       2.1362356E-9   
  9265.0       2.1734858E-9   
  9270.0       2.1951452E-9   
  9275.0       2.1910687E-9   
  9280.0       2.176208E-9    
  9285.0       2.1754782E-9   
  9290.0       2.1778515E-9   
  9295.0       2.1671318E-9   
  9300.0       2.150912E-9    
  9305.0       2.133502E-9    
  9310.0       2.1028568E-9   
  9315.0       2.067814E-9    
  9320.0       2.02884E-9     
  9325.0       2.032482E-9    
  9330.0       2.0433946E-9   
  9335.0       2.0265734E-9   
  9340.0       2.0093012E-9   
  9345.0       1.9772153E-9   
  9350.0       2.0015731E-9   
  9355.0       1.9707964E-9   
  9360.0       1.9710922E-9   
  9365.0       2.000137E-9    
  9370.0       1.9948114E-9   
  9375.0       2.0449644E-9   
  9380.0       2.0751731E-9   
  9385.0       2.1422908E-9   
  9390.0       2.2101077E-9   
  9395.0       2.259723E-9    
  9400.0       2.2422562E-9   
  9405.0       2.2140727E-9   
  9410.0       2.1651119E-9   
  9415.0       2.1254096E-9   
  9420.0       2.0923296E-9   
  9425.0       2.0486612E-9   
  9430.0       1.9949535E-9   
  9435.0       2.0030926E-9   
  9440.0       1.950221E-9    
  9445.0       1.967186E-9    
  9450.0       2.0052342E-9   
  9455.0       1.9955098E-9   
  9460.0       1.9903283E-9   
  9465.0       2.0166937E-9   
  9470.0       2.0394493E-9   
  9475.0       2.0237674E-9   
  9480.0       2.0117534E-9   
  9485.0       2.0245374E-9   
  9490.0       2.0551714E-9   
  9495.0       2.0192266E-9   
  9500.0       1.9963926E-9   
  9505.0       2.0341466E-9   
  9510.0       2.0804927E-9   
  9515.0       2.0686508E-9   
  9520.0       2.039763E-9    
  9525.0       2.0597741E-9   
  9530.0       2.0983049E-9   
  9535.0       2.1269255E-9   
  9540.0       2.10574E-9     
  9545.0       2.0662856E-9   
  9550.0       2.0618272E-9   
  9555.0       2.0382565E-9   
  9560.0       2.0240378E-9   
  9565.0       2.006154E-9    
  9570.0       1.995849E-9    
  9575.0       2.0155806E-9   
  9580.0       1.982415E-9    
  9585.0       1.970542E-9    
  9590.0       1.9385726E-9   
  9595.0       1.934973E-9    
  9600.0       1.947283E-9    
  9605.0       1.9463549E-9   
  9610.0       1.9598199E-9   
  9615.0       1.9710276E-9   
  9620.0       1.9719535E-9   
  9625.0       1.9833395E-9   
  9630.0       1.992647E-9    
  9635.0       1.9838695E-9   
  9640.0       1.9762711E-9   
  9645.0       1.976774E-9    
  9650.0       1.9745519E-9   
  9655.0       1.9710524E-9   
  9660.0       1.956124E-9    
  9665.0       1.942978E-9    
  9670.0       1.9403845E-9   
  9675.0       1.9383415E-9   
  9680.0       1.930378E-9    
  9685.0       1.9209812E-9   
  9690.0       1.9170807E-9   
  9695.0       1.9126183E-9   
  9700.0       1.8997603E-9   
  9705.0       1.8979163E-9   
  9710.0       1.919294E-9    
  9715.0       1.9223647E-9   
  9720.0       1.9135022E-9   
  9725.0       1.9087067E-9   
  9730.0       1.8942714E-9   
  9735.0       1.8621426E-9   
  9740.0       1.8396893E-9   
  9745.0       1.835E-9       
  9750.0       1.8376884E-9   
  9755.0       1.8412284E-9   
  9760.0       1.8552E-9      
  9765.0       1.8569339E-9   
  9770.0       1.8702333E-9   
  9775.0       1.874326E-9    
  9780.0       1.874787E-9    
  9785.0       1.8761148E-9   
  9790.0       1.8775332E-9   
  9795.0       1.885245E-9    
  9800.0       1.8927704E-9   
  9805.0       1.8779214E-9   
  9810.0       1.884034E-9    
  9815.0       1.8841164E-9   
  9820.0       1.8833617E-9   
  9825.0       1.8764919E-9   
  9830.0       1.868201E-9    
  9835.0       1.8614011E-9   
  9840.0       1.8609134E-9   
  9845.0       1.8634478E-9   
  9850.0       1.8646993E-9   
  9855.0       1.8612848E-9   
  9860.0       1.8387109E-9   
  9865.0       1.8597913E-9   
  9870.0       1.8491211E-9   
  9875.0       1.8440531E-9   
  9880.0       1.8592057E-9   
  9885.0       1.8778008E-9   
  9890.0       1.876519E-9    
  9895.0       1.860554E-9    
  9900.0       1.8524987E-9   
  9905.0       1.8438101E-9   
  9910.0       1.8422018E-9   
  9915.0       1.8420708E-9   
  9920.0       1.8493055E-9   
  9925.0       1.8518628E-9   
  9930.0       1.8525264E-9   
  9935.0       1.8633897E-9   
  9940.0       1.8544815E-9   
  9945.0       1.8347717E-9   
  9950.0       1.8282686E-9   
  9955.0       1.8386384E-9   
  9960.0       1.8289573E-9   
  9965.0       1.8438538E-9   
  9970.0       1.8632462E-9   
  9975.0       1.8617171E-9   
  9980.0       1.8533488E-9   
  9985.0       1.8468062E-9   
  9990.0       1.8387243E-9   
  9995.0       1.8297299E-9   
  10000.0      1.8323614E-9   
  10005.0      1.8477634E-9   
  10010.0      1.8446177E-9   
  10015.0      1.8280515E-9   
  10020.0      1.8476574E-9   
  10025.0      1.855154E-9    
  10030.0      1.8561458E-9   
  10035.0      1.85158E-9     
  10040.0      1.8480867E-9   
  10045.0      1.8252779E-9   
  10050.0      1.8088465E-9   
  10055.0      1.8042582E-9   
  10060.0      1.7773709E-9   
  10065.0      1.7978435E-9   
  10070.0      1.8069073E-9   
  10075.0      1.8124802E-9   
  10080.0      1.8177968E-9   
  10085.0      1.811863E-9    
  10090.0      1.8232472E-9   
  10095.0      1.8295355E-9   
  10100.0      1.8247214E-9   
  10105.0      1.8089341E-9   
  10110.0      1.8111096E-9   
  10115.0      1.8131449E-9   
  10120.0      1.7956422E-9   
  10125.0      1.8031846E-9   
  10130.0      1.8138436E-9   
  10135.0      1.805821E-9    
  10140.0      1.8050347E-9   
  10145.0      1.7959432E-9   
  10150.0      1.7799496E-9   
  10155.0      1.7698778E-9   
  10160.0      1.7550263E-9   
  10165.0      1.7949687E-9   
  10170.0      1.7740212E-9   
  10175.0      1.7583576E-9   
  10180.0      1.7750117E-9   
  10185.0      1.7765924E-9   
  10190.0      1.7741962E-9   
  10195.0      1.7713171E-9   
  10200.0      1.7681098E-9   
  10205.0      1.7647913E-9   
  10210.0      1.7616645E-9   
  10215.0      1.7590518E-9   
  10220.0      1.7572852E-9   
  10225.0      1.7565777E-9   
  10230.0      1.7568463E-9   
  10235.0      1.7579075E-9   
  10240.0      1.7595351E-9   
  10245.0      1.7614179E-9   
  10250.0      1.7629826E-9   
  10255.0      1.7635365E-9   
  10260.0      1.7624318E-9   
  10265.0      1.7594309E-9   
  10270.0      1.7554165E-9   
  10275.0      1.7516886E-9   
  10280.0      1.7495383E-9   
  10285.0      1.7496281E-9   
  10290.0      1.7510244E-9   
  10295.0      1.752169E-9    
  10300.0      1.7515075E-9   
  10305.0      1.7481588E-9   
  10310.0      1.7429923E-9   
  10315.0      1.7375403E-9   
  10320.0      1.7333427E-9   
  10325.0      1.7314341E-9   
  10330.0      1.7314417E-9   
  10335.0      1.7324953E-9   
  10340.0      1.7336774E-9   
  10345.0      1.7343221E-9   
  10350.0      1.7343637E-9   
  10355.0      1.733982E-9    
  10360.0      1.7333728E-9   
  10365.0      1.7326193E-9   
  10370.0      1.7315587E-9   
  10375.0      1.729905E-9    
  10380.0      1.7274137E-9   
  10385.0      1.724109E-9    
  10390.0      1.7207443E-9   
  10395.0      1.7183726E-9   
  10400.0      1.7179892E-9   
  10405.0      1.7199928E-9   
  10410.0      1.7231757E-9   
  10415.0      1.725706E-9    
  10420.0      1.725783E-9    
  10425.0      1.7223825E-9   
  10430.0      1.7165324E-9   
  10435.0      1.7100552E-9   
  10440.0      1.7047816E-9   
  10445.0      1.7019199E-9   
  10450.0      1.7010708E-9   
  10455.0      1.7012085E-9   
  10460.0      1.7012974E-9   
  10465.0      1.7006678E-9   
  10470.0      1.6996242E-9   
  10475.0      1.6988237E-9   
  10480.0      1.6989358E-9   
  10485.0      1.7002266E-9   
  10490.0      1.7019091E-9   
  10495.0      1.702798E-9    
  10500.0      1.7017212E-9   
  10505.0      1.6980982E-9   
  10510.0      1.6928523E-9   
  10515.0      1.6874965E-9   
  10520.0      1.6835354E-9   
  10525.0      1.6819138E-9   
  10530.0      1.6820944E-9   
  10535.0      1.6829574E-9   
  10540.0      1.6833601E-9   
  10545.0      1.6824508E-9   
  10550.0      1.6801083E-9   
  10555.0      1.6764806E-9   
  10560.0      1.671784E-9    
  10565.0      1.666364E-9    
  10570.0      1.6609322E-9   
  10575.0      1.6563653E-9   
  10580.0      1.6534917E-9   
  10585.0      1.6527697E-9   
  10590.0      1.6536479E-9   
  10595.0      1.6551782E-9   
  10600.0      1.6564076E-9   
  10605.0      1.656659E-9    
  10610.0      1.6559557E-9   
  10615.0      1.654599E-9    
  10620.0      1.2398059E-9   
