# WAVELENGTH   FLUX  
  1150.0       0.0   
  1155.0       0.0   
  1160.0       0.0   
  1165.0       0.0   
  1170.0       0.0   
  1175.0       0.0   
  1180.0       0.0   
  1185.0       0.0   
  1190.0       0.0   
  1195.0       0.0   
  1200.0       0.0   
  1205.0       0.0   
  1210.0       0.0   
  1215.0       0.0   
  1220.0       0.0   
  1225.0       0.0   
  1230.0       0.0   
  1235.0       0.0   
  1240.0       0.0   
  1245.0       0.0   
  1250.0       0.0   
  1255.0       0.0   
  1260.0       0.0   
  1265.0       0.0   
  1270.0       0.0   
  1275.0       0.0   
  1280.0       0.0   
  1285.0       0.0   
  1290.0       0.0   
  1295.0       0.0   
  1300.0       0.0   
  1305.0       0.0   
  1310.0       0.0   
  1315.0       0.0   
  1320.0       0.0   
  1325.0       0.0   
  1330.0       0.0   
  1335.0       0.0   
  1340.0       0.0   
  1345.0       0.0   
  1350.0       0.0   
  1355.0       0.0   
  1360.0       0.0   
  1365.0       0.0   
  1370.0       0.0   
  1375.0       0.0   
  1380.0       0.0   
  1385.0       0.0   
  1390.0       0.0   
  1395.0       0.0   
  1400.0       0.0   
  1405.0       0.0   
  1410.0       0.0   
  1415.0       0.0   
  1420.0       0.0   
  1425.0       0.0   
  1430.0       0.0   
  1435.0       0.0   
  1440.0       0.0   
  1445.0       0.0   
  1450.0       0.0   
  1455.0       0.0   
  1460.0       0.0   
  1465.0       0.0   
  1470.0       0.0   
  1475.0       0.0   
  1480.0       0.0   
  1485.0       0.0   
  1490.0       0.0   
  1495.0       0.0   
  1500.0       0.0   
  1505.0       0.0   
  1510.0       0.0   
  1515.0       0.0   
  1520.0       0.0   
  1525.0       0.0   
  1530.0       0.0   
  1535.0       0.0   
  1540.0       0.0   
  1545.0       0.0   
  1550.0       0.0   
  1555.0       0.0   
  1560.0       0.0   
  1565.0       0.0   
  1570.0       0.0   
  1575.0       0.0   
  1580.0       0.0   
  1585.0       0.0   
  1590.0       0.0   
  1595.0       0.0   
  1600.0       0.0   
  1605.0       0.0   
  1610.0       0.0   
  1615.0       0.0   
  1620.0       0.0   
  1625.0       0.0   
  1630.0       0.0   
  1635.0       0.0   
  1640.0       0.0   
  1645.0       0.0   
  1650.0       0.0   
  1655.0       0.0   
  1660.0       0.0   
  1665.0       0.0   
  1670.0       0.0   
  1675.0       0.0   
  1680.0       0.0   
  1685.0       0.0   
  1690.0       0.0   
  1695.0       0.0   
  1700.0       0.0   
  1705.0       0.0   
  1710.0       0.0   
  1715.0       0.0   
  1720.0       0.0   
  1725.0       0.0   
  1730.0       0.0   
  1735.0       0.0   
  1740.0       0.0   
  1745.0       0.0   
  1750.0       0.0   
  1755.0       0.0   
  1760.0       0.0   
  1765.0       0.0   
  1770.0       0.0   
  1775.0       0.0   
  1780.0       0.0   
  1785.0       0.0   
  1790.0       0.0   
  1795.0       0.0   
  1800.0       0.0   
  1805.0       0.0   
  1810.0       0.0   
  1815.0       0.0   
  1820.0       0.0   
  1825.0       0.0   
  1830.0       0.0   
  1835.0       0.0   
  1840.0       0.0   
  1845.0       0.0   
  1850.0       0.0   
  1855.0       0.0   
  1860.0       0.0   
  1865.0       0.0   
  1870.0       0.0   
  1875.0       0.0   
  1880.0       0.0   
  1885.0       0.0   
  1890.0       0.0   
  1895.0       0.0   
  1900.0       0.0   
  1905.0       0.0   
  1910.0       0.0   
  1915.0       0.0   
  1920.0       0.0   
  1925.0       0.0   
  1930.0       0.0   
  1935.0       0.0   
  1940.0       0.0   
  1945.0       0.0   
  1950.0       0.0   
  1955.0       0.0   
  1960.0       0.0   
  1965.0       0.0   
  1970.0       0.0   
  1975.0       0.0   
  1980.0       0.0   
  1985.0       0.0   
  1990.0       0.0   
  1995.0       0.0   
  2000.0       0.0   
  2005.0       0.0   
  2010.0       0.0   
  2015.0       0.0   
  2020.0       0.0   
  2025.0       0.0   
  2030.0       0.0   
  2035.0       0.0   
  2040.0       0.0   
  2045.0       0.0   
  2050.0       0.0   
  2055.0       0.0   
  2060.0       0.0   
  2065.0       0.0   
  2070.0       0.0   
  2075.0       0.0   
  2080.0       0.0   
  2085.0       0.0   
  2090.0       0.0   
  2095.0       0.0   
  2100.0       0.0   
  2105.0       0.0   
  2110.0       0.0   
  2115.0       0.0   
  2120.0       0.0   
  2125.0       0.0   
  2130.0       0.0   
  2135.0       0.0   
  2140.0       0.0   
  2145.0       0.0   
  2150.0       0.0   
  2155.0       0.0   
  2160.0       0.0   
  2165.0       0.0   
  2170.0       0.0   
  2175.0       0.0   
  2180.0       0.0   
  2185.0       0.0   
  2190.0       0.0   
  2195.0       0.0   
  2200.0       0.0   
  2205.0       0.0   
  2210.0       0.0   
  2215.0       0.0   
  2220.0       0.0   
  2225.0       0.0   
  2230.0       0.0   
  2235.0       0.0   
  2240.0       0.0   
  2245.0       0.0   
  2250.0       0.0   
  2255.0       0.0   
  2260.0       0.0   
  2265.0       0.0   
  2270.0       0.0   
  2275.0       0.0   
  2280.0       0.0   
  2285.0       0.0   
  2290.0       0.0   
  2295.0       0.0   
  2300.0       0.0   
  2305.0       0.0   
  2310.0       0.0   
  2315.0       0.0   
  2320.0       0.0   
  2325.0       0.0   
  2330.0       0.0   
  2335.0       0.0   
  2340.0       0.0   
  2345.0       0.0   
  2350.0       0.0   
  2355.0       0.0   
  2360.0       0.0   
  2365.0       0.0   
  2370.0       0.0   
  2375.0       0.0   
  2380.0       0.0   
  2385.0       0.0   
  2390.0       0.0   
  2395.0       0.0   
  2400.0       0.0   
  2405.0       0.0   
  2410.0       0.0   
  2415.0       0.0   
  2420.0       0.0   
  2425.0       0.0   
  2430.0       0.0   
  2435.0       0.0   
  2440.0       0.0   
  2445.0       0.0   
  2450.0       0.0   
  2455.0       0.0   
  2460.0       0.0   
  2465.0       0.0   
  2470.0       0.0   
  2475.0       0.0   
  2480.0       0.0   
  2485.0       0.0   
  2490.0       0.0   
  2495.0       0.0   
  2500.0       0.0   
  2505.0       0.0   
  2510.0       0.0   
  2515.0       0.0   
  2520.0       0.0   
  2525.0       0.0   
  2530.0       0.0   
  2535.0       0.0   
  2540.0       0.0   
  2545.0       0.0   
  2550.0       0.0   
  2555.0       0.0   
  2560.0       0.0   
  2565.0       0.0   
  2570.0       0.0   
  2575.0       0.0   
  2580.0       0.0   
  2585.0       0.0   
  2590.0       0.0   
  2595.0       0.0   
  2600.0       0.0   
  2605.0       0.0   
  2610.0       0.0   
  2615.0       0.0   
  2620.0       0.0   
  2625.0       0.0   
  2630.0       0.0   
  2635.0       0.0   
  2640.0       0.0   
  2645.0       0.0   
  2650.0       0.0   
  2655.0       0.0   
  2660.0       0.0   
  2665.0       0.0   
  2670.0       0.0   
  2675.0       0.0   
  2680.0       0.0   
  2685.0       0.0   
  2690.0       0.0   
  2695.0       0.0   
  2700.0       0.0   
  2705.0       0.0   
  2710.0       0.0   
  2715.0       0.0   
  2720.0       0.0   
  2725.0       0.0   
  2730.0       0.0   
  2735.0       0.0   
  2740.0       0.0   
  2745.0       0.0   
  2750.0       4.756426E-16
  2755.0       3.3243206E-15
  2760.0       4.273877E-15
  2765.0       7.598194E-15
  2770.0       1.092079E-14
  2775.0       1.18703485E-14
  2780.0       1.4719024E-14
  2785.0       1.4717306E-14
  2790.0       1.13930175E-14
  2795.0       7.119145E-15
  2800.0       9.478636E-16
  2805.0       0.0   
  2810.0       0.0   
  2815.0       0.0   
  2820.0       0.0   
  2825.0       0.0   
  2830.0       0.0   
  2835.0       0.0   
  2840.0       0.0   
  2845.0       0.0   
  2850.0       4.2805136E-15
  2855.0       3.5150326E-14
  2860.0       7.598302E-14
  2865.0       1.1728797E-13
  2870.0       1.547932E-13
  2875.0       1.8374859E-13
  2880.0       1.9513538E-13
  2885.0       1.8705503E-13
  2890.0       1.5570807E-13
  2895.0       9.397201E-14
  2900.0       1.2322992E-14
  2905.0       0.0   
  2910.0       0.0   
  2915.0       0.0   
  2920.0       0.0   
  2925.0       0.0   
  2930.0       0.0   
  2935.0       0.0   
  2940.0       0.0   
  2945.0       0.0   
  2950.0       6.325274E-14
  2955.0       5.210735E-13
  2960.0       1.148304E-12
  2965.0       1.8738036E-12
  2970.0       2.668607E-12
  2975.0       3.5080307E-12
  2980.0       4.3635846E-12
  2985.0       5.21106E-12
  2990.0       6.023861E-12
  2995.0       6.773029E-12
  3000.0       7.434827E-12
  3005.0       7.991709E-12
  3010.0       8.456485E-12
  3015.0       8.843869E-12
  3020.0       9.179518E-12
  3025.0       9.479101E-12
  3030.0       9.76634E-12
  3035.0       1.0060701E-11
  3040.0       1.0379294E-11
  3045.0       1.0746319E-11
  3050.0       1.1181247E-11
  3055.0       1.1696896E-11
  3060.0       1.2288497E-11
  3065.0       1.2948479E-11
  3070.0       1.3667782E-11
  3075.0       1.44312505E-11
  3080.0       1.523459E-11
  3085.0       1.6064993E-11
  3090.0       1.691154E-11
  3095.0       1.7767543E-11
  3100.0       1.8617894E-11
  3105.0       1.9456806E-11
  3110.0       2.0281013E-11
  3115.0       2.1089096E-11
  3120.0       2.187581E-11
  3125.0       2.2642062E-11
  3130.0       2.3382712E-11
  3135.0       2.4096771E-11
  3140.0       2.4783748E-11
  3145.0       2.5440386E-11
  3150.0       2.60628E-11
  3155.0       2.6648166E-11
  3160.0       2.7197486E-11
  3165.0       2.7703123E-11
  3170.0       2.8165538E-11
  3175.0       2.8578568E-11
  3180.0       2.8936067E-11
  3185.0       2.9239403E-11
  3190.0       2.9485348E-11
  3195.0       2.9667165E-11
  3200.0       2.978156E-11
  3205.0       2.9832314E-11
  3210.0       2.983043E-11
  3215.0       2.9790486E-11
  3220.0       2.972782E-11
  3225.0       2.9658498E-11
  3230.0       2.9602515E-11
  3235.0       2.957117E-11
  3240.0       2.958403E-11
  3245.0       2.9654803E-11
  3250.0       2.980104E-11
  3255.0       3.0037053E-11
  3260.0       3.036849E-11
  3265.0       3.0802486E-11
  3270.0       3.134613E-11
  3275.0       3.2004715E-11
  3280.0       3.278713E-11
  3285.0       3.3696462E-11
  3290.0       3.4741494E-11
  3295.0       3.5927032E-11
  3300.0       3.725693E-11
  3305.0       3.8733076E-11
  3310.0       4.0345057E-11
  3315.0       4.207377E-11
  3320.0       4.3896015E-11
  3325.0       4.579984E-11
  3330.0       4.776455E-11
  3335.0       4.9768623E-11
  3340.0       5.179779E-11
  3345.0       5.3831828E-11
  3350.0       5.5853825E-11
  3355.0       5.7847446E-11
  3360.0       5.980827E-11
  3365.0       6.174101E-11
  3370.0       6.364403E-11
  3375.0       6.5516974E-11
  3380.0       6.736241E-11
  3385.0       6.9178385E-11
  3390.0       7.096781E-11
  3395.0       7.2733514E-11
  3400.0       7.4473254E-11
  3405.0       7.618562E-11
  3410.0       7.786735E-11
  3415.0       7.951106E-11
  3420.0       8.11091E-11
  3425.0       8.265449E-11
  3430.0       8.414189E-11
  3435.0       8.5561974E-11
  3440.0       8.6909466E-11
  3445.0       8.8177105E-11
  3450.0       8.935826E-11
  3455.0       9.0454914E-11
  3460.0       9.148716E-11
  3465.0       9.247844E-11
  3470.0       9.34574E-11
  3475.0       9.444884E-11
  3480.0       9.548136E-11
  3485.0       9.658246E-11
  3490.0       9.7778494E-11
  3495.0       9.909652E-11
  3500.0       1.0056416E-10
  3505.0       1.02194614E-10
  3510.0       1.0399207E-10
  3515.0       1.0594024E-10
  3520.0       1.08030675E-10
  3525.0       1.1024842E-10
  3530.0       1.1258623E-10
  3535.0       1.1503095E-10
  3540.0       1.1757115E-10
  3545.0       1.2019713E-10
  3550.0       1.228929E-10
  3555.0       1.2564727E-10
  3560.0       1.2843561E-10
  3565.0       1.3123205E-10
  3570.0       1.3401275E-10
  3575.0       1.367521E-10
  3580.0       1.3942601E-10
  3585.0       1.4200559E-10
  3590.0       1.4446461E-10
  3595.0       1.467814E-10
  3600.0       1.4892912E-10
  3605.0       1.508974E-10
  3610.0       1.5271909E-10
  3615.0       1.544413E-10
  3620.0       1.5610747E-10
  3625.0       1.57769E-10
  3630.0       1.5946865E-10
  3635.0       1.6125301E-10
  3640.0       1.6317306E-10
  3645.0       1.6527557E-10
  3650.0       1.6760254E-10
  3655.0       1.7016247E-10
  3660.0       1.7287544E-10
  3665.0       1.7562907E-10
  3670.0       1.7830339E-10
  3675.0       1.807803E-10
  3680.0       1.8294168E-10
  3685.0       1.8467045E-10
  3690.0       1.8584743E-10
  3695.0       1.863538E-10
  3700.0       1.9086382E-10
  3705.0       2.1511722E-10
  3710.0       1.9731962E-10
  3715.0       1.8659004E-10
  3720.0       1.8953045E-10
  3725.0       1.945392E-10
  3730.0       1.9309472E-10
  3735.0       1.8267123E-10
  3740.0       1.7194342E-10
  3745.0       1.7088185E-10
  3750.0       1.8342282E-10
  3755.0       2.0152456E-10
  3760.0       2.2223795E-10
  3765.0       2.4426777E-10
  3770.0       2.6643765E-10
  3775.0       2.8535366E-10
  3780.0       2.921504E-10
  3785.0       2.8144648E-10
  3790.0       2.6263253E-10
  3795.0       2.4974325E-10
  3800.0       2.5321711E-10
  3805.0       2.7118963E-10
  3810.0       2.747568E-10
  3815.0       2.4407418E-10
  3820.0       2.0882958E-10
  3825.0       2.0061883E-10
  3830.0       2.0684927E-10
  3835.0       2.0880214E-10
  3840.0       2.1608398E-10
  3845.0       2.3711275E-10
  3850.0       2.488022E-10
  3855.0       2.3281313E-10
  3860.0       2.1467679E-10
  3865.0       2.2144891E-10
  3870.0       2.3999547E-10
  3875.0       2.4928457E-10
  3880.0       2.4882335E-10
  3885.0       2.459153E-10
  3890.0       2.4658975E-10
  3895.0       2.5477953E-10
  3900.0       2.705708E-10
  3905.0       2.8948052E-10
  3910.0       2.989837E-10
  3915.0       2.8826722E-10
  3920.0       2.591681E-10
  3925.0       2.1966871E-10
  3930.0       1.8154284E-10
  3935.0       1.5939514E-10
  3940.0       1.7071203E-10
  3945.0       2.1990944E-10
  3950.0       2.7423372E-10
  3955.0       2.9521185E-10
  3960.0       2.6824576E-10
  3965.0       2.0807142E-10
  3970.0       1.7950923E-10
  3975.0       2.3040315E-10
  3980.0       3.1605005E-10
  3985.0       3.7904757E-10
  3990.0       4.2115694E-10
  3995.0       4.5836793E-10
  4000.0       4.8353754E-10
  4005.0       4.9204435E-10
  4010.0       5.0931276E-10
  4015.0       5.5054844E-10
  4020.0       5.754413E-10
  4025.0       5.520714E-10
  4030.0       5.248098E-10
  4035.0       5.3875626E-10
  4040.0       5.6460514E-10
  4045.0       5.641727E-10
  4050.0       5.5165494E-10
  4055.0       5.5214167E-10
  4060.0       5.645575E-10
  4065.0       5.754977E-10
  4070.0       5.688219E-10
  4075.0       5.495484E-10
  4080.0       5.760098E-10
  4085.0       6.7500605E-10
  4090.0       7.422002E-10
  4095.0       6.9310824E-10
  4100.0       6.234185E-10
  4105.0       6.366556E-10
  4110.0       6.765351E-10
  4115.0       6.656141E-10
  4120.0       6.3382605E-10
  4125.0       6.3068933E-10
  4130.0       6.4559263E-10
  4135.0       6.515367E-10
  4140.0       6.426857E-10
  4145.0       6.305657E-10
  4150.0       6.4720956E-10
  4155.0       7.0606837E-10
  4160.0       7.540057E-10
  4165.0       7.42557E-10
  4170.0       7.0203765E-10
  4175.0       6.8252404E-10
  4180.0       7.039774E-10
  4185.0       7.5387385E-10
  4190.0       7.6995327E-10
  4195.0       7.1638917E-10
  4200.0       6.718838E-10
  4205.0       7.0919665E-10
  4210.0       7.70871E-10
  4215.0       7.697502E-10
  4220.0       6.774419E-10
  4225.0       5.2980986E-10
  4230.0       4.6373413E-10
  4235.0       5.730827E-10
  4240.0       7.426041E-10
  4245.0       8.2889084E-10
  4250.0       8.2575763E-10
  4255.0       7.847758E-10
  4260.0       7.6511547E-10
  4265.0       8.003651E-10
  4270.0       8.54261E-10
  4275.0       8.756189E-10
  4280.0       8.450954E-10
  4285.0       7.771789E-10
  4290.0       7.3869777E-10
  4295.0       7.732136E-10
  4300.0       8.162609E-10
  4305.0       8.1640456E-10
  4310.0       8.5996016E-10
  4315.0       1.015763E-9
  4320.0       1.1701546E-9
  4325.0       1.201853E-9
  4330.0       1.1547799E-9
  4335.0       1.1168627E-9
  4340.0       1.1213485E-9
  4345.0       1.168962E-9
  4350.0       1.2350102E-9
  4355.0       1.2947832E-9
  4360.0       1.345527E-9
  4365.0       1.3825571E-9
  4370.0       1.3749584E-9
  4375.0       1.2987934E-9
  4380.0       1.1777882E-9
  4385.0       1.0703007E-9
  4390.0       1.0711504E-9
  4395.0       1.2089485E-9
  4400.0       1.3107481E-9
  4405.0       1.2385736E-9
  4410.0       1.1418702E-9
  4415.0       1.1880242E-9
  4420.0       1.302472E-9
  4425.0       1.3621185E-9
  4430.0       1.3663077E-9
  4435.0       1.3648341E-9
  4440.0       1.4066186E-9
  4445.0       1.492171E-9
  4450.0       1.5062189E-9
  4455.0       1.3742371E-9
  4460.0       1.2394237E-9
  4465.0       1.2547835E-9
  4470.0       1.379818E-9
  4475.0       1.5189718E-9
  4480.0       1.6303598E-9
  4485.0       1.6961319E-9
  4490.0       1.7044599E-9
  4495.0       1.6698194E-9
  4500.0       1.6691847E-9
  4505.0       1.7570396E-9
  4510.0       1.8665662E-9
  4515.0       1.900067E-9
  4520.0       1.8060873E-9
  4525.0       1.6078567E-9
  4530.0       1.4695266E-9
  4535.0       1.515707E-9
  4540.0       1.6326224E-9
  4545.0       1.6833862E-9
  4550.0       1.7088526E-9
  4555.0       1.785898E-9
  4560.0       1.9016946E-9
  4565.0       2.0089947E-9
  4570.0       2.0666435E-9
  4575.0       2.0564468E-9
  4580.0       2.0106155E-9
  4585.0       1.9641269E-9
  4590.0       1.9118576E-9
  4595.0       1.8564671E-9
  4600.0       1.8602253E-9
  4605.0       1.975943E-9
  4610.0       2.1684758E-9
  4615.0       2.3570446E-9
  4620.0       2.433776E-9
  4625.0       2.3367626E-9
  4630.0       2.1484352E-9
  4635.0       1.974928E-9
  4640.0       1.8435622E-9
  4645.0       1.77436E-9
  4650.0       1.8425582E-9
  4655.0       2.0549291E-9
  4660.0       2.189801E-9
  4665.0       2.0798305E-9
  4670.0       1.9224027E-9
  4675.0       1.9366238E-9
  4680.0       2.034244E-9
  4685.0       2.079381E-9
  4690.0       2.1229176E-9
  4695.0       2.2291702E-9
  4700.0       2.3071056E-9
  4705.0       2.277359E-9
  4710.0       2.2465347E-9
  4715.0       2.3133389E-9
  4720.0       2.3713596E-9
  4725.0       2.3147917E-9
  4730.0       2.2456215E-9
  4735.0       2.2859603E-9
  4740.0       2.39756E-9
  4745.0       2.4913622E-9
  4750.0       2.5110638E-9
  4755.0       2.4265543E-9
  4760.0       2.2430104E-9
  4765.0       2.0168183E-9
  4770.0       1.8984736E-9
  4775.0       1.9757553E-9
  4780.0       2.0858881E-9
  4785.0       2.0799928E-9
  4790.0       2.088349E-9
  4795.0       2.2315365E-9
  4800.0       2.3290216E-9
  4805.0       2.217795E-9
  4810.0       2.0817612E-9
  4815.0       2.1197724E-9
  4820.0       2.220643E-9
  4825.0       2.231994E-9
  4830.0       2.2092692E-9
  4835.0       2.2429634E-9
  4840.0       2.2994209E-9
  4845.0       2.309096E-9
  4850.0       2.241745E-9
  4855.0       2.116438E-9
  4860.0       2.035741E-9
  4865.0       2.0829676E-9
  4870.0       2.2084794E-9
  4875.0       2.319121E-9
  4880.0       2.346545E-9
  4885.0       2.2936026E-9
  4890.0       2.314557E-9
  4895.0       2.5194442E-9
  4900.0       2.7561666E-9
  4905.0       2.842227E-9
  4910.0       2.783535E-9
  4915.0       2.684554E-9
  4920.0       2.7045466E-9
  4925.0       2.9018943E-9
  4930.0       3.0351899E-9
  4935.0       2.936136E-9
  4940.0       2.9072647E-9
  4945.0       3.1643688E-9
  4950.0       3.2425216E-9
  4955.0       2.7533682E-9
  4960.0       2.1846143E-9
  4965.0       2.0778608E-9
  4970.0       2.2326336E-9
  4975.0       2.302725E-9
  4980.0       2.318345E-9
  4985.0       2.3918512E-9
  4990.0       2.455956E-9
  4995.0       2.4194398E-9
  5000.0       2.3195919E-9
  5005.0       2.2246465E-9
  5010.0       2.1528535E-9
  5015.0       2.1273303E-9
  5020.0       2.2295525E-9
  5025.0       2.4682465E-9
  5030.0       2.6121005E-9
  5035.0       2.4983133E-9
  5040.0       2.3760487E-9
  5045.0       2.5083033E-9
  5050.0       2.77959E-9
  5055.0       2.9788827E-9
  5060.0       3.0339855E-9
  5065.0       2.949828E-9
  5070.0       2.7865998E-9
  5075.0       2.6364282E-9
  5080.0       2.6196614E-9
  5085.0       2.7838694E-9
  5090.0       2.9620482E-9
  5095.0       2.9818061E-9
  5100.0       2.8726086E-9
  5105.0       2.7502156E-9
  5110.0       2.743285E-9
  5115.0       2.888815E-9
  5120.0       2.9863088E-9
  5125.0       2.8859564E-9
  5130.0       2.7951472E-9
  5135.0       2.8941602E-9
  5140.0       2.9464142E-9
  5145.0       2.7710843E-9
  5150.0       2.7334013E-9
  5155.0       3.0725935E-9
  5160.0       3.1718572E-9
  5165.0       2.5283668E-9
  5170.0       1.7859295E-9
  5175.0       1.6644073E-9
  5180.0       1.9266704E-9
  5185.0       2.1335287E-9
  5190.0       2.291563E-9
  5195.0       2.478664E-9
  5200.0       2.5013407E-9
  5205.0       2.2550906E-9
  5210.0       2.1370712E-9
  5215.0       2.465119E-9
  5220.0       2.8569975E-9
  5225.0       2.9152674E-9
  5230.0       2.897397E-9
  5235.0       3.0888587E-9
  5240.0       3.1950218E-9
  5245.0       2.9507168E-9
  5250.0       2.7459053E-9
  5255.0       2.930211E-9
  5260.0       3.0985765E-9
  5265.0       2.8629739E-9
  5270.0       2.6349405E-9
  5275.0       2.8772367E-9
  5280.0       3.370332E-9
  5285.0       3.7127543E-9
  5290.0       3.738758E-9
  5295.0       3.4997187E-9
  5300.0       3.3485235E-9
  5305.0       3.5473104E-9
  5310.0       3.8351615E-9
  5315.0       3.8759094E-9
  5320.0       3.667911E-9
  5325.0       3.3744263E-9
  5330.0       3.2346352E-9
  5335.0       3.3776442E-9
  5340.0       3.5883745E-9
  5345.0       3.663764E-9
  5350.0       3.7621706E-9
  5355.0       4.0159596E-9
  5360.0       4.136525E-9
  5365.0       3.902977E-9
  5370.0       3.6860157E-9
  5375.0       3.833185E-9
  5380.0       4.042214E-9
  5385.0       3.958963E-9
  5390.0       3.7491E-9
  5395.0       3.6558225E-9
  5400.0       3.5984629E-9
  5405.0       3.4891676E-9
  5410.0       3.544783E-9
  5415.0       3.9013326E-9
  5420.0       4.185421E-9
  5425.0       4.0807833E-9
  5430.0       3.9203867E-9
  5435.0       4.034902E-9
  5440.0       4.1036197E-9
  5445.0       3.7816186E-9
  5450.0       3.3227316E-9
  5455.0       3.0897038E-9
  5460.0       3.1123373E-9
  5465.0       3.268037E-9
  5470.0       3.389354E-9
  5475.0       3.3854057E-9
  5480.0       3.3923824E-9
  5485.0       3.531852E-9
  5490.0       3.6660694E-9
  5495.0       3.6366217E-9
  5500.0       3.4972856E-9
  5505.0       3.382357E-9
  5510.0       3.4123229E-9
  5515.0       3.6190468E-9
  5520.0       3.8277E-9
  5525.0       3.8818833E-9
  5530.0       3.87462E-9
  5535.0       3.93664E-9
  5540.0       4.0439465E-9
  5545.0       4.1176533E-9
  5550.0       4.099615E-9
  5555.0       3.980214E-9
  5560.0       3.85021E-9
  5565.0       3.8050625E-9
  5570.0       3.8506873E-9
  5575.0       3.9312678E-9
  5580.0       3.925638E-9
  5585.0       3.763349E-9
  5590.0       3.5676633E-9
  5595.0       3.4884042E-9
  5600.0       3.5472811E-9
  5605.0       3.6817338E-9
  5610.0       3.746346E-9
  5615.0       3.6519257E-9
  5620.0       3.529933E-9
  5625.0       3.5129797E-9
  5630.0       3.5210042E-9
  5635.0       3.466345E-9
  5640.0       3.4533783E-9
  5645.0       3.5782128E-9
  5650.0       3.7210346E-9
  5655.0       3.7432204E-9
  5660.0       3.678629E-9
  5665.0       3.6236802E-9
  5670.0       3.6580208E-9
  5675.0       3.8074752E-9
  5680.0       3.9801074E-9
  5685.0       4.0738306E-9
  5690.0       4.0761705E-9
  5695.0       4.0129313E-9
  5700.0       3.9205568E-9
  5705.0       3.8529775E-9
  5710.0       3.896226E-9
  5715.0       4.0705515E-9
  5720.0       4.1987387E-9
  5725.0       4.1404187E-9
  5730.0       4.0448898E-9
  5735.0       4.0906984E-9
  5740.0       4.239171E-9
  5745.0       4.376296E-9
  5750.0       4.4191153E-9
  5755.0       4.352313E-9
  5760.0       4.295415E-9
  5765.0       4.341257E-9
  5770.0       4.3848467E-9
  5775.0       4.3139328E-9
  5780.0       4.1980783E-9
  5785.0       4.163471E-9
  5790.0       4.2920822E-9
  5795.0       4.57743E-9
  5800.0       4.834195E-9
  5805.0       4.888078E-9
  5810.0       4.772127E-9
  5815.0       4.6052726E-9
  5820.0       4.517913E-9
  5825.0       4.5820645E-9
  5830.0       4.7109334E-9
  5835.0       4.7761306E-9
  5840.0       4.700752E-9
  5845.0       4.476313E-9
  5850.0       4.2169894E-9
  5855.0       4.0414423E-9
  5860.0       3.9599963E-9
  5865.0       3.9401167E-9
  5870.0       3.9436054E-9
  5875.0       3.902213E-9
  5880.0       3.6812473E-9
  5885.0       3.2488452E-9
  5890.0       2.9013578E-9
  5895.0       2.9091416E-9
  5900.0       3.1468097E-9
  5905.0       3.3841914E-9
  5910.0       3.5207455E-9
  5915.0       3.5478425E-9
  5920.0       3.5545809E-9
  5925.0       3.6205736E-9
  5930.0       3.7103236E-9
  5935.0       3.769071E-9
  5940.0       3.806885E-9
  5945.0       3.8412824E-9
  5950.0       3.8445225E-9
  5955.0       3.8099532E-9
  5960.0       3.827804E-9
  5965.0       3.9504204E-9
  5970.0       4.039879E-9
  5975.0       3.9880104E-9
  5980.0       3.9502184E-9
  5985.0       4.0788346E-9
  5990.0       4.254114E-9
  5995.0       4.3179416E-9
  6000.0       4.2898076E-9
  6005.0       4.2458264E-9
  6010.0       4.226355E-9
  6015.0       4.2573265E-9
  6020.0       4.3652797E-9
  6025.0       4.5431734E-9
  6030.0       4.697696E-9
  6035.0       4.7653703E-9
  6040.0       4.84082E-9
  6045.0       4.994618E-9
  6050.0       5.0832143E-9
  6055.0       4.996657E-9
  6060.0       4.922741E-9
  6065.0       5.0385003E-9
  6070.0       5.1949725E-9
  6075.0       5.2062945E-9
  6080.0       5.1221782E-9
  6085.0       5.060896E-9
  6090.0       5.07455E-9
  6095.0       5.1621933E-9
  6100.0       5.2577476E-9
  6105.0       5.2925544E-9
  6110.0       5.255898E-9
  6115.0       5.1854667E-9
  6120.0       5.1802522E-9
  6125.0       5.2736775E-9
  6130.0       5.279347E-9
  6135.0       5.0803712E-9
  6140.0       4.9458384E-9
  6145.0       5.0675197E-9
  6150.0       5.0618407E-9
  6155.0       4.5876973E-9
  6160.0       3.9917354E-9
  6165.0       3.7182502E-9
  6170.0       3.7621106E-9
  6175.0       3.9153525E-9
  6180.0       3.9159245E-9
  6185.0       3.6447045E-9
  6190.0       3.3874077E-9
  6195.0       3.4258423E-9
  6200.0       3.6300027E-9
  6205.0       3.7572043E-9
  6210.0       3.6950032E-9
  6215.0       3.4510979E-9
  6220.0       3.2021286E-9
  6225.0       3.1067304E-9
  6230.0       3.1163319E-9
  6235.0       3.1462588E-9
  6240.0       3.2227367E-9
  6245.0       3.365166E-9
  6250.0       3.4642889E-9
  6255.0       3.4462142E-9
  6260.0       3.4543342E-9
  6265.0       3.6071317E-9
  6270.0       3.746708E-9
  6275.0       3.7366177E-9
  6280.0       3.7671706E-9
  6285.0       4.002291E-9
  6290.0       4.214402E-9
  6295.0       4.1913655E-9
  6300.0       4.151187E-9
  6305.0       4.325641E-9
  6310.0       4.550589E-9
  6315.0       4.62873E-9
  6320.0       4.6762496E-9
  6325.0       4.8359454E-9
  6330.0       5.0011506E-9
  6335.0       5.0464393E-9
  6340.0       5.0482476E-9
  6345.0       5.0715734E-9
  6350.0       4.957038E-9
  6355.0       4.635458E-9
  6360.0       4.487218E-9
  6365.0       4.813635E-9
  6370.0       5.2631437E-9
  6375.0       5.4167937E-9
  6380.0       5.3398344E-9
  6385.0       5.2470623E-9
  6390.0       5.243075E-9
  6395.0       5.3508056E-9
  6400.0       5.5036633E-9
  6405.0       5.614519E-9
  6410.0       5.629048E-9
  6415.0       5.5403815E-9
  6420.0       5.4325437E-9
  6425.0       5.409146E-9
  6430.0       5.529526E-9
  6435.0       5.7602887E-9
  6440.0       5.881535E-9
  6445.0       5.7559006E-9
  6450.0       5.6377387E-9
  6455.0       5.7828307E-9
  6460.0       6.056283E-9
  6465.0       6.2129417E-9
  6470.0       6.126081E-9
  6475.0       5.813507E-9
  6480.0       5.531224E-9
  6485.0       5.4551377E-9
  6490.0       5.3352025E-9
  6495.0       4.9798015E-9
  6500.0       4.762953E-9
  6505.0       5.0184124E-9
  6510.0       5.409741E-9
  6515.0       5.539251E-9
  6520.0       5.527903E-9
  6525.0       5.617638E-9
  6530.0       5.8282437E-9
  6535.0       6.057257E-9
  6540.0       6.1252403E-9
  6545.0       5.9169416E-9
  6550.0       5.557033E-9
  6555.0       5.251692E-9
  6560.0       5.173238E-9
  6565.0       5.370581E-9
  6570.0       5.6153495E-9
  6575.0       5.695608E-9
  6580.0       5.7112413E-9
  6585.0       5.804632E-9
  6590.0       5.9140293E-9
  6595.0       5.9334297E-9
  6600.0       5.85636E-9
  6605.0       5.74259E-9
  6610.0       5.7130713E-9
  6615.0       5.819227E-9
  6620.0       5.880752E-9
  6625.0       5.7523692E-9
  6630.0       5.605327E-9
  6635.0       5.616731E-9
  6640.0       5.661971E-9
  6645.0       5.573624E-9
  6650.0       5.3836273E-9
  6655.0       5.209524E-9
  6660.0       5.1779288E-9
  6665.0       5.316865E-9
  6670.0       5.402019E-9
  6675.0       5.2519002E-9
  6680.0       5.0429194E-9
  6685.0       4.990884E-9
  6690.0       5.0546745E-9
  6695.0       5.1319753E-9
  6700.0       5.220692E-9
  6705.0       5.303393E-9
  6710.0       5.2249436E-9
  6715.0       4.913459E-9
  6720.0       4.647517E-9
  6725.0       4.6839284E-9
  6730.0       4.8721476E-9
  6735.0       4.971644E-9
  6740.0       4.9250235E-9
  6745.0       4.794649E-9
  6750.0       4.755495E-9
  6755.0       4.917835E-9
  6760.0       5.1225406E-9
  6765.0       5.206368E-9
  6770.0       5.2580975E-9
  6775.0       5.3670144E-9
  6780.0       5.3757483E-9
  6785.0       5.1712243E-9
  6790.0       5.0011586E-9
  6795.0       5.105227E-9
  6800.0       5.3386677E-9
  6805.0       5.4816436E-9
  6810.0       5.5111906E-9
  6815.0       5.4900755E-9
  6820.0       5.49635E-9
  6825.0       5.5759393E-9
  6830.0       5.683374E-9
  6835.0       5.7633116E-9
  6840.0       5.8243605E-9
  6845.0       5.891151E-9
  6850.0       5.9643215E-9
  6855.0       6.0376872E-9
  6860.0       6.1127774E-9
  6865.0       6.1911787E-9
  6870.0       6.266061E-9
  6875.0       6.33174E-9
  6880.0       6.3939254E-9
  6885.0       6.4589583E-9
  6890.0       6.5235777E-9
  6895.0       6.5848815E-9
  6900.0       6.65054E-9
  6905.0       6.7283636E-9
  6910.0       6.8154726E-9
  6915.0       6.903786E-9
  6920.0       6.9832E-9
  6925.0       7.0501796E-9
  6930.0       7.119461E-9
  6935.0       7.2034583E-9
  6940.0       7.290497E-9
  6945.0       7.3644912E-9
  6950.0       7.422809E-9
  6955.0       7.47473E-9
  6960.0       7.543274E-9
  6965.0       7.6205575E-9
  6970.0       7.610731E-9
  6975.0       7.468954E-9
  6980.0       7.365026E-9
  6985.0       7.4437123E-9
  6990.0       7.57315E-9
  6995.0       7.604148E-9
  7000.0       7.618058E-9
  7005.0       7.715051E-9
  7010.0       7.811124E-9
  7015.0       7.814445E-9
  7020.0       7.7999935E-9
  7025.0       7.858884E-9
  7030.0       7.956391E-9
  7035.0       8.059615E-9
  7040.0       8.253702E-9
  7045.0       8.486244E-9
  7050.0       8.250971E-9
  7055.0       7.25748E-9
  7060.0       6.222358E-9
  7065.0       5.9205534E-9
  7070.0       6.2550405E-9
  7075.0       6.742024E-9
  7080.0       6.800844E-9
  7085.0       6.1629057E-9
  7090.0       5.4313447E-9
  7095.0       5.2299525E-9
  7100.0       5.380595E-9
  7105.0       5.547415E-9
  7110.0       5.784961E-9
  7115.0       6.1149827E-9
  7120.0       6.0847736E-9
  7125.0       5.410824E-9
  7130.0       4.7210023E-9
  7135.0       4.651987E-9
  7140.0       4.950691E-9
  7145.0       5.1772187E-9
  7150.0       5.307511E-9
  7155.0       5.4306484E-9
  7160.0       5.4956324E-9
  7165.0       5.4544023E-9
  7170.0       5.416326E-9
  7175.0       5.4760037E-9
  7180.0       5.5324203E-9
  7185.0       5.481848E-9
  7190.0       5.410243E-9
  7195.0       5.429093E-9
  7200.0       5.5242046E-9
  7205.0       5.6560436E-9
  7210.0       5.8469185E-9
  7215.0       6.113093E-9
  7220.0       6.3889005E-9
  7225.0       6.5884724E-9
  7230.0       6.661251E-9
  7235.0       6.6211245E-9
  7240.0       6.609666E-9
  7245.0       6.7451675E-9
  7250.0       6.9599184E-9
  7255.0       7.147382E-9
  7260.0       7.2869044E-9
  7265.0       7.390116E-9
  7270.0       7.461671E-9
  7275.0       7.491795E-9
  7280.0       7.4495037E-9
  7285.0       7.364152E-9
  7290.0       7.433711E-9
  7295.0       7.776305E-9
  7300.0       8.139886E-9
  7305.0       8.2681035E-9
  7310.0       8.262963E-9
  7315.0       8.298609E-9
  7320.0       8.376048E-9
  7325.0       8.473467E-9
  7330.0       8.68475E-9
  7335.0       9.049463E-9
  7340.0       9.348433E-9
  7345.0       9.364201E-9
  7350.0       9.150357E-9
  7355.0       8.89033E-9
  7360.0       8.824859E-9
  7365.0       9.1E-9
  7370.0       9.560677E-9
  7375.0       9.947297E-9
  7380.0       1.0037436E-8
  7385.0       9.7827E-9
  7390.0       9.536689E-9
  7395.0       9.627622E-9
  7400.0       9.919122E-9
  7405.0       1.0133316E-8
  7410.0       1.0103792E-8
  7415.0       9.841212E-9
  7420.0       9.682029E-9
  7425.0       9.878272E-9
  7430.0       1.0151691E-8
  7435.0       1.0193058E-8
  7440.0       1.014066E-8
  7445.0       1.01928075E-8
  7450.0       1.0251422E-8
  7455.0       1.0195015E-8
  7460.0       1.0143546E-8
  7465.0       1.0220372E-8
  7470.0       1.0311877E-8
  7475.0       1.0285244E-8
  7480.0       1.0199255E-8
  7485.0       1.0155865E-8
  7490.0       1.01715845E-8
  7495.0       1.0215848E-8
  7500.0       1.0229703E-8
  7505.0       1.0194737E-8
  7510.0       1.0217848E-8
  7515.0       1.0366273E-8
  7520.0       1.0485222E-8
  7525.0       1.0442051E-8
  7530.0       1.0380109E-8
  7535.0       1.044854E-8
  7540.0       1.0535018E-8
  7545.0       1.05003455E-8
  7550.0       1.0401065E-8
  7555.0       1.033331E-8
  7560.0       1.02946816E-8
  7565.0       1.0253287E-8
  7570.0       1.0204123E-8
  7575.0       1.01521325E-8
  7580.0       1.0098384E-8
  7585.0       1.004411E-8
  7590.0       9.995314E-9
  7595.0       9.955791E-9
  7600.0       9.9187485E-9
  7605.0       9.8766115E-9
  7610.0       9.830682E-9
  7615.0       9.784432E-9
  7620.0       9.738336E-9
  7625.0       9.69213E-9
  7630.0       9.646997E-9
  7635.0       9.603652E-9
  7640.0       9.559997E-9
  7645.0       9.514016E-9
  7650.0       9.466615E-9
  7655.0       9.4189145E-9
  7660.0       9.369933E-9
  7665.0       9.31948E-9
  7670.0       9.271442E-9
  7675.0       9.229618E-9
  7680.0       9.193595E-9
  7685.0       9.161466E-9
  7690.0       9.1314805E-9
  7695.0       9.101588E-9
  7700.0       9.068671E-9
  7705.0       9.0337355E-9
  7710.0       9.007936E-9
  7715.0       8.989022E-9
  7720.0       8.935015E-9
  7725.0       8.854558E-9
  7730.0       8.914803E-9
  7735.0       9.169501E-9
  7740.0       9.235958E-9
  7745.0       8.85233E-9
  7750.0       8.493964E-9
  7755.0       8.62245E-9
  7760.0       8.9292636E-9
  7765.0       9.010044E-9
  7770.0       8.988326E-9
  7775.0       9.070893E-9
  7780.0       9.142166E-9
  7785.0       9.068361E-9
  7790.0       9.001094E-9
  7795.0       9.107808E-9
  7800.0       9.306037E-9
  7805.0       9.469739E-9
  7810.0       9.6126325E-9
  7815.0       9.767575E-9
  7820.0       9.871343E-9
  7825.0       9.844072E-9
  7830.0       9.669342E-9
  7835.0       9.414665E-9
  7840.0       9.293359E-9
  7845.0       9.445786E-9
  7850.0       9.682647E-9
  7855.0       9.792021E-9
  7860.0       9.829998E-9
  7865.0       9.900582E-9
  7870.0       9.960711E-9
  7875.0       9.955582E-9
  7880.0       9.949759E-9
  7885.0       9.992119E-9
  7890.0       9.972679E-9
  7895.0       9.8090025E-9
  7900.0       9.646563E-9
  7905.0       9.6210755E-9
  7910.0       9.618455E-9
  7915.0       9.529455E-9
  7920.0       9.504155E-9
  7925.0       9.673706E-9
  7930.0       9.858154E-9
  7935.0       9.847673E-9
  7940.0       9.674252E-9
  7945.0       9.480503E-9
  7950.0       9.443085E-9
  7955.0       9.653855E-9
  7960.0       9.958521E-9
  7965.0       1.0173955E-8
  7970.0       1.0285638E-8
  7975.0       1.0341953E-8
  7980.0       1.0380041E-8
  7985.0       1.040481E-8
  7990.0       1.0358716E-8
  7995.0       1.022265E-8
  8000.0       1.0137666E-8
  8005.0       1.0256288E-8
  8010.0       1.0587241E-8
  8015.0       1.0967057E-8
  8020.0       1.0957108E-8
  8025.0       1.0396246E-8
  8030.0       1.0083863E-8
  8035.0       1.0630953E-8
  8040.0       1.1225573E-8
  8045.0       1.1044059E-8
  8050.0       1.0650302E-8
  8055.0       1.0753477E-8
  8060.0       1.103566E-8
  8065.0       1.1011392E-8
  8070.0       1.0817719E-8
  8075.0       1.0754734E-8
  8080.0       1.0890016E-8
  8085.0       1.11155805E-8
  8090.0       1.1131556E-8
  8095.0       1.07964615E-8
  8100.0       1.0546833E-8
  8105.0       1.07330935E-8
  8110.0       1.0922982E-8
  8115.0       1.0706597E-8
  8120.0       1.0507598E-8
  8125.0       1.0761265E-8
  8130.0       1.1093355E-8
  8135.0       1.1039361E-8
  8140.0       1.07289315E-8
  8145.0       1.0476023E-8
  8150.0       1.0451857E-8
  8155.0       1.0641031E-8
  8160.0       1.0715003E-8
  8165.0       1.04564135E-8
  8170.0       1.0228385E-8
  8175.0       1.036446E-8
  8180.0       1.0547993E-8
  8185.0       1.04202895E-8
  8190.0       1.0170393E-8
  8195.0       1.0090751E-8
  8200.0       1.0183139E-8
  8205.0       1.037346E-8
  8210.0       1.0681827E-8
  8215.0       1.1034547E-8
  8220.0       1.10330225E-8
  8225.0       1.0485526E-8
  8230.0       1.0049443E-8
  8235.0       1.03390745E-8
  8240.0       1.100378E-8
  8245.0       1.1441135E-8
  8250.0       1.1389965E-8
  8255.0       1.09420455E-8
  8260.0       1.0719149E-8
  8265.0       1.1129517E-8
  8270.0       1.1532411E-8
  8275.0       1.1290396E-8
  8280.0       1.0817875E-8
  8285.0       1.06884706E-8
  8290.0       1.0816603E-8
  8295.0       1.0897692E-8
  8300.0       1.0752708E-8
  8305.0       1.0402889E-8
  8310.0       1.0230958E-8
  8315.0       1.0496704E-8
  8320.0       1.0798046E-8
  8325.0       1.0716846E-8
  8330.0       1.0454767E-8
  8335.0       1.03326E-8
  8340.0       1.0350238E-8
  8345.0       1.04124815E-8
  8350.0       1.05085E-8
  8355.0       1.0617538E-8
  8360.0       1.0607692E-8
  8365.0       1.0431719E-8
  8370.0       1.03614015E-8
  8375.0       1.0556295E-8
  8380.0       1.0587019E-8
  8385.0       1.0154068E-8
  8390.0       9.869042E-9
  8395.0       1.0297354E-8
  8400.0       1.0971293E-8
  8405.0       1.1261181E-8
  8410.0       1.1167524E-8
  8415.0       1.091933E-8
  8420.0       1.0684199E-8
  8425.0       1.0538625E-8
  8430.0       1.0408826E-8
  8435.0       1.0247697E-8
  8440.0       1.0213502E-8
  8445.0       1.0413069E-8
  8450.0       1.0616922E-8
  8455.0       1.0596809E-8
  8460.0       1.0466152E-8
  8465.0       1.04141415E-8
  8470.0       1.0477943E-8
  8475.0       1.0619306E-8
  8480.0       1.075994E-8
  8485.0       1.0787573E-8
  8490.0       1.0548358E-8
  8495.0       1.0035457E-8
  8500.0       9.6534E-9
  8505.0       9.71855E-9
  8510.0       9.917645E-9
  8515.0       9.893845E-9
  8520.0       9.8084945E-9
  8525.0       9.929311E-9
  8530.0       1.0245103E-8
  8535.0       1.0410606E-8
  8540.0       9.570604E-9
  8545.0       7.557319E-9
  8550.0       6.421914E-9
  8555.0       7.771577E-9
  8560.0       9.875332E-9
  8565.0       1.0655659E-8
  8570.0       1.04894475E-8
  8575.0       1.0382259E-8
  8580.0       1.0455815E-8
  8585.0       1.0528046E-8
  8590.0       1.0580951E-8
  8595.0       1.066673E-8
  8600.0       1.0820253E-8
  8605.0       1.1017556E-8
  8610.0       1.1112904E-8
  8615.0       1.1026275E-8
  8620.0       1.0964124E-8
  8625.0       1.1128337E-8
  8630.0       1.1421912E-8
  8635.0       1.1672116E-8
  8640.0       1.1818102E-8
  8645.0       1.1900217E-8
  8650.0       1.2072908E-8
  8655.0       1.219538E-8
  8660.0       1.1320406E-8
  8665.0       9.147066E-9
  8670.0       7.787437E-9
  8675.0       8.913554E-9
  8680.0       1.0688091E-8
  8685.0       1.1088529E-8
  8690.0       1.1066626E-8
  8695.0       1.1491076E-8
  8700.0       1.0831168E-8
  8705.0       1.1136832E-8
  8710.0       1.1235794E-8
  8715.0       1.1261204E-8
  8720.0       1.1282537E-8
  8725.0       1.1300416E-8
  8730.0       1.1315359E-8
  8735.0       1.1327964E-8
  8740.0       1.1338816E-8
  8745.0       1.1348448E-8
  8750.0       1.1357446E-8
  8755.0       1.136625E-8
  8760.0       1.137491E-8
  8765.0       1.1383385E-8
  8770.0       1.1391588E-8
  8775.0       1.13994805E-8
  8780.0       1.1406989E-8
  8785.0       1.1414048E-8
  8790.0       1.1420588E-8
  8795.0       1.1426559E-8
  8800.0       1.1431864E-8
  8805.0       1.1436343E-8
  8810.0       1.1439557E-8
  8815.0       1.1441003E-8
  8820.0       1.1440136E-8
  8825.0       1.1436426E-8
  8830.0       1.1429375E-8
  8835.0       1.14183925E-8
  8840.0       1.1402979E-8
  8845.0       1.13826015E-8
  8850.0       1.1356752E-8
  8855.0       1.1325349E-8
  8860.0       1.1289257E-8
  8865.0       1.1249706E-8
  8870.0       1.1208025E-8
  8875.0       1.1165524E-8
  8880.0       1.1123488E-8
  8885.0       1.10832215E-8
  8890.0       1.1045996E-8
  8895.0       1.101316E-8
  8900.0       1.0985923E-8
  8905.0       1.0965175E-8
  8910.0       1.0950713E-8
  8915.0       1.0941906E-8
  8920.0       1.0938156E-8
  8925.0       1.0938777E-8
  8930.0       1.0943138E-8
  8935.0       1.0950609E-8
  8940.0       1.096055E-8
  8945.0       1.0972253E-8
  8950.0       1.0985184E-8
  8955.0       1.099884E-8
  8960.0       1.10131575E-8
  8965.0       1.1028338E-8
  8970.0       1.1044545E-8
  8975.0       1.1061881E-8
  8980.0       1.108055E-8
  8985.0       1.1100696E-8
  8990.0       1.1122455E-8
  8995.0       1.1146039E-8
  9000.0       1.1171521E-8
  9005.0       1.119875E-8
  9010.0       1.1226745E-8
  9015.0       1.1254178E-8
  9020.0       1.1279718E-8
  9025.0       1.1302043E-8
  9030.0       1.13198375E-8
  9035.0       1.1331735E-8
  9040.0       1.1336428E-8
  9045.0       1.1332565E-8
  9050.0       1.1318899E-8
  9055.0       1.1294679E-8
  9060.0       1.1260687E-8
  9065.0       1.1218257E-8
  9070.0       1.1168681E-8
  9075.0       1.1113418E-8
  9080.0       1.1053798E-8
  9085.0       1.0991192E-8
  9090.0       1.092698E-8
  9095.0       1.0862525E-8
  9100.0       1.0799201E-8
  9105.0       1.0738209E-8
  9110.0       1.0680519E-8
  9115.0       1.0626803E-8
  9120.0       1.0577927E-8
  9125.0       1.0534572E-8
  9130.0       1.049755E-8
  9135.0       1.04675815E-8
  9140.0       1.0445456E-8
  9145.0       1.043196E-8
  9150.0       1.0427732E-8
  9155.0       1.0432984E-8
  9160.0       1.0446307E-8
  9165.0       1.0465847E-8
  9170.0       1.0489637E-8
  9175.0       1.0515694E-8
  9180.0       1.0542079E-8
  9185.0       1.0566829E-8
  9190.0       1.0587941E-8
  9195.0       1.0603518E-8
  9200.0       1.0611613E-8
  9205.0       1.06111E-8
  9210.0       1.0602653E-8
  9215.0       1.05877245E-8
  9220.0       1.0567789E-8
  9225.0       1.0544366E-8
  9230.0       1.05189395E-8
  9235.0       1.0493011E-8
  9240.0       1.04680815E-8
  9245.0       1.0445645E-8
  9250.0       1.0427183E-8
  9255.0       1.0413644E-8
  9260.0       1.040486E-8
  9265.0       1.0400207E-8
  9270.0       1.0399027E-8
  9275.0       1.0400617E-8
  9280.0       1.0404292E-8
  9285.0       1.0409392E-8
  9290.0       1.0415221E-8
  9295.0       1.0421118E-8
  9300.0       1.0426383E-8
  9305.0       1.0430428E-8
  9310.0       1.0432834E-8
  9315.0       1.0433271E-8
  9320.0       1.043134E-8
  9325.0       1.0426743E-8
  9330.0       1.0419128E-8
  9335.0       1.0408145E-8
  9340.0       1.039343E-8
  9345.0       1.0374652E-8
  9350.0       1.035151E-8
  9355.0       1.0323964E-8
  9360.0       1.0292879E-8
  9365.0       1.0259404E-8
  9370.0       1.0224631E-8
  9375.0       1.0189801E-8
  9380.0       1.01560165E-8
  9385.0       1.0124495E-8
  9390.0       1.0096388E-8
  9395.0       1.007284E-8
  9400.0       1.0054983E-8
  9405.0       1.00436255E-8
  9410.0       1.00386135E-8
  9415.0       1.0039456E-8
  9420.0       1.0045663E-8
  9425.0       1.0056696E-8
  9430.0       1.00720206E-8
  9435.0       1.0091157E-8
  9440.0       1.0113559E-8
  9445.0       1.01387E-8
  9450.0       1.0166106E-8
  9455.0       1.0195291E-8
  9460.0       1.0225985E-8
  9465.0       1.0257976E-8
  9470.0       1.0291078E-8
  9475.0       1.0325052E-8
  9480.0       1.0359711E-8
  9485.0       1.0394838E-8
  9490.0       1.0430232E-8
  9495.0       1.04656905E-8
  9500.0       1.0500961E-8
  9505.0       1.0535839E-8
  9510.0       1.0569913E-8
  9515.0       1.0602748E-8
  9520.0       1.0633897E-8
  9525.0       1.0662936E-8
  9530.0       1.06894555E-8
  9535.0       1.0712932E-8
  9540.0       1.0733007E-8
  9545.0       1.0749199E-8
  9550.0       1.0761112E-8
  9555.0       1.0768467E-8
  9560.0       1.07714975E-8
  9565.0       1.077057E-8
  9570.0       1.0766097E-8
  9575.0       1.0758478E-8
  9580.0       1.0748097E-8
  9585.0       1.07354055E-8
  9590.0       1.0720726E-8
  9595.0       1.07044675E-8
  9600.0       1.0687107E-8
  9605.0       1.0668978E-8
  9610.0       1.0650504E-8
  9615.0       1.06320535E-8
  9620.0       1.0614089E-8
  9625.0       1.0597009E-8
  9630.0       1.0581144E-8
  9635.0       1.0567008E-8
  9640.0       1.055496E-8
  9645.0       1.0545356E-8
  9650.0       1.05386455E-8
  9655.0       1.05350795E-8
  9660.0       1.0534548E-8
  9665.0       1.053687E-8
  9670.0       1.0541772E-8
  9675.0       1.05490585E-8
  9680.0       1.0558486E-8
  9685.0       1.056981E-8
  9690.0       1.058278E-8
  9695.0       1.0597206E-8
  9700.0       1.061286E-8
  9705.0       1.0629488E-8
  9710.0       1.0646962E-8
  9715.0       1.0665083E-8
  9720.0       1.0683754E-8
  9725.0       1.07028315E-8
  9730.0       1.0722133E-8
  9735.0       1.07415365E-8
  9740.0       1.0760907E-8
  9745.0       1.078004E-8
  9750.0       1.079885E-8
  9755.0       1.0817179E-8
  9760.0       1.0834966E-8
  9765.0       1.0852086E-8
  9770.0       1.0868502E-8
  9775.0       1.08841185E-8
  9780.0       1.08988685E-8
  9785.0       1.0912699E-8
  9790.0       1.0925462E-8
  9795.0       1.093718E-8
  9800.0       1.0947708E-8
  9805.0       1.0957035E-8
  9810.0       1.0965103E-8
  9815.0       1.097192E-8
  9820.0       1.0977508E-8
  9825.0       1.0981846E-8
  9830.0       1.098496E-8
  9835.0       1.09868195E-8
  9840.0       1.0987432E-8
  9845.0       1.0986809E-8
  9850.0       1.0984941E-8
  9855.0       1.0981907E-8
  9860.0       1.0977953E-8
  9865.0       1.09733636E-8
  9870.0       1.0968384E-8
  9875.0       1.0963392E-8
  9880.0       1.0958622E-8
  9885.0       1.0954426E-8
  9890.0       1.0951064E-8
  9895.0       1.094884E-8
  9900.0       1.0948074E-8
  9905.0       1.0948878E-8
  9910.0       1.0951117E-8
  9915.0       1.0954494E-8
  9920.0       1.0958733E-8
  9925.0       1.0963501E-8
  9930.0       1.09685105E-8
  9935.0       1.0973448E-8
  9940.0       1.0978056E-8
  9945.0       1.0981986E-8
  9950.0       1.0984952E-8
  9955.0       1.0986741E-8
  9960.0       1.0987279E-8
  9965.0       1.09866125E-8
  9970.0       1.0984677E-8
  9975.0       1.0981527E-8
  9980.0       1.0977137E-8
  9985.0       1.0971565E-8
  9990.0       1.096481E-8
  9995.0       1.095687E-8
  10000.0      1.09477325E-8
  10005.0      1.0937559E-8
  10010.0      1.09266916E-8
  10015.0      1.09156515E-8
  10020.0      1.090491E-8
  10025.0      1.0894917E-8
  10030.0      1.0886214E-8
  10035.0      1.0879277E-8
  10040.0      1.0874575E-8
  10045.0      1.0872606E-8
  10050.0      1.0873835E-8
  10055.0      1.0878485E-8
  10060.0      1.0886194E-8
  10065.0      1.0896396E-8
  10070.0      1.0908436E-8
  10075.0      1.0921704E-8
  10080.0      1.093557E-8
  10085.0      1.0949428E-8
  10090.0      1.0962677E-8
  10095.0      1.0974662E-8
  10100.0      1.0984792E-8
  10105.0      1.0992544E-8
  10110.0      1.099755E-8
  10115.0      1.0999583E-8
  10120.0      1.09983915E-8
  10125.0      1.0993758E-8
  10130.0      1.0985398E-8
  10135.0      1.0973087E-8
  10140.0      1.095658E-8
  10145.0      1.0935649E-8
  10150.0      1.09100515E-8
  10155.0      1.0879905E-8
  10160.0      1.0846266E-8
  10165.0      1.0810446E-8
  10170.0      1.0773795E-8
  10175.0      1.0737734E-8
  10180.0      1.0703574E-8
  10185.0      1.067274E-8
  10190.0      1.0646592E-8
  10195.0      1.0626476E-8
  10200.0      1.0613778E-8
  10205.0      1.060926E-8
  10210.0      1.0612514E-8
  10215.0      1.062255E-8
  10220.0      1.0638368E-8
  10225.0      1.0658999E-8
  10230.0      1.0683389E-8
  10235.0      1.0710555E-8
  10240.0      1.0739531E-8
  10245.0      1.0769263E-8
  10250.0      1.0798767E-8
  10255.0      1.0827106E-8
  10260.0      1.0853526E-8
  10265.0      1.0877286E-8
  10270.0      1.0897692E-8
  10275.0      1.0914009E-8
  10280.0      1.0925535E-8
  10285.0      1.093157E-8
  10290.0      1.0931396E-8
  10295.0      1.0924312E-8
  10300.0      1.0909623E-8
  10305.0      1.08872555E-8
  10310.0      1.0858434E-8
  10315.0      1.0824964E-8
  10320.0      1.0788648E-8
  10325.0      1.0751315E-8
  10330.0      1.0714843E-8
  10335.0      1.06810205E-8
  10340.0      1.0651719E-8
  10345.0      1.0628758E-8
  10350.0      1.0613919E-8
  10355.0      1.0608227E-8
  10360.0      1.06110205E-8
  10365.0      1.0620842E-8
  10370.0      1.06362155E-8
  10375.0      1.0655594E-8
  10380.0      1.06775495E-8
  10385.0      1.07005675E-8
  10390.0      1.072315E-8
  10395.0      1.0743812E-8
  10400.0      1.0761094E-8
  10405.0      1.0774006E-8
  10410.0      1.078261E-8
  10415.0      1.0787411E-8
  10420.0      1.0788988E-8
  10425.0      1.0787859E-8
  10430.0      1.0784661E-8
  10435.0      1.0779887E-8
  10440.0      1.077409E-8
  10445.0      1.076788E-8
  10450.0      1.0761729E-8
  10455.0      1.0756137E-8
  10460.0      1.0751108E-8
  10465.0      1.07466365E-8
  10470.0      1.074263E-8
  10475.0      1.0739004E-8
  10480.0      1.0735712E-8
  10485.0      1.0732665E-8
  10490.0      1.0729816E-8
  10495.0      1.0727108E-8
  10500.0      1.0724429E-8
  10505.0      1.0721771E-8
  10510.0      1.0719091E-8
  10515.0      1.0716401E-8
  10520.0      1.0713697E-8
  10525.0      1.0710957E-8
  10530.0      1.0708231E-8
  10535.0      1.0705449E-8
  10540.0      1.0702686E-8
  10545.0      1.0699913E-8
  10550.0      1.0697091E-8
  10555.0      1.0694264E-8
  10560.0      1.06914495E-8
  10565.0      1.0688604E-8
  10570.0      1.0685737E-8
  10575.0      1.0682861E-8
  10580.0      1.0679943E-8
  10585.0      1.0677025E-8
  10590.0      1.0674126E-8
  10595.0      1.06711715E-8
  10600.0      1.0668224E-8
  10605.0      1.0665253E-8
  10610.0      1.0662259E-8
  10615.0      1.0659273E-8
  10620.0      7.991943E-9
