# WAVELENGTH   FLUX           
  1150.0       4.4931454E-12  
  1155.0       4.2605214E-11  
  1160.0       9.862492E-11   
  1165.0       1.5627728E-11  
  1170.0       0.0            
  1175.0       0.0            
  1180.0       0.0            
  1185.0       0.0            
  1190.0       0.0            
  1195.0       0.0            
  1200.0       7.8500417E-13  
  1205.0       1.772346E-11   
  1210.0       9.837424E-11   
  1215.0       1.3956816E-10  
  1220.0       7.561564E-11   
  1225.0       3.164968E-11   
  1230.0       1.9436279E-11  
  1235.0       1.7270324E-11  
  1240.0       1.4703898E-11  
  1245.0       6.825193E-12   
  1250.0       1.9345664E-11  
  1255.0       2.1235196E-11  
  1260.0       1.7825632E-11  
  1265.0       1.585581E-11   
  1270.0       1.741307E-11   
  1275.0       1.7779379E-11  
  1280.0       2.0262682E-11  
  1285.0       1.6428069E-11  
  1290.0       1.5148549E-11  
  1295.0       7.6794725E-12  
  1300.0       1.257712E-11   
  1305.0       1.1187113E-11  
  1310.0       1.0437141E-11  
  1315.0       1.1674467E-11  
  1320.0       6.1711647E-12  
  1325.0       5.2638688E-12  
  1330.0       9.242526E-12   
  1335.0       1.0351916E-11  
  1340.0       1.6383601E-11  
  1345.0       1.782141E-11   
  1350.0       1.8932881E-11  
  1355.0       2.659038E-11   
  1360.0       2.0848188E-11  
  1365.0       7.653317E-12   
  1370.0       8.74082E-12    
  1375.0       2.33262E-11    
  1380.0       2.7910362E-11  
  1385.0       1.6128642E-11  
  1390.0       1.1907686E-11  
  1395.0       1.4313454E-11  
  1400.0       1.5487134E-11  
  1405.0       1.6674485E-11  
  1410.0       3.5082935E-12  
  1415.0       6.118275E-12   
  1420.0       1.9454145E-11  
  1425.0       2.4411374E-11  
  1430.0       2.3221865E-11  
  1435.0       2.4951733E-11  
  1440.0       2.6508983E-11  
  1445.0       3.3338863E-11  
  1450.0       3.992606E-11   
  1455.0       3.6952635E-11  
  1460.0       3.2332522E-11  
  1465.0       3.455191E-11   
  1470.0       3.443694E-11   
  1475.0       3.216402E-11   
  1480.0       3.014799E-11   
  1485.0       4.1907807E-11  
  1490.0       4.3853435E-11  
  1495.0       5.1210033E-11  
  1500.0       5.1503187E-11  
  1505.0       4.7904493E-11  
  1510.0       4.4473612E-11  
  1515.0       5.0566447E-11  
  1520.0       6.093672E-11   
  1525.0       6.7493705E-11  
  1530.0       7.933929E-11   
  1535.0       1.03567044E-10 
  1540.0       1.3469116E-10  
  1545.0       1.6894758E-10  
  1550.0       1.863901E-10   
  1555.0       2.0219396E-10  
  1560.0       2.482173E-10   
  1565.0       2.892433E-10   
  1570.0       2.8752423E-10  
  1575.0       3.606578E-10   
  1580.0       4.473305E-10   
  1585.0       4.5620652E-10  
  1590.0       4.2333673E-10  
  1595.0       4.0945472E-10  
  1600.0       4.4824047E-10  
  1605.0       4.782898E-10   
  1610.0       5.143912E-10   
  1615.0       5.4745447E-10  
  1620.0       5.515744E-10   
  1625.0       5.733818E-10   
  1630.0       5.7641014E-10  
  1635.0       6.4577815E-10  
  1640.0       7.435233E-10   
  1645.0       7.94989E-10    
  1650.0       7.274439E-10   
  1655.0       6.383452E-10   
  1660.0       7.577184E-10   
  1665.0       8.6509916E-10  
  1670.0       7.476678E-10   
  1675.0       8.011679E-10   
  1680.0       9.20792E-10    
  1685.0       9.618769E-10   
  1690.0       9.688479E-10   
  1695.0       9.750287E-10   
  1700.0       1.072094E-9    
  1705.0       1.2253629E-9   
  1710.0       1.364226E-9    
  1715.0       1.4566628E-9   
  1720.0       1.4698484E-9   
  1725.0       1.5114395E-9   
  1730.0       1.6329947E-9   
  1735.0       1.6535124E-9   
  1740.0       1.6509534E-9   
  1745.0       1.7293207E-9   
  1750.0       1.898612E-9    
  1755.0       1.9995936E-9   
  1760.0       1.8706745E-9   
  1765.0       1.775126E-9    
  1770.0       1.903456E-9    
  1775.0       2.1065953E-9   
  1780.0       2.1816995E-9   
  1785.0       2.0548996E-9   
  1790.0       2.0836224E-9   
  1795.0       2.3779518E-9   
  1800.0       2.4963278E-9   
  1805.0       2.3817175E-9   
  1810.0       2.3285196E-9   
  1815.0       2.3845037E-9   
  1820.0       2.4328781E-9   
  1825.0       2.4360192E-9   
  1830.0       2.3657443E-9   
  1835.0       2.1908955E-9   
  1840.0       1.9121835E-9   
  1845.0       1.8011688E-9   
  1850.0       1.8123044E-9   
  1855.0       1.8915316E-9   
  1860.0       2.0029978E-9   
  1865.0       2.108926E-9    
  1870.0       2.2277924E-9   
  1875.0       2.2843916E-9   
  1880.0       2.3854825E-9   
  1885.0       2.421811E-9    
  1890.0       2.3386784E-9   
  1895.0       2.187201E-9    
  1900.0       2.0687583E-9   
  1905.0       2.1447688E-9   
  1910.0       2.2302962E-9   
  1915.0       2.3609381E-9   
  1920.0       2.371578E-9    
  1925.0       2.1353015E-9   
  1930.0       1.9339725E-9   
  1935.0       2.0367192E-9   
  1940.0       2.3436768E-9   
  1945.0       2.4879132E-9   
  1950.0       2.5005213E-9   
  1955.0       2.448076E-9    
  1960.0       2.374013E-9    
  1965.0       2.3557287E-9   
  1970.0       2.3253457E-9   
  1975.0       2.3990103E-9   
  1980.0       2.408695E-9    
  1985.0       2.4157665E-9   
  1990.0       2.3293392E-9   
  1995.0       2.2117335E-9   
  2000.0       2.213124E-9    
  2005.0       2.2562072E-9   
  2010.0       2.1744004E-9   
  2015.0       2.1540154E-9   
  2020.0       2.1530182E-9   
  2025.0       2.1723936E-9   
  2030.0       2.1871405E-9   
  2035.0       2.218594E-9    
  2040.0       2.259763E-9    
  2045.0       2.295175E-9    
  2050.0       2.4498021E-9   
  2055.0       2.4952118E-9   
  2060.0       2.3306623E-9   
  2065.0       2.3027198E-9   
  2070.0       2.3635163E-9   
  2075.0       2.4226834E-9   
  2080.0       2.53186E-9     
  2085.0       2.6183273E-9   
  2090.0       2.6423408E-9   
  2095.0       2.5858469E-9   
  2100.0       2.515602E-9    
  2105.0       2.4497284E-9   
  2110.0       2.3800686E-9   
  2115.0       2.3315956E-9   
  2120.0       2.3009419E-9   
  2125.0       2.4113953E-9   
  2130.0       2.395839E-9    
  2135.0       2.0862725E-9   
  2140.0       1.8641877E-9   
  2145.0       1.9331063E-9   
  2150.0       2.140529E-9    
  2155.0       2.1957196E-9   
  2160.0       2.2116955E-9   
  2165.0       2.1340558E-9   
  2170.0       2.0111681E-9   
  2175.0       1.912629E-9    
  2180.0       1.9147113E-9   
  2185.0       2.0506181E-9   
  2190.0       2.1700042E-9   
  2195.0       2.235736E-9    
  2200.0       2.3110884E-9   
  2205.0       2.3135087E-9   
  2210.0       2.1821016E-9   
  2215.0       1.9754192E-9   
  2220.0       1.8698787E-9   
  2225.0       1.8607277E-9   
  2230.0       1.9148718E-9   
  2235.0       1.9569644E-9   
  2240.0       2.0901862E-9   
  2245.0       2.0498667E-9   
  2250.0       1.86994E-9     
  2255.0       1.7909542E-9   
  2260.0       1.7912154E-9   
  2265.0       1.7652212E-9   
  2270.0       1.7875149E-9   
  2275.0       1.8228596E-9   
  2280.0       1.9331372E-9   
  2285.0       1.977032E-9    
  2290.0       2.0596025E-9   
  2295.0       2.061275E-9    
  2300.0       1.9407893E-9   
  2305.0       1.7759232E-9   
  2310.0       1.7571316E-9   
  2315.0       1.8221331E-9   
  2320.0       1.7910619E-9   
  2325.0       1.7661432E-9   
  2330.0       1.7323353E-9   
  2335.0       1.6598444E-9   
  2340.0       1.5774877E-9   
  2345.0       1.4722351E-9   
  2350.0       1.419543E-9    
  2355.0       1.5090372E-9   
  2360.0       1.6384524E-9   
  2365.0       1.5334519E-9   
  2370.0       1.4956064E-9   
  2375.0       1.5945286E-9   
  2380.0       1.5875186E-9   
  2385.0       1.4617175E-9   
  2390.0       1.3216885E-9   
  2395.0       1.3720504E-9   
  2400.0       1.4219662E-9   
  2405.0       1.3979702E-9   
  2410.0       1.3094247E-9   
  2415.0       1.2726432E-9   
  2420.0       1.4269351E-9   
  2425.0       1.6449316E-9   
  2430.0       1.7462637E-9   
  2435.0       1.7201393E-9   
  2440.0       1.6779471E-9   
  2445.0       1.7212499E-9   
  2450.0       1.781068E-9    
  2455.0       1.7392826E-9   
  2460.0       1.7452908E-9   
  2465.0       1.7586441E-9   
  2470.0       1.6325271E-9   
  2475.0       1.5667005E-9   
  2480.0       1.5845525E-9   
  2485.0       1.6044898E-9   
  2490.0       1.6290491E-9   
  2495.0       1.5964637E-9   
  2500.0       1.7537827E-9   
  2505.0       1.9233404E-9   
  2510.0       1.8809863E-9   
  2515.0       1.7680492E-9   
  2520.0       1.6313563E-9   
  2525.0       1.4846626E-9   
  2530.0       1.405512E-9    
  2535.0       1.4023456E-9   
  2540.0       1.4109026E-9   
  2545.0       1.406941E-9    
  2550.0       1.4214453E-9   
  2555.0       1.494874E-9    
  2560.0       1.6321893E-9   
  2565.0       1.6800823E-9   
  2570.0       1.777259E-9    
  2575.0       1.9073856E-9   
  2580.0       1.7619859E-9   
  2585.0       1.716248E-9    
  2590.0       1.8127574E-9   
  2595.0       1.8795385E-9   
  2600.0       1.8506563E-9   
  2605.0       1.7246102E-9   
  2610.0       1.635257E-9    
  2615.0       1.5832433E-9   
  2620.0       1.7180402E-9   
  2625.0       1.8546222E-9   
  2630.0       1.818193E-9    
  2635.0       1.8026394E-9   
  2640.0       2.0896773E-9   
  2645.0       2.3500464E-9   
  2650.0       2.4876883E-9   
  2655.0       2.478105E-9    
  2660.0       2.421478E-9    
  2665.0       2.2460223E-9   
  2670.0       2.0999238E-9   
  2675.0       2.1263438E-9   
  2680.0       2.2182605E-9   
  2685.0       2.2213604E-9   
  2690.0       2.1733302E-9   
  2695.0       2.0801683E-9   
  2700.0       2.0946174E-9   
  2705.0       2.1418276E-9   
  2710.0       2.1065083E-9   
  2715.0       1.9897335E-9   
  2720.0       1.958376E-9    
  2725.0       1.9856021E-9   
  2730.0       2.1138555E-9   
  2735.0       2.2319466E-9   
  2740.0       2.147222E-9    
  2745.0       1.9108035E-9   
  2750.0       1.7455439E-9   
  2755.0       1.7096102E-9   
  2760.0       1.7642205E-9   
  2765.0       1.8876634E-9   
  2770.0       1.9444355E-9   
  2775.0       1.9727289E-9   
  2780.0       2.02656E-9     
  2785.0       1.9502044E-9   
  2790.0       1.917674E-9    
  2795.0       1.667397E-9    
  2800.0       1.2201372E-9   
  2805.0       1.1369998E-9   
  2810.0       1.4830326E-9   
  2815.0       1.9872621E-9   
  2820.0       2.3288251E-9   
  2825.0       2.4629183E-9   
  2830.0       2.4103475E-9   
  2835.0       2.373483E-9    
  2840.0       2.2879931E-9   
  2845.0       2.157963E-9    
  2850.0       2.1258668E-9   
  2855.0       2.0981827E-9   
  2860.0       2.1049684E-9   
  2865.0       2.2250317E-9   
  2870.0       2.2274065E-9   
  2875.0       2.2342266E-9   
  2880.0       2.2626372E-9   
  2885.0       2.283517E-9    
  2890.0       2.263181E-9    
  2895.0       2.2269908E-9   
  2900.0       2.238872E-9    
  2905.0       2.3295217E-9   
  2910.0       2.4857119E-9   
  2915.0       2.5603741E-9   
  2920.0       2.5726807E-9   
  2925.0       2.4588087E-9   
  2930.0       2.366416E-9    
  2935.0       2.3726883E-9   
  2940.0       2.4038118E-9   
  2945.0       2.4760303E-9   
  2950.0       2.4538858E-9   
  2955.0       2.4413715E-9   
  2960.0       2.5636973E-9   
  2965.0       2.642729E-9    
  2970.0       2.5955718E-9   
  2975.0       2.547107E-9    
  2980.0       2.5844449E-9   
  2985.0       2.5783429E-9   
  2990.0       2.595384E-9    
  2995.0       2.7028555E-9   
  3000.0       2.6747409E-9   
  3005.0       2.5644413E-9   
  3010.0       2.622493E-9    
  3015.0       2.663363E-9    
  3020.0       2.5923423E-9   
  3025.0       2.5013989E-9   
  3030.0       2.4995317E-9   
  3035.0       2.5285822E-9   
  3040.0       2.5735598E-9   
  3045.0       2.5958786E-9   
  3050.0       2.579738E-9    
  3055.0       2.571703E-9    
  3060.0       2.5314908E-9   
  3065.0       2.479119E-9    
  3070.0       2.5010056E-9   
  3075.0       2.5626168E-9   
  3080.0       2.6216356E-9   
  3085.0       2.6665452E-9   
  3090.0       2.6859213E-9   
  3095.0       2.6574287E-9   
  3100.0       2.5463736E-9   
  3105.0       2.5245523E-9   
  3110.0       2.5364504E-9   
  3115.0       2.5966156E-9   
  3120.0       2.5908986E-9   
  3125.0       2.5827482E-9   
  3130.0       2.5984026E-9   
  3135.0       2.626592E-9    
  3140.0       2.7028926E-9   
  3145.0       2.806516E-9    
  3150.0       2.8132958E-9   
  3155.0       2.770295E-9    
  3160.0       2.7590927E-9   
  3165.0       2.8134852E-9   
  3170.0       2.8560887E-9   
  3175.0       2.8226614E-9   
  3180.0       2.6903735E-9   
  3185.0       2.6643325E-9   
  3190.0       2.782538E-9    
  3195.0       2.7805531E-9   
  3200.0       2.7508176E-9   
  3205.0       2.757622E-9    
  3210.0       2.7644316E-9   
  3215.0       2.7161229E-9   
  3220.0       2.6445157E-9   
  3225.0       2.5982132E-9   
  3230.0       2.5781224E-9   
  3235.0       2.5723275E-9   
  3240.0       2.58497E-9     
  3245.0       2.6209321E-9   
  3250.0       2.6689349E-9   
  3255.0       2.709893E-9    
  3260.0       2.720772E-9    
  3265.0       2.680757E-9    
  3270.0       2.5814102E-9   
  3275.0       2.4495967E-9   
  3280.0       2.3883306E-9   
  3285.0       2.46727E-9     
  3290.0       2.5947489E-9   
  3295.0       2.6592712E-9   
  3300.0       2.6594564E-9   
  3305.0       2.6330347E-9   
  3310.0       2.6061175E-9   
  3315.0       2.5916609E-9   
  3320.0       2.5837248E-9   
  3325.0       2.5739042E-9   
  3330.0       2.564916E-9    
  3335.0       2.559332E-9    
  3340.0       2.548731E-9    
  3345.0       2.531985E-9    
  3350.0       2.5363684E-9   
  3355.0       2.57406E-9     
  3360.0       2.5914622E-9   
  3365.0       2.5453384E-9   
  3370.0       2.484778E-9    
  3375.0       2.4689524E-9   
  3380.0       2.489913E-9    
  3385.0       2.5177052E-9   
  3390.0       2.5347253E-9   
  3395.0       2.5371552E-9   
  3400.0       2.5422753E-9   
  3405.0       2.5644171E-9   
  3410.0       2.5900595E-9   
  3415.0       2.599779E-9    
  3420.0       2.587337E-9    
  3425.0       2.55628E-9     
  3430.0       2.5219278E-9   
  3435.0       2.5011426E-9   
  3440.0       2.5029447E-9   
  3445.0       2.5255091E-9   
  3450.0       2.5470948E-9   
  3455.0       2.5488691E-9   
  3460.0       2.5390732E-9   
  3465.0       2.5318299E-9   
  3470.0       2.5292342E-9   
  3475.0       2.5268894E-9   
  3480.0       2.5166658E-9   
  3485.0       2.4957565E-9   
  3490.0       2.4781754E-9   
  3495.0       2.4773656E-9   
  3500.0       2.4885745E-9   
  3505.0       2.5027227E-9   
  3510.0       2.5177471E-9   
  3515.0       2.5326181E-9   
  3520.0       2.5419742E-9   
  3525.0       2.5445497E-9   
  3530.0       2.5538267E-9   
  3535.0       2.5802667E-9   
  3540.0       2.611626E-9    
  3545.0       2.6304872E-9   
  3550.0       2.6340512E-9   
  3555.0       2.6391112E-9   
  3560.0       2.5923081E-9   
  3565.0       2.5346716E-9   
  3570.0       2.5097382E-9   
  3575.0       2.539531E-9    
  3580.0       2.5192939E-9   
  3585.0       2.4970062E-9   
  3590.0       2.5359024E-9   
  3595.0       2.607434E-9    
  3600.0       2.6012608E-9   
  3605.0       2.5606637E-9   
  3610.0       2.5874822E-9   
  3615.0       2.5655498E-9   
  3620.0       2.5874038E-9   
  3625.0       2.6792097E-9   
  3630.0       2.7144076E-9   
  3635.0       2.7311058E-9   
  3640.0       2.7097051E-9   
  3645.0       2.6693747E-9   
  3650.0       2.6746914E-9   
  3655.0       2.7444185E-9   
  3660.0       2.783247E-9    
  3665.0       2.8016502E-9   
  3670.0       2.8117801E-9   
  3675.0       2.79487E-9     
  3680.0       2.768538E-9    
  3685.0       2.7624258E-9   
  3690.0       2.7757228E-9   
  3695.0       2.752671E-9    
  3700.0       2.7753235E-9   
  3705.0       2.7438993E-9   
  3710.0       2.8122387E-9   
  3715.0       2.9403957E-9   
  3720.0       2.956601E-9    
  3725.0       3.0639253E-9   
  3730.0       3.1001495E-9   
  3735.0       2.9910587E-9   
  3740.0       3.2819736E-9   
  3745.0       3.2728984E-9   
  3750.0       3.149026E-9    
  3755.0       3.6139594E-9   
  3760.0       3.9061603E-9   
  3765.0       3.6900336E-9   
  3770.0       3.37603E-9     
  3775.0       3.8843897E-9   
  3780.0       4.6589514E-9   
  3785.0       4.8129234E-9   
  3790.0       4.3296278E-9   
  3795.0       3.612012E-9    
  3800.0       3.6289016E-9   
  3805.0       4.4231756E-9   
  3810.0       5.0698534E-9   
  3815.0       5.2982383E-9   
  3820.0       5.2386464E-9   
  3825.0       4.737031E-9    
  3830.0       3.922708E-9    
  3835.0       3.4537344E-9   
  3840.0       4.1422825E-9   
  3845.0       5.1543254E-9   
  3850.0       5.8012395E-9   
  3855.0       6.171609E-9    
  3860.0       6.449425E-9    
  3865.0       6.6083694E-9   
  3870.0       6.379285E-9    
  3875.0       5.7900262E-9   
  3880.0       4.9974944E-9   
  3885.0       4.02473E-9     
  3890.0       3.6849002E-9   
  3895.0       4.411538E-9    
  3900.0       5.2616342E-9   
  3905.0       5.945026E-9    
  3910.0       6.4991093E-9   
  3915.0       6.6962946E-9   
  3920.0       6.6762538E-9   
  3925.0       6.313859E-9    
  3930.0       5.2716356E-9   
  3935.0       5.1369717E-9   
  3940.0       6.1155667E-9   
  3945.0       6.437625E-9    
  3950.0       6.2240657E-9   
  3955.0       5.6591873E-9   
  3960.0       4.7588933E-9   
  3965.0       3.5696752E-9   
  3970.0       3.2188847E-9   
  3975.0       4.138257E-9    
  3980.0       5.119548E-9    
  3985.0       5.7848504E-9   
  3990.0       6.300338E-9    
  3995.0       6.6322436E-9   
  4000.0       6.7946426E-9   
  4005.0       6.8590484E-9   
  4010.0       6.9802044E-9   
  4015.0       7.110213E-9    
  4020.0       7.180443E-9    
  4025.0       7.1144792E-9   
  4030.0       7.0555073E-9   
  4035.0       7.091315E-9    
  4040.0       7.1341404E-9   
  4045.0       7.068385E-9    
  4050.0       7.09893E-9     
  4055.0       7.011736E-9    
  4060.0       6.82512E-9     
  4065.0       6.6533827E-9   
  4070.0       6.4807053E-9   
  4075.0       6.24868E-9     
  4080.0       6.033011E-9    
  4085.0       5.702233E-9    
  4090.0       5.1109152E-9   
  4095.0       4.212329E-9    
  4100.0       3.4981176E-9   
  4105.0       3.84183E-9     
  4110.0       4.694108E-9    
  4115.0       5.3568496E-9   
  4120.0       5.805778E-9    
  4125.0       6.0583902E-9   
  4130.0       6.2481553E-9   
  4135.0       6.458673E-9    
  4140.0       6.5948007E-9   
  4145.0       6.634653E-9    
  4150.0       6.6444312E-9   
  4155.0       6.5617543E-9   
  4160.0       6.615415E-9    
  4165.0       6.684989E-9    
  4170.0       6.5984564E-9   
  4175.0       6.484175E-9    
  4180.0       6.4930425E-9   
  4185.0       6.561323E-9    
  4190.0       6.6153687E-9   
  4195.0       6.5523724E-9   
  4200.0       6.4655072E-9   
  4205.0       6.5363235E-9   
  4210.0       6.556527E-9    
  4215.0       6.504291E-9    
  4220.0       6.430127E-9    
  4225.0       6.2935066E-9   
  4230.0       6.3022525E-9   
  4235.0       6.3308208E-9   
  4240.0       6.348622E-9    
  4245.0       6.2700143E-9   
  4250.0       6.2115935E-9   
  4255.0       6.2715357E-9   
  4260.0       6.3317094E-9   
  4265.0       6.36195E-9     
  4270.0       6.245374E-9    
  4275.0       6.217753E-9    
  4280.0       6.3073218E-9   
  4285.0       6.2194405E-9   
  4290.0       6.084399E-9    
  4295.0       5.9571956E-9   
  4300.0       5.7764926E-9   
  4305.0       5.6887695E-9   
  4310.0       5.6072396E-9   
  4315.0       5.495545E-9    
  4320.0       5.3384785E-9   
  4325.0       5.0218563E-9   
  4330.0       4.5205635E-9   
  4335.0       3.7671675E-9   
  4340.0       3.1910956E-9   
  4345.0       3.5329228E-9   
  4350.0       4.1862847E-9   
  4355.0       4.7373754E-9   
  4360.0       5.1998996E-9   
  4365.0       5.462485E-9    
  4370.0       5.5767027E-9   
  4375.0       5.691105E-9    
  4380.0       5.7435017E-9   
  4385.0       5.7112524E-9   
  4390.0       5.8066503E-9   
  4395.0       5.8215517E-9   
  4400.0       5.7901506E-9   
  4405.0       5.794492E-9    
  4410.0       5.8192082E-9   
  4415.0       5.753164E-9    
  4420.0       5.7711347E-9   
  4425.0       5.7973395E-9   
  4430.0       5.8013847E-9   
  4435.0       5.825565E-9    
  4440.0       5.8217373E-9   
  4445.0       5.767823E-9    
  4450.0       5.7774057E-9   
  4455.0       5.7506906E-9   
  4460.0       5.7655285E-9   
  4465.0       5.7279133E-9   
  4470.0       5.702092E-9    
  4475.0       5.6685305E-9   
  4480.0       5.5117133E-9   
  4485.0       5.5153184E-9   
  4490.0       5.5739076E-9   
  4495.0       5.6397105E-9   
  4500.0       5.6415406E-9   
  4505.0       5.688025E-9    
  4510.0       5.720813E-9    
  4515.0       5.662879E-9    
  4520.0       5.5610663E-9   
  4525.0       5.508425E-9    
  4530.0       5.4690688E-9   
  4535.0       5.5244884E-9   
  4540.0       5.5657767E-9   
  4545.0       5.5214E-9      
  4550.0       5.3913225E-9   
  4555.0       5.3904787E-9   
  4560.0       5.4306826E-9   
  4565.0       5.4463416E-9   
  4570.0       5.4545812E-9   
  4575.0       5.434433E-9    
  4580.0       5.3692313E-9   
  4585.0       5.347805E-9    
  4590.0       5.3890195E-9   
  4595.0       5.4063936E-9   
  4600.0       5.427073E-9    
  4605.0       5.4338893E-9   
  4610.0       5.4180194E-9   
  4615.0       5.3690004E-9   
  4620.0       5.3466915E-9   
  4625.0       5.3399964E-9   
  4630.0       5.281016E-9    
  4635.0       5.285431E-9    
  4640.0       5.33387E-9     
  4645.0       5.303373E-9    
  4650.0       5.2687903E-9   
  4655.0       5.2751545E-9   
  4660.0       5.26499E-9     
  4665.0       5.208225E-9    
  4670.0       5.211226E-9    
  4675.0       5.247914E-9    
  4680.0       5.2518807E-9   
  4685.0       5.278042E-9    
  4690.0       5.2303615E-9   
  4695.0       5.1979305E-9   
  4700.0       5.1165245E-9   
  4705.0       5.085642E-9    
  4710.0       5.1084195E-9   
  4715.0       5.080723E-9    
  4720.0       5.0719473E-9   
  4725.0       5.070731E-9    
  4730.0       5.0187254E-9   
  4735.0       4.9691815E-9   
  4740.0       4.9596838E-9   
  4745.0       4.9966173E-9   
  4750.0       5.0074065E-9   
  4755.0       4.973239E-9    
  4760.0       4.9242117E-9   
  4765.0       4.8848223E-9   
  4770.0       4.8833515E-9   
  4775.0       4.895385E-9    
  4780.0       4.8712763E-9   
  4785.0       4.8276996E-9   
  4790.0       4.8059046E-9   
  4795.0       4.798186E-9    
  4800.0       4.7455946E-9   
  4805.0       4.7810866E-9   
  4810.0       4.737898E-9    
  4815.0       4.6705972E-9   
  4820.0       4.619984E-9    
  4825.0       4.545328E-9    
  4830.0       4.504784E-9    
  4835.0       4.4380575E-9   
  4840.0       4.2659973E-9   
  4845.0       3.956757E-9    
  4850.0       3.5253778E-9   
  4855.0       3.0382785E-9   
  4860.0       2.652254E-9    
  4865.0       2.7177423E-9   
  4870.0       3.0772247E-9   
  4875.0       3.48066E-9     
  4880.0       3.847292E-9    
  4885.0       4.115156E-9    
  4890.0       4.2732933E-9   
  4895.0       4.397218E-9    
  4900.0       4.52958E-9     
  4905.0       4.625758E-9    
  4910.0       4.619937E-9    
  4915.0       4.5739834E-9   
  4920.0       4.501029E-9    
  4925.0       4.528973E-9    
  4930.0       4.6072923E-9   
  4935.0       4.6103117E-9   
  4940.0       4.656168E-9    
  4945.0       4.709159E-9    
  4950.0       4.6906408E-9   
  4955.0       4.603977E-9    
  4960.0       4.5468957E-9   
  4965.0       4.589259E-9    
  4970.0       4.6129E-9      
  4975.0       4.622024E-9    
  4980.0       4.5887028E-9   
  4985.0       4.568917E-9    
  4990.0       4.569981E-9    
  4995.0       4.532401E-9    
  5000.0       4.5215662E-9   
  5005.0       4.486047E-9    
  5010.0       4.451198E-9    
  5015.0       4.4125903E-9   
  5020.0       4.365965E-9    
  5025.0       4.4020965E-9   
  5030.0       4.421391E-9    
  5035.0       4.433312E-9    
  5040.0       4.4051496E-9   
  5045.0       4.3804578E-9   
  5050.0       4.3717625E-9   
  5055.0       4.3792174E-9   
  5060.0       4.4366155E-9   
  5065.0       4.459888E-9    
  5070.0       4.4588484E-9   
  5075.0       4.442373E-9    
  5080.0       4.4251856E-9   
  5085.0       4.4043995E-9   
  5090.0       4.3745727E-9   
  5095.0       4.3547943E-9   
  5100.0       4.3486823E-9   
  5105.0       4.343716E-9    
  5110.0       4.338597E-9    
  5115.0       4.3416932E-9   
  5120.0       4.347983E-9    
  5125.0       4.331252E-9    
  5130.0       4.303686E-9    
  5135.0       4.296452E-9    
  5140.0       4.2738826E-9   
  5145.0       4.2823007E-9   
  5150.0       4.289755E-9    
  5155.0       4.273506E-9    
  5160.0       4.212381E-9    
  5165.0       4.1057047E-9   
  5170.0       4.0239527E-9   
  5175.0       4.045747E-9    
  5180.0       4.050593E-9    
  5185.0       4.0333257E-9   
  5190.0       4.0513415E-9   
  5195.0       4.0555213E-9   
  5200.0       4.069496E-9    
  5205.0       4.054318E-9    
  5210.0       4.0701984E-9   
  5215.0       4.095268E-9    
  5220.0       4.08771E-9     
  5225.0       4.0339936E-9   
  5230.0       3.9740713E-9   
  5235.0       3.9853054E-9   
  5240.0       4.0235033E-9   
  5245.0       4.060657E-9    
  5250.0       4.0523664E-9   
  5255.0       4.012081E-9    
  5260.0       3.9514743E-9   
  5265.0       3.8565497E-9   
  5270.0       3.808847E-9    
  5275.0       3.8330707E-9   
  5280.0       3.8916093E-9   
  5285.0       3.9475823E-9   
  5290.0       3.9782972E-9   
  5295.0       3.978143E-9    
  5300.0       3.93793E-9     
  5305.0       3.8979224E-9   
  5310.0       3.8701797E-9   
  5315.0       3.8467074E-9   
  5320.0       3.856139E-9    
  5325.0       3.8589727E-9   
  5330.0       3.8517256E-9   
  5335.0       3.8442534E-9   
  5340.0       3.8321155E-9   
  5345.0       3.854717E-9    
  5350.0       3.845219E-9    
  5355.0       3.836758E-9    
  5360.0       3.80448E-9     
  5365.0       3.7607553E-9   
  5370.0       3.758518E-9    
  5375.0       3.7862105E-9   
  5380.0       3.8042485E-9   
  5385.0       3.7974703E-9   
  5390.0       3.7941414E-9   
  5395.0       3.791291E-9    
  5400.0       3.7710706E-9   
  5405.0       3.754542E-9    
  5410.0       3.7684504E-9   
  5415.0       3.7916292E-9   
  5420.0       3.7856744E-9   
  5425.0       3.7675343E-9   
  5430.0       3.756856E-9    
  5435.0       3.7532435E-9   
  5440.0       3.7299555E-9   
  5445.0       3.6931387E-9   
  5450.0       3.7062249E-9   
  5455.0       3.70957E-9     
  5460.0       3.7102983E-9   
  5465.0       3.6739225E-9   
  5470.0       3.6391945E-9   
  5475.0       3.6369607E-9   
  5480.0       3.6458008E-9   
  5485.0       3.6710235E-9   
  5490.0       3.6778547E-9   
  5495.0       3.6655678E-9   
  5500.0       3.6413905E-9   
  5505.0       3.5989167E-9   
  5510.0       3.5875793E-9   
  5515.0       3.6040926E-9   
  5520.0       3.6209598E-9   
  5525.0       3.6049164E-9   
  5530.0       3.5844054E-9   
  5535.0       3.5423924E-9   
  5540.0       3.5216923E-9   
  5545.0       3.5510508E-9   
  5550.0       3.601827E-9    
  5555.0       3.596255E-9    
  5560.0       3.5713474E-9   
  5565.0       3.5623415E-9   
  5570.0       3.5531906E-9   
  5575.0       3.5347814E-9   
  5580.0       3.5074115E-9   
  5585.0       3.4726058E-9   
  5590.0       3.4463614E-9   
  5595.0       3.438151E-9    
  5600.0       3.4322332E-9   
  5605.0       3.4177805E-9   
  5610.0       3.4089969E-9   
  5615.0       3.3930352E-9   
  5620.0       3.3685812E-9   
  5625.0       3.3808687E-9   
  5630.0       3.3954561E-9   
  5635.0       3.4095742E-9   
  5640.0       3.4195176E-9   
  5645.0       3.4056746E-9   
  5650.0       3.387684E-9    
  5655.0       3.354638E-9    
  5660.0       3.3320242E-9   
  5665.0       3.3327905E-9   
  5670.0       3.3528929E-9   
  5675.0       3.371022E-9    
  5680.0       3.3518093E-9   
  5685.0       3.3328618E-9   
  5690.0       3.31892E-9     
  5695.0       3.303665E-9    
  5700.0       3.2786844E-9   
  5705.0       3.2629366E-9   
  5710.0       3.2575183E-9   
  5715.0       3.2575327E-9   
  5720.0       3.2598895E-9   
  5725.0       3.2761416E-9   
  5730.0       3.2713543E-9   
  5735.0       3.2568093E-9   
  5740.0       3.2441125E-9   
  5745.0       3.2321823E-9   
  5750.0       3.243812E-9    
  5755.0       3.2255787E-9   
  5760.0       3.206073E-9    
  5765.0       3.188974E-9    
  5770.0       3.1626968E-9   
  5775.0       3.1445464E-9   
  5780.0       3.158074E-9    
  5785.0       3.1694285E-9   
  5790.0       3.1612815E-9   
  5795.0       3.1355045E-9   
  5800.0       3.1440497E-9   
  5805.0       3.159513E-9    
  5810.0       3.1537364E-9   
  5815.0       3.1539227E-9   
  5820.0       3.1722718E-9   
  5825.0       3.1901715E-9   
  5830.0       3.1786678E-9   
  5835.0       3.1643823E-9   
  5840.0       3.14141E-9     
  5845.0       3.1178857E-9   
  5850.0       3.1216667E-9   
  5855.0       3.12317E-9     
  5860.0       3.1202643E-9   
  5865.0       3.0990743E-9   
  5870.0       3.0906464E-9   
  5875.0       3.0435863E-9   
  5880.0       2.9954161E-9   
  5885.0       2.951562E-9    
  5890.0       2.9101483E-9   
  5895.0       2.9190423E-9   
  5900.0       2.955938E-9    
  5905.0       2.9604144E-9   
  5910.0       2.9595968E-9   
  5915.0       2.9484826E-9   
  5920.0       2.9425276E-9   
  5925.0       2.9438478E-9   
  5930.0       2.9550273E-9   
  5935.0       2.9644247E-9   
  5940.0       2.938158E-9    
  5945.0       2.9088236E-9   
  5950.0       2.896448E-9    
  5955.0       2.9002227E-9   
  5960.0       2.9070923E-9   
  5965.0       2.9102836E-9   
  5970.0       2.8947211E-9   
  5975.0       2.8952558E-9   
  5980.0       2.894904E-9    
  5985.0       2.8704132E-9   
  5990.0       2.8641962E-9   
  5995.0       2.8646352E-9   
  6000.0       2.8546432E-9   
  6005.0       2.8312588E-9   
  6010.0       2.812626E-9    
  6015.0       2.7978044E-9   
  6020.0       2.8015876E-9   
  6025.0       2.820572E-9    
  6030.0       2.8099438E-9   
  6035.0       2.8007816E-9   
  6040.0       2.8047455E-9   
  6045.0       2.7965588E-9   
  6050.0       2.7928067E-9   
  6055.0       2.7916958E-9   
  6060.0       2.7971512E-9   
  6065.0       2.7890104E-9   
  6070.0       2.7789304E-9   
  6075.0       2.7565945E-9   
  6080.0       2.743092E-9    
  6085.0       2.738256E-9    
  6090.0       2.7280322E-9   
  6095.0       2.723031E-9    
  6100.0       2.7102054E-9   
  6105.0       2.7082585E-9   
  6110.0       2.7239224E-9   
  6115.0       2.720208E-9    
  6120.0       2.6926485E-9   
  6125.0       2.6677298E-9   
  6130.0       2.656327E-9    
  6135.0       2.640415E-9    
  6140.0       2.622792E-9    
  6145.0       2.6240607E-9   
  6150.0       2.6358962E-9   
  6155.0       2.632575E-9    
  6160.0       2.6240894E-9   
  6165.0       2.6271638E-9   
  6170.0       2.615102E-9    
  6175.0       2.6247484E-9   
  6180.0       2.6403484E-9   
  6185.0       2.6283682E-9   
  6190.0       2.6206584E-9   
  6195.0       2.6201628E-9   
  6200.0       2.6252125E-9   
  6205.0       2.6237534E-9   
  6210.0       2.6183817E-9   
  6215.0       2.606492E-9    
  6220.0       2.601173E-9    
  6225.0       2.5921025E-9   
  6230.0       2.5650615E-9   
  6235.0       2.5501017E-9   
  6240.0       2.5431153E-9   
  6245.0       2.5415723E-9   
  6250.0       2.5491875E-9   
  6255.0       2.5642848E-9   
  6260.0       2.5557472E-9   
  6265.0       2.5328164E-9   
  6270.0       2.5246905E-9   
  6275.0       2.4959905E-9   
  6280.0       2.4620894E-9   
  6285.0       2.4770013E-9   
  6290.0       2.4901117E-9   
  6295.0       2.4962257E-9   
  6300.0       2.489534E-9    
  6305.0       2.4878648E-9   
  6310.0       2.4897944E-9   
  6315.0       2.4774238E-9   
  6320.0       2.4781692E-9   
  6325.0       2.48135E-9     
  6330.0       2.47795E-9     
  6335.0       2.4736728E-9   
  6340.0       2.4650266E-9   
  6345.0       2.453475E-9    
  6350.0       2.4554156E-9   
  6355.0       2.4720452E-9   
  6360.0       2.4671023E-9   
  6365.0       2.446888E-9    
  6370.0       2.4241829E-9   
  6375.0       2.4173876E-9   
  6380.0       2.4118714E-9   
  6385.0       2.4147937E-9   
  6390.0       2.4213669E-9   
  6395.0       2.43008E-9     
  6400.0       2.4296474E-9   
  6405.0       2.4229374E-9   
  6410.0       2.402356E-9    
  6415.0       2.375002E-9    
  6420.0       2.3626185E-9   
  6425.0       2.365297E-9    
  6430.0       2.3618278E-9   
  6435.0       2.3626272E-9   
  6440.0       2.3658264E-9   
  6445.0       2.3694817E-9   
  6450.0       2.350653E-9    
  6455.0       2.3202664E-9   
  6460.0       2.3136661E-9   
  6465.0       2.3130664E-9   
  6470.0       2.3177216E-9   
  6475.0       2.3161357E-9   
  6480.0       2.3124775E-9   
  6485.0       2.2982838E-9   
  6490.0       2.2722144E-9   
  6495.0       2.2394477E-9   
  6500.0       2.2549875E-9   
  6505.0       2.2710813E-9   
  6510.0       2.2601114E-9   
  6515.0       2.2347215E-9   
  6520.0       2.2282205E-9   
  6525.0       2.2217257E-9   
  6530.0       2.1912032E-9   
  6535.0       2.152941E-9    
  6540.0       2.106957E-9    
  6545.0       2.0232114E-9   
  6550.0       1.8971307E-9   
  6555.0       1.7212869E-9   
  6560.0       1.5234397E-9   
  6565.0       1.5136754E-9   
  6570.0       1.6934875E-9   
  6575.0       1.853986E-9    
  6580.0       1.9709763E-9   
  6585.0       2.047728E-9    
  6590.0       2.0987898E-9   
  6595.0       2.139547E-9    
  6600.0       2.168371E-9    
  6605.0       2.179897E-9    
  6610.0       2.1858693E-9   
  6615.0       2.1942372E-9   
  6620.0       2.204963E-9    
  6625.0       2.2038877E-9   
  6630.0       2.2022737E-9   
  6635.0       2.1956368E-9   
  6640.0       2.1905378E-9   
  6645.0       2.1899524E-9   
  6650.0       2.1874305E-9   
  6655.0       2.1789728E-9   
  6660.0       2.1738962E-9   
  6665.0       2.1688487E-9   
  6670.0       2.162349E-9    
  6675.0       2.153309E-9    
  6680.0       2.1504518E-9   
  6685.0       2.1571787E-9   
  6690.0       2.1617632E-9   
  6695.0       2.1605693E-9   
  6700.0       2.1600657E-9   
  6705.0       2.1598632E-9   
  6710.0       2.1592665E-9   
  6715.0       2.1455158E-9   
  6720.0       2.1346382E-9   
  6725.0       2.1244226E-9   
  6730.0       2.1181426E-9   
  6735.0       2.1256519E-9   
  6740.0       2.1307434E-9   
  6745.0       2.12591E-9     
  6750.0       2.1173168E-9   
  6755.0       2.105325E-9    
  6760.0       2.1017472E-9   
  6765.0       2.101448E-9    
  6770.0       2.0963113E-9   
  6775.0       2.1012068E-9   
  6780.0       2.1041386E-9   
  6785.0       2.095522E-9    
  6790.0       2.095322E-9    
  6795.0       2.099005E-9    
  6800.0       2.1040785E-9   
  6805.0       2.10695E-9     
  6810.0       2.1073094E-9   
  6815.0       2.1056514E-9   
  6820.0       2.09287E-9     
  6825.0       2.076495E-9    
  6830.0       2.0594988E-9   
  6835.0       2.0545645E-9   
  6840.0       2.0719337E-9   
  6845.0       2.079608E-9    
  6850.0       2.0795703E-9   
  6855.0       2.069055E-9    
  6860.0       2.0505135E-9   
  6865.0       2.0329152E-9   
  6870.0       2.025201E-9    
  6875.0       2.029487E-9    
  6880.0       2.0396567E-9   
  6885.0       2.0455289E-9   
  6890.0       2.0395001E-9   
  6895.0       2.0212672E-9   
  6900.0       1.9973947E-9   
  6905.0       1.9768633E-9   
  6910.0       1.966228E-9    
  6915.0       1.9670703E-9   
  6920.0       1.976445E-9    
  6925.0       1.9892004E-9   
  6930.0       2.0006339E-9   
  6935.0       2.008246E-9    
  6940.0       2.0120061E-9   
  6945.0       2.0129796E-9   
  6950.0       2.011558E-9    
  6955.0       2.0067221E-9   
  6960.0       1.9973079E-9   
  6965.0       1.9846655E-9   
  6970.0       1.9719852E-9   
  6975.0       1.9585447E-9   
  6980.0       1.9512387E-9   
  6985.0       1.9497048E-9   
  6990.0       1.9441928E-9   
  6995.0       1.9348851E-9   
  7000.0       1.9147164E-9   
  7005.0       1.8947064E-9   
  7010.0       1.8936206E-9   
  7015.0       1.8975033E-9   
  7020.0       1.9043467E-9   
  7025.0       1.9034794E-9   
  7030.0       1.8993218E-9   
  7035.0       1.8950077E-9   
  7040.0       1.894038E-9    
  7045.0       1.9006678E-9   
  7050.0       1.909612E-9    
  7055.0       1.9094335E-9   
  7060.0       1.9018058E-9   
  7065.0       1.8917528E-9   
  7070.0       1.8947894E-9   
  7075.0       1.8940416E-9   
  7080.0       1.885532E-9    
  7085.0       1.8815876E-9   
  7090.0       1.864632E-9    
  7095.0       1.8523416E-9   
  7100.0       1.8449099E-9   
  7105.0       1.8436577E-9   
  7110.0       1.842919E-9    
  7115.0       1.8503531E-9   
  7120.0       1.851211E-9    
  7125.0       1.8469141E-9   
  7130.0       1.845753E-9    
  7135.0       1.8461132E-9   
  7140.0       1.8548619E-9   
  7145.0       1.8634818E-9   
  7150.0       1.8743602E-9   
  7155.0       1.8821864E-9   
  7160.0       1.870331E-9    
  7165.0       1.8420218E-9   
  7170.0       1.8144508E-9   
  7175.0       1.7843855E-9   
  7180.0       1.7569955E-9   
  7185.0       1.7222207E-9   
  7190.0       1.7133232E-9   
  7195.0       1.7144941E-9   
  7200.0       1.705695E-9    
  7205.0       1.7137497E-9   
  7210.0       1.7499348E-9   
  7215.0       1.778417E-9    
  7220.0       1.7867097E-9   
  7225.0       1.7827225E-9   
  7230.0       1.7747871E-9   
  7235.0       1.7457745E-9   
  7240.0       1.7286177E-9   
  7245.0       1.7201768E-9   
  7250.0       1.7137062E-9   
  7255.0       1.7123893E-9   
  7260.0       1.7220456E-9   
  7265.0       1.7226481E-9   
  7270.0       1.7195888E-9   
  7275.0       1.703699E-9    
  7280.0       1.7134194E-9   
  7285.0       1.7229492E-9   
  7290.0       1.7159131E-9   
  7295.0       1.7246943E-9   
  7300.0       1.7276366E-9   
  7305.0       1.7104825E-9   
  7310.0       1.6965965E-9   
  7315.0       1.7010295E-9   
  7320.0       1.7053811E-9   
  7325.0       1.7194607E-9   
  7330.0       1.7185449E-9   
  7335.0       1.7130937E-9   
  7340.0       1.7072479E-9   
  7345.0       1.6931215E-9   
  7350.0       1.6896924E-9   
  7355.0       1.6969376E-9   
  7360.0       1.6994387E-9   
  7365.0       1.6942866E-9   
  7370.0       1.688461E-9    
  7375.0       1.6803385E-9   
  7380.0       1.6758133E-9   
  7385.0       1.664959E-9    
  7390.0       1.6565276E-9   
  7395.0       1.647166E-9    
  7400.0       1.6406376E-9   
  7405.0       1.6270139E-9   
  7410.0       1.613352E-9    
  7415.0       1.621706E-9    
  7420.0       1.642023E-9    
  7425.0       1.684687E-9    
  7430.0       1.6974154E-9   
  7435.0       1.6900954E-9   
  7440.0       1.6674706E-9   
  7445.0       1.6452513E-9   
  7450.0       1.6408409E-9   
  7455.0       1.648159E-9    
  7460.0       1.6526296E-9   
  7465.0       1.6600122E-9   
  7470.0       1.6705105E-9   
  7475.0       1.6726804E-9   
  7480.0       1.6721219E-9   
  7485.0       1.6643327E-9   
  7490.0       1.6494256E-9   
  7495.0       1.63269E-9     
  7500.0       1.6238214E-9   
  7505.0       1.6195734E-9   
  7510.0       1.6099909E-9   
  7515.0       1.606068E-9    
  7520.0       1.6028087E-9   
  7525.0       1.5943402E-9   
  7530.0       1.5809088E-9   
  7535.0       1.5680897E-9   
  7540.0       1.5658873E-9   
  7545.0       1.5723445E-9   
  7550.0       1.5867547E-9   
  7555.0       1.5870245E-9   
  7560.0       1.5846647E-9   
  7565.0       1.582313E-9    
  7570.0       1.5799546E-9   
  7575.0       1.5775979E-9   
  7580.0       1.5752448E-9   
  7585.0       1.5728899E-9   
  7590.0       1.5705339E-9   
  7595.0       1.5681789E-9   
  7600.0       1.5658251E-9   
  7605.0       1.5634686E-9   
  7610.0       1.5611155E-9   
  7615.0       1.5587577E-9   
  7620.0       1.5564017E-9   
  7625.0       1.5540482E-9   
  7630.0       1.5516887E-9   
  7635.0       1.5493371E-9   
  7640.0       1.5469807E-9   
  7645.0       1.5446249E-9   
  7650.0       1.5422712E-9   
  7655.0       1.539914E-9    
  7660.0       1.5375596E-9   
  7665.0       1.5352025E-9   
  7670.0       1.5328506E-9   
  7675.0       1.5304917E-9   
  7680.0       1.5281406E-9   
  7685.0       1.5257835E-9   
  7690.0       1.5234312E-9   
  7695.0       1.521071E-9    
  7700.0       1.5187177E-9   
  7705.0       1.5163608E-9   
  7710.0       1.5140075E-9   
  7715.0       1.5116489E-9   
  7720.0       1.5092971E-9   
  7725.0       1.5069391E-9   
  7730.0       1.5044523E-9   
  7735.0       1.5026884E-9   
  7740.0       1.5102568E-9   
  7745.0       1.5214515E-9   
  7750.0       1.53004E-9     
  7755.0       1.5273014E-9   
  7760.0       1.5025392E-9   
  7765.0       1.4643388E-9   
  7770.0       1.4139725E-9   
  7775.0       1.386227E-9    
  7780.0       1.4082273E-9   
  7785.0       1.4344685E-9   
  7790.0       1.4614095E-9   
  7795.0       1.4788136E-9   
  7800.0       1.4820082E-9   
  7805.0       1.4676611E-9   
  7810.0       1.4505371E-9   
  7815.0       1.4377994E-9   
  7820.0       1.4350932E-9   
  7825.0       1.4368795E-9   
  7830.0       1.4320775E-9   
  7835.0       1.4273283E-9   
  7840.0       1.4250454E-9   
  7845.0       1.427598E-9    
  7850.0       1.4388046E-9   
  7855.0       1.4529168E-9   
  7860.0       1.4624851E-9   
  7865.0       1.4560576E-9   
  7870.0       1.4379178E-9   
  7875.0       1.419131E-9    
  7880.0       1.4112005E-9   
  7885.0       1.415658E-9    
  7890.0       1.4134675E-9   
  7895.0       1.4020639E-9   
  7900.0       1.3859146E-9   
  7905.0       1.3731237E-9   
  7910.0       1.3634152E-9   
  7915.0       1.3622067E-9   
  7920.0       1.3762436E-9   
  7925.0       1.3935012E-9   
  7930.0       1.401225E-9    
  7935.0       1.4042842E-9   
  7940.0       1.4044573E-9   
  7945.0       1.3951936E-9   
  7950.0       1.3894262E-9   
  7955.0       1.3804454E-9   
  7960.0       1.3694766E-9   
  7965.0       1.3717235E-9   
  7970.0       1.3780194E-9   
  7975.0       1.386129E-9    
  7980.0       1.3879751E-9   
  7985.0       1.3817121E-9   
  7990.0       1.3698299E-9   
  7995.0       1.3535191E-9   
  8000.0       1.3433473E-9   
  8005.0       1.3454731E-9   
  8010.0       1.3569529E-9   
  8015.0       1.3592566E-9   
  8020.0       1.3562449E-9   
  8025.0       1.3526762E-9   
  8030.0       1.3491509E-9   
  8035.0       1.347168E-9    
  8040.0       1.3451381E-9   
  8045.0       1.3394749E-9   
  8050.0       1.3385438E-9   
  8055.0       1.3386519E-9   
  8060.0       1.3355156E-9   
  8065.0       1.3338293E-9   
  8070.0       1.3264075E-9   
  8075.0       1.3199852E-9   
  8080.0       1.3151493E-9   
  8085.0       1.3107305E-9   
  8090.0       1.3090172E-9   
  8095.0       1.3095762E-9   
  8100.0       1.3074545E-9   
  8105.0       1.3066696E-9   
  8110.0       1.3042311E-9   
  8115.0       1.3030775E-9   
  8120.0       1.302252E-9    
  8125.0       1.3054836E-9   
  8130.0       1.306456E-9    
  8135.0       1.3021385E-9   
  8140.0       1.2985188E-9   
  8145.0       1.2893355E-9   
  8150.0       1.2805961E-9   
  8155.0       1.2666901E-9   
  8160.0       1.2536739E-9   
  8165.0       1.2425375E-9   
  8170.0       1.2431619E-9   
  8175.0       1.239331E-9    
  8180.0       1.228311E-9    
  8185.0       1.2313252E-9   
  8190.0       1.2302881E-9   
  8195.0       1.2273973E-9   
  8200.0       1.232973E-9    
  8205.0       1.2422975E-9   
  8210.0       1.2457194E-9   
  8215.0       1.2376635E-9   
  8220.0       1.2303525E-9   
  8225.0       1.2132554E-9   
  8230.0       1.1967959E-9   
  8235.0       1.2110846E-9   
  8240.0       1.2259365E-9   
  8245.0       1.2269511E-9   
  8250.0       1.2263527E-9   
  8255.0       1.223386E-9    
  8260.0       1.2220146E-9   
  8265.0       1.2220651E-9   
  8270.0       1.2188481E-9   
  8275.0       1.2079153E-9   
  8280.0       1.2047655E-9   
  8285.0       1.2026458E-9   
  8290.0       1.199821E-9    
  8295.0       1.1994428E-9   
  8300.0       1.1989416E-9   
  8305.0       1.2001107E-9   
  8310.0       1.1999897E-9   
  8315.0       1.1956527E-9   
  8320.0       1.1907052E-9   
  8325.0       1.1874408E-9   
  8330.0       1.1812558E-9   
  8335.0       1.1746732E-9   
  8340.0       1.1780377E-9   
  8345.0       1.1808596E-9   
  8350.0       1.1834163E-9   
  8355.0       1.1837096E-9   
  8360.0       1.1817397E-9   
  8365.0       1.1807322E-9   
  8370.0       1.1811245E-9   
  8375.0       1.1805366E-9   
  8380.0       1.1811222E-9   
  8385.0       1.1826565E-9   
  8390.0       1.1885609E-9   
  8395.0       1.1973745E-9   
  8400.0       1.1986815E-9   
  8405.0       1.1937629E-9   
  8410.0       1.1851079E-9   
  8415.0       1.1769238E-9   
  8420.0       1.1693262E-9   
  8425.0       1.1663935E-9   
  8430.0       1.1616751E-9   
  8435.0       1.1551898E-9   
  8440.0       1.1491327E-9   
  8445.0       1.141231E-9    
  8450.0       1.1383201E-9   
  8455.0       1.1414792E-9   
  8460.0       1.1371415E-9   
  8465.0       1.1337608E-9   
  8470.0       1.1347848E-9   
  8475.0       1.1482274E-9   
  8480.0       1.1586729E-9   
  8485.0       1.1617708E-9   
  8490.0       1.1564057E-9   
  8495.0       1.1325376E-9   
  8500.0       1.1143128E-9   
  8505.0       1.1217762E-9   
  8510.0       1.131515E-9    
  8515.0       1.1362103E-9   
  8520.0       1.1408567E-9   
  8525.0       1.1389679E-9   
  8530.0       1.1334496E-9   
  8535.0       1.1198387E-9   
  8540.0       1.0878156E-9   
  8545.0       1.0825854E-9   
  8550.0       1.113475E-9    
  8555.0       1.1321285E-9   
  8560.0       1.1453204E-9   
  8565.0       1.1533426E-9   
  8570.0       1.1557637E-9   
  8575.0       1.1598689E-9   
  8580.0       1.1538873E-9   
  8585.0       1.1360682E-9   
  8590.0       1.1160912E-9   
  8595.0       1.0920442E-9   
  8600.0       1.0841145E-9   
  8605.0       1.0989315E-9   
  8610.0       1.1159209E-9   
  8615.0       1.1328569E-9   
  8620.0       1.1475899E-9   
  8625.0       1.1613656E-9   
  8630.0       1.1698391E-9   
  8635.0       1.174662E-9    
  8640.0       1.1660156E-9   
  8645.0       1.1471416E-9   
  8650.0       1.118756E-9    
  8655.0       1.0797053E-9   
  8660.0       1.0342465E-9   
  8665.0       1.0124411E-9   
  8670.0       1.0394753E-9   
  8675.0       1.0749207E-9   
  8680.0       1.101175E-9    
  8685.0       1.1235198E-9   
  8690.0       1.1434887E-9   
  8695.0       1.1621614E-9   
  8700.0       1.1767466E-9   
  8705.0       1.187391E-9    
  8710.0       1.1870214E-9   
  8715.0       1.1828292E-9   
  8720.0       1.1732705E-9   
  8725.0       1.1551773E-9   
  8730.0       1.131667E-9    
  8735.0       1.106531E-9    
  8740.0       1.0710534E-9   
  8745.0       1.0332862E-9   
  8750.0       1.0072825E-9   
  8755.0       1.0171819E-9   
  8760.0       1.0452458E-9   
  8765.0       1.0798515E-9   
  8770.0       1.1089618E-9   
  8775.0       1.1340794E-9   
  8780.0       1.1488902E-9   
  8785.0       1.1512118E-9   
  8790.0       1.1440627E-9   
  8795.0       1.1364721E-9   
  8800.0       1.13342E-9     
  8805.0       1.1271218E-9   
  8810.0       1.1242678E-9   
  8815.0       1.1279433E-9   
  8820.0       1.1234006E-9   
  8825.0       1.1091317E-9   
  8830.0       1.0928675E-9   
  8835.0       1.0752422E-9   
  8840.0       1.0562733E-9   
  8845.0       1.0348895E-9   
  8850.0       1.0132478E-9   
  8855.0       9.854667E-10   
  8860.0       9.53261E-10    
  8865.0       9.435529E-10   
  8870.0       9.627328E-10   
  8875.0       9.853017E-10   
  8880.0       1.0053564E-9   
  8885.0       1.0288258E-9   
  8890.0       1.0556526E-9   
  8895.0       1.0769414E-9   
  8900.0       1.0911427E-9   
  8905.0       1.1014831E-9   
  8910.0       1.1014418E-9   
  8915.0       1.1016723E-9   
  8920.0       1.1039095E-9   
  8925.0       1.104917E-9    
  8930.0       1.1080232E-9   
  8935.0       1.1139633E-9   
  8940.0       1.1203836E-9   
  8945.0       1.1175736E-9   
  8950.0       1.1071843E-9   
  8955.0       1.1055987E-9   
  8960.0       1.1089161E-9   
  8965.0       1.0984967E-9   
  8970.0       1.0900673E-9   
  8975.0       1.0825557E-9   
  8980.0       1.0670295E-9   
  8985.0       1.041597E-9    
  8990.0       1.0065371E-9   
  8995.0       9.883785E-10   
  9000.0       9.61837E-10    
  9005.0       9.2803576E-10  
  9010.0       8.9611585E-10  
  9015.0       8.739434E-10   
  9020.0       8.93512E-10    
  9025.0       9.36099E-10    
  9030.0       9.829855E-10   
  9035.0       1.0237605E-9   
  9040.0       1.0470507E-9   
  9045.0       1.061767E-9    
  9050.0       1.0658355E-9   
  9055.0       1.0613116E-9   
  9060.0       1.0489766E-9   
  9065.0       1.0397849E-9   
  9070.0       1.0361866E-9   
  9075.0       1.0338929E-9   
  9080.0       1.0323302E-9   
  9085.0       1.0394893E-9   
  9090.0       1.0321171E-9   
  9095.0       1.0407497E-9   
  9100.0       1.0495035E-9   
  9105.0       1.0555553E-9   
  9110.0       1.0563892E-9   
  9115.0       1.0607778E-9   
  9120.0       1.0612918E-9   
  9125.0       1.0680816E-9   
  9130.0       1.0606844E-9   
  9135.0       1.0524186E-9   
  9140.0       1.0561757E-9   
  9145.0       1.0589385E-9   
  9150.0       1.0461563E-9   
  9155.0       1.0290132E-9   
  9160.0       1.0261854E-9   
  9165.0       1.0324468E-9   
  9170.0       1.0301162E-9   
  9175.0       1.0184832E-9   
  9180.0       1.023785E-9    
  9185.0       1.0236336E-9   
  9190.0       1.0178296E-9   
  9195.0       1.0061988E-9   
  9200.0       9.922045E-10   
  9205.0       9.683488E-10   
  9210.0       9.388187E-10   
  9215.0       9.0407504E-10  
  9220.0       8.707565E-10   
  9225.0       8.354746E-10   
  9230.0       8.1691004E-10  
  9235.0       8.345383E-10   
  9240.0       8.662429E-10   
  9245.0       8.9239116E-10  
  9250.0       9.2055563E-10  
  9255.0       9.448791E-10   
  9260.0       9.661248E-10   
  9265.0       9.934168E-10   
  9270.0       1.0153969E-9   
  9275.0       1.0327715E-9   
  9280.0       1.0388949E-9   
  9285.0       1.0514776E-9   
  9290.0       1.0535516E-9   
  9295.0       1.0493405E-9   
  9300.0       1.0364475E-9   
  9305.0       1.0289707E-9   
  9310.0       1.0224124E-9   
  9315.0       1.0006558E-9   
  9320.0       9.892817E-10   
  9325.0       9.937738E-10   
  9330.0       1.007894E-9    
  9335.0       1.0041501E-9   
  9340.0       9.841878E-10   
  9345.0       9.656582E-10   
  9350.0       9.875294E-10   
  9355.0       9.671489E-10   
  9360.0       9.612349E-10   
  9365.0       9.823168E-10   
  9370.0       9.680218E-10   
  9375.0       9.837052E-10   
  9380.0       9.932218E-10   
  9385.0       1.0164038E-9   
  9390.0       1.0434928E-9   
  9395.0       1.0718614E-9   
  9400.0       1.0540454E-9   
  9405.0       1.0240172E-9   
  9410.0       9.92849E-10    
  9415.0       9.818314E-10   
  9420.0       9.632634E-10   
  9425.0       9.456794E-10   
  9430.0       9.2773667E-10  
  9435.0       9.49212E-10    
  9440.0       9.308397E-10   
  9445.0       9.353809E-10   
  9450.0       9.59336E-10    
  9455.0       9.501964E-10   
  9460.0       9.352883E-10   
  9465.0       9.594858E-10   
  9470.0       9.78395E-10    
  9475.0       9.709076E-10   
  9480.0       9.57482E-10    
  9485.0       9.575388E-10   
  9490.0       9.631937E-10   
  9495.0       9.200827E-10   
  9500.0       8.944937E-10   
  9505.0       9.15595E-10    
  9510.0       9.391016E-10   
  9515.0       9.1138663E-10  
  9520.0       8.7527907E-10  
  9525.0       8.565756E-10   
  9530.0       8.38199E-10    
  9535.0       8.220746E-10   
  9540.0       7.8166507E-10  
  9545.0       7.42697E-10    
  9550.0       7.637754E-10   
  9555.0       7.9765866E-10  
  9560.0       8.222716E-10   
  9565.0       8.334303E-10   
  9570.0       8.592337E-10   
  9575.0       8.862695E-10   
  9580.0       8.807121E-10   
  9585.0       8.829638E-10   
  9590.0       8.7713414E-10  
  9595.0       8.782674E-10   
  9600.0       8.862992E-10   
  9605.0       8.893055E-10   
  9610.0       8.899642E-10   
  9615.0       8.906869E-10   
  9620.0       8.810977E-10   
  9625.0       8.897151E-10   
  9630.0       8.812778E-10   
  9635.0       8.7908225E-10  
  9640.0       8.765603E-10   
  9645.0       8.779871E-10   
  9650.0       8.8457575E-10  
  9655.0       8.877145E-10   
  9660.0       8.8436064E-10  
  9665.0       8.8163743E-10  
  9670.0       8.9539914E-10  
  9675.0       9.092919E-10   
  9680.0       9.045006E-10   
  9685.0       9.0278174E-10  
  9690.0       8.968745E-10   
  9695.0       8.911881E-10   
  9700.0       8.786049E-10   
  9705.0       8.7288515E-10  
  9710.0       8.87645E-10    
  9715.0       8.795749E-10   
  9720.0       8.756305E-10   
  9725.0       8.769878E-10   
  9730.0       8.788055E-10   
  9735.0       8.7751617E-10  
  9740.0       8.700401E-10   
  9745.0       8.680862E-10   
  9750.0       8.611031E-10   
  9755.0       8.560148E-10   
  9760.0       8.564047E-10   
  9765.0       8.5419427E-10  
  9770.0       8.6260166E-10  
  9775.0       8.61913E-10    
  9780.0       8.6415985E-10  
  9785.0       8.5584584E-10  
  9790.0       8.420706E-10   
  9795.0       8.4388213E-10  
  9800.0       8.4712265E-10  
  9805.0       8.421855E-10   
  9810.0       8.437105E-10   
  9815.0       8.543268E-10   
  9820.0       8.5310425E-10  
  9825.0       8.542078E-10   
  9830.0       8.5812196E-10  
  9835.0       8.553321E-10   
  9840.0       8.6252616E-10  
  9845.0       8.633414E-10   
  9850.0       8.5965357E-10  
  9855.0       8.539304E-10   
  9860.0       8.52854E-10    
  9865.0       8.520124E-10   
  9870.0       8.3696483E-10  
  9875.0       8.149887E-10   
  9880.0       8.1187823E-10  
  9885.0       8.102411E-10   
  9890.0       8.184286E-10   
  9895.0       8.1542967E-10  
  9900.0       8.156591E-10   
  9905.0       8.2413093E-10  
  9910.0       8.326109E-10   
  9915.0       8.367289E-10   
  9920.0       8.222206E-10   
  9925.0       8.2300766E-10  
  9930.0       8.159106E-10   
  9935.0       8.1402696E-10  
  9940.0       8.1735585E-10  
  9945.0       8.093511E-10   
  9950.0       8.095256E-10   
  9955.0       8.3465057E-10  
  9960.0       8.129409E-10   
  9965.0       8.1204243E-10  
  9970.0       7.973881E-10   
  9975.0       7.927701E-10   
  9980.0       7.890388E-10   
  9985.0       7.917604E-10   
  9990.0       7.9980483E-10  
  9995.0       7.938078E-10   
  10000.0      7.860963E-10   
  10005.0      7.744803E-10   
  10010.0      7.641003E-10   
  10015.0      7.5419254E-10  
  10020.0      7.4994694E-10  
  10025.0      7.306395E-10   
  10030.0      7.1139694E-10  
  10035.0      6.9029704E-10  
  10040.0      6.705411E-10   
  10045.0      6.553468E-10   
  10050.0      6.4727296E-10  
  10055.0      6.503335E-10   
  10060.0      6.712598E-10   
  10065.0      6.871695E-10   
  10070.0      6.943467E-10   
  10075.0      7.1890555E-10  
  10080.0      7.4137385E-10  
  10085.0      7.5759937E-10  
  10090.0      7.606444E-10   
  10095.0      7.673173E-10   
  10100.0      7.8542206E-10  
  10105.0      7.8411727E-10  
  10110.0      7.770747E-10   
  10115.0      7.695802E-10   
  10120.0      7.639165E-10   
  10125.0      7.6170287E-10  
  10130.0      7.62837E-10    
  10135.0      7.665483E-10   
  10140.0      7.719782E-10   
  10145.0      7.7804596E-10  
  10150.0      7.8308793E-10  
  10155.0      7.852064E-10   
  10160.0      7.8261914E-10  
  10165.0      7.747944E-10   
  10170.0      7.6448886E-10  
  10175.0      7.557143E-10   
  10180.0      7.524238E-10   
  10185.0      7.5670636E-10  
  10190.0      7.658104E-10   
  10195.0      7.751176E-10   
  10200.0      7.7998497E-10  
  10205.0      7.7736906E-10  
  10210.0      7.683681E-10   
  10215.0      7.556845E-10   
  10220.0      7.4213924E-10  
  10225.0      7.302383E-10   
  10230.0      7.2164696E-10  
  10235.0      7.1770956E-10  
  10240.0      7.1962075E-10  
  10245.0      7.273965E-10   
  10250.0      7.379811E-10   
  10255.0      7.471421E-10   
  10260.0      7.5072115E-10  
  10265.0      7.464037E-10   
  10270.0      7.367127E-10   
  10275.0      7.2602163E-10  
  10280.0      7.1872847E-10  
  10285.0      7.176501E-10   
  10290.0      7.214866E-10   
  10295.0      7.2734435E-10  
  10300.0      7.322843E-10   
  10305.0      7.3435397E-10  
  10310.0      7.3419815E-10  
  10315.0      7.334564E-10   
  10320.0      7.337982E-10   
  10325.0      7.3625783E-10  
  10330.0      7.401866E-10   
  10335.0      7.4429174E-10  
  10340.0      7.472504E-10   
  10345.0      7.481404E-10   
  10350.0      7.4705386E-10  
  10355.0      7.4447776E-10  
  10360.0      7.409379E-10   
  10365.0      7.369663E-10   
  10370.0      7.3311257E-10  
  10375.0      7.2993583E-10  
  10380.0      7.2795564E-10  
  10385.0      7.273764E-10   
  10390.0      7.275644E-10   
  10395.0      7.275655E-10   
  10400.0      7.264236E-10   
  10405.0      7.235231E-10   
  10410.0      7.191316E-10   
  10415.0      7.138556E-10   
  10420.0      7.083297E-10   
  10425.0      7.031613E-10   
  10430.0      6.988808E-10   
  10435.0      6.959918E-10   
  10440.0      6.9496653E-10  
  10445.0      6.9598144E-10  
  10450.0      6.9846523E-10  
  10455.0      7.015532E-10   
  10460.0      7.0436346E-10  
  10465.0      7.061021E-10   
  10470.0      7.0620954E-10  
  10475.0      7.042209E-10   
  10480.0      6.997217E-10   
  10485.0      6.9281875E-10  
  10490.0      6.849249E-10   
  10495.0      6.7796996E-10  
  10500.0      6.7385314E-10  
  10505.0      6.736978E-10   
  10510.0      6.766319E-10   
  10515.0      6.810074E-10   
  10520.0      6.8514766E-10  
  10525.0      6.879463E-10   
  10530.0      6.8973494E-10  
  10535.0      6.9140677E-10  
  10540.0      6.9384287E-10  
  10545.0      6.973603E-10   
  10550.0      7.0077655E-10  
  10555.0      7.023314E-10   
  10560.0      7.003221E-10   
  10565.0      6.941445E-10   
  10570.0      6.8607575E-10  
  10575.0      6.79482E-10    
  10580.0      6.777005E-10   
  10585.0      6.8250633E-10  
  10590.0      6.9165096E-10  
  10595.0      7.013285E-10   
  10600.0      7.0770306E-10  
  10605.0      7.081451E-10   
  10610.0      7.0317074E-10  
  10615.0      6.945078E-10   
  10620.0      5.143007E-10   
