# WAVELENGTH   FLUX           
  1150.0       0.0            
  1155.0       0.0            
  1160.0       0.0            
  1165.0       0.0            
  1170.0       0.0            
  1175.0       0.0            
  1180.0       0.0            
  1185.0       0.0            
  1190.0       0.0            
  1195.0       0.0            
  1200.0       0.0            
  1205.0       0.0            
  1210.0       0.0            
  1215.0       0.0            
  1220.0       0.0            
  1225.0       0.0            
  1230.0       0.0            
  1235.0       0.0            
  1240.0       0.0            
  1245.0       0.0            
  1250.0       0.0            
  1255.0       0.0            
  1260.0       0.0            
  1265.0       0.0            
  1270.0       0.0            
  1275.0       0.0            
  1280.0       0.0            
  1285.0       0.0            
  1290.0       0.0            
  1295.0       0.0            
  1300.0       0.0            
  1305.0       0.0            
  1310.0       0.0            
  1315.0       0.0            
  1320.0       0.0            
  1325.0       0.0            
  1330.0       0.0            
  1335.0       0.0            
  1340.0       0.0            
  1345.0       0.0            
  1350.0       0.0            
  1355.0       0.0            
  1360.0       0.0            
  1365.0       0.0            
  1370.0       0.0            
  1375.0       0.0            
  1380.0       0.0            
  1385.0       0.0            
  1390.0       0.0            
  1395.0       0.0            
  1400.0       0.0            
  1405.0       0.0            
  1410.0       0.0            
  1415.0       0.0            
  1420.0       0.0            
  1425.0       0.0            
  1430.0       0.0            
  1435.0       0.0            
  1440.0       0.0            
  1445.0       0.0            
  1450.0       0.0            
  1455.0       0.0            
  1460.0       0.0            
  1465.0       0.0            
  1470.0       0.0            
  1475.0       0.0            
  1480.0       0.0            
  1485.0       0.0            
  1490.0       0.0            
  1495.0       0.0            
  1500.0       0.0            
  1505.0       0.0            
  1510.0       0.0            
  1515.0       0.0            
  1520.0       0.0            
  1525.0       0.0            
  1530.0       0.0            
  1535.0       0.0            
  1540.0       0.0            
  1545.0       0.0            
  1550.0       0.0            
  1555.0       0.0            
  1560.0       0.0            
  1565.0       0.0            
  1570.0       0.0            
  1575.0       0.0            
  1580.0       0.0            
  1585.0       0.0            
  1590.0       0.0            
  1595.0       0.0            
  1600.0       0.0            
  1605.0       0.0            
  1610.0       0.0            
  1615.0       0.0            
  1620.0       0.0            
  1625.0       0.0            
  1630.0       0.0            
  1635.0       0.0            
  1640.0       0.0            
  1645.0       0.0            
  1650.0       0.0            
  1655.0       0.0            
  1660.0       0.0            
  1665.0       0.0            
  1670.0       0.0            
  1675.0       0.0            
  1680.0       0.0            
  1685.0       0.0            
  1690.0       0.0            
  1695.0       0.0            
  1700.0       0.0            
  1705.0       0.0            
  1710.0       0.0            
  1715.0       0.0            
  1720.0       0.0            
  1725.0       0.0            
  1730.0       0.0            
  1735.0       0.0            
  1740.0       0.0            
  1745.0       0.0            
  1750.0       0.0            
  1755.0       0.0            
  1760.0       0.0            
  1765.0       0.0            
  1770.0       0.0            
  1775.0       0.0            
  1780.0       0.0            
  1785.0       0.0            
  1790.0       0.0            
  1795.0       0.0            
  1800.0       0.0            
  1805.0       0.0            
  1810.0       0.0            
  1815.0       0.0            
  1820.0       0.0            
  1825.0       0.0            
  1830.0       0.0            
  1835.0       0.0            
  1840.0       0.0            
  1845.0       0.0            
  1850.0       0.0            
  1855.0       0.0            
  1860.0       0.0            
  1865.0       0.0            
  1870.0       0.0            
  1875.0       0.0            
  1880.0       0.0            
  1885.0       0.0            
  1890.0       0.0            
  1895.0       0.0            
  1900.0       0.0            
  1905.0       0.0            
  1910.0       0.0            
  1915.0       0.0            
  1920.0       0.0            
  1925.0       0.0            
  1930.0       0.0            
  1935.0       0.0            
  1940.0       0.0            
  1945.0       0.0            
  1950.0       4.616918E-16   
  1955.0       3.6864403E-15  
  1960.0       7.370525E-15   
  1965.0       1.1054605E-14  
  1970.0       1.4738693E-14  
  1975.0       1.8422758E-14  
  1980.0       2.1183498E-14  
  1985.0       1.8879771E-14  
  1990.0       1.7497082E-14  
  1995.0       1.0585984E-14  
  2000.0       1.3780796E-15  
  2005.0       0.0            
  2010.0       0.0            
  2015.0       0.0            
  2020.0       0.0            
  2025.0       0.0            
  2030.0       0.0            
  2035.0       0.0            
  2040.0       0.0            
  2045.0       0.0            
  2050.0       6.462878E-15   
  2055.0       5.2531872E-14  
  2060.0       1.1102003E-13  
  2065.0       1.7226669E-13  
  2070.0       2.2660038E-13  
  2075.0       2.66193E-13    
  2080.0       2.8367694E-13  
  2085.0       2.7214537E-13  
  2090.0       2.2607002E-13  
  2095.0       1.3393935E-13  
  2100.0       1.745774E-14   
  2105.0       0.0            
  2110.0       0.0            
  2115.0       0.0            
  2120.0       0.0            
  2125.0       0.0            
  2130.0       0.0            
  2135.0       0.0            
  2140.0       0.0            
  2145.0       0.0            
  2150.0       9.1854746E-14  
  2155.0       7.56637E-13    
  2160.0       1.6690043E-12  
  2165.0       2.7254874E-12  
  2170.0       3.8887873E-12  
  2175.0       5.1220655E-12  
  2180.0       6.388011E-12   
  2185.0       7.647954E-12   
  2190.0       8.869196E-12   
  2195.0       1.0010282E-11  
  2200.0       1.1034845E-11  
  2205.0       1.1918947E-11  
  2210.0       1.2661205E-11  
  2215.0       1.3273163E-11  
  2220.0       1.37616845E-11 
  2225.0       1.4141553E-11  
  2230.0       1.4419179E-11  
  2235.0       1.4605192E-11  
  2240.0       1.4712906E-11  
  2245.0       1.4751084E-11  
  2250.0       1.4730344E-11  
  2255.0       1.466262E-11   
  2260.0       1.456543E-11   
  2265.0       1.4456293E-11  
  2270.0       1.4348559E-11  
  2275.0       1.4261986E-11  
  2280.0       1.4213197E-11  
  2285.0       1.4221984E-11  
  2290.0       1.4302145E-11  
  2295.0       1.4473533E-11  
  2300.0       1.4751264E-11  
  2305.0       1.5141841E-11  
  2310.0       1.56199E-11    
  2315.0       1.6150414E-11  
  2320.0       1.6701173E-11  
  2325.0       1.7232151E-11  
  2330.0       1.7712885E-11  
  2335.0       1.8103326E-11  
  2340.0       1.83708E-11    
  2345.0       1.8477548E-11  
  2350.0       1.8393164E-11  
  2355.0       1.810064E-11   
  2360.0       1.7639138E-11  
  2365.0       1.7061606E-11  
  2370.0       1.6431153E-11  
  2375.0       1.5804877E-11  
  2380.0       1.5240803E-11  
  2385.0       1.4796027E-11  
  2390.0       1.4533654E-11  
  2395.0       1.4508452E-11  
  2400.0       1.4778474E-11  
  2405.0       1.5373152E-11  
  2410.0       1.6253323E-11  
  2415.0       1.7357267E-11  
  2420.0       1.861682E-11   
  2425.0       1.9967547E-11  
  2430.0       2.1341259E-11  
  2435.0       2.2673443E-11  
  2440.0       2.389603E-11   
  2445.0       2.4944529E-11  
  2450.0       2.5753021E-11  
  2455.0       2.6283399E-11  
  2460.0       2.6559149E-11  
  2465.0       2.6631785E-11  
  2470.0       2.6553483E-11  
  2475.0       2.6375633E-11  
  2480.0       2.615001E-11   
  2485.0       2.5928497E-11  
  2490.0       2.5765058E-11  
  2495.0       2.5709424E-11  
  2500.0       2.581359E-11   
  2505.0       2.6109784E-11  
  2510.0       2.6585576E-11  
  2515.0       2.721424E-11   
  2520.0       2.795891E-11   
  2525.0       2.8791093E-11  
  2530.0       2.9678527E-11  
  2535.0       3.058849E-11   
  2540.0       3.1490602E-11  
  2545.0       3.2352683E-11  
  2550.0       3.3146576E-11  
  2555.0       3.3864498E-11  
  2560.0       3.4555237E-11  
  2565.0       3.5291194E-11  
  2570.0       3.615012E-11   
  2575.0       3.719969E-11   
  2580.0       3.85201E-11    
  2585.0       4.0183662E-11  
  2590.0       4.226406E-11   
  2595.0       4.483718E-11   
  2600.0       4.7970718E-11  
  2605.0       5.169384E-11   
  2610.0       5.591826E-11   
  2615.0       6.05175E-11    
  2620.0       6.535713E-11   
  2625.0       7.030624E-11   
  2630.0       7.523E-11      
  2635.0       7.999532E-11   
  2640.0       8.446982E-11   
  2645.0       8.852312E-11   
  2650.0       9.202175E-11   
  2655.0       9.487985E-11   
  2660.0       9.7112096E-11  
  2665.0       9.8773364E-11  
  2670.0       9.992302E-11   
  2675.0       1.0062273E-10  
  2680.0       1.0093267E-10  
  2685.0       1.00912965E-10 
  2690.0       1.00619124E-10 
  2695.0       1.0011425E-10  
  2700.0       9.945764E-11   
  2705.0       9.869956E-11   
  2710.0       9.787712E-11   
  2715.0       9.701498E-11   
  2720.0       9.614084E-11   
  2725.0       9.527933E-11   
  2730.0       9.446047E-11   
  2735.0       9.3708596E-11  
  2740.0       9.3049644E-11  
  2745.0       9.2514156E-11  
  2750.0       9.212315E-11   
  2755.0       9.1897726E-11  
  2760.0       9.1833645E-11  
  2765.0       9.1920804E-11  
  2770.0       9.214742E-11   
  2775.0       9.250023E-11   
  2780.0       9.2970395E-11  
  2785.0       9.354757E-11   
  2790.0       9.421945E-11   
  2795.0       9.49705E-11    
  2800.0       9.579684E-11   
  2805.0       9.671701E-11   
  2810.0       9.783053E-11   
  2815.0       9.926209E-11   
  2820.0       1.0114247E-10  
  2825.0       1.0360145E-10  
  2830.0       1.067682E-10   
  2835.0       1.1077411E-10  
  2840.0       1.1574678E-10  
  2845.0       1.2181914E-10  
  2850.0       1.2910992E-10  
  2855.0       1.376821E-10   
  2860.0       1.4742785E-10  
  2865.0       1.5818127E-10  
  2870.0       1.6976116E-10  
  2875.0       1.8199303E-10  
  2880.0       1.9470314E-10  
  2885.0       2.0771507E-10  
  2890.0       2.2084937E-10  
  2895.0       2.3393215E-10  
  2900.0       2.4678773E-10  
  2905.0       2.5922833E-10  
  2910.0       2.710437E-10   
  2915.0       2.8201033E-10  
  2920.0       2.9191297E-10  
  2925.0       3.0052444E-10  
  2930.0       3.0762554E-10  
  2935.0       3.1299702E-10  
  2940.0       3.164133E-10   
  2945.0       3.1765582E-10  
  2950.0       3.1652E-10     
  2955.0       3.129673E-10   
  2960.0       3.0738737E-10  
  2965.0       3.003414E-10   
  2970.0       2.9240646E-10  
  2975.0       2.8415353E-10  
  2980.0       2.7616034E-10  
  2985.0       2.690007E-10   
  2990.0       2.6324956E-10  
  2995.0       2.5948343E-10  
  3000.0       2.582573E-10   
  3005.0       2.5992056E-10  
  3010.0       2.6429953E-10  
  3015.0       2.7101402E-10  
  3020.0       2.7966413E-10  
  3025.0       2.898523E-10   
  3030.0       3.0117908E-10  
  3035.0       3.1324326E-10  
  3040.0       3.2564904E-10  
  3045.0       3.3799585E-10  
  3050.0       3.4989514E-10  
  3055.0       3.6105377E-10  
  3060.0       3.7143666E-10  
  3065.0       3.8110473E-10  
  3070.0       3.901286E-10   
  3075.0       3.985801E-10   
  3080.0       4.065259E-10   
  3085.0       4.1404227E-10  
  3090.0       4.2119763E-10  
  3095.0       4.2806184E-10  
  3100.0       4.347071E-10   
  3105.0       4.412096E-10   
  3110.0       4.476573E-10   
  3115.0       4.5414522E-10  
  3120.0       4.6076654E-10  
  3125.0       4.676125E-10   
  3130.0       4.747783E-10   
  3135.0       4.823573E-10   
  3140.0       4.9044163E-10  
  3145.0       4.99126E-10    
  3150.0       5.084991E-10   
  3155.0       5.1857396E-10  
  3160.0       5.2918253E-10  
  3165.0       5.4008603E-10  
  3170.0       5.510376E-10   
  3175.0       5.6179084E-10  
  3180.0       5.7210336E-10  
  3185.0       5.817224E-10   
  3190.0       5.9040717E-10  
  3195.0       5.9790944E-10  
  3200.0       6.126428E-10   
  3205.0       6.7331907E-10  
  3210.0       7.090381E-10   
  3215.0       6.988012E-10   
  3220.0       6.58802E-10    
  3225.0       5.7952965E-10  
  3230.0       5.319316E-10   
  3235.0       5.6768407E-10  
  3240.0       6.01631E-10    
  3245.0       5.62078E-10    
  3250.0       5.464141E-10   
  3255.0       6.4560524E-10  
  3260.0       7.645029E-10   
  3265.0       7.888431E-10   
  3270.0       7.443898E-10   
  3275.0       7.0144646E-10  
  3280.0       7.011717E-10   
  3285.0       7.537047E-10   
  3290.0       8.213521E-10   
  3295.0       8.5830365E-10  
  3300.0       8.45028E-10    
  3305.0       7.889988E-10   
  3310.0       7.395818E-10   
  3315.0       7.3430323E-10  
  3320.0       7.4050593E-10  
  3325.0       7.230469E-10   
  3330.0       7.097956E-10   
  3335.0       7.341865E-10   
  3340.0       7.793081E-10   
  3345.0       8.1197327E-10  
  3350.0       8.0937934E-10  
  3355.0       7.671457E-10   
  3360.0       7.166808E-10   
  3365.0       6.8875194E-10  
  3370.0       6.781369E-10   
  3375.0       6.753941E-10   
  3380.0       6.954472E-10   
  3385.0       7.4780393E-10  
  3390.0       8.026016E-10   
  3395.0       8.247119E-10   
  3400.0       8.0630136E-10  
  3405.0       7.6175993E-10  
  3410.0       7.342904E-10   
  3415.0       7.556871E-10   
  3420.0       8.002046E-10   
  3425.0       8.2851037E-10  
  3430.0       8.2414037E-10  
  3435.0       7.891223E-10   
  3440.0       7.493675E-10   
  3445.0       7.3128775E-10  
  3450.0       7.391217E-10   
  3455.0       7.629065E-10   
  3460.0       7.7867435E-10  
  3465.0       7.6978307E-10  
  3470.0       7.513973E-10   
  3475.0       7.4076395E-10  
  3480.0       7.298377E-10   
  3485.0       7.138666E-10   
  3490.0       7.2141665E-10  
  3495.0       7.738805E-10   
  3500.0       8.4002516E-10  
  3505.0       8.7556995E-10  
  3510.0       8.6111074E-10  
  3515.0       8.5446433E-10  
  3520.0       8.217084E-10   
  3525.0       8.0252144E-10  
  3530.0       8.535987E-10   
  3535.0       9.0484986E-10  
  3540.0       9.1824254E-10  
  3545.0       8.9266106E-10  
  3550.0       8.400712E-10   
  3555.0       7.8170476E-10  
  3560.0       7.265033E-10   
  3565.0       6.609116E-10   
  3570.0       6.227249E-10   
  3575.0       6.0606814E-10  
  3580.0       5.4714466E-10  
  3585.0       5.4836435E-10  
  3590.0       6.790121E-10   
  3595.0       8.5346413E-10  
  3600.0       9.246679E-10   
  3605.0       8.7856894E-10  
  3610.0       8.561573E-10   
  3615.0       8.84783E-10    
  3620.0       9.494353E-10   
  3625.0       1.0744567E-9   
  3630.0       1.068737E-9    
  3635.0       1.049466E-9    
  3640.0       1.1005206E-9   
  3645.0       1.0681156E-9   
  3650.0       1.1118548E-9   
  3655.0       1.2965283E-9   
  3660.0       1.394592E-9    
  3665.0       1.3631146E-9   
  3670.0       1.3246092E-9   
  3675.0       1.3043446E-9   
  3680.0       1.2254925E-9   
  3685.0       1.1914318E-9   
  3690.0       1.2457956E-9   
  3695.0       1.3273997E-9   
  3700.0       1.3412748E-9   
  3705.0       1.2216286E-9   
  3710.0       1.2030251E-9   
  3715.0       1.2333633E-9   
  3720.0       1.0753735E-9   
  3725.0       1.0132207E-9   
  3730.0       9.428128E-10   
  3735.0       8.2184193E-10  
  3740.0       8.20753E-10    
  3745.0       8.171416E-10   
  3750.0       8.6710544E-10  
  3755.0       9.929206E-10   
  3760.0       9.835163E-10   
  3765.0       1.0282247E-9   
  3770.0       1.1625506E-9   
  3775.0       1.2777823E-9   
  3780.0       1.2981876E-9   
  3785.0       1.1888908E-9   
  3790.0       1.0177841E-9   
  3795.0       9.52547E-10    
  3800.0       9.99769E-10    
  3805.0       1.0704114E-9   
  3810.0       1.0125163E-9   
  3815.0       8.549038E-10   
  3820.0       6.993227E-10   
  3825.0       6.183161E-10   
  3830.0       6.0843264E-10  
  3835.0       6.2012895E-10  
  3840.0       6.619366E-10   
  3845.0       7.149256E-10   
  3850.0       7.075355E-10   
  3855.0       6.696731E-10   
  3860.0       6.6097566E-10  
  3865.0       6.948666E-10   
  3870.0       7.062536E-10   
  3875.0       7.612035E-10   
  3880.0       8.2851775E-10  
  3885.0       9.612672E-10   
  3890.0       1.1504662E-9   
  3895.0       1.2940992E-9   
  3900.0       1.3096582E-9   
  3905.0       1.3033179E-9   
  3910.0       1.3669142E-9   
  3915.0       1.3325986E-9   
  3920.0       1.1315887E-9   
  3925.0       8.782459E-10   
  3930.0       6.17443E-10    
  3935.0       5.725499E-10   
  3940.0       8.0328283E-10  
  3945.0       1.0847607E-9   
  3950.0       1.3068601E-9   
  3955.0       1.337627E-9    
  3960.0       1.1033703E-9   
  3965.0       7.8417844E-10  
  3970.0       7.668945E-10   
  3975.0       1.1375445E-9   
  3980.0       1.5357581E-9   
  3985.0       1.7748636E-9   
  3990.0       1.9130997E-9   
  3995.0       1.982373E-9    
  4000.0       2.034017E-9    
  4005.0       2.0661386E-9   
  4010.0       2.1478523E-9   
  4015.0       2.2307503E-9   
  4020.0       2.2532587E-9   
  4025.0       2.2138906E-9   
  4030.0       2.120581E-9    
  4035.0       2.09836E-9     
  4040.0       2.094785E-9    
  4045.0       2.0130277E-9   
  4050.0       2.0617326E-9   
  4055.0       2.018107E-9    
  4060.0       1.9325426E-9   
  4065.0       1.9316946E-9   
  4070.0       1.9849473E-9   
  4075.0       1.9985902E-9   
  4080.0       2.1155233E-9   
  4085.0       2.2886353E-9   
  4090.0       2.337579E-9    
  4095.0       2.2166176E-9   
  4100.0       2.092577E-9    
  4105.0       2.1320405E-9   
  4110.0       2.202931E-9    
  4115.0       2.214673E-9    
  4120.0       2.1645883E-9   
  4125.0       2.1009778E-9   
  4130.0       2.0169353E-9   
  4135.0       2.0118507E-9   
  4140.0       1.9867663E-9   
  4145.0       1.9123418E-9   
  4150.0       1.8876734E-9   
  4155.0       1.9236457E-9   
  4160.0       2.0139599E-9   
  4165.0       2.0247817E-9   
  4170.0       1.93893E-9     
  4175.0       1.859246E-9    
  4180.0       1.9018942E-9   
  4185.0       1.9988864E-9   
  4190.0       2.019512E-9    
  4195.0       1.9541726E-9   
  4200.0       1.9440483E-9   
  4205.0       2.0548925E-9   
  4210.0       2.149981E-9    
  4215.0       2.2115985E-9   
  4220.0       2.2703364E-9   
  4225.0       2.1353683E-9   
  4230.0       2.1796376E-9   
  4235.0       2.2725712E-9   
  4240.0       2.364232E-9    
  4245.0       2.4124207E-9   
  4250.0       2.3235753E-9   
  4255.0       2.2810478E-9   
  4260.0       2.3208404E-9   
  4265.0       2.3766948E-9   
  4270.0       2.236211E-9    
  4275.0       2.1935975E-9   
  4280.0       2.2808713E-9   
  4285.0       2.2387752E-9   
  4290.0       2.1293158E-9   
  4295.0       1.9846869E-9   
  4300.0       1.7605107E-9   
  4305.0       1.6547288E-9   
  4310.0       1.8362942E-9   
  4315.0       2.325993E-9    
  4320.0       2.5806235E-9   
  4325.0       2.5175093E-9   
  4330.0       2.643375E-9    
  4335.0       2.6902285E-9   
  4340.0       2.5836955E-9   
  4345.0       2.6777955E-9   
  4350.0       2.7356326E-9   
  4355.0       2.7623117E-9   
  4360.0       2.866397E-9    
  4365.0       2.9167522E-9   
  4370.0       2.7966323E-9   
  4375.0       2.643288E-9    
  4380.0       2.4752316E-9   
  4385.0       2.3208988E-9   
  4390.0       2.4448144E-9   
  4395.0       2.6077112E-9   
  4400.0       2.635515E-9    
  4405.0       2.5815703E-9   
  4410.0       2.6964417E-9   
  4415.0       2.800217E-9    
  4420.0       2.8547003E-9   
  4425.0       2.8536313E-9   
  4430.0       2.8280354E-9   
  4435.0       2.8382219E-9   
  4440.0       2.933399E-9    
  4445.0       2.9971197E-9   
  4450.0       2.9901142E-9   
  4455.0       2.8386824E-9   
  4460.0       2.7574347E-9   
  4465.0       2.8665996E-9   
  4470.0       3.052995E-9    
  4475.0       3.2176648E-9   
  4480.0       3.2147343E-9   
  4485.0       3.2023908E-9   
  4490.0       3.1449345E-9   
  4495.0       3.1605472E-9   
  4500.0       3.3220178E-9   
  4505.0       3.4797145E-9   
  4510.0       3.4595697E-9   
  4515.0       3.3559744E-9   
  4520.0       3.2694978E-9   
  4525.0       3.073224E-9    
  4530.0       2.954552E-9    
  4535.0       3.0604852E-9   
  4540.0       3.1587442E-9   
  4545.0       3.1528904E-9   
  4550.0       3.1450291E-9   
  4555.0       3.2393055E-9   
  4560.0       3.3299667E-9   
  4565.0       3.3351182E-9   
  4570.0       3.3800545E-9   
  4575.0       3.3631529E-9   
  4580.0       3.2560898E-9   
  4585.0       3.2478567E-9   
  4590.0       3.2818803E-9   
  4595.0       3.225236E-9    
  4600.0       3.2340595E-9   
  4605.0       3.355977E-9    
  4610.0       3.4831422E-9   
  4615.0       3.5330754E-9   
  4620.0       3.5618841E-9   
  4625.0       3.5720837E-9   
  4630.0       3.5171681E-9   
  4635.0       3.3993608E-9   
  4640.0       3.3001701E-9   
  4645.0       3.204702E-9    
  4650.0       3.2344176E-9   
  4655.0       3.3387626E-9   
  4660.0       3.3560639E-9   
  4665.0       3.1935945E-9   
  4670.0       3.1765728E-9   
  4675.0       3.3128973E-9   
  4680.0       3.324733E-9    
  4685.0       3.315113E-9    
  4690.0       3.3190775E-9   
  4695.0       3.3132077E-9   
  4700.0       3.226659E-9    
  4705.0       3.189261E-9    
  4710.0       3.2401353E-9   
  4715.0       3.3576886E-9   
  4720.0       3.4933028E-9   
  4725.0       3.4473333E-9   
  4730.0       3.2926992E-9   
  4735.0       3.3310963E-9   
  4740.0       3.438789E-9    
  4745.0       3.5381609E-9   
  4750.0       3.5562495E-9   
  4755.0       3.4793297E-9   
  4760.0       3.4148966E-9   
  4765.0       3.3537866E-9   
  4770.0       3.4517653E-9   
  4775.0       3.622703E-9    
  4780.0       3.6526657E-9   
  4785.0       3.5434249E-9   
  4790.0       3.5232413E-9   
  4795.0       3.6011925E-9   
  4800.0       3.5941916E-9   
  4805.0       3.5652739E-9   
  4810.0       3.5745211E-9   
  4815.0       3.639559E-9    
  4820.0       3.6574974E-9   
  4825.0       3.5914478E-9   
  4830.0       3.5599501E-9   
  4835.0       3.5506262E-9   
  4840.0       3.5186223E-9   
  4845.0       3.5248222E-9   
  4850.0       3.49078E-9     
  4855.0       3.301688E-9    
  4860.0       3.0847411E-9   
  4865.0       3.1105445E-9   
  4870.0       3.1991951E-9   
  4875.0       3.2899519E-9   
  4880.0       3.407974E-9    
  4885.0       3.3565668E-9   
  4890.0       3.3587777E-9   
  4895.0       3.560417E-9    
  4900.0       3.6848784E-9   
  4905.0       3.6391226E-9   
  4910.0       3.5350047E-9   
  4915.0       3.440643E-9    
  4920.0       3.3018748E-9   
  4925.0       3.3825025E-9   
  4930.0       3.563561E-9    
  4935.0       3.5219E-9      
  4940.0       3.5069712E-9   
  4945.0       3.6783276E-9   
  4950.0       3.745123E-9    
  4955.0       3.6548533E-9   
  4960.0       3.608278E-9    
  4965.0       3.6293206E-9   
  4970.0       3.601323E-9    
  4975.0       3.6112056E-9   
  4980.0       3.480272E-9    
  4985.0       3.3893337E-9   
  4990.0       3.506499E-9    
  4995.0       3.5395469E-9   
  5000.0       3.4487884E-9   
  5005.0       3.3274203E-9   
  5010.0       3.27286E-9     
  5015.0       3.151811E-9    
  5020.0       3.1820995E-9   
  5025.0       3.2975997E-9   
  5030.0       3.4040932E-9   
  5035.0       3.3730365E-9   
  5040.0       3.2848202E-9   
  5045.0       3.3668481E-9   
  5050.0       3.4658678E-9   
  5055.0       3.558185E-9    
  5060.0       3.611122E-9    
  5065.0       3.5377827E-9   
  5070.0       3.4692964E-9   
  5075.0       3.407103E-9    
  5080.0       3.3591194E-9   
  5085.0       3.4362748E-9   
  5090.0       3.5530938E-9   
  5095.0       3.5309822E-9   
  5100.0       3.442674E-9    
  5105.0       3.4374803E-9   
  5110.0       3.4712608E-9   
  5115.0       3.5401553E-9   
  5120.0       3.4824208E-9   
  5125.0       3.3468663E-9   
  5130.0       3.3526304E-9   
  5135.0       3.3910574E-9   
  5140.0       3.3392187E-9   
  5145.0       3.2970577E-9   
  5150.0       3.3196663E-9   
  5155.0       3.3882692E-9   
  5160.0       3.3341427E-9   
  5165.0       3.0309533E-9   
  5170.0       2.8622746E-9   
  5175.0       3.0547072E-9   
  5180.0       3.163649E-9    
  5185.0       3.1386398E-9   
  5190.0       3.2533487E-9   
  5195.0       3.337173E-9    
  5200.0       3.3791299E-9   
  5205.0       3.3325986E-9   
  5210.0       3.345346E-9    
  5215.0       3.4344443E-9   
  5220.0       3.4152359E-9   
  5225.0       3.3082808E-9   
  5230.0       3.344416E-9    
  5235.0       3.5039815E-9   
  5240.0       3.6216061E-9   
  5245.0       3.5722154E-9   
  5250.0       3.4711845E-9   
  5255.0       3.4762422E-9   
  5260.0       3.366208E-9    
  5265.0       3.0978498E-9   
  5270.0       3.0750562E-9   
  5275.0       3.314833E-9    
  5280.0       3.5060204E-9   
  5285.0       3.6372285E-9   
  5290.0       3.7289976E-9   
  5295.0       3.6391197E-9   
  5300.0       3.5995062E-9   
  5305.0       3.750044E-9    
  5310.0       3.8413646E-9   
  5315.0       3.781242E-9    
  5320.0       3.644429E-9    
  5325.0       3.4658911E-9   
  5330.0       3.4492667E-9   
  5335.0       3.6143275E-9   
  5340.0       3.6535481E-9   
  5345.0       3.6538526E-9   
  5350.0       3.741054E-9    
  5355.0       3.880268E-9    
  5360.0       3.88043E-9     
  5365.0       3.722579E-9    
  5370.0       3.6281003E-9   
  5375.0       3.713389E-9    
  5380.0       3.7867594E-9   
  5385.0       3.749339E-9    
  5390.0       3.6404912E-9   
  5395.0       3.5332732E-9   
  5400.0       3.4874907E-9   
  5405.0       3.4384442E-9   
  5410.0       3.5332255E-9   
  5415.0       3.6968966E-9   
  5420.0       3.7329153E-9   
  5425.0       3.6907841E-9   
  5430.0       3.6108387E-9   
  5435.0       3.6292132E-9   
  5440.0       3.7659706E-9   
  5445.0       3.7688186E-9   
  5450.0       3.741353E-9    
  5455.0       3.7387817E-9   
  5460.0       3.759817E-9    
  5465.0       3.7413925E-9   
  5470.0       3.683252E-9    
  5475.0       3.588581E-9    
  5480.0       3.5698742E-9   
  5485.0       3.6499699E-9   
  5490.0       3.694471E-9    
  5495.0       3.7231653E-9   
  5500.0       3.733048E-9    
  5505.0       3.678432E-9    
  5510.0       3.6304375E-9   
  5515.0       3.661316E-9    
  5520.0       3.7406975E-9   
  5525.0       3.7205725E-9   
  5530.0       3.6782004E-9   
  5535.0       3.690203E-9    
  5540.0       3.73745E-9     
  5545.0       3.7850483E-9   
  5550.0       3.8209094E-9   
  5555.0       3.796413E-9    
  5560.0       3.7328243E-9   
  5565.0       3.6741266E-9   
  5570.0       3.664895E-9    
  5575.0       3.7099805E-9   
  5580.0       3.7093106E-9   
  5585.0       3.603772E-9    
  5590.0       3.5127181E-9   
  5595.0       3.5507082E-9   
  5600.0       3.6076948E-9   
  5605.0       3.6995629E-9   
  5610.0       3.777917E-9    
  5615.0       3.691102E-9    
  5620.0       3.6266703E-9   
  5625.0       3.6668741E-9   
  5630.0       3.7351056E-9   
  5635.0       3.733478E-9    
  5640.0       3.6749959E-9   
  5645.0       3.6718584E-9   
  5650.0       3.6813077E-9   
  5655.0       3.6049073E-9   
  5660.0       3.5366772E-9   
  5665.0       3.593278E-9    
  5670.0       3.7008687E-9   
  5675.0       3.78558E-9     
  5680.0       3.7497356E-9   
  5685.0       3.6749415E-9   
  5690.0       3.6933145E-9   
  5695.0       3.7125079E-9   
  5700.0       3.6448753E-9   
  5705.0       3.5358083E-9   
  5710.0       3.500407E-9    
  5715.0       3.62991E-9     
  5720.0       3.7858294E-9   
  5725.0       3.8376298E-9   
  5730.0       3.8162886E-9   
  5735.0       3.817498E-9    
  5740.0       3.809884E-9    
  5745.0       3.7774863E-9   
  5750.0       3.7361754E-9   
  5755.0       3.6969066E-9   
  5760.0       3.7076524E-9   
  5765.0       3.764099E-9    
  5770.0       3.820956E-9    
  5775.0       3.7740953E-9   
  5780.0       3.62247E-9     
  5785.0       3.552168E-9    
  5790.0       3.6565468E-9   
  5795.0       3.7354746E-9   
  5800.0       3.7672074E-9   
  5805.0       3.7679344E-9   
  5810.0       3.7729304E-9   
  5815.0       3.804723E-9    
  5820.0       3.872358E-9    
  5825.0       3.9131693E-9   
  5830.0       3.9019428E-9   
  5835.0       3.8730077E-9   
  5840.0       3.881586E-9    
  5845.0       3.863933E-9    
  5850.0       3.7915537E-9   
  5855.0       3.7088508E-9   
  5860.0       3.7107484E-9   
  5865.0       3.786796E-9    
  5870.0       3.850327E-9    
  5875.0       3.8513606E-9   
  5880.0       3.7807033E-9   
  5885.0       3.5975827E-9   
  5890.0       3.3413665E-9   
  5895.0       3.315773E-9    
  5900.0       3.5505208E-9   
  5905.0       3.7403933E-9   
  5910.0       3.7754595E-9   
  5915.0       3.753447E-9    
  5920.0       3.7717838E-9   
  5925.0       3.784855E-9    
  5930.0       3.7578816E-9   
  5935.0       3.7613255E-9   
  5940.0       3.7695385E-9   
  5945.0       3.744973E-9    
  5950.0       3.7182268E-9   
  5955.0       3.7233012E-9   
  5960.0       3.772727E-9    
  5965.0       3.797273E-9    
  5970.0       3.789169E-9    
  5975.0       3.73713E-9     
  5980.0       3.6977958E-9   
  5985.0       3.6746568E-9   
  5990.0       3.7048669E-9   
  5995.0       3.7231114E-9   
  6000.0       3.6984305E-9   
  6005.0       3.6621266E-9   
  6010.0       3.626343E-9    
  6015.0       3.6023002E-9   
  6020.0       3.5973184E-9   
  6025.0       3.6459467E-9   
  6030.0       3.726979E-9    
  6035.0       3.7545917E-9   
  6040.0       3.7564067E-9   
  6045.0       3.774432E-9    
  6050.0       3.7689643E-9   
  6055.0       3.738883E-9    
  6060.0       3.7245085E-9   
  6065.0       3.732033E-9    
  6070.0       3.7783487E-9   
  6075.0       3.7536005E-9   
  6080.0       3.6624472E-9   
  6085.0       3.6316914E-9   
  6090.0       3.622565E-9    
  6095.0       3.6207737E-9   
  6100.0       3.6013086E-9   
  6105.0       3.6051822E-9   
  6110.0       3.6647252E-9   
  6115.0       3.6706165E-9   
  6120.0       3.6194694E-9   
  6125.0       3.597281E-9    
  6130.0       3.5866332E-9   
  6135.0       3.5138636E-9   
  6140.0       3.502265E-9    
  6145.0       3.585267E-9    
  6150.0       3.61306E-9     
  6155.0       3.5736845E-9   
  6160.0       3.4771521E-9   
  6165.0       3.4322876E-9   
  6170.0       3.4798098E-9   
  6175.0       3.5723104E-9   
  6180.0       3.645132E-9    
  6185.0       3.6353816E-9   
  6190.0       3.5889627E-9   
  6195.0       3.6292251E-9   
  6200.0       3.6860703E-9   
  6205.0       3.7030004E-9   
  6210.0       3.6527366E-9   
  6215.0       3.5519276E-9   
  6220.0       3.5364391E-9   
  6225.0       3.5607173E-9   
  6230.0       3.5349732E-9   
  6235.0       3.5471996E-9   
  6240.0       3.536493E-9    
  6245.0       3.4950174E-9   
  6250.0       3.4818546E-9   
  6255.0       3.4237062E-9   
  6260.0       3.4562342E-9   
  6265.0       3.5456378E-9   
  6270.0       3.5761258E-9   
  6275.0       3.5461347E-9   
  6280.0       3.509727E-9    
  6285.0       3.5678978E-9   
  6290.0       3.6067047E-9   
  6295.0       3.5617163E-9   
  6300.0       3.5218584E-9   
  6305.0       3.5416892E-9   
  6310.0       3.5461731E-9   
  6315.0       3.4702219E-9   
  6320.0       3.4685415E-9   
  6325.0       3.5592556E-9   
  6330.0       3.5751193E-9   
  6335.0       3.52655E-9     
  6340.0       3.509818E-9    
  6345.0       3.54825E-9     
  6350.0       3.5783156E-9   
  6355.0       3.522335E-9    
  6360.0       3.447088E-9    
  6365.0       3.4681935E-9   
  6370.0       3.562371E-9    
  6375.0       3.604131E-9    
  6380.0       3.589129E-9    
  6385.0       3.584802E-9    
  6390.0       3.5631809E-9   
  6395.0       3.5225556E-9   
  6400.0       3.5001497E-9   
  6405.0       3.505034E-9    
  6410.0       3.4991712E-9   
  6415.0       3.4928098E-9   
  6420.0       3.4981227E-9   
  6425.0       3.5300756E-9   
  6430.0       3.534037E-9    
  6435.0       3.5332148E-9   
  6440.0       3.547809E-9    
  6445.0       3.549073E-9    
  6450.0       3.4801677E-9   
  6455.0       3.4766576E-9   
  6460.0       3.4896201E-9   
  6465.0       3.4784775E-9   
  6470.0       3.497881E-9    
  6475.0       3.5017502E-9   
  6480.0       3.4949852E-9   
  6485.0       3.480081E-9    
  6490.0       3.4001209E-9   
  6495.0       3.2504854E-9   
  6500.0       3.3183785E-9   
  6505.0       3.4792886E-9   
  6510.0       3.5281886E-9   
  6515.0       3.5027636E-9   
  6520.0       3.5059813E-9   
  6525.0       3.5157026E-9   
  6530.0       3.5000904E-9   
  6535.0       3.5138672E-9   
  6540.0       3.53338E-9     
  6545.0       3.5040695E-9   
  6550.0       3.454181E-9    
  6555.0       3.3503051E-9   
  6560.0       3.1293064E-9   
  6565.0       3.0854608E-9   
  6570.0       3.3067928E-9   
  6575.0       3.4108072E-9   
  6580.0       3.4758763E-9   
  6585.0       3.489636E-9    
  6590.0       3.4569942E-9   
  6595.0       3.4253675E-9   
  6600.0       3.4692467E-9   
  6605.0       3.4675758E-9   
  6610.0       3.454585E-9    
  6615.0       3.503318E-9    
  6620.0       3.5296448E-9   
  6625.0       3.5007284E-9   
  6630.0       3.442668E-9    
  6635.0       3.4100385E-9   
  6640.0       3.4241363E-9   
  6645.0       3.4313852E-9   
  6650.0       3.4591114E-9   
  6655.0       3.4723648E-9   
  6660.0       3.4348835E-9   
  6665.0       3.4002765E-9   
  6670.0       3.4231387E-9   
  6675.0       3.4257697E-9   
  6680.0       3.421458E-9    
  6685.0       3.4715397E-9   
  6690.0       3.4893108E-9   
  6695.0       3.4477519E-9   
  6700.0       3.4137981E-9   
  6705.0       3.4005025E-9   
  6710.0       3.377182E-9    
  6715.0       3.339714E-9    
  6720.0       3.3598848E-9   
  6725.0       3.4095773E-9   
  6730.0       3.422881E-9    
  6735.0       3.4159637E-9   
  6740.0       3.388398E-9    
  6745.0       3.3737466E-9   
  6750.0       3.3664849E-9   
  6755.0       3.396131E-9    
  6760.0       3.425929E-9    
  6765.0       3.4098426E-9   
  6770.0       3.3760406E-9   
  6775.0       3.3977627E-9   
  6780.0       3.4169327E-9   
  6785.0       3.3949212E-9   
  6790.0       3.3985832E-9   
  6795.0       3.3958245E-9   
  6800.0       3.401922E-9    
  6805.0       3.4025038E-9   
  6810.0       3.3945642E-9   
  6815.0       3.4040768E-9   
  6820.0       3.419505E-9    
  6825.0       3.42492E-9     
  6830.0       3.4156817E-9   
  6835.0       3.3956609E-9   
  6840.0       3.3754872E-9   
  6845.0       3.3683878E-9   
  6850.0       3.3744627E-9   
  6855.0       3.3675538E-9   
  6860.0       3.3568686E-9   
  6865.0       3.3648655E-9   
  6870.0       3.3735525E-9   
  6875.0       3.3660432E-9   
  6880.0       3.3497938E-9   
  6885.0       3.347879E-9    
  6890.0       3.3682235E-9   
  6895.0       3.3774206E-9   
  6900.0       3.3708998E-9   
  6905.0       3.3633782E-9   
  6910.0       3.3553427E-9   
  6915.0       3.3450476E-9   
  6920.0       3.3386163E-9   
  6925.0       3.3333583E-9   
  6930.0       3.3235734E-9   
  6935.0       3.3228713E-9   
  6940.0       3.321347E-9    
  6945.0       3.3091998E-9   
  6950.0       3.2967302E-9   
  6955.0       3.2929843E-9   
  6960.0       3.2965448E-9   
  6965.0       3.3031442E-9   
  6970.0       3.2997074E-9   
  6975.0       3.2545613E-9   
  6980.0       3.223276E-9    
  6985.0       3.2785996E-9   
  6990.0       3.3068934E-9   
  6995.0       3.3042933E-9   
  7000.0       3.2613483E-9   
  7005.0       3.2268E-9      
  7010.0       3.2289873E-9   
  7015.0       3.1989564E-9   
  7020.0       3.1995984E-9   
  7025.0       3.2099272E-9   
  7030.0       3.2432979E-9   
  7035.0       3.2637462E-9   
  7040.0       3.284438E-9    
  7045.0       3.3209384E-9   
  7050.0       3.3175824E-9   
  7055.0       3.2966194E-9   
  7060.0       3.2935144E-9   
  7065.0       3.2741714E-9   
  7070.0       3.2704177E-9   
  7075.0       3.3154184E-9   
  7080.0       3.3106853E-9   
  7085.0       3.2477394E-9   
  7090.0       3.227334E-9    
  7095.0       3.2488963E-9   
  7100.0       3.2774181E-9   
  7105.0       3.2703933E-9   
  7110.0       3.2330454E-9   
  7115.0       3.2104384E-9   
  7120.0       3.196116E-9    
  7125.0       3.1873026E-9   
  7130.0       3.1829217E-9   
  7135.0       3.206088E-9    
  7140.0       3.2233083E-9   
  7145.0       3.2108196E-9   
  7150.0       3.1948089E-9   
  7155.0       3.206486E-9    
  7160.0       3.2081267E-9   
  7165.0       3.1844771E-9   
  7170.0       3.1760095E-9   
  7175.0       3.1634624E-9   
  7180.0       3.1286471E-9   
  7185.0       3.0737146E-9   
  7190.0       3.0539646E-9   
  7195.0       3.0793974E-9   
  7200.0       3.0944949E-9   
  7205.0       3.0953038E-9   
  7210.0       3.11833E-9     
  7215.0       3.1558571E-9   
  7220.0       3.1632899E-9   
  7225.0       3.1662826E-9   
  7230.0       3.1721872E-9   
  7235.0       3.1538268E-9   
  7240.0       3.1449803E-9   
  7245.0       3.1438234E-9   
  7250.0       3.1401621E-9   
  7255.0       3.1302347E-9   
  7260.0       3.1225613E-9   
  7265.0       3.118122E-9    
  7270.0       3.1311214E-9   
  7275.0       3.1085599E-9   
  7280.0       3.0861884E-9   
  7285.0       3.0626206E-9   
  7290.0       3.022781E-9    
  7295.0       3.0427851E-9   
  7300.0       3.0828173E-9   
  7305.0       3.0747564E-9   
  7310.0       3.0680334E-9   
  7315.0       3.074391E-9    
  7320.0       3.0783438E-9   
  7325.0       3.0778855E-9   
  7330.0       3.0825378E-9   
  7335.0       3.1064162E-9   
  7340.0       3.1252247E-9   
  7345.0       3.1074507E-9   
  7350.0       3.0781984E-9   
  7355.0       3.0484097E-9   
  7360.0       3.0531015E-9   
  7365.0       3.0650946E-9   
  7370.0       3.0965792E-9   
  7375.0       3.1146374E-9   
  7380.0       3.0952139E-9   
  7385.0       3.023888E-9    
  7390.0       3.000109E-9    
  7395.0       3.0412017E-9   
  7400.0       3.0662561E-9   
  7405.0       3.0651321E-9   
  7410.0       3.02147E-9     
  7415.0       2.9833465E-9   
  7420.0       2.9920608E-9   
  7425.0       3.0354597E-9   
  7430.0       3.0807512E-9   
  7435.0       3.090795E-9    
  7440.0       3.0664324E-9   
  7445.0       3.0321483E-9   
  7450.0       3.0579965E-9   
  7455.0       3.0832314E-9   
  7460.0       3.0608076E-9   
  7465.0       3.055469E-9    
  7470.0       3.077884E-9    
  7475.0       3.0615437E-9   
  7480.0       3.0459912E-9   
  7485.0       3.048347E-9    
  7490.0       3.0310325E-9   
  7495.0       3.0052207E-9   
  7500.0       3.0286496E-9   
  7505.0       3.0382519E-9   
  7510.0       3.0167544E-9   
  7515.0       3.0341305E-9   
  7520.0       3.0517688E-9   
  7525.0       3.0337681E-9   
  7530.0       3.038239E-9    
  7535.0       3.0570972E-9   
  7540.0       3.0714107E-9   
  7545.0       3.064784E-9    
  7550.0       3.0532419E-9   
  7555.0       3.045152E-9    
  7560.0       3.0407095E-9   
  7565.0       3.0400076E-9   
  7570.0       3.035205E-9    
  7575.0       3.0362037E-9   
  7580.0       3.0324576E-9   
  7585.0       3.0176182E-9   
  7590.0       3.0061609E-9   
  7595.0       2.998001E-9    
  7600.0       2.9942373E-9   
  7605.0       3.0074732E-9   
  7610.0       3.032448E-9    
  7615.0       3.0224525E-9   
  7620.0       2.996294E-9    
  7625.0       2.995834E-9    
  7630.0       3.019956E-9    
  7635.0       3.0298541E-9   
  7640.0       3.0312461E-9   
  7645.0       3.0301526E-9   
  7650.0       3.0142722E-9   
  7655.0       2.9856677E-9   
  7660.0       2.958435E-9    
  7665.0       2.9596443E-9   
  7670.0       2.993866E-9    
  7675.0       3.01966E-9     
  7680.0       3.0238156E-9   
  7685.0       3.0164797E-9   
  7690.0       3.006073E-9    
  7695.0       2.995311E-9    
  7700.0       2.9984786E-9   
  7705.0       3.0002594E-9   
  7710.0       2.9804539E-9   
  7715.0       2.9566765E-9   
  7720.0       2.9588003E-9   
  7725.0       2.9705916E-9   
  7730.0       2.9791458E-9   
  7735.0       3.00638E-9     
  7740.0       3.0061416E-9   
  7745.0       2.9503953E-9   
  7750.0       2.9247385E-9   
  7755.0       2.9817442E-9   
  7760.0       3.015141E-9    
  7765.0       3.0198728E-9   
  7770.0       3.0091079E-9   
  7775.0       2.9879172E-9   
  7780.0       2.974767E-9    
  7785.0       2.9761151E-9   
  7790.0       2.9785303E-9   
  7795.0       2.980629E-9    
  7800.0       2.9644431E-9   
  7805.0       2.9660085E-9   
  7810.0       2.9633642E-9   
  7815.0       2.9858038E-9   
  7820.0       3.009763E-9    
  7825.0       3.0030511E-9   
  7830.0       2.9622051E-9   
  7835.0       2.9253704E-9   
  7840.0       2.953351E-9    
  7845.0       2.968288E-9    
  7850.0       2.9518301E-9   
  7855.0       2.9411933E-9   
  7860.0       2.9564047E-9   
  7865.0       2.9578995E-9   
  7870.0       2.9292095E-9   
  7875.0       2.88516E-9     
  7880.0       2.8686038E-9   
  7885.0       2.8788023E-9   
  7890.0       2.8702707E-9   
  7895.0       2.8194598E-9   
  7900.0       2.8160563E-9   
  7905.0       2.82243E-9     
  7910.0       2.7904137E-9   
  7915.0       2.7538474E-9   
  7920.0       2.7510416E-9   
  7925.0       2.768109E-9    
  7930.0       2.7616562E-9   
  7935.0       2.7431295E-9   
  7940.0       2.7261198E-9   
  7945.0       2.7207367E-9   
  7950.0       2.7514895E-9   
  7955.0       2.7817866E-9   
  7960.0       2.7831837E-9   
  7965.0       2.794698E-9    
  7970.0       2.8125549E-9   
  7975.0       2.821677E-9    
  7980.0       2.8184794E-9   
  7985.0       2.8188045E-9   
  7990.0       2.8216212E-9   
  7995.0       2.7947222E-9   
  8000.0       2.767616E-9    
  8005.0       2.788641E-9    
  8010.0       2.810958E-9    
  8015.0       2.826251E-9    
  8020.0       2.8174283E-9   
  8025.0       2.7708047E-9   
  8030.0       2.7735145E-9   
  8035.0       2.8219682E-9   
  8040.0       2.8184883E-9   
  8045.0       2.7668419E-9   
  8050.0       2.7551876E-9   
  8055.0       2.8039473E-9   
  8060.0       2.833911E-9    
  8065.0       2.8129088E-9   
  8070.0       2.7621483E-9   
  8075.0       2.741121E-9    
  8080.0       2.740388E-9    
  8085.0       2.7249887E-9   
  8090.0       2.698841E-9    
  8095.0       2.6798628E-9   
  8100.0       2.689701E-9    
  8105.0       2.6946627E-9   
  8110.0       2.693881E-9    
  8115.0       2.6987135E-9   
  8120.0       2.7080944E-9   
  8125.0       2.7095022E-9   
  8130.0       2.696941E-9    
  8135.0       2.6894973E-9   
  8140.0       2.6871994E-9   
  8145.0       2.67555E-9     
  8150.0       2.6663742E-9   
  8155.0       2.6654836E-9   
  8160.0       2.6600264E-9   
  8165.0       2.6504678E-9   
  8170.0       2.6682583E-9   
  8175.0       2.6653493E-9   
  8180.0       2.6405962E-9   
  8185.0       2.6354667E-9   
  8190.0       2.6439129E-9   
  8195.0       2.637696E-9    
  8200.0       2.6515214E-9   
  8205.0       2.6837812E-9   
  8210.0       2.686922E-9    
  8215.0       2.6762843E-9   
  8220.0       2.651293E-9    
  8225.0       2.6258615E-9   
  8230.0       2.6354305E-9   
  8235.0       2.6775464E-9   
  8240.0       2.6971017E-9   
  8245.0       2.7104765E-9   
  8250.0       2.711631E-9    
  8255.0       2.7030616E-9   
  8260.0       2.705967E-9    
  8265.0       2.6999392E-9   
  8270.0       2.6807911E-9   
  8275.0       2.6663627E-9   
  8280.0       2.6725233E-9   
  8285.0       2.669298E-9    
  8290.0       2.659223E-9    
  8295.0       2.6458145E-9   
  8300.0       2.6372668E-9   
  8305.0       2.626263E-9    
  8310.0       2.6244114E-9   
  8315.0       2.6289981E-9   
  8320.0       2.6197435E-9   
  8325.0       2.6122633E-9   
  8330.0       2.59841E-9     
  8335.0       2.5961107E-9   
  8340.0       2.6038343E-9   
  8345.0       2.6088063E-9   
  8350.0       2.612916E-9    
  8355.0       2.6201064E-9   
  8360.0       2.6206672E-9   
  8365.0       2.6227465E-9   
  8370.0       2.6289977E-9   
  8375.0       2.6236853E-9   
  8380.0       2.603151E-9    
  8385.0       2.5837559E-9   
  8390.0       2.5926807E-9   
  8395.0       2.614344E-9    
  8400.0       2.6151983E-9   
  8405.0       2.6112292E-9   
  8410.0       2.604101E-9    
  8415.0       2.5984632E-9   
  8420.0       2.5929292E-9   
  8425.0       2.602963E-9    
  8430.0       2.5865465E-9   
  8435.0       2.5733637E-9   
  8440.0       2.5519764E-9   
  8445.0       2.5783307E-9   
  8450.0       2.6072358E-9   
  8455.0       2.6245865E-9   
  8460.0       2.6127485E-9   
  8465.0       2.583829E-9    
  8470.0       2.577563E-9    
  8475.0       2.594784E-9    
  8480.0       2.601E-9       
  8485.0       2.5968816E-9   
  8490.0       2.5403E-9      
  8495.0       2.376703E-9    
  8500.0       2.3155526E-9   
  8505.0       2.469589E-9    
  8510.0       2.5358893E-9   
  8515.0       2.525873E-9    
  8520.0       2.5396178E-9   
  8525.0       2.5421654E-9   
  8530.0       2.4732403E-9   
  8535.0       2.3340487E-9   
  8540.0       2.0293676E-9   
  8545.0       2.01972E-9     
  8550.0       2.319876E-9    
  8555.0       2.4919202E-9   
  8560.0       2.5460587E-9   
  8565.0       2.566668E-9    
  8570.0       2.5711568E-9   
  8575.0       2.5705396E-9   
  8580.0       2.562423E-9    
  8585.0       2.5542788E-9   
  8590.0       2.5557927E-9   
  8595.0       2.5546667E-9   
  8600.0       2.5552125E-9   
  8605.0       2.5489284E-9   
  8610.0       2.524539E-9    
  8615.0       2.5278373E-9   
  8620.0       2.544318E-9    
  8625.0       2.5602822E-9   
  8630.0       2.5734597E-9   
  8635.0       2.5788316E-9   
  8640.0       2.574538E-9    
  8645.0       2.5485751E-9   
  8650.0       2.5000417E-9   
  8655.0       2.383996E-9    
  8660.0       2.135719E-9    
  8665.0       2.1020004E-9   
  8670.0       2.3155506E-9   
  8675.0       2.4304692E-9   
  8680.0       2.4641589E-9   
  8685.0       2.4610234E-9   
  8690.0       2.4640665E-9   
  8695.0       2.508808E-9    
  8700.0       2.5440454E-9   
  8705.0       2.5301619E-9   
  8710.0       2.5191749E-9   
  8715.0       2.5311435E-9   
  8720.0       2.5555258E-9   
  8725.0       2.5444087E-9   
  8730.0       2.5191254E-9   
  8735.0       2.5120848E-9   
  8740.0       2.51111E-9     
  8745.0       2.5101368E-9   
  8750.0       2.5024935E-9   
  8755.0       2.508449E-9    
  8760.0       2.5416351E-9   
  8765.0       2.5218037E-9   
  8770.0       2.5111808E-9   
  8775.0       2.5171754E-9   
  8780.0       2.5289166E-9   
  8785.0       2.5085412E-9   
  8790.0       2.4947153E-9   
  8795.0       2.4841391E-9   
  8800.0       2.4584523E-9   
  8805.0       2.4173559E-9   
  8810.0       2.440186E-9    
  8815.0       2.5028433E-9   
  8820.0       2.4905442E-9   
  8825.0       2.5008007E-9   
  8830.0       2.5376656E-9   
  8835.0       2.4985822E-9   
  8840.0       2.4785818E-9   
  8845.0       2.505566E-9    
  8850.0       2.519836E-9    
  8855.0       2.5136229E-9   
  8860.0       2.4824836E-9   
  8865.0       2.477731E-9    
  8870.0       2.469531E-9    
  8875.0       2.4815705E-9   
  8880.0       2.4843483E-9   
  8885.0       2.5038671E-9   
  8890.0       2.4979128E-9   
  8895.0       2.4896827E-9   
  8900.0       2.5022948E-9   
  8905.0       2.5026294E-9   
  8910.0       2.4895035E-9   
  8915.0       2.49357E-9     
  8920.0       2.483331E-9    
  8925.0       2.4621387E-9   
  8930.0       2.471833E-9    
  8935.0       2.4799125E-9   
  8940.0       2.4655964E-9   
  8945.0       2.4383968E-9   
  8950.0       2.4413993E-9   
  8955.0       2.4585298E-9   
  8960.0       2.4544882E-9   
  8965.0       2.4341227E-9   
  8970.0       2.4339644E-9   
  8975.0       2.428928E-9    
  8980.0       2.4083109E-9   
  8985.0       2.389642E-9    
  8990.0       2.3811841E-9   
  8995.0       2.3888587E-9   
  9000.0       2.369994E-9    
  9005.0       2.381964E-9    
  9010.0       2.3828521E-9   
  9015.0       2.3809286E-9   
  9020.0       2.403797E-9    
  9025.0       2.4416007E-9   
  9030.0       2.4999356E-9   
  9035.0       2.5308942E-9   
  9040.0       2.5345637E-9   
  9045.0       2.5254705E-9   
  9050.0       2.4991487E-9   
  9055.0       2.4629678E-9   
  9060.0       2.4119726E-9   
  9065.0       2.372687E-9    
  9070.0       2.3516473E-9   
  9075.0       2.3296094E-9   
  9080.0       2.30229E-9     
  9085.0       2.28911E-9     
  9090.0       2.2850501E-9   
  9095.0       2.3062319E-9   
  9100.0       2.3106554E-9   
  9105.0       2.3208462E-9   
  9110.0       2.3267595E-9   
  9115.0       2.3111244E-9   
  9120.0       2.3064266E-9   
  9125.0       2.3149513E-9   
  9130.0       2.2969975E-9   
  9135.0       2.2792372E-9   
  9140.0       2.2459081E-9   
  9145.0       2.194782E-9    
  9150.0       2.1689601E-9   
  9155.0       2.1829039E-9   
  9160.0       2.2070787E-9   
  9165.0       2.1717395E-9   
  9170.0       2.1324653E-9   
  9175.0       2.1571034E-9   
  9180.0       2.2049704E-9   
  9185.0       2.2149358E-9   
  9190.0       2.2119306E-9   
  9195.0       2.2114635E-9   
  9200.0       2.218594E-9    
  9205.0       2.2167574E-9   
  9210.0       2.2041355E-9   
  9215.0       2.2055842E-9   
  9220.0       2.2438928E-9   
  9225.0       2.2682345E-9   
  9230.0       2.2568856E-9   
  9235.0       2.241681E-9    
  9240.0       2.224479E-9    
  9245.0       2.2202886E-9   
  9250.0       2.2178128E-9   
  9255.0       2.214778E-9    
  9260.0       2.2246573E-9   
  9265.0       2.2556812E-9   
  9270.0       2.268535E-9    
  9275.0       2.2616347E-9   
  9280.0       2.2503204E-9   
  9285.0       2.2508422E-9   
  9290.0       2.2391082E-9   
  9295.0       2.2205415E-9   
  9300.0       2.2152409E-9   
  9305.0       2.184943E-9    
  9310.0       2.124094E-9    
  9315.0       2.075325E-9    
  9320.0       2.0680742E-9   
  9325.0       2.0855828E-9   
  9330.0       2.1011795E-9   
  9335.0       2.0706943E-9   
  9340.0       2.0739912E-9   
  9345.0       2.0822042E-9   
  9350.0       2.107885E-9    
  9355.0       2.0350368E-9   
  9360.0       2.0570137E-9   
  9365.0       2.0545028E-9   
  9370.0       2.0585684E-9   
  9375.0       2.12095E-9     
  9380.0       2.142048E-9    
  9385.0       2.2442455E-9   
  9390.0       2.3199354E-9   
  9395.0       2.3399533E-9   
  9400.0       2.3038995E-9   
  9405.0       2.2477493E-9   
  9410.0       2.170512E-9    
  9415.0       2.0984008E-9   
  9420.0       2.071323E-9    
  9425.0       2.0528512E-9   
  9430.0       2.001708E-9    
  9435.0       2.0050006E-9   
  9440.0       1.9858197E-9   
  9445.0       2.0356417E-9   
  9450.0       2.0463577E-9   
  9455.0       2.0328597E-9   
  9460.0       2.062439E-9    
  9465.0       2.096739E-9    
  9470.0       2.1073374E-9   
  9475.0       2.1145319E-9   
  9480.0       2.1107005E-9   
  9485.0       2.1245015E-9   
  9490.0       2.1079427E-9   
  9495.0       2.0746143E-9   
  9500.0       2.092852E-9    
  9505.0       2.158125E-9    
  9510.0       2.1793802E-9   
  9515.0       2.151537E-9    
  9520.0       2.13718E-9     
  9525.0       2.1759095E-9   
  9530.0       2.2097155E-9   
  9535.0       2.2314002E-9   
  9540.0       2.2375855E-9   
  9545.0       2.2150508E-9   
  9550.0       2.1658342E-9   
  9555.0       2.1222275E-9   
  9560.0       2.1279996E-9   
  9565.0       2.1176398E-9   
  9570.0       2.1384157E-9   
  9575.0       2.1565658E-9   
  9580.0       2.1233728E-9   
  9585.0       2.1138133E-9   
  9590.0       2.1062299E-9   
  9595.0       2.1148763E-9   
  9600.0       2.1100186E-9   
  9605.0       2.112001E-9    
  9610.0       2.129831E-9    
  9615.0       2.1181639E-9   
  9620.0       2.0832656E-9   
  9625.0       2.069744E-9    
  9630.0       2.0846143E-9   
  9635.0       2.0548907E-9   
  9640.0       2.0452338E-9   
  9645.0       2.0483686E-9   
  9650.0       2.0506465E-9   
  9655.0       2.0484152E-9   
  9660.0       2.034809E-9    
  9665.0       2.0599225E-9   
  9670.0       2.0991409E-9   
  9675.0       2.107348E-9    
  9680.0       2.1144964E-9   
  9685.0       2.1258422E-9   
  9690.0       2.0978177E-9   
  9695.0       2.0805004E-9   
  9700.0       2.0739948E-9   
  9705.0       2.0787883E-9   
  9710.0       2.0912823E-9   
  9715.0       2.0930244E-9   
  9720.0       2.0906123E-9   
  9725.0       2.057452E-9    
  9730.0       2.0295858E-9   
  9735.0       2.0023003E-9   
  9740.0       1.9976434E-9   
  9745.0       2.0140576E-9   
  9750.0       2.017696E-9    
  9755.0       2.0338753E-9   
  9760.0       2.050836E-9    
  9765.0       2.0513975E-9   
  9770.0       2.0816204E-9   
  9775.0       2.0788113E-9   
  9780.0       2.0497355E-9   
  9785.0       2.0481192E-9   
  9790.0       2.059952E-9    
  9795.0       2.0614626E-9   
  9800.0       2.0562279E-9   
  9805.0       2.0918967E-9   
  9810.0       2.0937565E-9   
  9815.0       2.079307E-9    
  9820.0       2.0957354E-9   
  9825.0       2.0749709E-9   
  9830.0       2.0559734E-9   
  9835.0       2.0653472E-9   
  9840.0       2.0786286E-9   
  9845.0       2.0667827E-9   
  9850.0       2.0619095E-9   
  9855.0       2.0767252E-9   
  9860.0       2.0796314E-9   
  9865.0       2.0720976E-9   
  9870.0       2.066785E-9    
  9875.0       2.07112E-9     
  9880.0       2.0651227E-9   
  9885.0       2.067199E-9    
  9890.0       2.0676034E-9   
  9895.0       2.0636748E-9   
  9900.0       2.069891E-9    
  9905.0       2.0769682E-9   
  9910.0       2.0872946E-9   
  9915.0       2.0863213E-9   
  9920.0       2.0882658E-9   
  9925.0       2.0808706E-9   
  9930.0       2.0824469E-9   
  9935.0       2.071054E-9    
  9940.0       2.0705453E-9   
  9945.0       2.0752926E-9   
  9950.0       2.0751314E-9   
  9955.0       2.0717097E-9   
  9960.0       2.089656E-9    
  9965.0       2.0881756E-9   
  9970.0       2.0707271E-9   
  9975.0       2.0699116E-9   
  9980.0       2.076487E-9    
  9985.0       2.0605273E-9   
  9990.0       2.0615245E-9   
  9995.0       2.0708593E-9   
  10000.0      2.0832582E-9   
  10005.0      2.0836854E-9   
  10010.0      2.0795463E-9   
  10015.0      2.07365E-9     
  10020.0      2.067287E-9    
  10025.0      2.0614768E-9   
  10030.0      2.056598E-9    
  10035.0      2.0527577E-9   
  10040.0      2.0500335E-9   
  10045.0      2.0484885E-9   
  10050.0      2.0481155E-9   
  10055.0      2.0488904E-9   
  10060.0      2.0507533E-9   
  10065.0      2.0533317E-9   
  10070.0      2.055431E-9    
  10075.0      2.0555568E-9   
  10080.0      2.0522637E-9   
  10085.0      2.0448137E-9   
  10090.0      2.0343955E-9   
  10095.0      2.0229272E-9   
  10100.0      2.0123296E-9   
  10105.0      2.0039146E-9   
  10110.0      1.9974065E-9   
  10115.0      1.9918953E-9   
  10120.0      1.9864768E-9   
  10125.0      1.9806747E-9   
  10130.0      1.9752233E-9   
  10135.0      1.9712771E-9   
  10140.0      1.9699755E-9   
  10145.0      1.971678E-9    
  10150.0      1.9747595E-9   
  10155.0      1.9767963E-9   
  10160.0      1.9754154E-9   
  10165.0      1.9693556E-9   
  10170.0      1.9602597E-9   
  10175.0      1.9508726E-9   
  10180.0      1.943976E-9    
  10185.0      1.9414839E-9   
  10190.0      1.9430628E-9   
  10195.0      1.9475035E-9   
  10200.0      1.953508E-9    
  10205.0      1.9596318E-9   
  10210.0      1.9640762E-9   
  10215.0      1.9648874E-9   
  10220.0      1.9602746E-9   
  10225.0      1.9500044E-9   
  10230.0      1.9379427E-9   
  10235.0      1.9295234E-9   
  10240.0      1.9300923E-9   
  10245.0      1.94248E-9     
  10250.0      1.962982E-9    
  10255.0      1.985406E-9    
  10260.0      2.0034756E-9   
  10265.0      2.0128694E-9   
  10270.0      2.0143047E-9   
  10275.0      2.0104405E-9   
  10280.0      2.0040467E-9   
  10285.0      1.9972117E-9   
  10290.0      1.9902002E-9   
  10295.0      1.9825859E-9   
  10300.0      1.9739017E-9   
  10305.0      1.9641284E-9   
  10310.0      1.9543887E-9   
  10315.0      1.9462332E-9   
  10320.0      1.9411561E-9   
  10325.0      1.939659E-9    
  10330.0      1.9396336E-9   
  10335.0      1.9379827E-9   
  10340.0      1.9316444E-9   
  10345.0      1.9191149E-9   
  10350.0      1.902852E-9    
  10355.0      1.88685E-9     
  10360.0      1.875126E-9    
  10365.0      1.870341E-9    
  10370.0      1.8716406E-9   
  10375.0      1.8768203E-9   
  10380.0      1.8836097E-9   
  10385.0      1.8904682E-9   
  10390.0      1.897746E-9    
  10395.0      1.90653E-9     
  10400.0      1.9178437E-9   
  10405.0      1.93159E-9     
  10410.0      1.9447033E-9   
  10415.0      1.9529653E-9   
  10420.0      1.9522772E-9   
  10425.0      1.9407307E-9   
  10430.0      1.9220974E-9   
  10435.0      1.9023552E-9   
  10440.0      1.8874844E-9   
  10445.0      1.8814352E-9   
  10450.0      1.8828534E-9   
  10455.0      1.8883424E-9   
  10460.0      1.8944122E-9   
  10465.0      1.8985575E-9   
  10470.0      1.9008388E-9   
  10475.0      1.9023214E-9   
  10480.0      1.904102E-9    
  10485.0      1.9067845E-9   
  10490.0      1.909634E-9    
  10495.0      1.9114272E-9   
  10500.0      1.9108963E-9   
  10505.0      1.9071764E-9   
  10510.0      1.9003594E-9   
  10515.0      1.8909028E-9   
  10520.0      1.8793358E-9   
  10525.0      1.8664859E-9   
  10530.0      1.8539014E-9   
  10535.0      1.8434153E-9   
  10540.0      1.8368538E-9   
  10545.0      1.8355581E-9   
  10550.0      1.8396188E-9   
  10555.0      1.8486496E-9   
  10560.0      1.8621341E-9   
  10565.0      1.878828E-9    
  10570.0      1.8955582E-9   
  10575.0      1.9084074E-9   
  10580.0      1.9135797E-9   
  10585.0      1.909196E-9    
  10590.0      1.898338E-9    
  10595.0      1.8860207E-9   
  10600.0      1.8772761E-9   
  10605.0      1.8756061E-9   
  10610.0      1.8804736E-9   
  10615.0      1.889804E-9    
  10620.0      1.4244302E-9   
