# WAVELENGTH   FLUX           
  1150.0       9.032872E-12   
  1155.0       7.797385E-12   
  1160.0       5.490654E-12   
  1165.0       5.34632E-12    
  1170.0       6.613863E-12   
  1175.0       3.803205E-12   
  1180.0       3.8940713E-12  
  1185.0       4.1359004E-12  
  1190.0       2.5571563E-12  
  1195.0       1.1897783E-12  
  1200.0       6.316001E-12   
  1205.0       1.23222335E-11 
  1210.0       3.6508078E-11  
  1215.0       6.831076E-11   
  1220.0       5.3175037E-11  
  1225.0       1.6929548E-11  
  1230.0       3.2228695E-12  
  1235.0       9.41683E-13    
  1240.0       1.6090674E-12  
  1245.0       1.419351E-12   
  1250.0       2.1416582E-12  
  1255.0       2.4756796E-12  
  1260.0       2.3490407E-12  
  1265.0       1.8923866E-12  
  1270.0       1.262842E-12   
  1275.0       9.306266E-13   
  1280.0       1.8701215E-12  
  1285.0       1.3803363E-12  
  1290.0       4.603815E-13   
  1295.0       5.756857E-13   
  1300.0       1.6148787E-12  
  1305.0       2.7482227E-12  
  1310.0       2.5182582E-12  
  1315.0       1.696308E-12   
  1320.0       9.541186E-13   
  1325.0       6.2003305E-13  
  1330.0       1.7086867E-12  
  1335.0       2.9314626E-12  
  1340.0       2.3953003E-12  
  1345.0       1.537596E-12   
  1350.0       1.8391614E-12  
  1355.0       1.8521263E-12  
  1360.0       2.1880516E-12  
  1365.0       1.3659325E-12  
  1370.0       1.1482393E-12  
  1375.0       1.0968519E-12  
  1380.0       1.6108179E-12  
  1385.0       1.5953033E-12  
  1390.0       1.6514638E-12  
  1395.0       2.1397753E-12  
  1400.0       1.8063949E-12  
  1405.0       1.3058884E-12  
  1410.0       9.670423E-13   
  1415.0       9.91649E-13    
  1420.0       1.570676E-12   
  1425.0       1.6420324E-12  
  1430.0       2.1022272E-12  
  1435.0       1.7657151E-12  
  1440.0       2.1039867E-12  
  1445.0       2.6692125E-12  
  1450.0       3.0280208E-12  
  1455.0       2.9859988E-12  
  1460.0       3.10782E-12    
  1465.0       3.1548813E-12  
  1470.0       3.5421592E-12  
  1475.0       2.8615697E-12  
  1480.0       2.9681776E-12  
  1485.0       3.571136E-12   
  1490.0       2.601602E-12   
  1495.0       2.3464757E-12  
  1500.0       2.9412343E-12  
  1505.0       2.9501581E-12  
  1510.0       2.7775495E-12  
  1515.0       2.9164431E-12  
  1520.0       3.88338E-12    
  1525.0       4.373719E-12   
  1530.0       4.5617143E-12  
  1535.0       4.469058E-12   
  1540.0       4.9499133E-12  
  1545.0       5.817959E-12   
  1550.0       7.480069E-12   
  1555.0       6.3201714E-12  
  1560.0       6.367424E-12   
  1565.0       6.3252645E-12  
  1570.0       5.4260025E-12  
  1575.0       5.689094E-12   
  1580.0       6.0819687E-12  
  1585.0       5.3075543E-12  
  1590.0       5.015605E-12   
  1595.0       5.4912086E-12  
  1600.0       5.383377E-12   
  1605.0       5.209206E-12   
  1610.0       4.8578207E-12  
  1615.0       5.8841395E-12  
  1620.0       5.9254546E-12  
  1625.0       5.76246E-12    
  1630.0       5.2349284E-12  
  1635.0       4.8859515E-12  
  1640.0       6.0733515E-12  
  1645.0       7.073738E-12   
  1650.0       6.8237143E-12  
  1655.0       6.4493025E-12  
  1660.0       6.865724E-12   
  1665.0       7.847192E-12   
  1670.0       8.333638E-12   
  1675.0       8.799587E-12   
  1680.0       9.609468E-12   
  1685.0       1.0359661E-11  
  1690.0       1.0856353E-11  
  1695.0       1.2094685E-11  
  1700.0       1.4401438E-11  
  1705.0       1.7264565E-11  
  1710.0       1.9172752E-11  
  1715.0       2.0169429E-11  
  1720.0       2.1002564E-11  
  1725.0       2.2624017E-11  
  1730.0       2.5531691E-11  
  1735.0       2.583018E-11   
  1740.0       2.7370722E-11  
  1745.0       3.173057E-11   
  1750.0       3.7563376E-11  
  1755.0       4.4069654E-11  
  1760.0       4.715311E-11   
  1765.0       4.8864125E-11  
  1770.0       5.6951256E-11  
  1775.0       7.073717E-11   
  1780.0       7.693903E-11   
  1785.0       7.348809E-11   
  1790.0       7.174956E-11   
  1795.0       7.7645855E-11  
  1800.0       7.99823E-11    
  1805.0       7.530407E-11   
  1810.0       7.294364E-11   
  1815.0       8.0811344E-11  
  1820.0       8.9635174E-11  
  1825.0       9.891364E-11   
  1830.0       9.784334E-11   
  1835.0       9.6067806E-11  
  1840.0       8.587841E-11   
  1845.0       7.237148E-11   
  1850.0       6.5460526E-11  
  1855.0       7.5886755E-11  
  1860.0       8.8178784E-11  
  1865.0       1.0032917E-10  
  1870.0       1.1578072E-10  
  1875.0       1.1791143E-10  
  1880.0       1.2033952E-10  
  1885.0       1.2761024E-10  
  1890.0       1.2881472E-10  
  1895.0       1.2679786E-10  
  1900.0       1.2229387E-10  
  1905.0       1.2879482E-10  
  1910.0       1.3786054E-10  
  1915.0       1.4918354E-10  
  1920.0       1.5705279E-10  
  1925.0       1.4399922E-10  
  1930.0       1.1295041E-10  
  1935.0       1.0479067E-10  
  1940.0       1.4596506E-10  
  1945.0       1.9361857E-10  
  1950.0       2.0543207E-10  
  1955.0       1.8319543E-10  
  1960.0       1.7027113E-10  
  1965.0       1.7836921E-10  
  1970.0       1.4526726E-10  
  1975.0       2.099319E-10   
  1980.0       1.8543951E-10  
  1985.0       2.1870468E-10  
  1990.0       1.7017754E-10  
  1995.0       1.3044867E-10  
  2000.0       1.8974819E-10  
  2005.0       1.7140547E-10  
  2010.0       1.5780606E-10  
  2015.0       2.4814603E-10  
  2020.0       2.5395747E-10  
  2025.0       2.3666086E-10  
  2030.0       2.42016E-10    
  2035.0       2.3113747E-10  
  2040.0       2.2255703E-10  
  2045.0       2.5017724E-10  
  2050.0       2.900232E-10   
  2055.0       2.8469146E-10  
  2060.0       2.6259478E-10  
  2065.0       2.8651317E-10  
  2070.0       3.455813E-10   
  2075.0       3.3451814E-10  
  2080.0       3.9467382E-10  
  2085.0       4.550269E-10   
  2090.0       4.3546905E-10  
  2095.0       3.865619E-10   
  2100.0       4.2493542E-10  
  2105.0       4.3952209E-10  
  2110.0       4.641849E-10   
  2115.0       4.9792387E-10  
  2120.0       5.0829135E-10  
  2125.0       5.440006E-10   
  2130.0       5.8852645E-10  
  2135.0       4.982953E-10   
  2140.0       4.640471E-10   
  2145.0       4.579184E-10   
  2150.0       5.120363E-10   
  2155.0       5.678485E-10   
  2160.0       5.4019667E-10  
  2165.0       4.72645E-10    
  2170.0       4.6280518E-10  
  2175.0       4.1904608E-10  
  2180.0       3.8782613E-10  
  2185.0       4.327971E-10   
  2190.0       5.616843E-10   
  2195.0       6.053774E-10   
  2200.0       6.089658E-10   
  2205.0       5.802029E-10   
  2210.0       5.586315E-10   
  2215.0       5.1756266E-10  
  2220.0       4.773652E-10   
  2225.0       4.866106E-10   
  2230.0       4.9426596E-10  
  2235.0       5.214615E-10   
  2240.0       5.439223E-10   
  2245.0       5.279558E-10   
  2250.0       5.50165E-10    
  2255.0       5.2349214E-10  
  2260.0       5.0973703E-10  
  2265.0       4.795963E-10   
  2270.0       4.550767E-10   
  2275.0       3.951782E-10   
  2280.0       3.6326886E-10  
  2285.0       4.4471296E-10  
  2290.0       5.6357174E-10  
  2295.0       5.602905E-10   
  2300.0       5.137115E-10   
  2305.0       4.797359E-10   
  2310.0       5.192186E-10   
  2315.0       5.6109256E-10  
  2320.0       5.2808563E-10  
  2325.0       5.1167853E-10  
  2330.0       5.3893434E-10  
  2335.0       4.8056803E-10  
  2340.0       3.90733E-10    
  2345.0       3.2473424E-10  
  2350.0       2.7739983E-10  
  2355.0       2.9547276E-10  
  2360.0       3.6511047E-10  
  2365.0       3.59752E-10    
  2370.0       3.2728073E-10  
  2375.0       3.5172174E-10  
  2380.0       3.95902E-10    
  2385.0       3.703007E-10   
  2390.0       2.8250324E-10  
  2395.0       3.0947866E-10  
  2400.0       3.2464464E-10  
  2405.0       2.66044E-10    
  2410.0       2.732801E-10   
  2415.0       2.6031366E-10  
  2420.0       3.0432837E-10  
  2425.0       4.5251186E-10  
  2430.0       5.5257227E-10  
  2435.0       5.424661E-10   
  2440.0       5.3505494E-10  
  2445.0       5.446294E-10   
  2450.0       5.6891825E-10  
  2455.0       5.0765503E-10  
  2460.0       4.538562E-10   
  2465.0       4.3095355E-10  
  2470.0       4.11912E-10    
  2475.0       4.2705525E-10  
  2480.0       4.4935294E-10  
  2485.0       4.3904874E-10  
  2490.0       4.0577758E-10  
  2495.0       3.5910555E-10  
  2500.0       3.987574E-10   
  2505.0       4.9839083E-10  
  2510.0       5.15408E-10    
  2515.0       4.859973E-10   
  2520.0       4.1166856E-10  
  2525.0       3.338574E-10   
  2530.0       3.1950548E-10  
  2535.0       3.3555725E-10  
  2540.0       3.6444725E-10  
  2545.0       3.809004E-10   
  2550.0       4.0520923E-10  
  2555.0       4.5021428E-10  
  2560.0       5.147735E-10   
  2565.0       5.6256283E-10  
  2570.0       6.3548283E-10  
  2575.0       6.844286E-10   
  2580.0       6.0009997E-10  
  2585.0       6.068024E-10   
  2590.0       6.6655925E-10  
  2595.0       6.7699196E-10  
  2600.0       6.200638E-10   
  2605.0       5.295781E-10   
  2610.0       5.2633464E-10  
  2615.0       4.91452E-10    
  2620.0       4.9745996E-10  
  2625.0       5.546394E-10   
  2630.0       5.7231575E-10  
  2635.0       5.635882E-10   
  2640.0       7.588757E-10   
  2645.0       1.0730878E-9   
  2650.0       1.208955E-9    
  2655.0       1.1985106E-9   
  2660.0       1.2104094E-9   
  2665.0       1.1720711E-9   
  2670.0       1.0694827E-9   
  2675.0       1.0663951E-9   
  2680.0       1.1060054E-9   
  2685.0       1.1007562E-9   
  2690.0       1.0775102E-9   
  2695.0       1.0210085E-9   
  2700.0       9.962569E-10   
  2705.0       1.0717551E-9   
  2710.0       1.1105674E-9   
  2715.0       1.0481243E-9   
  2720.0       9.842376E-10   
  2725.0       9.2434865E-10  
  2730.0       9.420359E-10   
  2735.0       9.853981E-10   
  2740.0       9.401762E-10   
  2745.0       7.6804424E-10  
  2750.0       6.594853E-10   
  2755.0       6.3515654E-10  
  2760.0       7.298913E-10   
  2765.0       8.72846E-10    
  2770.0       9.626935E-10   
  2775.0       9.865048E-10   
  2780.0       9.878803E-10   
  2785.0       8.4354085E-10  
  2790.0       7.2027667E-10  
  2795.0       5.775625E-10   
  2800.0       3.832149E-10   
  2805.0       3.1004668E-10  
  2810.0       3.973942E-10   
  2815.0       6.4566186E-10  
  2820.0       9.319063E-10   
  2825.0       1.1410959E-9   
  2830.0       1.2105463E-9   
  2835.0       1.2202777E-9   
  2840.0       1.2371186E-9   
  2845.0       1.2355521E-9   
  2850.0       1.1657438E-9   
  2855.0       9.873486E-10   
  2860.0       9.752523E-10   
  2865.0       1.2387521E-9   
  2870.0       1.358094E-9    
  2875.0       1.3634589E-9   
  2880.0       1.320026E-9    
  2885.0       1.2472359E-9   
  2890.0       1.3562436E-9   
  2895.0       1.4147267E-9   
  2900.0       1.4875068E-9   
  2905.0       1.6810937E-9   
  2910.0       1.8310913E-9   
  2915.0       1.8054556E-9   
  2920.0       1.74851E-9     
  2925.0       1.6436328E-9   
  2930.0       1.5285222E-9   
  2935.0       1.5446259E-9   
  2940.0       1.6336303E-9   
  2945.0       1.6456211E-9   
  2950.0       1.6448669E-9   
  2955.0       1.6923165E-9   
  2960.0       1.8342611E-9   
  2965.0       1.8906372E-9   
  2970.0       1.7990192E-9   
  2975.0       1.7089024E-9   
  2980.0       1.7775423E-9   
  2985.0       1.7008647E-9   
  2990.0       1.5844683E-9   
  2995.0       1.6756155E-9   
  3000.0       1.7331421E-9   
  3005.0       1.630829E-9    
  3010.0       1.6340157E-9   
  3015.0       1.7285852E-9   
  3020.0       1.7428942E-9   
  3025.0       1.6852674E-9   
  3030.0       1.7539843E-9   
  3035.0       1.8255727E-9   
  3040.0       1.8205139E-9   
  3045.0       1.7996584E-9   
  3050.0       1.8580252E-9   
  3055.0       1.9386273E-9   
  3060.0       1.863262E-9    
  3065.0       1.7818614E-9   
  3070.0       1.8223775E-9   
  3075.0       1.8840987E-9   
  3080.0       1.9276636E-9   
  3085.0       1.9924036E-9   
  3090.0       2.0614594E-9   
  3095.0       1.9508841E-9   
  3100.0       1.8504419E-9   
  3105.0       1.8888748E-9   
  3110.0       2.013886E-9    
  3115.0       2.1293216E-9   
  3120.0       2.061389E-9    
  3125.0       1.9580773E-9   
  3130.0       2.015367E-9    
  3135.0       2.1476163E-9   
  3140.0       2.1877493E-9   
  3145.0       2.2107542E-9   
  3150.0       2.0982314E-9   
  3155.0       2.0951523E-9   
  3160.0       2.0626258E-9   
  3165.0       2.0696371E-9   
  3170.0       2.19896E-9     
  3175.0       2.3464417E-9   
  3180.0       2.2807716E-9   
  3185.0       2.1543536E-9   
  3190.0       2.177991E-9    
  3195.0       2.2743205E-9   
  3200.0       2.467483E-9    
  3205.0       2.4930038E-9   
  3210.0       2.4314808E-9   
  3215.0       2.3608167E-9   
  3220.0       2.2900966E-9   
  3225.0       2.2169862E-9   
  3230.0       2.1677988E-9   
  3235.0       2.1697193E-9   
  3240.0       2.2211233E-9   
  3245.0       2.307789E-9    
  3250.0       2.411293E-9    
  3255.0       2.5105937E-9   
  3260.0       2.5813125E-9   
  3265.0       2.6047948E-9   
  3270.0       2.582812E-9    
  3275.0       2.5427518E-9   
  3280.0       2.5551328E-9   
  3285.0       2.655109E-9    
  3290.0       2.7459925E-9   
  3295.0       2.7372262E-9   
  3300.0       2.6844653E-9   
  3305.0       2.6648834E-9   
  3310.0       2.6641704E-9   
  3315.0       2.6482891E-9   
  3320.0       2.6261866E-9   
  3325.0       2.6141511E-9   
  3330.0       2.6028448E-9   
  3335.0       2.585297E-9    
  3340.0       2.5857392E-9   
  3345.0       2.615538E-9    
  3350.0       2.6227136E-9   
  3355.0       2.5652303E-9   
  3360.0       2.4902764E-9   
  3365.0       2.459038E-9    
  3370.0       2.478304E-9    
  3375.0       2.5290763E-9   
  3380.0       2.5816835E-9   
  3385.0       2.6124773E-9   
  3390.0       2.6224056E-9   
  3395.0       2.6204827E-9   
  3400.0       2.612763E-9    
  3405.0       2.60447E-9     
  3410.0       2.6023237E-9   
  3415.0       2.6112996E-9   
  3420.0       2.6291835E-9   
  3425.0       2.642435E-9    
  3430.0       2.6172453E-9   
  3435.0       2.5407783E-9   
  3440.0       2.4735534E-9   
  3445.0       2.4742868E-9   
  3450.0       2.5228994E-9   
  3455.0       2.5715459E-9   
  3460.0       2.5814266E-9   
  3465.0       2.5405937E-9   
  3470.0       2.494761E-9    
  3475.0       2.4860722E-9   
  3480.0       2.4920899E-9   
  3485.0       2.4867672E-9   
  3490.0       2.4989104E-9   
  3495.0       2.5578577E-9   
  3500.0       2.6376066E-9   
  3505.0       2.686093E-9    
  3510.0       2.6488212E-9   
  3515.0       2.666555E-9    
  3520.0       2.6444662E-9   
  3525.0       2.6347722E-9   
  3530.0       2.7098164E-9   
  3535.0       2.7945504E-9   
  3540.0       2.8631295E-9   
  3545.0       2.8966471E-9   
  3550.0       2.8652376E-9   
  3555.0       2.7998819E-9   
  3560.0       2.730212E-9    
  3565.0       2.5896634E-9   
  3570.0       2.4859772E-9   
  3575.0       2.4522855E-9   
  3580.0       2.4056088E-9   
  3585.0       2.3957551E-9   
  3590.0       2.5411155E-9   
  3595.0       2.6788154E-9   
  3600.0       2.684071E-9    
  3605.0       2.579908E-9    
  3610.0       2.4692444E-9   
  3615.0       2.4760962E-9   
  3620.0       2.5133229E-9   
  3625.0       2.6470788E-9   
  3630.0       2.6139624E-9   
  3635.0       2.5785614E-9   
  3640.0       2.6805684E-9   
  3645.0       2.6586573E-9   
  3650.0       2.705156E-9    
  3655.0       2.9030245E-9   
  3660.0       2.988619E-9    
  3665.0       2.9224876E-9   
  3670.0       2.8773195E-9   
  3675.0       2.8512057E-9   
  3680.0       2.786817E-9    
  3685.0       2.7961293E-9   
  3690.0       2.8677976E-9   
  3695.0       3.0206584E-9   
  3700.0       3.0466345E-9   
  3705.0       2.8784928E-9   
  3710.0       2.8783855E-9   
  3715.0       3.0500875E-9   
  3720.0       2.9068148E-9   
  3725.0       2.8791936E-9   
  3730.0       2.8560785E-9   
  3735.0       2.6737481E-9   
  3740.0       2.814279E-9    
  3745.0       2.7682743E-9   
  3750.0       2.716979E-9    
  3755.0       3.0624416E-9   
  3760.0       3.106902E-9    
  3765.0       3.0466236E-9   
  3770.0       2.9671907E-9   
  3775.0       3.317371E-9    
  3780.0       3.7264467E-9   
  3785.0       3.708972E-9    
  3790.0       3.3384542E-9   
  3795.0       3.0149023E-9   
  3800.0       3.1550833E-9   
  3805.0       3.6032897E-9   
  3810.0       3.7920684E-9   
  3815.0       3.62464E-9     
  3820.0       3.4268992E-9   
  3825.0       3.0680942E-9   
  3830.0       2.6595006E-9   
  3835.0       2.4795483E-9   
  3840.0       2.9336094E-9   
  3845.0       3.5906274E-9   
  3850.0       3.9234593E-9   
  3855.0       3.9202894E-9   
  3860.0       3.9186263E-9   
  3865.0       3.9950208E-9   
  3870.0       3.8326284E-9   
  3875.0       3.639398E-9    
  3880.0       3.4101366E-9   
  3885.0       2.9791456E-9   
  3890.0       2.9251286E-9   
  3895.0       3.3526508E-9   
  3900.0       3.6121341E-9   
  3905.0       3.5715526E-9   
  3910.0       3.717777E-9    
  3915.0       3.7529237E-9   
  3920.0       3.545895E-9    
  3925.0       3.0613911E-9   
  3930.0       2.392064E-9    
  3935.0       2.1938285E-9   
  3940.0       2.6232347E-9   
  3945.0       3.110153E-9    
  3950.0       3.4366776E-9   
  3955.0       3.4930892E-9   
  3960.0       3.176032E-9    
  3965.0       2.5861229E-9   
  3970.0       2.3642965E-9   
  3975.0       2.7860307E-9   
  3980.0       3.3106637E-9   
  3985.0       3.7063241E-9   
  3990.0       3.9998387E-9   
  3995.0       4.159655E-9    
  4000.0       4.215976E-9    
  4005.0       4.2282164E-9   
  4010.0       4.30136E-9     
  4015.0       4.380951E-9    
  4020.0       4.4331863E-9   
  4025.0       4.4265596E-9   
  4030.0       4.340834E-9    
  4035.0       4.3204276E-9   
  4040.0       4.3188524E-9   
  4045.0       4.271685E-9    
  4050.0       4.312738E-9    
  4055.0       4.249698E-9    
  4060.0       4.1781196E-9   
  4065.0       4.1451638E-9   
  4070.0       4.1426103E-9   
  4075.0       4.1314263E-9   
  4080.0       4.197163E-9    
  4085.0       4.2646757E-9   
  4090.0       4.1680273E-9   
  4095.0       3.843943E-9    
  4100.0       3.5001027E-9   
  4105.0       3.5547458E-9   
  4110.0       3.8683594E-9   
  4115.0       4.1316772E-9   
  4120.0       4.257654E-9    
  4125.0       4.308654E-9    
  4130.0       4.324857E-9    
  4135.0       4.3717674E-9   
  4140.0       4.4138866E-9   
  4145.0       4.421364E-9    
  4150.0       4.4333834E-9   
  4155.0       4.428149E-9    
  4160.0       4.4657265E-9   
  4165.0       4.45271E-9     
  4170.0       4.3306847E-9   
  4175.0       4.2510098E-9   
  4180.0       4.2819117E-9   
  4185.0       4.2980677E-9   
  4190.0       4.3280166E-9   
  4195.0       4.3260124E-9   
  4200.0       4.314128E-9    
  4205.0       4.3993635E-9   
  4210.0       4.4792343E-9   
  4215.0       4.4546073E-9   
  4220.0       4.35123E-9     
  4225.0       4.2005777E-9   
  4230.0       4.221102E-9    
  4235.0       4.242568E-9    
  4240.0       4.2705675E-9   
  4245.0       4.312407E-9    
  4250.0       4.324167E-9    
  4255.0       4.3247885E-9   
  4260.0       4.2944954E-9   
  4265.0       4.2914734E-9   
  4270.0       4.2215116E-9   
  4275.0       4.1990336E-9   
  4280.0       4.208224E-9    
  4285.0       4.1231254E-9   
  4290.0       4.0205976E-9   
  4295.0       3.9159187E-9   
  4300.0       3.7256926E-9   
  4305.0       3.653029E-9    
  4310.0       3.732643E-9    
  4315.0       3.9448143E-9   
  4320.0       4.0736707E-9   
  4325.0       4.0427164E-9   
  4330.0       4.0095536E-9   
  4335.0       3.7803534E-9   
  4340.0       3.5084036E-9   
  4345.0       3.6310182E-9   
  4350.0       3.8595975E-9   
  4355.0       4.081587E-9    
  4360.0       4.298362E-9    
  4365.0       4.3972017E-9   
  4370.0       4.3610893E-9   
  4375.0       4.299981E-9    
  4380.0       4.2294674E-9   
  4385.0       4.1574135E-9   
  4390.0       4.220008E-9    
  4395.0       4.27926E-9     
  4400.0       4.2957797E-9   
  4405.0       4.3136166E-9   
  4410.0       4.3677404E-9   
  4415.0       4.389745E-9    
  4420.0       4.420935E-9    
  4425.0       4.4414303E-9   
  4430.0       4.4320623E-9   
  4435.0       4.4152504E-9   
  4440.0       4.4180894E-9   
  4445.0       4.3766204E-9   
  4450.0       4.334978E-9    
  4455.0       4.252011E-9    
  4460.0       4.2454564E-9   
  4465.0       4.317897E-9    
  4470.0       4.3971022E-9   
  4475.0       4.459567E-9    
  4480.0       4.415889E-9    
  4485.0       4.4069237E-9   
  4490.0       4.4008903E-9   
  4495.0       4.4335975E-9   
  4500.0       4.507994E-9    
  4505.0       4.5795936E-9   
  4510.0       4.5894515E-9   
  4515.0       4.552305E-9    
  4520.0       4.4792876E-9   
  4525.0       4.375859E-9    
  4530.0       4.301058E-9    
  4535.0       4.347795E-9    
  4540.0       4.4054085E-9   
  4545.0       4.369377E-9    
  4550.0       4.320724E-9    
  4555.0       4.3465773E-9   
  4560.0       4.395358E-9    
  4565.0       4.418079E-9    
  4570.0       4.4532884E-9   
  4575.0       4.458231E-9    
  4580.0       4.399615E-9    
  4585.0       4.3689745E-9   
  4590.0       4.3694057E-9   
  4595.0       4.3738546E-9   
  4600.0       4.391688E-9    
  4605.0       4.43113E-9     
  4610.0       4.4637884E-9   
  4615.0       4.4690567E-9   
  4620.0       4.475206E-9    
  4625.0       4.4721236E-9   
  4630.0       4.4292454E-9   
  4635.0       4.3968993E-9   
  4640.0       4.383187E-9    
  4645.0       4.3483754E-9   
  4650.0       4.351034E-9    
  4655.0       4.377547E-9    
  4660.0       4.3914588E-9   
  4665.0       4.3260173E-9   
  4670.0       4.303066E-9    
  4675.0       4.3326973E-9   
  4680.0       4.3578123E-9   
  4685.0       4.3812056E-9   
  4690.0       4.369931E-9    
  4695.0       4.3384962E-9   
  4700.0       4.243337E-9    
  4705.0       4.1963593E-9   
  4710.0       4.2255914E-9   
  4715.0       4.293146E-9    
  4720.0       4.3425707E-9   
  4725.0       4.344665E-9    
  4730.0       4.2916843E-9   
  4735.0       4.270008E-9    
  4740.0       4.295E-9       
  4745.0       4.3133226E-9   
  4750.0       4.3028625E-9   
  4755.0       4.2534447E-9   
  4760.0       4.2135633E-9   
  4765.0       4.187421E-9    
  4770.0       4.2268034E-9   
  4775.0       4.2742028E-9   
  4780.0       4.2617248E-9   
  4785.0       4.227631E-9    
  4790.0       4.2259036E-9   
  4795.0       4.2404493E-9   
  4800.0       4.2367807E-9   
  4805.0       4.2432573E-9   
  4810.0       4.2682697E-9   
  4815.0       4.288353E-9    
  4820.0       4.2596247E-9   
  4825.0       4.219699E-9    
  4830.0       4.20466E-9     
  4835.0       4.202483E-9    
  4840.0       4.1679042E-9   
  4845.0       4.0821524E-9   
  4850.0       3.9060075E-9   
  4855.0       3.5891692E-9   
  4860.0       3.2863074E-9   
  4865.0       3.324981E-9    
  4870.0       3.5489256E-9   
  4875.0       3.735971E-9    
  4880.0       3.9101757E-9   
  4885.0       3.9751415E-9   
  4890.0       4.0180033E-9   
  4895.0       4.096948E-9    
  4900.0       4.1253605E-9   
  4905.0       4.126878E-9    
  4910.0       4.1286996E-9   
  4915.0       4.123231E-9    
  4920.0       4.0471226E-9   
  4925.0       4.042739E-9    
  4930.0       4.0737844E-9   
  4935.0       4.0477888E-9   
  4940.0       4.0684984E-9   
  4945.0       4.1443338E-9   
  4950.0       4.1734785E-9   
  4955.0       4.134318E-9    
  4960.0       4.118757E-9    
  4965.0       4.1413792E-9   
  4970.0       4.1325685E-9   
  4975.0       4.11029E-9     
  4980.0       4.022558E-9    
  4985.0       3.990177E-9    
  4990.0       4.0463912E-9   
  4995.0       4.057073E-9    
  5000.0       4.0262207E-9   
  5005.0       3.963521E-9    
  5010.0       3.915415E-9    
  5015.0       3.869696E-9    
  5020.0       3.88316E-9     
  5025.0       3.9306993E-9   
  5030.0       3.971244E-9    
  5035.0       3.9595527E-9   
  5040.0       3.9190375E-9   
  5045.0       3.959349E-9    
  5050.0       3.986687E-9    
  5055.0       4.03213E-9     
  5060.0       4.0736636E-9   
  5065.0       4.042753E-9    
  5070.0       4.0042893E-9   
  5075.0       3.966712E-9    
  5080.0       3.9516834E-9   
  5085.0       3.9903574E-9   
  5090.0       4.038574E-9    
  5095.0       4.0326924E-9   
  5100.0       3.9976475E-9   
  5105.0       3.9975743E-9   
  5110.0       3.994315E-9    
  5115.0       4.0252814E-9   
  5120.0       4.0167554E-9   
  5125.0       3.96575E-9     
  5130.0       3.922243E-9    
  5135.0       3.891286E-9    
  5140.0       3.867854E-9    
  5145.0       3.8826546E-9   
  5150.0       3.9023487E-9   
  5155.0       3.900065E-9    
  5160.0       3.853964E-9    
  5165.0       3.7100443E-9   
  5170.0       3.6147647E-9   
  5175.0       3.6730137E-9   
  5180.0       3.6957866E-9   
  5185.0       3.6575838E-9   
  5190.0       3.6993086E-9   
  5195.0       3.740563E-9    
  5200.0       3.7727297E-9   
  5205.0       3.7696952E-9   
  5210.0       3.8025867E-9   
  5215.0       3.8305212E-9   
  5220.0       3.8435806E-9   
  5225.0       3.7973256E-9   
  5230.0       3.779642E-9    
  5235.0       3.8088763E-9   
  5240.0       3.846342E-9    
  5245.0       3.8665267E-9   
  5250.0       3.8655865E-9   
  5255.0       3.8605696E-9   
  5260.0       3.790727E-9    
  5265.0       3.6576713E-9   
  5270.0       3.6254364E-9   
  5275.0       3.6738017E-9   
  5280.0       3.7439634E-9   
  5285.0       3.8205914E-9   
  5290.0       3.8964596E-9   
  5295.0       3.8782866E-9   
  5300.0       3.833611E-9    
  5305.0       3.857656E-9    
  5310.0       3.8727164E-9   
  5315.0       3.8466195E-9   
  5320.0       3.792158E-9    
  5325.0       3.706778E-9    
  5330.0       3.6727485E-9   
  5335.0       3.706782E-9    
  5340.0       3.7178676E-9   
  5345.0       3.7557406E-9   
  5350.0       3.799304E-9    
  5355.0       3.8314845E-9   
  5360.0       3.797015E-9    
  5365.0       3.7234553E-9   
  5370.0       3.7076482E-9   
  5375.0       3.7600683E-9   
  5380.0       3.797591E-9    
  5385.0       3.7993786E-9   
  5390.0       3.7703876E-9   
  5395.0       3.718313E-9    
  5400.0       3.677426E-9    
  5405.0       3.6388845E-9   
  5410.0       3.6531151E-9   
  5415.0       3.6925216E-9   
  5420.0       3.7099748E-9   
  5425.0       3.6915104E-9   
  5430.0       3.6745866E-9   
  5435.0       3.687075E-9    
  5440.0       3.735818E-9    
  5445.0       3.7348227E-9   
  5450.0       3.7363814E-9   
  5455.0       3.7268406E-9   
  5460.0       3.713265E-9    
  5465.0       3.6849241E-9   
  5470.0       3.6737977E-9   
  5475.0       3.6308643E-9   
  5480.0       3.6147048E-9   
  5485.0       3.6472008E-9   
  5490.0       3.658092E-9    
  5495.0       3.6549006E-9   
  5500.0       3.6399452E-9   
  5505.0       3.6227545E-9   
  5510.0       3.610917E-9    
  5515.0       3.6100363E-9   
  5520.0       3.612833E-9    
  5525.0       3.5925571E-9   
  5530.0       3.5917238E-9   
  5535.0       3.6116763E-9   
  5540.0       3.6394125E-9   
  5545.0       3.6529464E-9   
  5550.0       3.6473404E-9   
  5555.0       3.630922E-9    
  5560.0       3.6129837E-9   
  5565.0       3.5825685E-9   
  5570.0       3.5482692E-9   
  5575.0       3.5399579E-9   
  5580.0       3.533473E-9    
  5585.0       3.48443E-9     
  5590.0       3.4527063E-9   
  5595.0       3.4484102E-9   
  5600.0       3.4642234E-9   
  5605.0       3.5206538E-9   
  5610.0       3.5617878E-9   
  5615.0       3.5261296E-9   
  5620.0       3.5097132E-9   
  5625.0       3.5145478E-9   
  5630.0       3.5272263E-9   
  5635.0       3.5288559E-9   
  5640.0       3.5378047E-9   
  5645.0       3.5624446E-9   
  5650.0       3.5555612E-9   
  5655.0       3.4951664E-9   
  5660.0       3.4441365E-9   
  5665.0       3.4416325E-9   
  5670.0       3.469911E-9    
  5675.0       3.5006937E-9   
  5680.0       3.4947298E-9   
  5685.0       3.4656285E-9   
  5690.0       3.4525443E-9   
  5695.0       3.4463183E-9   
  5700.0       3.426706E-9    
  5705.0       3.3879386E-9   
  5710.0       3.3650307E-9   
  5715.0       3.39955E-9     
  5720.0       3.448219E-9    
  5725.0       3.478823E-9    
  5730.0       3.4709944E-9   
  5735.0       3.4662988E-9   
  5740.0       3.4568217E-9   
  5745.0       3.4393866E-9   
  5750.0       3.417893E-9    
  5755.0       3.3976066E-9   
  5760.0       3.4019263E-9   
  5765.0       3.4082848E-9   
  5770.0       3.4189114E-9   
  5775.0       3.411674E-9    
  5780.0       3.398392E-9    
  5785.0       3.3827745E-9   
  5790.0       3.3823457E-9   
  5795.0       3.3824499E-9   
  5800.0       3.3864345E-9   
  5805.0       3.3954406E-9   
  5810.0       3.4056453E-9   
  5815.0       3.416489E-9    
  5820.0       3.4273648E-9   
  5825.0       3.420441E-9    
  5830.0       3.4114431E-9   
  5835.0       3.4141652E-9   
  5840.0       3.4181644E-9   
  5845.0       3.4158434E-9   
  5850.0       3.39744E-9     
  5855.0       3.3615228E-9   
  5860.0       3.352183E-9    
  5865.0       3.37271E-9     
  5870.0       3.3836822E-9   
  5875.0       3.359503E-9    
  5880.0       3.3329606E-9   
  5885.0       3.2759937E-9   
  5890.0       3.1823837E-9   
  5895.0       3.1508982E-9   
  5900.0       3.215517E-9    
  5905.0       3.2780414E-9   
  5910.0       3.298512E-9    
  5915.0       3.3059164E-9   
  5920.0       3.3020924E-9   
  5925.0       3.2931096E-9   
  5930.0       3.2796788E-9   
  5935.0       3.281133E-9    
  5940.0       3.262325E-9    
  5945.0       3.2431042E-9   
  5950.0       3.2332854E-9   
  5955.0       3.238477E-9    
  5960.0       3.252216E-9    
  5965.0       3.2540366E-9   
  5970.0       3.2424803E-9   
  5975.0       3.2270924E-9   
  5980.0       3.219261E-9    
  5985.0       3.2112555E-9   
  5990.0       3.218376E-9    
  5995.0       3.224603E-9    
  6000.0       3.2120118E-9   
  6005.0       3.1788623E-9   
  6010.0       3.1512093E-9   
  6015.0       3.1206144E-9   
  6020.0       3.1098784E-9   
  6025.0       3.1341822E-9   
  6030.0       3.1625498E-9   
  6035.0       3.1747005E-9   
  6040.0       3.1647058E-9   
  6045.0       3.1596394E-9   
  6050.0       3.176948E-9    
  6055.0       3.1771181E-9   
  6060.0       3.1760596E-9   
  6065.0       3.1683742E-9   
  6070.0       3.1754563E-9   
  6075.0       3.1605756E-9   
  6080.0       3.1424434E-9   
  6085.0       3.1307155E-9   
  6090.0       3.1182157E-9   
  6095.0       3.103207E-9    
  6100.0       3.0871852E-9   
  6105.0       3.0952279E-9   
  6110.0       3.1281888E-9   
  6115.0       3.1309724E-9   
  6120.0       3.1176806E-9   
  6125.0       3.1025067E-9   
  6130.0       3.0893486E-9   
  6135.0       3.0531453E-9   
  6140.0       3.0391991E-9   
  6145.0       3.047654E-9    
  6150.0       3.0533651E-9   
  6155.0       3.054402E-9    
  6160.0       3.0278566E-9   
  6165.0       3.0074498E-9   
  6170.0       3.0015197E-9   
  6175.0       3.023907E-9    
  6180.0       3.0432314E-9   
  6185.0       3.064671E-9    
  6190.0       3.067681E-9    
  6195.0       3.080585E-9    
  6200.0       3.0916827E-9   
  6205.0       3.079094E-9    
  6210.0       3.066028E-9    
  6215.0       3.0486336E-9   
  6220.0       3.040548E-9    
  6225.0       3.0403156E-9   
  6230.0       3.0148897E-9   
  6235.0       3.0002463E-9   
  6240.0       2.9917269E-9   
  6245.0       2.9764644E-9   
  6250.0       2.9758214E-9   
  6255.0       2.9683043E-9   
  6260.0       2.9702063E-9   
  6265.0       2.9718896E-9   
  6270.0       2.9707978E-9   
  6275.0       2.9447709E-9   
  6280.0       2.911063E-9    
  6285.0       2.9364993E-9   
  6290.0       2.9526175E-9   
  6295.0       2.9371383E-9   
  6300.0       2.9212375E-9   
  6305.0       2.9192744E-9   
  6310.0       2.9095535E-9   
  6315.0       2.8960077E-9   
  6320.0       2.9034968E-9   
  6325.0       2.9308789E-9   
  6330.0       2.9412646E-9   
  6335.0       2.9274168E-9   
  6340.0       2.9146179E-9   
  6345.0       2.9052796E-9   
  6350.0       2.9132627E-9   
  6355.0       2.9177094E-9   
  6360.0       2.9037481E-9   
  6365.0       2.9073757E-9   
  6370.0       2.9159142E-9   
  6375.0       2.9230591E-9   
  6380.0       2.9185314E-9   
  6385.0       2.919292E-9    
  6390.0       2.917007E-9    
  6395.0       2.9014484E-9   
  6400.0       2.8844318E-9   
  6405.0       2.878478E-9    
  6410.0       2.870192E-9    
  6415.0       2.868399E-9    
  6420.0       2.8514033E-9   
  6425.0       2.8523603E-9   
  6430.0       2.8478413E-9   
  6435.0       2.8474039E-9   
  6440.0       2.8536051E-9   
  6445.0       2.8513092E-9   
  6450.0       2.821381E-9    
  6455.0       2.798455E-9    
  6460.0       2.7862819E-9   
  6465.0       2.7857798E-9   
  6470.0       2.7977338E-9   
  6475.0       2.8038318E-9   
  6480.0       2.800033E-9    
  6485.0       2.7852776E-9   
  6490.0       2.7492761E-9   
  6495.0       2.7208822E-9   
  6500.0       2.7620357E-9   
  6505.0       2.805822E-9    
  6510.0       2.813066E-9    
  6515.0       2.8071077E-9   
  6520.0       2.8155365E-9   
  6525.0       2.8205922E-9   
  6530.0       2.8168365E-9   
  6535.0       2.8205316E-9   
  6540.0       2.8045735E-9   
  6545.0       2.7403269E-9   
  6550.0       2.6359726E-9   
  6555.0       2.4723479E-9   
  6560.0       2.2612539E-9   
  6565.0       2.2321138E-9   
  6570.0       2.396603E-9    
  6575.0       2.5405882E-9   
  6580.0       2.6423437E-9   
  6585.0       2.6962823E-9   
  6590.0       2.7110552E-9   
  6595.0       2.7071445E-9   
  6600.0       2.71338E-9     
  6605.0       2.7199696E-9   
  6610.0       2.7270908E-9   
  6615.0       2.7339504E-9   
  6620.0       2.7366356E-9   
  6625.0       2.7242424E-9   
  6630.0       2.6997968E-9   
  6635.0       2.690885E-9    
  6640.0       2.7070417E-9   
  6645.0       2.7217655E-9   
  6650.0       2.7278837E-9   
  6655.0       2.7217462E-9   
  6660.0       2.707778E-9    
  6665.0       2.6944573E-9   
  6670.0       2.6815403E-9   
  6675.0       2.6686182E-9   
  6680.0       2.6614233E-9   
  6685.0       2.6595994E-9   
  6690.0       2.6528735E-9   
  6695.0       2.6538545E-9   
  6700.0       2.6549005E-9   
  6705.0       2.6467637E-9   
  6710.0       2.6383828E-9   
  6715.0       2.634068E-9    
  6720.0       2.6380955E-9   
  6725.0       2.651031E-9    
  6730.0       2.644583E-9    
  6735.0       2.6300837E-9   
  6740.0       2.6140667E-9   
  6745.0       2.5921314E-9   
  6750.0       2.5808966E-9   
  6755.0       2.5889342E-9   
  6760.0       2.6031666E-9   
  6765.0       2.6126032E-9   
  6770.0       2.6321683E-9   
  6775.0       2.6355775E-9   
  6780.0       2.6251188E-9   
  6785.0       2.6156965E-9   
  6790.0       2.6165592E-9   
  6795.0       2.620896E-9    
  6800.0       2.625464E-9    
  6805.0       2.610211E-9    
  6810.0       2.6057445E-9   
  6815.0       2.6071272E-9   
  6820.0       2.5947817E-9   
  6825.0       2.5807243E-9   
  6830.0       2.5652949E-9   
  6835.0       2.5422697E-9   
  6840.0       2.5168785E-9   
  6845.0       2.5086175E-9   
  6850.0       2.5033025E-9   
  6855.0       2.493385E-9    
  6860.0       2.4747855E-9   
  6865.0       2.447743E-9    
  6870.0       2.4183993E-9   
  6875.0       2.3964732E-9   
  6880.0       2.389853E-9    
  6885.0       2.3997921E-9   
  6890.0       2.4195257E-9   
  6895.0       2.4374276E-9   
  6900.0       2.4436266E-9   
  6905.0       2.4360252E-9   
  6910.0       2.4214004E-9   
  6915.0       2.4113433E-9   
  6920.0       2.4152416E-9   
  6925.0       2.4341702E-9   
  6930.0       2.4597233E-9   
  6935.0       2.4791655E-9   
  6940.0       2.483175E-9    
  6945.0       2.471001E-9    
  6950.0       2.4501743E-9   
  6955.0       2.430996E-9    
  6960.0       2.4193185E-9   
  6965.0       2.4131748E-9   
  6970.0       2.4136768E-9   
  6975.0       2.4482287E-9   
  6980.0       2.4360045E-9   
  6985.0       2.4193436E-9   
  6990.0       2.3965367E-9   
  6995.0       2.3927933E-9   
  7000.0       2.3878524E-9   
  7005.0       2.3805717E-9   
  7010.0       2.3840567E-9   
  7015.0       2.380897E-9    
  7020.0       2.3667364E-9   
  7025.0       2.3525912E-9   
  7030.0       2.3465663E-9   
  7035.0       2.3581974E-9   
  7040.0       2.3793227E-9   
  7045.0       2.3938331E-9   
  7050.0       2.400122E-9    
  7055.0       2.4037456E-9   
  7060.0       2.3896138E-9   
  7065.0       2.3715265E-9   
  7070.0       2.3778843E-9   
  7075.0       2.402799E-9    
  7080.0       2.4208429E-9   
  7085.0       2.423847E-9    
  7090.0       2.4188878E-9   
  7095.0       2.412474E-9    
  7100.0       2.4077595E-9   
  7105.0       2.4063325E-9   
  7110.0       2.4003497E-9   
  7115.0       2.3926436E-9   
  7120.0       2.3764988E-9   
  7125.0       2.3512259E-9   
  7130.0       2.3428728E-9   
  7135.0       2.3642905E-9   
  7140.0       2.389478E-9    
  7145.0       2.3942985E-9   
  7150.0       2.394515E-9    
  7155.0       2.3869164E-9   
  7160.0       2.3528786E-9   
  7165.0       2.3050737E-9   
  7170.0       2.291356E-9    
  7175.0       2.2854008E-9   
  7180.0       2.2765556E-9   
  7185.0       2.2422806E-9   
  7190.0       2.2359932E-9   
  7195.0       2.2272892E-9   
  7200.0       2.211627E-9    
  7205.0       2.2151918E-9   
  7210.0       2.2464217E-9   
  7215.0       2.2795263E-9   
  7220.0       2.2897166E-9   
  7225.0       2.2729103E-9   
  7230.0       2.2557083E-9   
  7235.0       2.246919E-9    
  7240.0       2.2568845E-9   
  7245.0       2.2520867E-9   
  7250.0       2.2287543E-9   
  7255.0       2.197637E-9    
  7260.0       2.196066E-9    
  7265.0       2.2158848E-9   
  7270.0       2.2422977E-9   
  7275.0       2.2328697E-9   
  7280.0       2.2252165E-9   
  7285.0       2.2125104E-9   
  7290.0       2.163522E-9    
  7295.0       2.1566071E-9   
  7300.0       2.1866773E-9   
  7305.0       2.1843725E-9   
  7310.0       2.2021305E-9   
  7315.0       2.233087E-9    
  7320.0       2.2411606E-9   
  7325.0       2.2325446E-9   
  7330.0       2.225538E-9    
  7335.0       2.2300843E-9   
  7340.0       2.2278996E-9   
  7345.0       2.205839E-9    
  7350.0       2.1879125E-9   
  7355.0       2.1877877E-9   
  7360.0       2.179963E-9    
  7365.0       2.1604574E-9   
  7370.0       2.1709363E-9   
  7375.0       2.185051E-9    
  7380.0       2.1760642E-9   
  7385.0       2.1456774E-9   
  7390.0       2.1279967E-9   
  7395.0       2.1263598E-9   
  7400.0       2.1286595E-9   
  7405.0       2.1526E-9      
  7410.0       2.1552187E-9   
  7415.0       2.1581203E-9   
  7420.0       2.1624667E-9   
  7425.0       2.1704338E-9   
  7430.0       2.1781865E-9   
  7435.0       2.1712632E-9   
  7440.0       2.149144E-9    
  7445.0       2.1257616E-9   
  7450.0       2.1170452E-9   
  7455.0       2.1262516E-9   
  7460.0       2.142419E-9    
  7465.0       2.1534532E-9   
  7470.0       2.1520337E-9   
  7475.0       2.1380044E-9   
  7480.0       2.1188675E-9   
  7485.0       2.1055173E-9   
  7490.0       2.0978137E-9   
  7495.0       2.0961886E-9   
  7500.0       2.0973214E-9   
  7505.0       2.0944784E-9   
  7510.0       2.0838464E-9   
  7515.0       2.076772E-9    
  7520.0       2.074674E-9    
  7525.0       2.0718858E-9   
  7530.0       2.0730988E-9   
  7535.0       2.0845015E-9   
  7540.0       2.0989128E-9   
  7545.0       2.106972E-9    
  7550.0       2.1006306E-9   
  7555.0       2.0974256E-9   
  7560.0       2.0951458E-9   
  7565.0       2.0928708E-9   
  7570.0       2.0905924E-9   
  7575.0       2.0883102E-9   
  7580.0       2.0860307E-9   
  7585.0       2.0837545E-9   
  7590.0       2.0814774E-9   
  7595.0       2.0791997E-9   
  7600.0       2.0769177E-9   
  7605.0       2.0746416E-9   
  7610.0       2.0723598E-9   
  7615.0       2.0700806E-9   
  7620.0       2.0678017E-9   
  7625.0       2.0655198E-9   
  7630.0       2.0632427E-9   
  7635.0       2.060963E-9    
  7640.0       2.0586886E-9   
  7645.0       2.0564026E-9   
  7650.0       2.0541313E-9   
  7655.0       2.0518496E-9   
  7660.0       2.0495694E-9   
  7665.0       2.0472901E-9   
  7670.0       2.045012E-9    
  7675.0       2.042733E-9    
  7680.0       2.0404554E-9   
  7685.0       2.0381745E-9   
  7690.0       2.0358975E-9   
  7695.0       2.033615E-9    
  7700.0       2.031339E-9    
  7705.0       2.0290598E-9   
  7710.0       2.0267832E-9   
  7715.0       2.0245041E-9   
  7720.0       2.0222206E-9   
  7725.0       2.0199415E-9   
  7730.0       2.016998E-9    
  7735.0       2.0084205E-9   
  7740.0       1.9892339E-9   
  7745.0       1.970078E-9    
  7750.0       1.9679414E-9   
  7755.0       1.982394E-9    
  7760.0       2.0009456E-9   
  7765.0       2.0038147E-9   
  7770.0       1.9835997E-9   
  7775.0       1.954441E-9    
  7780.0       1.9464548E-9   
  7785.0       1.9611441E-9   
  7790.0       1.9874642E-9   
  7795.0       2.0125115E-9   
  7800.0       2.017589E-9    
  7805.0       2.00041E-9     
  7810.0       1.9638162E-9   
  7815.0       1.9251194E-9   
  7820.0       1.9021473E-9   
  7825.0       1.8975586E-9   
  7830.0       1.9092934E-9   
  7835.0       1.9322624E-9   
  7840.0       1.956056E-9    
  7845.0       1.9701396E-9   
  7850.0       1.970247E-9    
  7855.0       1.9606419E-9   
  7860.0       1.9531046E-9   
  7865.0       1.9483812E-9   
  7870.0       1.9483426E-9   
  7875.0       1.9518156E-9   
  7880.0       1.9507906E-9   
  7885.0       1.9406297E-9   
  7890.0       1.9143522E-9   
  7895.0       1.878608E-9    
  7900.0       1.8472738E-9   
  7905.0       1.8315758E-9   
  7910.0       1.8320584E-9   
  7915.0       1.8451435E-9   
  7920.0       1.8648445E-9   
  7925.0       1.8805093E-9   
  7930.0       1.8845618E-9   
  7935.0       1.887413E-9    
  7940.0       1.8914827E-9   
  7945.0       1.89658E-9     
  7950.0       1.9029878E-9   
  7955.0       1.8965323E-9   
  7960.0       1.8722277E-9   
  7965.0       1.8465769E-9   
  7970.0       1.840416E-9    
  7975.0       1.8558513E-9   
  7980.0       1.890171E-9    
  7985.0       1.921517E-9    
  7990.0       1.927222E-9    
  7995.0       1.901366E-9    
  8000.0       1.8551313E-9   
  8005.0       1.8345551E-9   
  8010.0       1.8585639E-9   
  8015.0       1.8607056E-9   
  8020.0       1.859821E-9    
  8025.0       1.8565933E-9   
  8030.0       1.8575311E-9   
  8035.0       1.8620064E-9   
  8040.0       1.8629867E-9   
  8045.0       1.859914E-9    
  8050.0       1.8606763E-9   
  8055.0       1.8650186E-9   
  8060.0       1.8649982E-9   
  8065.0       1.863563E-9    
  8070.0       1.861681E-9    
  8075.0       1.8581428E-9   
  8080.0       1.8524964E-9   
  8085.0       1.8429995E-9   
  8090.0       1.8341898E-9   
  8095.0       1.8265112E-9   
  8100.0       1.8234334E-9   
  8105.0       1.8246005E-9   
  8110.0       1.8283954E-9   
  8115.0       1.8326118E-9   
  8120.0       1.8350321E-9   
  8125.0       1.8341423E-9   
  8130.0       1.8303147E-9   
  8135.0       1.8246281E-9   
  8140.0       1.8182174E-9   
  8145.0       1.8119961E-9   
  8150.0       1.8063274E-9   
  8155.0       1.8013455E-9   
  8160.0       1.7971932E-9   
  8165.0       1.7940699E-9   
  8170.0       1.7923781E-9   
  8175.0       1.7926084E-9   
  8180.0       1.7951823E-9   
  8185.0       1.799806E-9    
  8190.0       1.8043499E-9   
  8195.0       1.8059605E-9   
  8200.0       1.801904E-9    
  8205.0       1.7911949E-9   
  8210.0       1.7774274E-9   
  8215.0       1.7659517E-9   
  8220.0       1.7620455E-9   
  8225.0       1.7685062E-9   
  8230.0       1.7816957E-9   
  8235.0       1.7954858E-9   
  8240.0       1.8037667E-9   
  8245.0       1.8028696E-9   
  8250.0       1.7955065E-9   
  8255.0       1.7868542E-9   
  8260.0       1.7821066E-9   
  8265.0       1.784207E-9    
  8270.0       1.7902623E-9   
  8275.0       1.7951278E-9   
  8280.0       1.7936578E-9   
  8285.0       1.782975E-9    
  8290.0       1.7660462E-9   
  8295.0       1.748108E-9    
  8300.0       1.7344285E-9   
  8305.0       1.7284362E-9   
  8310.0       1.728793E-9    
  8315.0       1.7323073E-9   
  8320.0       1.7356844E-9   
  8325.0       1.7363134E-9   
  8330.0       1.7333428E-9   
  8335.0       1.7266296E-9   
  8340.0       1.7161665E-9   
  8345.0       1.7027519E-9   
  8350.0       1.6893147E-9   
  8355.0       1.6795768E-9   
  8360.0       1.6771586E-9   
  8365.0       1.6837431E-9   
  8370.0       1.6959684E-9   
  8375.0       1.7085597E-9   
  8380.0       1.7162256E-9   
  8385.0       1.7156345E-9   
  8390.0       1.708518E-9    
  8395.0       1.6985662E-9   
  8400.0       1.6895635E-9   
  8405.0       1.6867207E-9   
  8410.0       1.6999789E-9   
  8415.0       1.7028972E-9   
  8420.0       1.6986705E-9   
  8425.0       1.70061E-9     
  8430.0       1.6963002E-9   
  8435.0       1.6874142E-9   
  8440.0       1.6729141E-9   
  8445.0       1.66914E-9     
  8450.0       1.6715936E-9   
  8455.0       1.6799354E-9   
  8460.0       1.6767796E-9   
  8465.0       1.6672604E-9   
  8470.0       1.666739E-9    
  8475.0       1.6697971E-9   
  8480.0       1.6656515E-9   
  8485.0       1.6649961E-9   
  8490.0       1.6433301E-9   
  8495.0       1.5876628E-9   
  8500.0       1.5545856E-9   
  8505.0       1.5947942E-9   
  8510.0       1.6279427E-9   
  8515.0       1.6265226E-9   
  8520.0       1.6308749E-9   
  8525.0       1.6342097E-9   
  8530.0       1.6155083E-9   
  8535.0       1.548042E-9    
  8540.0       1.4322594E-9   
  8545.0       1.4156408E-9   
  8550.0       1.5241872E-9   
  8555.0       1.5945816E-9   
  8560.0       1.6081767E-9   
  8565.0       1.6156134E-9   
  8570.0       1.6136837E-9   
  8575.0       1.6092683E-9   
  8580.0       1.60277E-9     
  8585.0       1.6018745E-9   
  8590.0       1.5978591E-9   
  8595.0       1.5935875E-9   
  8600.0       1.5900014E-9   
  8605.0       1.5947801E-9   
  8610.0       1.5983397E-9   
  8615.0       1.6006891E-9   
  8620.0       1.6026568E-9   
  8625.0       1.5988422E-9   
  8630.0       1.5938316E-9   
  8635.0       1.5966143E-9   
  8640.0       1.5956986E-9   
  8645.0       1.585072E-9    
  8650.0       1.5661429E-9   
  8655.0       1.5219501E-9   
  8660.0       1.4318426E-9   
  8665.0       1.4061875E-9   
  8670.0       1.4974181E-9   
  8675.0       1.5543632E-9   
  8680.0       1.5701886E-9   
  8685.0       1.5693014E-9   
  8690.0       1.5664628E-9   
  8695.0       1.5723003E-9   
  8700.0       1.5793304E-9   
  8705.0       1.5819851E-9   
  8710.0       1.5736994E-9   
  8715.0       1.5746203E-9   
  8720.0       1.5746459E-9   
  8725.0       1.5770412E-9   
  8730.0       1.5741577E-9   
  8735.0       1.5628133E-9   
  8740.0       1.5509327E-9   
  8745.0       1.5363416E-9   
  8750.0       1.5219517E-9   
  8755.0       1.5299428E-9   
  8760.0       1.5442555E-9   
  8765.0       1.5538751E-9   
  8770.0       1.5582137E-9   
  8775.0       1.5569884E-9   
  8780.0       1.559282E-9    
  8785.0       1.5605678E-9   
  8790.0       1.5532351E-9   
  8795.0       1.5499141E-9   
  8800.0       1.5439361E-9   
  8805.0       1.5234703E-9   
  8810.0       1.5239652E-9   
  8815.0       1.5420163E-9   
  8820.0       1.5458429E-9   
  8825.0       1.5392969E-9   
  8830.0       1.53884E-9     
  8835.0       1.5381908E-9   
  8840.0       1.5342158E-9   
  8845.0       1.5294519E-9   
  8850.0       1.5185897E-9   
  8855.0       1.5037204E-9   
  8860.0       1.4827771E-9   
  8865.0       1.4738696E-9   
  8870.0       1.4961218E-9   
  8875.0       1.5167859E-9   
  8880.0       1.526025E-9    
  8885.0       1.5336111E-9   
  8890.0       1.5392381E-9   
  8895.0       1.5369722E-9   
  8900.0       1.5373159E-9   
  8905.0       1.531666E-9    
  8910.0       1.5325908E-9   
  8915.0       1.5350321E-9   
  8920.0       1.5357492E-9   
  8925.0       1.5221163E-9   
  8930.0       1.521948E-9    
  8935.0       1.5083719E-9   
  8940.0       1.4921565E-9   
  8945.0       1.4776672E-9   
  8950.0       1.4639331E-9   
  8955.0       1.4488081E-9   
  8960.0       1.4301573E-9   
  8965.0       1.4070415E-9   
  8970.0       1.3816311E-9   
  8975.0       1.3572921E-9   
  8980.0       1.3374284E-9   
  8985.0       1.3245616E-9   
  8990.0       1.3189555E-9   
  8995.0       1.3200164E-9   
  9000.0       1.3270522E-9   
  9005.0       1.3393708E-9   
  9010.0       1.3562889E-9   
  9015.0       1.3771295E-9   
  9020.0       1.401145E-9    
  9025.0       1.4269556E-9   
  9030.0       1.4515447E-9   
  9035.0       1.4712531E-9   
  9040.0       1.4824789E-9   
  9045.0       1.482841E-9    
  9050.0       1.4731123E-9   
  9055.0       1.4552582E-9   
  9060.0       1.4314707E-9   
  9065.0       1.4047281E-9   
  9070.0       1.3801299E-9   
  9075.0       1.3635746E-9   
  9080.0       1.3607008E-9   
  9085.0       1.3736363E-9   
  9090.0       1.3954377E-9   
  9095.0       1.4156607E-9   
  9100.0       1.423961E-9    
  9105.0       1.4145068E-9   
  9110.0       1.3931735E-9   
  9115.0       1.3703467E-9   
  9120.0       1.356476E-9    
  9125.0       1.3581193E-9   
  9130.0       1.3717386E-9   
  9135.0       1.3899183E-9   
  9140.0       1.405099E-9    
  9145.0       1.4120575E-9   
  9150.0       1.4117155E-9   
  9155.0       1.407357E-9    
  9160.0       1.402417E-9    
  9165.0       1.3995811E-9   
  9170.0       1.3995628E-9   
  9175.0       1.4023367E-9   
  9180.0       1.4077265E-9   
  9185.0       1.4149408E-9   
  9190.0       1.4215688E-9   
  9195.0       1.4245757E-9   
  9200.0       1.4210225E-9   
  9205.0       1.4095696E-9   
  9210.0       1.3930408E-9   
  9215.0       1.3758534E-9   
  9220.0       1.3624615E-9   
  9225.0       1.3559688E-9   
  9230.0       1.3560298E-9   
  9235.0       1.3609586E-9   
  9240.0       1.3689455E-9   
  9245.0       1.3783246E-9   
  9250.0       1.3877781E-9   
  9255.0       1.3961322E-9   
  9260.0       1.4022542E-9   
  9265.0       1.4053652E-9   
  9270.0       1.405586E-9    
  9275.0       1.4033998E-9   
  9280.0       1.3992519E-9   
  9285.0       1.3930102E-9   
  9290.0       1.383012E-9    
  9295.0       1.36701E-9     
  9300.0       1.3429938E-9   
  9305.0       1.3119278E-9   
  9310.0       1.2825095E-9   
  9315.0       1.266421E-9    
  9320.0       1.2749564E-9   
  9325.0       1.3125984E-9   
  9330.0       1.366151E-9    
  9335.0       1.4156093E-9   
  9340.0       1.4411724E-9   
  9345.0       1.4317338E-9   
  9350.0       1.398834E-9    
  9355.0       1.3627137E-9   
  9360.0       1.3437114E-9   
  9365.0       1.3545085E-9   
  9370.0       1.387843E-9    
  9375.0       1.4288046E-9   
  9380.0       1.4621199E-9   
  9385.0       1.4766746E-9   
  9390.0       1.4721925E-9   
  9395.0       1.4525392E-9   
  9400.0       1.421989E-9    
  9405.0       1.3846153E-9   
  9410.0       1.3440007E-9   
  9415.0       1.3035304E-9   
  9420.0       1.2665703E-9   
  9425.0       1.2365358E-9   
  9430.0       1.2169249E-9   
  9435.0       1.2112699E-9   
  9440.0       1.2228025E-9   
  9445.0       1.2516901E-9   
  9450.0       1.290126E-9    
  9455.0       1.3272359E-9   
  9460.0       1.3522562E-9   
  9465.0       1.358707E-9    
  9470.0       1.351195E-9    
  9475.0       1.3386023E-9   
  9480.0       1.3298775E-9   
  9485.0       1.3305153E-9   
  9490.0       1.3369958E-9   
  9495.0       1.3423402E-9   
  9500.0       1.3395378E-9   
  9505.0       1.3247372E-9   
  9510.0       1.3022879E-9   
  9515.0       1.2797038E-9   
  9520.0       1.2645384E-9   
  9525.0       1.2616588E-9   
  9530.0       1.2689362E-9   
  9535.0       1.2815508E-9   
  9540.0       1.2945196E-9   
  9545.0       1.3040221E-9   
  9550.0       1.3091969E-9   
  9555.0       1.3103288E-9   
  9560.0       1.3078363E-9   
  9565.0       1.3022446E-9   
  9570.0       1.2943704E-9   
  9575.0       1.2851444E-9   
  9580.0       1.2755029E-9   
  9585.0       1.2663278E-9   
  9590.0       1.2583296E-9   
  9595.0       1.2521751E-9   
  9600.0       1.2484521E-9   
  9605.0       1.2470832E-9   
  9610.0       1.2462631E-9   
  9615.0       1.2435186E-9   
  9620.0       1.2364787E-9   
  9625.0       1.2244632E-9   
  9630.0       1.2111802E-9   
  9635.0       1.2020211E-9   
  9640.0       1.2022968E-9   
  9645.0       1.2148229E-9   
  9650.0       1.2359113E-9   
  9655.0       1.2593806E-9   
  9660.0       1.2789814E-9   
  9665.0       1.2903546E-9   
  9670.0       1.29402E-9     
  9675.0       1.2923782E-9   
  9680.0       1.2879712E-9   
  9685.0       1.2828029E-9   
  9690.0       1.2775E-9      
  9695.0       1.27218E-9     
  9700.0       1.2668683E-9   
  9705.0       1.2614808E-9   
  9710.0       1.2555709E-9   
  9715.0       1.2485786E-9   
  9720.0       1.2399547E-9   
  9725.0       1.2295919E-9   
  9730.0       1.2184719E-9   
  9735.0       1.2080056E-9   
  9740.0       1.199592E-9    
  9745.0       1.1940797E-9   
  9750.0       1.1908796E-9   
  9755.0       1.1888652E-9   
  9760.0       1.1868916E-9   
  9765.0       1.1843398E-9   
  9770.0       1.18194E-9     
  9775.0       1.1809215E-9   
  9780.0       1.1824784E-9   
  9785.0       1.1867779E-9   
  9790.0       1.1913238E-9   
  9795.0       1.1925975E-9   
  9800.0       1.1871912E-9   
  9805.0       1.1738001E-9   
  9810.0       1.1565814E-9   
  9815.0       1.1417856E-9   
  9820.0       1.135634E-9    
  9825.0       1.1418393E-9   
  9830.0       1.1576262E-9   
  9835.0       1.1777128E-9   
  9840.0       1.1966718E-9   
  9845.0       1.2100612E-9   
  9850.0       1.2160155E-9   
  9855.0       1.213663E-9    
  9860.0       1.2023561E-9   
  9865.0       1.1827685E-9   
  9870.0       1.1589906E-9   
  9875.0       1.1364293E-9   
  9880.0       1.1204406E-9   
  9885.0       1.1144806E-9   
  9890.0       1.1170842E-9   
  9895.0       1.1248873E-9   
  9900.0       1.1344269E-9   
  9905.0       1.1430485E-9   
  9910.0       1.150208E-9    
  9915.0       1.1561955E-9   
  9920.0       1.1613399E-9   
  9925.0       1.1657318E-9   
  9930.0       1.1688509E-9   
  9935.0       1.1699319E-9   
  9940.0       1.1682583E-9   
  9945.0       1.1638084E-9   
  9950.0       1.1583722E-9   
  9955.0       1.1544445E-9   
  9960.0       1.1544664E-9   
  9965.0       1.1596081E-9   
  9970.0       1.1677804E-9   
  9975.0       1.1756324E-9   
  9980.0       1.1798126E-9   
  9985.0       1.1782179E-9   
  9990.0       1.1720112E-9   
  9995.0       1.163589E-9    
  10000.0      1.1553927E-9   
  10005.0      1.1490202E-9   
  10010.0      1.1438306E-9   
  10015.0      1.1383353E-9   
  10020.0      1.1310228E-9   
  10025.0      1.1211003E-9   
  10030.0      1.1096013E-9   
  10035.0      1.0982681E-9   
  10040.0      1.0888835E-9   
  10045.0      1.0829027E-9   
  10050.0      1.0809192E-9   
  10055.0      1.0832162E-9   
  10060.0      1.0899759E-9   
  10065.0      1.100762E-9    
  10070.0      1.1135473E-9   
  10075.0      1.1256945E-9   
  10080.0      1.1345874E-9   
  10085.0      1.1384704E-9   
  10090.0      1.1378495E-9   
  10095.0      1.1340896E-9   
  10100.0      1.1286025E-9   
  10105.0      1.1223716E-9   
  10110.0      1.1152983E-9   
  10115.0      1.1068434E-9   
  10120.0      1.0965575E-9   
  10125.0      1.0851098E-9   
  10130.0      1.0761381E-9   
  10135.0      1.0743996E-9   
  10140.0      1.0844516E-9   
  10145.0      1.1075586E-9   
  10150.0      1.1364708E-9   
  10155.0      1.160648E-9    
  10160.0      1.169714E-9    
  10165.0      1.158135E-9    
  10170.0      1.1329583E-9   
  10175.0      1.1060839E-9   
  10180.0      1.0894398E-9   
  10185.0      1.0904961E-9   
  10190.0      1.1051352E-9   
  10195.0      1.1247654E-9   
  10200.0      1.1406028E-9   
  10205.0      1.1462749E-9   
  10210.0      1.1416736E-9   
  10215.0      1.1291043E-9   
  10220.0      1.1111215E-9   
  10225.0      1.0903174E-9   
  10230.0      1.0694053E-9   
  10235.0      1.0511385E-9   
  10240.0      1.0381892E-9   
  10245.0      1.0324669E-9   
  10250.0      1.0338509E-9   
  10255.0      1.0414446E-9   
  10260.0      1.0541958E-9   
  10265.0      1.0702882E-9   
  10270.0      1.0859087E-9   
  10275.0      1.0964784E-9   
  10280.0      1.0975957E-9   
  10285.0      1.087323E-9    
  10290.0      1.0701844E-9   
  10295.0      1.0531639E-9   
  10300.0      1.0432151E-9   
  10305.0      1.0444247E-9   
  10310.0      1.0534301E-9   
  10315.0      1.0640122E-9   
  10320.0      1.0698885E-9   
  10325.0      1.0671496E-9   
  10330.0      1.0580131E-9   
  10335.0      1.0470675E-9   
  10340.0      1.0389766E-9   
  10345.0      1.0368791E-9   
  10350.0      1.0399632E-9   
  10355.0      1.0458804E-9   
  10360.0      1.0522108E-9   
  10365.0      1.0571994E-9   
  10370.0      1.0608281E-9   
  10375.0      1.0637508E-9   
  10380.0      1.0666504E-9   
  10385.0      1.0697353E-9   
  10390.0      1.0720155E-9   
  10395.0      1.0720379E-9   
  10400.0      1.0683978E-9   
  10405.0      1.0606697E-9   
  10410.0      1.0509571E-9   
  10415.0      1.0423398E-9   
  10420.0      1.0378566E-9   
  10425.0      1.039147E-9    
  10430.0      1.0442328E-9   
  10435.0      1.0497305E-9   
  10440.0      1.0522669E-9   
  10445.0      1.0498236E-9   
  10450.0      1.0439365E-9   
  10455.0      1.0374975E-9   
  10460.0      1.033417E-9    
  10465.0      1.0333993E-9   
  10470.0      1.0360107E-9   
  10475.0      1.0386089E-9   
  10480.0      1.0385186E-9   
  10485.0      1.0338577E-9   
  10490.0      1.0248469E-9   
  10495.0      1.0125139E-9   
  10500.0      9.980065E-10   
  10505.0      9.829139E-10   
  10510.0      9.699593E-10   
  10515.0      9.623087E-10   
  10520.0      9.629686E-10   
  10525.0      9.728826E-10   
  10530.0      9.876628E-10   
  10535.0      1.0008587E-9   
  10540.0      1.0061372E-9   
  10545.0      1.0003975E-9   
  10550.0      9.889224E-10   
  10555.0      9.802235E-10   
  10560.0      9.826477E-10   
  10565.0      9.997071E-10   
  10570.0      1.0223289E-9   
  10575.0      1.0366026E-9   
  10580.0      1.0288315E-9   
  10585.0      9.921751E-10   
  10590.0      9.376342E-10   
  10595.0      8.830816E-10   
  10600.0      8.4648755E-10  
  10605.0      8.4002644E-10  
  10610.0      8.6080365E-10  
  10615.0      9.001206E-10   
  10620.0      7.05259E-10    
