# WAVELENGTH   FLUX  
  1150.0       0.0   
  1155.0       0.0   
  1160.0       0.0   
  1165.0       0.0   
  1170.0       0.0   
  1175.0       0.0   
  1180.0       0.0   
  1185.0       0.0   
  1190.0       0.0   
  1195.0       0.0   
  1200.0       0.0   
  1205.0       0.0   
  1210.0       0.0   
  1215.0       0.0   
  1220.0       0.0   
  1225.0       0.0   
  1230.0       0.0   
  1235.0       0.0   
  1240.0       0.0   
  1245.0       0.0   
  1250.0       0.0   
  1255.0       0.0   
  1260.0       0.0   
  1265.0       0.0   
  1270.0       0.0   
  1275.0       0.0   
  1280.0       0.0   
  1285.0       0.0   
  1290.0       0.0   
  1295.0       0.0   
  1300.0       0.0   
  1305.0       0.0   
  1310.0       0.0   
  1315.0       0.0   
  1320.0       0.0   
  1325.0       0.0   
  1330.0       0.0   
  1335.0       0.0   
  1340.0       0.0   
  1345.0       0.0   
  1350.0       0.0   
  1355.0       0.0   
  1360.0       0.0   
  1365.0       0.0   
  1370.0       0.0   
  1375.0       0.0   
  1380.0       0.0   
  1385.0       0.0   
  1390.0       0.0   
  1395.0       0.0   
  1400.0       0.0   
  1405.0       0.0   
  1410.0       0.0   
  1415.0       0.0   
  1420.0       0.0   
  1425.0       0.0   
  1430.0       0.0   
  1435.0       0.0   
  1440.0       0.0   
  1445.0       0.0   
  1450.0       0.0   
  1455.0       0.0   
  1460.0       0.0   
  1465.0       0.0   
  1470.0       0.0   
  1475.0       0.0   
  1480.0       0.0   
  1485.0       0.0   
  1490.0       0.0   
  1495.0       0.0   
  1500.0       0.0   
  1505.0       0.0   
  1510.0       0.0   
  1515.0       0.0   
  1520.0       0.0   
  1525.0       0.0   
  1530.0       0.0   
  1535.0       0.0   
  1540.0       0.0   
  1545.0       0.0   
  1550.0       0.0   
  1555.0       0.0   
  1560.0       0.0   
  1565.0       0.0   
  1570.0       0.0   
  1575.0       0.0   
  1580.0       0.0   
  1585.0       0.0   
  1590.0       0.0   
  1595.0       0.0   
  1600.0       0.0   
  1605.0       0.0   
  1610.0       0.0   
  1615.0       0.0   
  1620.0       0.0   
  1625.0       0.0   
  1630.0       0.0   
  1635.0       0.0   
  1640.0       0.0   
  1645.0       0.0   
  1650.0       0.0   
  1655.0       0.0   
  1660.0       0.0   
  1665.0       0.0   
  1670.0       0.0   
  1675.0       0.0   
  1680.0       0.0   
  1685.0       0.0   
  1690.0       0.0   
  1695.0       0.0   
  1700.0       0.0   
  1705.0       0.0   
  1710.0       0.0   
  1715.0       0.0   
  1720.0       0.0   
  1725.0       0.0   
  1730.0       0.0   
  1735.0       0.0   
  1740.0       0.0   
  1745.0       0.0   
  1750.0       0.0   
  1755.0       0.0   
  1760.0       0.0   
  1765.0       0.0   
  1770.0       0.0   
  1775.0       0.0   
  1780.0       0.0   
  1785.0       0.0   
  1790.0       0.0   
  1795.0       0.0   
  1800.0       0.0   
  1805.0       0.0   
  1810.0       0.0   
  1815.0       0.0   
  1820.0       0.0   
  1825.0       0.0   
  1830.0       0.0   
  1835.0       0.0   
  1840.0       0.0   
  1845.0       0.0   
  1850.0       0.0   
  1855.0       0.0   
  1860.0       0.0   
  1865.0       0.0   
  1870.0       0.0   
  1875.0       0.0   
  1880.0       0.0   
  1885.0       0.0   
  1890.0       0.0   
  1895.0       0.0   
  1900.0       0.0   
  1905.0       0.0   
  1910.0       0.0   
  1915.0       0.0   
  1920.0       0.0   
  1925.0       0.0   
  1930.0       0.0   
  1935.0       0.0   
  1940.0       0.0   
  1945.0       0.0   
  1950.0       0.0   
  1955.0       0.0   
  1960.0       0.0   
  1965.0       0.0   
  1970.0       0.0   
  1975.0       0.0   
  1980.0       0.0   
  1985.0       0.0   
  1990.0       0.0   
  1995.0       0.0   
  2000.0       0.0   
  2005.0       0.0   
  2010.0       0.0   
  2015.0       0.0   
  2020.0       0.0   
  2025.0       0.0   
  2030.0       0.0   
  2035.0       0.0   
  2040.0       0.0   
  2045.0       0.0   
  2050.0       0.0   
  2055.0       0.0   
  2060.0       0.0   
  2065.0       0.0   
  2070.0       0.0   
  2075.0       0.0   
  2080.0       0.0   
  2085.0       0.0   
  2090.0       0.0   
  2095.0       0.0   
  2100.0       0.0   
  2105.0       0.0   
  2110.0       0.0   
  2115.0       0.0   
  2120.0       0.0   
  2125.0       0.0   
  2130.0       0.0   
  2135.0       0.0   
  2140.0       0.0   
  2145.0       0.0   
  2150.0       0.0   
  2155.0       0.0   
  2160.0       0.0   
  2165.0       0.0   
  2170.0       0.0   
  2175.0       0.0   
  2180.0       0.0   
  2185.0       0.0   
  2190.0       0.0   
  2195.0       0.0   
  2200.0       0.0   
  2205.0       0.0   
  2210.0       0.0   
  2215.0       0.0   
  2220.0       0.0   
  2225.0       0.0   
  2230.0       0.0   
  2235.0       0.0   
  2240.0       0.0   
  2245.0       0.0   
  2250.0       0.0   
  2255.0       0.0   
  2260.0       0.0   
  2265.0       0.0   
  2270.0       0.0   
  2275.0       0.0   
  2280.0       0.0   
  2285.0       0.0   
  2290.0       0.0   
  2295.0       0.0   
  2300.0       0.0   
  2305.0       0.0   
  2310.0       0.0   
  2315.0       0.0   
  2320.0       0.0   
  2325.0       0.0   
  2330.0       0.0   
  2335.0       0.0   
  2340.0       0.0   
  2345.0       0.0   
  2350.0       0.0   
  2355.0       0.0   
  2360.0       0.0   
  2365.0       0.0   
  2370.0       0.0   
  2375.0       0.0   
  2380.0       0.0   
  2385.0       0.0   
  2390.0       0.0   
  2395.0       0.0   
  2400.0       0.0   
  2405.0       0.0   
  2410.0       0.0   
  2415.0       0.0   
  2420.0       0.0   
  2425.0       0.0   
  2430.0       0.0   
  2435.0       0.0   
  2440.0       0.0   
  2445.0       0.0   
  2450.0       0.0   
  2455.0       0.0   
  2460.0       0.0   
  2465.0       0.0   
  2470.0       0.0   
  2475.0       0.0   
  2480.0       0.0   
  2485.0       0.0   
  2490.0       0.0   
  2495.0       0.0   
  2500.0       0.0   
  2505.0       0.0   
  2510.0       0.0   
  2515.0       0.0   
  2520.0       0.0   
  2525.0       0.0   
  2530.0       0.0   
  2535.0       0.0   
  2540.0       0.0   
  2545.0       0.0   
  2550.0       0.0   
  2555.0       0.0   
  2560.0       0.0   
  2565.0       0.0   
  2570.0       0.0   
  2575.0       0.0   
  2580.0       0.0   
  2585.0       0.0   
  2590.0       0.0   
  2595.0       0.0   
  2600.0       0.0   
  2605.0       0.0   
  2610.0       0.0   
  2615.0       0.0   
  2620.0       0.0   
  2625.0       0.0   
  2630.0       0.0   
  2635.0       0.0   
  2640.0       0.0   
  2645.0       0.0   
  2650.0       0.0   
  2655.0       0.0   
  2660.0       0.0   
  2665.0       0.0   
  2670.0       0.0   
  2675.0       0.0   
  2680.0       0.0   
  2685.0       0.0   
  2690.0       0.0   
  2695.0       0.0   
  2700.0       0.0   
  2705.0       0.0   
  2710.0       0.0   
  2715.0       0.0   
  2720.0       0.0   
  2725.0       0.0   
  2730.0       0.0   
  2735.0       0.0   
  2740.0       0.0   
  2745.0       0.0   
  2750.0       0.0   
  2755.0       0.0   
  2760.0       4.163815E-16
  2765.0       2.9101513E-15
  2770.0       3.32503E-15
  2775.0       3.325032E-15
  2780.0       3.3250304E-15
  2785.0       3.3250297E-15
  2790.0       2.908655E-15
  2795.0       4.1488566E-16
  2800.0       0.0   
  2805.0       0.0   
  2810.0       0.0   
  2815.0       0.0   
  2820.0       0.0   
  2825.0       0.0   
  2830.0       0.0   
  2835.0       0.0   
  2840.0       0.0   
  2845.0       0.0   
  2850.0       8.3271587E-16
  2855.0       7.069327E-15
  2860.0       1.6629525E-14
  2865.0       2.6188233E-14
  2870.0       3.325321E-14
  2875.0       3.9486907E-14
  2880.0       4.2394145E-14
  2885.0       3.9482588E-14
  2890.0       3.24147E-14
  2895.0       1.9111752E-14
  2900.0       2.4894735E-15
  2905.0       0.0   
  2910.0       0.0   
  2915.0       0.0   
  2920.0       0.0   
  2925.0       0.0   
  2930.0       0.0   
  2935.0       0.0   
  2940.0       0.0   
  2945.0       0.0   
  2950.0       1.332266E-14
  2955.0       1.0811122E-13
  2960.0       2.2656901E-13
  2965.0       3.475145E-13
  2970.0       4.5557004E-13
  2975.0       5.3660255E-13
  2980.0       5.74403E-13
  2985.0       5.527626E-13
  2990.0       4.575494E-13
  2995.0       2.7296996E-13
  3000.0       3.568449E-14
  3005.0       0.0   
  3010.0       0.0   
  3015.0       0.0   
  3020.0       0.0   
  3025.0       0.0   
  3030.0       0.0   
  3035.0       0.0   
  3040.0       0.0   
  3045.0       0.0   
  3050.0       1.8609054E-13
  3055.0       1.5339409E-12
  3060.0       3.3869498E-12
  3065.0       5.5433414E-12
  3070.0       7.935364E-12
  3075.0       1.0494034E-11
  3080.0       1.3151589E-11
  3085.0       1.5836945E-11
  3090.0       1.8484499E-11
  3095.0       2.1023086E-11
  3100.0       2.3387505E-11
  3105.0       2.5534137E-11
  3110.0       2.7474202E-11
  3115.0       2.9244718E-11
  3120.0       3.0885586E-11
  3125.0       3.2435853E-11
  3130.0       3.39309E-11
  3135.0       3.5412177E-11
  3140.0       3.6919245E-11
  3145.0       3.8487488E-11
  3150.0       4.0155424E-11
  3155.0       4.1932652E-11
  3160.0       4.3973335E-11
  3165.0       4.8903524E-11
  3170.0       6.263533E-11
  3175.0       7.364998E-11
  3180.0       1.0514338E-10
  3185.0       1.6453248E-10
  3190.0       1.907357E-10
  3195.0       1.4384291E-10
  3200.0       1.0424883E-10
  3205.0       1.3946946E-10
  3210.0       1.6683539E-10
  3215.0       1.1682964E-10
  3220.0       1.0040672E-10
  3225.0       2.042855E-10
  3230.0       2.7474772E-10
  3235.0       1.74878E-10
  3240.0       5.0071E-11
  3245.0       3.2108916E-11
  3250.0       8.966544E-11
  3255.0       1.2006822E-10
  3260.0       1.5714048E-10
  3265.0       2.4087568E-10
  3270.0       2.8743408E-10
  3275.0       2.251749E-10
  3280.0       1.3915284E-10
  3285.0       1.2330176E-10
  3290.0       1.3712391E-10
  3295.0       1.177082E-10
  3300.0       8.14396E-11
  3305.0       6.849333E-11
  3310.0       9.675087E-11
  3315.0       1.573337E-10
  3320.0       1.9744818E-10
  3325.0       1.7411038E-10
  3330.0       1.13750356E-10
  3335.0       7.035342E-11
  3340.0       9.6158914E-11
  3345.0       1.9384301E-10
  3350.0       2.451849E-10
  3355.0       1.7330061E-10
  3360.0       1.2011515E-10
  3365.0       1.0372844E-10
  3370.0       1.4529909E-10
  3375.0       1.2692429E-10
  3380.0       1.0820649E-10
  3385.0       1.5889327E-10
  3390.0       1.9298937E-10
  3395.0       1.432332E-10
  3400.0       1.4061234E-10
  3405.0       1.5791919E-10
  3410.0       2.1062882E-10
  3415.0       1.711938E-10
  3420.0       1.4483972E-10
  3425.0       1.1024188E-10
  3430.0       1.7098598E-10
  3435.0       2.338535E-10
  3440.0       2.695876E-10
  3445.0       2.788468E-10
  3450.0       2.670669E-10
  3455.0       2.4177366E-10
  3460.0       2.1321271E-10
  3465.0       1.9183014E-10
  3470.0       1.8533779E-10
  3475.0       1.9407305E-10
  3480.0       2.0243796E-10
  3485.0       1.9967412E-10
  3490.0       2.0270975E-10
  3495.0       2.2782275E-10
  3500.0       2.6167826E-10
  3505.0       2.8322975E-10
  3510.0       2.818297E-10
  3515.0       2.5593913E-10
  3520.0       2.1711152E-10
  3525.0       1.8256793E-10
  3530.0       1.7041438E-10
  3535.0       1.8194668E-10
  3540.0       1.7651157E-10
  3545.0       1.3380032E-10
  3550.0       1.247174E-10
  3555.0       2.0122848E-10
  3560.0       2.7644637E-10
  3565.0       2.5825445E-10
  3570.0       1.8170328E-10
  3575.0       1.2159324E-10
  3580.0       1.2379314E-10
  3585.0       1.8748864E-10
  3590.0       2.2620195E-10
  3595.0       1.8158079E-10
  3600.0       1.4878791E-10
  3605.0       2.1819123E-10
  3610.0       3.1476596E-10
  3615.0       3.3937933E-10
  3620.0       2.9937092E-10
  3625.0       2.4613897E-10
  3630.0       2.3346497E-10
  3635.0       2.8217403E-10
  3640.0       3.3055814E-10
  3645.0       3.2788955E-10
  3650.0       3.3016676E-10
  3655.0       3.8366016E-10
  3660.0       4.054031E-10
  3665.0       3.279851E-10
  3670.0       2.5198238E-10
  3675.0       2.7251604E-10
  3680.0       3.0321193E-10
  3685.0       2.4735292E-10
  3690.0       1.6432296E-10
  3695.0       1.3579483E-10
  3700.0       1.4256105E-10
  3705.0       1.4726126E-10
  3710.0       1.6827509E-10
  3715.0       2.2321267E-10
  3720.0       2.7029487E-10
  3725.0       2.6863428E-10
  3730.0       2.4003605E-10
  3735.0       2.1754763E-10
  3740.0       2.0053215E-10
  3745.0       1.8483169E-10
  3750.0       1.9117274E-10
  3755.0       2.3297017E-10
  3760.0       2.791732E-10
  3765.0       2.9621927E-10
  3770.0       2.8899372E-10
  3775.0       2.7540029E-10
  3780.0       2.6793445E-10
  3785.0       2.733916E-10
  3790.0       2.8970168E-10
  3795.0       3.0732483E-10
  3800.0       3.0736777E-10
  3805.0       2.8375177E-10
  3810.0       2.65477E-10
  3815.0       3.1162986E-10
  3820.0       2.9698355E-10
  3825.0       1.381264E-10
  3830.0       3.565401E-11
  3835.0       1.5880344E-10
  3840.0       3.147637E-10
  3845.0       2.9610375E-10
  3850.0       2.2184725E-10
  3855.0       2.7017882E-10
  3860.0       4.3524434E-10
  3865.0       6.0942207E-10
  3870.0       6.191979E-10
  3875.0       3.7922288E-10
  3880.0       9.6601935E-11
  3885.0       1.6062684E-11
  3890.0       8.214683E-11
  3895.0       2.6453678E-10
  3900.0       3.8385534E-10
  3905.0       3.4244255E-10
  3910.0       3.5766065E-10
  3915.0       4.8922E-10
  3920.0       6.02404E-10
  3925.0       5.793737E-10
  3930.0       4.955005E-10
  3935.0       4.6558865E-10
  3940.0       4.7072973E-10
  3945.0       4.4754753E-10
  3950.0       3.9433515E-10
  3955.0       3.4897646E-10
  3960.0       3.7690562E-10
  3965.0       5.039085E-10
  3970.0       6.1189337E-10
  3975.0       6.0360655E-10
  3980.0       6.073104E-10
  3985.0       7.3639245E-10
  3990.0       8.3242846E-10
  3995.0       7.642909E-10
  4000.0       7.0941775E-10
  4005.0       8.2609664E-10
  4010.0       9.493358E-10
  4015.0       8.8770635E-10
  4020.0       7.1855044E-10
  4025.0       5.9807376E-10
  4030.0       5.673902E-10
  4035.0       6.09699E-10
  4040.0       6.850899E-10
  4045.0       7.4773543E-10
  4050.0       7.9743434E-10
  4055.0       8.3977164E-10
  4060.0       8.4457613E-10
  4065.0       7.9914747E-10
  4070.0       7.346274E-10
  4075.0       6.893583E-10
  4080.0       6.79326E-10
  4085.0       6.937654E-10
  4090.0       7.124151E-10
  4095.0       7.1662065E-10
  4100.0       6.892709E-10
  4105.0       6.3514194E-10
  4110.0       5.8545496E-10
  4115.0       5.6468863E-10
  4120.0       5.7338834E-10
  4125.0       6.005872E-10
  4130.0       6.4374317E-10
  4135.0       6.9825007E-10
  4140.0       7.255093E-10
  4145.0       7.0482414E-10
  4150.0       6.920984E-10
  4155.0       7.320752E-10
  4160.0       7.786178E-10
  4165.0       7.7624457E-10
  4170.0       7.338573E-10
  4175.0       6.824954E-10
  4180.0       6.4056E-10
  4185.0       6.134177E-10
  4190.0       5.90604E-10
  4195.0       5.720169E-10
  4200.0       5.925405E-10
  4205.0       6.622838E-10
  4210.0       7.006985E-10
  4215.0       6.340546E-10
  4220.0       5.032672E-10
  4225.0       3.9302783E-10
  4230.0       3.645538E-10
  4235.0       4.3635084E-10
  4240.0       5.423052E-10
  4245.0       6.0046546E-10
  4250.0       5.991063E-10
  4255.0       5.5865373E-10
  4260.0       5.0716087E-10
  4265.0       4.7887166E-10
  4270.0       4.8776316E-10
  4275.0       5.3153415E-10
  4280.0       5.9715183E-10
  4285.0       6.590513E-10
  4290.0       6.985307E-10
  4295.0       7.1129397E-10
  4300.0       7.095513E-10
  4305.0       7.1166745E-10
  4310.0       7.114784E-10
  4315.0       7.046403E-10
  4320.0       7.2928374E-10
  4325.0       8.0076024E-10
  4330.0       8.6050495E-10
  4335.0       8.5855306E-10
  4340.0       8.17108E-10
  4345.0       7.878208E-10
  4350.0       7.9976E-10
  4355.0       8.485826E-10
  4360.0       9.069472E-10
  4365.0       9.449089E-10
  4370.0       9.544564E-10
  4375.0       9.503076E-10
  4380.0       9.446185E-10
  4385.0       9.400145E-10
  4390.0       9.3028046E-10
  4395.0       9.094468E-10
  4400.0       9.0781266E-10
  4405.0       9.548499E-10
  4410.0       1.021973E-9
  4415.0       1.0752728E-9
  4420.0       1.1151511E-9
  4425.0       1.1498126E-9
  4430.0       1.1879391E-9
  4435.0       1.228062E-9
  4440.0       1.2442575E-9
  4445.0       1.2313428E-9
  4450.0       1.2539447E-9
  4455.0       1.3587059E-9
  4460.0       1.4750051E-9
  4465.0       1.5233442E-9
  4470.0       1.522237E-9
  4475.0       1.5157678E-9
  4480.0       1.5218387E-9
  4485.0       1.5530411E-9
  4490.0       1.6171452E-9
  4495.0       1.7112761E-9
  4500.0       1.8133147E-9
  4505.0       1.8841688E-9
  4510.0       1.898389E-9
  4515.0       1.8605163E-9
  4520.0       1.7980619E-9
  4525.0       1.7557233E-9
  4530.0       1.7661712E-9
  4535.0       1.8199785E-9
  4540.0       1.8826156E-9
  4545.0       1.9294475E-9
  4550.0       1.981286E-9
  4555.0       2.0699271E-9
  4560.0       2.1509696E-9
  4565.0       2.168883E-9
  4570.0       2.1543447E-9
  4575.0       2.1414832E-9
  4580.0       2.1057376E-9
  4585.0       2.037256E-9
  4590.0       1.9870923E-9
  4595.0       1.9995459E-9
  4600.0       2.0537303E-9
  4605.0       2.108288E-9
  4610.0       2.1390247E-9
  4615.0       2.1413575E-9
  4620.0       2.1321152E-9
  4625.0       2.1235058E-9
  4630.0       2.1172433E-9
  4635.0       2.1123123E-9
  4640.0       2.0951054E-9
  4645.0       2.066622E-9
  4650.0       2.0615634E-9
  4655.0       2.0960336E-9
  4660.0       2.1380206E-9
  4665.0       2.1498747E-9
  4670.0       2.1227264E-9
  4675.0       2.0801387E-9
  4680.0       2.0802526E-9
  4685.0       2.1483268E-9
  4690.0       2.203348E-9
  4695.0       2.179229E-9
  4700.0       2.1451976E-9
  4705.0       2.172556E-9
  4710.0       2.219242E-9
  4715.0       2.2265767E-9
  4720.0       2.2113622E-9
  4725.0       2.2174247E-9
  4730.0       2.2415108E-9
  4735.0       2.2702125E-9
  4740.0       2.3309608E-9
  4745.0       2.4151934E-9
  4750.0       2.4266034E-9
  4755.0       2.293638E-9
  4760.0       2.0579765E-9
  4765.0       1.8173835E-9
  4770.0       1.6694118E-9
  4775.0       1.6616466E-9
  4780.0       1.744485E-9
  4785.0       1.8449747E-9
  4790.0       1.939662E-9
  4795.0       2.0111628E-9
  4800.0       2.0080677E-9
  4805.0       1.9141049E-9
  4810.0       1.8173001E-9
  4815.0       1.8074022E-9
  4820.0       1.864975E-9
  4825.0       1.9314117E-9
  4830.0       1.9840793E-9
  4835.0       2.0201405E-9
  4840.0       2.0492097E-9
  4845.0       2.0811906E-9
  4850.0       2.099794E-9
  4855.0       2.0947437E-9
  4860.0       2.0979112E-9
  4865.0       2.1396749E-9
  4870.0       2.206738E-9
  4875.0       2.2715816E-9
  4880.0       2.327798E-9
  4885.0       2.3791868E-9
  4890.0       2.430147E-9
  4895.0       2.4950872E-9
  4900.0       2.5882667E-9
  4905.0       2.7031108E-9
  4910.0       2.8102738E-9
  4915.0       2.8797742E-9
  4920.0       2.9150404E-9
  4925.0       2.9587652E-9
  4930.0       3.0622092E-9
  4935.0       3.2150695E-9
  4940.0       3.2782967E-9
  4945.0       3.1192822E-9
  4950.0       2.7988858E-9
  4955.0       2.4645004E-9
  4960.0       2.2157627E-9
  4965.0       2.1098878E-9
  4970.0       2.126595E-9
  4975.0       2.2039404E-9
  4980.0       2.315683E-9
  4985.0       2.427592E-9
  4990.0       2.450319E-9
  4995.0       2.337523E-9
  5000.0       2.1767916E-9
  5005.0       2.0745552E-9
  5010.0       2.0524418E-9
  5015.0       2.0924713E-9
  5020.0       2.1614226E-9
  5025.0       2.226005E-9
  5030.0       2.271487E-9
  5035.0       2.2990578E-9
  5040.0       2.3469555E-9
  5045.0       2.4413027E-9
  5050.0       2.534957E-9
  5055.0       2.5833562E-9
  5060.0       2.606292E-9
  5065.0       2.6358906E-9
  5070.0       2.6744564E-9
  5075.0       2.706163E-9
  5080.0       2.710775E-9
  5085.0       2.6826206E-9
  5090.0       2.6477123E-9
  5095.0       2.6335194E-9
  5100.0       2.6362432E-9
  5105.0       2.6372886E-9
  5110.0       2.6227194E-9
  5115.0       2.6008116E-9
  5120.0       2.6237388E-9
  5125.0       2.7169096E-9
  5130.0       2.8018332E-9
  5135.0       2.8092673E-9
  5140.0       2.7933518E-9
  5145.0       2.8214584E-9
  5150.0       2.85354E-9
  5155.0       2.8040053E-9
  5160.0       2.616826E-9
  5165.0       2.3009605E-9
  5170.0       1.9932744E-9
  5175.0       1.853546E-9
  5180.0       1.908805E-9
  5185.0       2.09238E-9
  5190.0       2.2831528E-9
  5195.0       2.3729905E-9
  5200.0       2.392867E-9
  5205.0       2.447227E-9
  5210.0       2.5998743E-9
  5215.0       2.8550688E-9
  5220.0       3.1185088E-9
  5225.0       3.2732141E-9
  5230.0       3.3233263E-9
  5235.0       3.332932E-9
  5240.0       3.3266667E-9
  5245.0       3.3203922E-9
  5250.0       3.3283325E-9
  5255.0       3.3337906E-9
  5260.0       3.3122989E-9
  5265.0       3.2781768E-9
  5270.0       3.302959E-9
  5275.0       3.4409768E-9
  5280.0       3.6315013E-9
  5285.0       3.7712793E-9
  5290.0       3.82542E-9
  5295.0       3.8129E-9
  5300.0       3.7808414E-9
  5305.0       3.7702104E-9
  5310.0       3.7635273E-9
  5315.0       3.724538E-9
  5320.0       3.6684717E-9
  5325.0       3.6378736E-9
  5330.0       3.659391E-9
  5335.0       3.7426786E-9
  5340.0       3.8720134E-9
  5345.0       4.0044497E-9
  5350.0       4.094484E-9
  5355.0       4.1314716E-9
  5360.0       4.153914E-9
  5365.0       4.2103956E-9
  5370.0       4.3198676E-9
  5375.0       4.4526196E-9
  5380.0       4.531369E-9
  5385.0       4.513112E-9
  5390.0       4.448673E-9
  5395.0       4.4110715E-9
  5400.0       4.4205577E-9
  5405.0       4.4608868E-9
  5410.0       4.530653E-9
  5415.0       4.6188E-9
  5420.0       4.655844E-9
  5425.0       4.611909E-9
  5430.0       4.578017E-9
  5435.0       4.602291E-9
  5440.0       4.548791E-9
  5445.0       4.2918042E-9
  5450.0       3.9238466E-9
  5455.0       3.607819E-9
  5460.0       3.4176806E-9
  5465.0       3.3688703E-9
  5470.0       3.4245518E-9
  5475.0       3.524331E-9
  5480.0       3.6360277E-9
  5485.0       3.7257606E-9
  5490.0       3.730668E-9
  5495.0       3.6199475E-9
  5500.0       3.447407E-9
  5505.0       3.2865772E-9
  5510.0       3.1705123E-9
  5515.0       3.102255E-9
  5520.0       3.059842E-9
  5525.0       3.0177831E-9
  5530.0       2.9760079E-9
  5535.0       2.9401133E-9
  5540.0       2.9048424E-9
  5545.0       2.8798628E-9
  5550.0       2.9105203E-9
  5555.0       3.0409095E-9
  5560.0       3.269449E-9
  5565.0       3.553666E-9
  5570.0       3.814231E-9
  5575.0       3.9708654E-9
  5580.0       3.9916954E-9
  5585.0       3.8900287E-9
  5590.0       3.7195202E-9
  5595.0       3.5533725E-9
  5600.0       3.4458205E-9
  5605.0       3.4226653E-9
  5610.0       3.4799366E-9
  5615.0       3.5728198E-9
  5620.0       3.6279448E-9
  5625.0       3.6019683E-9
  5630.0       3.5221615E-9
  5635.0       3.4637093E-9
  5640.0       3.5084E-9
  5645.0       3.6711554E-9
  5650.0       3.8505696E-9
  5655.0       3.937802E-9
  5660.0       3.9344608E-9
  5665.0       3.901821E-9
  5670.0       3.879281E-9
  5675.0       3.8896717E-9
  5680.0       3.9554044E-9
  5685.0       4.063681E-9
  5690.0       4.148272E-9
  5695.0       4.177447E-9
  5700.0       4.221447E-9
  5705.0       4.3353867E-9
  5710.0       4.443295E-9
  5715.0       4.456315E-9
  5720.0       4.4092543E-9
  5725.0       4.388651E-9
  5730.0       4.4500497E-9
  5735.0       4.605702E-9
  5740.0       4.7945066E-9
  5745.0       4.932184E-9
  5750.0       4.9818585E-9
  5755.0       4.942539E-9
  5760.0       4.838325E-9
  5765.0       4.7067776E-9
  5770.0       4.581045E-9
  5775.0       4.489234E-9
  5780.0       4.453851E-9
  5785.0       4.4827217E-9
  5790.0       4.5540776E-9
  5795.0       4.6190474E-9
  5800.0       4.616729E-9
  5805.0       4.5070125E-9
  5810.0       4.3073536E-9
  5815.0       4.084572E-9
  5820.0       3.92415E-9
  5825.0       3.8815586E-9
  5830.0       3.9399297E-9
  5835.0       4.0299386E-9
  5840.0       4.070154E-9
  5845.0       4.011543E-9
  5850.0       3.865616E-9
  5855.0       3.679E-9
  5860.0       3.4906282E-9
  5865.0       3.3042409E-9
  5870.0       3.0910592E-9
  5875.0       2.8171663E-9
  5880.0       2.4844706E-9
  5885.0       2.1511661E-9
  5890.0       1.9095328E-9
  5895.0       1.8376383E-9
  5900.0       1.9555288E-9
  5905.0       2.2089803E-9
  5910.0       2.490855E-9
  5915.0       2.7114702E-9
  5920.0       2.8392366E-9
  5925.0       2.8978482E-9
  5930.0       2.9403986E-9
  5935.0       2.994037E-9
  5940.0       3.043577E-9
  5945.0       3.0605263E-9
  5950.0       3.0377934E-9
  5955.0       3.0059697E-9
  5960.0       3.0161404E-9
  5965.0       3.1017688E-9
  5970.0       3.250168E-9
  5975.0       3.4189942E-9
  5980.0       3.5649415E-9
  5985.0       3.666841E-9
  5990.0       3.735203E-9
  5995.0       3.7872314E-9
  6000.0       3.8325547E-9
  6005.0       3.872551E-9
  6010.0       3.9060946E-9
  6015.0       3.9418806E-9
  6020.0       3.9936916E-9
  6025.0       4.067787E-9
  6030.0       4.1590353E-9
  6035.0       4.2521577E-9
  6040.0       4.3338626E-9
  6045.0       4.399827E-9
  6050.0       4.4485406E-9
  6055.0       4.4791117E-9
  6060.0       4.486091E-9
  6065.0       4.4649795E-9
  6070.0       4.4277515E-9
  6075.0       4.3971817E-9
  6080.0       4.399862E-9
  6085.0       4.452108E-9
  6090.0       4.540067E-9
  6095.0       4.6314548E-9
  6100.0       4.689374E-9
  6105.0       4.688772E-9
  6110.0       4.639869E-9
  6115.0       4.577427E-9
  6120.0       4.54703E-9
  6125.0       4.580218E-9
  6130.0       4.6599222E-9
  6135.0       4.727875E-9
  6140.0       4.705015E-9
  6145.0       4.5307513E-9
  6150.0       4.213042E-9
  6155.0       3.820949E-9
  6160.0       3.4512695E-9
  6165.0       3.1816259E-9
  6170.0       3.0280374E-9
  6175.0       2.9545197E-9
  6180.0       2.9088296E-9
  6185.0       2.8589353E-9
  6190.0       2.8059872E-9
  6195.0       2.7671896E-9
  6200.0       2.7503821E-9
  6205.0       2.7422264E-9
  6210.0       2.7207692E-9
  6215.0       2.6775082E-9
  6220.0       2.627392E-9
  6225.0       2.5995173E-9
  6230.0       2.6149178E-9
  6235.0       2.6726479E-9
  6240.0       2.7539948E-9
  6245.0       2.83894E-9
  6250.0       2.9222802E-9
  6255.0       3.0124154E-9
  6260.0       3.1200196E-9
  6265.0       3.2459584E-9
  6270.0       3.3767864E-9
  6275.0       3.4975807E-9
  6280.0       3.6024792E-9
  6285.0       3.6998808E-9
  6290.0       3.812946E-9
  6295.0       3.9630264E-9
  6300.0       4.160956E-9
  6305.0       4.402202E-9
  6310.0       4.6616915E-9
  6315.0       4.9136046E-9
  6320.0       5.140368E-9
  6325.0       5.334464E-9
  6330.0       5.501071E-9
  6335.0       5.64112E-9
  6340.0       5.746068E-9
  6345.0       5.8027756E-9
  6350.0       5.8013896E-9
  6355.0       5.7445186E-9
  6360.0       5.646117E-9
  6365.0       5.5283342E-9
  6370.0       5.4203624E-9
  6375.0       5.3531664E-9
  6380.0       5.359636E-9
  6385.0       5.4668856E-9
  6390.0       5.6736518E-9
  6395.0       5.9495058E-9
  6400.0       6.2382775E-9
  6405.0       6.477341E-9
  6410.0       6.6315593E-9
  6415.0       6.7042096E-9
  6420.0       6.7337558E-9
  6425.0       6.771728E-9
  6430.0       6.8528476E-9
  6435.0       6.9805797E-9
  6440.0       7.1339765E-9
  6445.0       7.2861774E-9
  6450.0       7.4191977E-9
  6455.0       7.533402E-9
  6460.0       7.635748E-9
  6465.0       7.725086E-9
  6470.0       7.7927815E-9
  6475.0       7.824308E-9
  6480.0       7.816398E-9
  6485.0       7.792874E-9
  6490.0       7.801398E-9
  6495.0       7.893882E-9
  6500.0       8.099396E-9
  6505.0       8.402863E-9
  6510.0       8.744719E-9
  6515.0       9.055164E-9
  6520.0       9.289464E-9
  6525.0       9.442251E-9
  6530.0       9.536781E-9
  6535.0       9.59343E-9
  6540.0       9.60382E-9
  6545.0       9.535941E-9
  6550.0       9.3704635E-9
  6555.0       9.121781E-9
  6560.0       8.845388E-9
  6565.0       8.616102E-9
  6570.0       8.481805E-9
  6575.0       8.445472E-9
  6580.0       8.468222E-9
  6585.0       8.491922E-9
  6590.0       8.469491E-9
  6595.0       8.3780565E-9
  6600.0       8.217506E-9
  6605.0       8.004283E-9
  6610.0       7.766911E-9
  6615.0       7.539206E-9
  6620.0       7.3525683E-9
  6625.0       7.2216046E-9
  6630.0       7.130561E-9
  6635.0       7.0432624E-9
  6640.0       6.928817E-9
  6645.0       6.785972E-9
  6650.0       6.6469608E-9
  6655.0       6.551263E-9
  6660.0       6.507813E-9
  6665.0       6.4776646E-9
  6670.0       6.40093E-9
  6675.0       6.245679E-9
  6680.0       6.0416196E-9
  6685.0       5.867813E-9
  6690.0       5.792784E-9
  6695.0       5.814781E-9
  6700.0       5.854379E-9
  6705.0       5.810941E-9
  6710.0       5.640806E-9
  6715.0       5.3961227E-9
  6720.0       5.193984E-9
  6725.0       5.130083E-9
  6730.0       5.211313E-9
  6735.0       5.3590647E-9
  6740.0       5.4724762E-9
  6745.0       5.5026423E-9
  6750.0       5.478273E-9
  6755.0       5.4654494E-9
  6760.0       5.499358E-9
  6765.0       5.5532365E-9
  6770.0       5.5685145E-9
  6775.0       5.505125E-9
  6780.0       5.3835176E-9
  6785.0       5.273024E-9
  6790.0       5.233146E-9
  6795.0       5.274491E-9
  6800.0       5.35726E-9
  6805.0       5.426684E-9
  6810.0       5.4571427E-9
  6815.0       5.4657967E-9
  6820.0       5.4838893E-9
  6825.0       5.521267E-9
  6830.0       5.560909E-9
  6835.0       5.570027E-9
  6840.0       5.537237E-9
  6845.0       5.4936904E-9
  6850.0       5.4843623E-9
  6855.0       5.5422253E-9
  6860.0       5.6577236E-9
  6865.0       5.7774523E-9
  6870.0       5.8490173E-9
  6875.0       5.850964E-9
  6880.0       5.81496E-9
  6885.0       5.8125544E-9
  6890.0       5.9046945E-9
  6895.0       6.1115912E-9
  6900.0       6.3942105E-9
  6905.0       6.6759234E-9
  6910.0       6.897462E-9
  6915.0       7.0524675E-9
  6920.0       7.1951733E-9
  6925.0       7.4046764E-9
  6930.0       7.717529E-9
  6935.0       8.093282E-9
  6940.0       8.431589E-9
  6945.0       8.631703E-9
  6950.0       8.678349E-9
  6955.0       8.658549E-9
  6960.0       8.703463E-9
  6965.0       8.901178E-9
  6970.0       9.225152E-9
  6975.0       9.56528E-9
  6980.0       9.804733E-9
  6985.0       9.903445E-9
  6990.0       9.9364765E-9
  6995.0       1.0019882E-8
  7000.0       1.0221894E-8
  7005.0       1.0519062E-8
  7010.0       1.081563E-8
  7015.0       1.1044249E-8
  7020.0       1.1228343E-8
  7025.0       1.1448629E-8
  7030.0       1.1754596E-8
  7035.0       1.20757875E-8
  7040.0       1.223426E-8
  7045.0       1.2058545E-8
  7050.0       1.1522338E-8
  7055.0       1.07978E-8
  7060.0       1.0150545E-8
  7065.0       9.764595E-9
  7070.0       9.628581E-9
  7075.0       9.556813E-9
  7080.0       9.3452295E-9
  7085.0       8.940259E-9
  7090.0       8.47739E-9
  7095.0       8.176112E-9
  7100.0       8.17042E-9
  7105.0       8.395634E-9
  7110.0       8.617961E-9
  7115.0       8.600109E-9
  7120.0       8.257125E-9
  7125.0       7.704505E-9
  7130.0       7.1935427E-9
  7135.0       6.942859E-9
  7140.0       7.0120185E-9
  7145.0       7.304439E-9
  7150.0       7.644697E-9
  7155.0       7.9047355E-9
  7160.0       8.062924E-9
  7165.0       8.181612E-9
  7170.0       8.343836E-9
  7175.0       8.580072E-9
  7180.0       8.8512175E-9
  7185.0       9.082379E-9
  7190.0       9.218977E-9
  7195.0       9.268388E-9
  7200.0       9.3033306E-9
  7205.0       9.420522E-9
  7210.0       9.677689E-9
  7215.0       1.0057824E-8
  7220.0       1.0474611E-8
  7225.0       1.0826923E-8
  7230.0       1.1074355E-8
  7235.0       1.1262796E-8
  7240.0       1.1484755E-8
  7245.0       1.1809666E-8
  7250.0       1.2231621E-8
  7255.0       1.2675214E-8
  7260.0       1.3055193E-8
  7265.0       1.3342773E-8
  7270.0       1.3578769E-8
  7275.0       1.3830285E-8
  7280.0       1.41308565E-8
  7285.0       1.4453937E-8
  7290.0       1.4745248E-8
  7295.0       1.4981566E-8
  7300.0       1.5201753E-8
  7305.0       1.547923E-8
  7310.0       1.5857157E-8
  7315.0       1.6308109E-8
  7320.0       1.674254E-8
  7325.0       1.706779E-8
  7330.0       1.7254843E-8
  7335.0       1.7347109E-8
  7340.0       1.7428546E-8
  7345.0       1.7573022E-8
  7350.0       1.7803899E-8
  7355.0       1.8101087E-8
  7360.0       1.8426526E-8
  7365.0       1.8743894E-8
  7370.0       1.9024386E-8
  7375.0       1.9248175E-8
  7380.0       1.9405677E-8
  7385.0       1.9507196E-8
  7390.0       1.9588649E-8
  7395.0       1.9690495E-8
  7400.0       1.9833507E-8
  7405.0       2.0003961E-8
  7410.0       2.0158723E-8
  7415.0       2.026236E-8
  7420.0       2.0311157E-8
  7425.0       2.033155E-8
  7430.0       2.0359955E-8
  7435.0       2.041023E-8
  7440.0       2.0468228E-8
  7445.0       2.0515849E-8
  7450.0       2.055434E-8
  7455.0       2.0614483E-8
  7460.0       2.073426E-8
  7465.0       2.0921426E-8
  7470.0       2.1135707E-8
  7475.0       2.1310745E-8
  7480.0       2.1398117E-8
  7485.0       2.1401124E-8
  7490.0       2.1377174E-8
  7495.0       2.139696E-8
  7500.0       2.1497279E-8
  7505.0       2.165971E-8
  7510.0       2.1823986E-8
  7515.0       2.1933424E-8
  7520.0       2.1973783E-8
  7525.0       2.1981718E-8
  7530.0       2.2018131E-8
  7535.0       2.2124967E-8
  7540.0       2.2296529E-8
  7545.0       2.2479826E-8
  7550.0       2.2604457E-8
  7555.0       2.2630871E-8
  7560.0       2.2563027E-8
  7565.0       2.2419705E-8
  7570.0       2.2193907E-8
  7575.0       2.1820846E-8
  7580.0       2.1223366E-8
  7585.0       2.0413838E-8
  7590.0       1.957035E-8
  7595.0       1.8970084E-8
  7600.0       1.883129E-8
  7605.0       1.9151157E-8
  7610.0       1.9627059E-8
  7615.0       1.9860156E-8
  7620.0       1.9597518E-8
  7625.0       1.8880531E-8
  7630.0       1.8029676E-8
  7635.0       1.7337063E-8
  7640.0       1.6873804E-8
  7645.0       1.6490514E-8
  7650.0       1.5951334E-8
  7655.0       1.521072E-8
  7660.0       1.4461186E-8
  7665.0       1.3973368E-8
  7670.0       1.3908964E-8
  7675.0       1.4150156E-8
  7680.0       1.439306E-8
  7685.0       1.4407868E-8
  7690.0       1.4200454E-8
  7695.0       1.4034404E-8
  7700.0       1.4233872E-8
  7705.0       1.4931963E-8
  7710.0       1.596836E-8
  7715.0       1.6984684E-8
  7720.0       1.76511E-8
  7725.0       1.7845496E-8
  7730.0       1.768126E-8
  7735.0       1.7377731E-8
  7740.0       1.7101257E-8
  7745.0       1.6895418E-8
  7750.0       1.6722977E-8
  7755.0       1.6546831E-8
  7760.0       1.6383442E-8
  7765.0       1.6288672E-8
  7770.0       1.62934E-8
  7775.0       1.6381888E-8
  7780.0       1.650579E-8
  7785.0       1.6625977E-8
  7790.0       1.6753567E-8
  7795.0       1.6931537E-8
  7800.0       1.7190045E-8
  7805.0       1.7504734E-8
  7810.0       1.7786888E-8
  7815.0       1.7932914E-8
  7820.0       1.789121E-8
  7825.0       1.7711868E-8
  7830.0       1.7541542E-8
  7835.0       1.7537634E-8
  7840.0       1.7772749E-8
  7845.0       1.819183E-8
  7850.0       1.864371E-8
  7855.0       1.8982561E-8
  7860.0       1.9163545E-8
  7865.0       1.9263577E-8
  7870.0       1.9411376E-8
  7875.0       1.9688281E-8
  7880.0       2.0062283E-8
  7885.0       2.0402215E-8
  7890.0       2.056777E-8
  7895.0       2.0498794E-8
  7900.0       2.0249733E-8
  7905.0       1.9954898E-8
  7910.0       1.9758748E-8
  7915.0       1.974037E-8
  7920.0       1.9889901E-8
  7925.0       2.014027E-8
  7930.0       2.040643E-8
  7935.0       2.0639167E-8
  7940.0       2.0838863E-8
  7945.0       2.1039517E-8
  7950.0       2.1288242E-8
  7955.0       2.1609596E-8
  7960.0       2.1988663E-8
  7965.0       2.2377932E-8
  7970.0       2.2713229E-8
  7975.0       2.2950312E-8
  7980.0       2.3089818E-8
  7985.0       2.3171765E-8
  7990.0       2.3259469E-8
  7995.0       2.3391923E-8
  8000.0       2.3572396E-8
  8005.0       2.3950955E-8
  8010.0       2.4322617E-8
  8015.0       2.4594318E-8
  8020.0       2.4745363E-8
  8025.0       2.4806873E-8
  8030.0       2.4851342E-8
  8035.0       2.4962818E-8
  8040.0       2.5191483E-8
  8045.0       2.5516462E-8
  8050.0       2.5852389E-8
  8055.0       2.610343E-8
  8060.0       2.6228212E-8
  8065.0       2.6271788E-8
  8070.0       2.633199E-8
  8075.0       2.647453E-8
  8080.0       2.6678906E-8
  8085.0       2.6862855E-8
  8090.0       2.695699E-8
  8095.0       2.6969781E-8
  8100.0       2.6990302E-8
  8105.0       2.7116444E-8
  8110.0       2.7379318E-8
  8115.0       2.7723404E-8
  8120.0       2.8042239E-8
  8125.0       2.8235515E-8
  8130.0       2.8248408E-8
  8135.0       2.8084566E-8
  8140.0       2.7821477E-8
  8145.0       2.7611325E-8
  8150.0       2.76226E-8
  8155.0       2.7910481E-8
  8160.0       2.827515E-8
  8165.0       2.8262182E-8
  8170.0       2.7395856E-8
  8175.0       2.5532369E-8
  8180.0       2.3089195E-8
  8185.0       2.094912E-8
  8190.0       2.0010182E-8
  8195.0       2.0643856E-8
  8200.0       2.2474044E-8
  8205.0       2.462525E-8
  8210.0       2.6252405E-8
  8215.0       2.7008916E-8
  8220.0       2.7145791E-8
  8225.0       2.7183317E-8
  8230.0       2.7478004E-8
  8235.0       2.8016457E-8
  8240.0       2.8522816E-8
  8245.0       2.874555E-8
  8250.0       2.8671785E-8
  8255.0       2.8493343E-8
  8260.0       2.8396924E-8
  8265.0       2.8396551E-8
  8270.0       2.83334E-8
  8275.0       2.8029033E-8
  8280.0       2.7459516E-8
  8285.0       2.6792344E-8
  8290.0       2.626801E-8
  8295.0       2.6047188E-8
  8300.0       2.6128493E-8
  8305.0       2.6376044E-8
  8310.0       2.6620603E-8
  8315.0       2.6760839E-8
  8320.0       2.6791632E-8
  8325.0       2.6765589E-8
  8330.0       2.6737357E-8
  8335.0       2.6732236E-8
  8340.0       2.6755915E-8
  8345.0       2.6818883E-8
  8350.0       2.6934988E-8
  8355.0       2.7091403E-8
  8360.0       2.7221544E-8
  8365.0       2.7219036E-8
  8370.0       2.7007511E-8
  8375.0       2.6622962E-8
  8380.0       2.6229678E-8
  8385.0       2.6043764E-8
  8390.0       2.6205441E-8
  8395.0       2.6680773E-8
  8400.0       2.726729E-8
  8405.0       2.7708708E-8
  8410.0       2.7825632E-8
  8415.0       2.7577219E-8
  8420.0       2.7039995E-8
  8425.0       2.6339894E-8
  8430.0       2.5593955E-8
  8435.0       2.4894124E-8
  8440.0       2.4311595E-8
  8445.0       2.3884638E-8
  8450.0       2.3597043E-8
  8455.0       2.3380933E-8
  8460.0       2.3166393E-8
  8465.0       2.2950175E-8
  8470.0       2.281855E-8
  8475.0       2.2886136E-8
  8480.0       2.3191582E-8
  8485.0       2.363026E-8
  8490.0       2.3993314E-8
  8495.0       2.4099553E-8
  8500.0       2.3915137E-8
  8505.0       2.3568836E-8
  8510.0       2.3261103E-8
  8515.0       2.3131328E-8
  8520.0       2.3181896E-8
  8525.0       2.3322892E-8
  8530.0       2.3478991E-8
  8535.0       2.3652701E-8
  8540.0       2.390538E-8
  8545.0       2.4281324E-8
  8550.0       2.4743706E-8
  8555.0       2.5189665E-8
  8560.0       2.5523235E-8
  8565.0       2.5712849E-8
  8570.0       2.579522E-8
  8575.0       2.5833192E-8
  8580.0       2.5870328E-8
  8585.0       2.5921274E-8
  8590.0       2.5988358E-8
  8595.0       2.606569E-8
  8600.0       2.6123292E-8
  8605.0       2.6100825E-8
  8610.0       2.5945534E-8
  8615.0       2.568356E-8
  8620.0       2.5451765E-8
  8625.0       2.5432747E-8
  8630.0       2.5719412E-8
  8635.0       2.620596E-8
  8640.0       2.6619206E-8
  8645.0       2.670504E-8
  8650.0       2.6433913E-8
  8655.0       2.6042699E-8
  8660.0       2.5876705E-8
  8665.0       2.6132811E-8
  8670.0       2.6688552E-8
  8675.0       2.718484E-8
  8680.0       2.7291605E-8
  8685.0       2.6940873E-8
  8690.0       2.6362226E-8
  8695.0       2.5903404E-8
  8700.0       2.5775599E-8
  8705.0       2.5934026E-8
  8710.0       2.6171504E-8
  8715.0       2.630896E-8
  8720.0       2.632839E-8
  8725.0       2.6358299E-8
  8730.0       2.6533321E-8
  8735.0       2.6863736E-8
  8740.0       2.7216144E-8
  8745.0       2.7411742E-8
  8750.0       2.7355467E-8
  8755.0       2.710776E-8
  8760.0       2.6852977E-8
  8765.0       2.6776807E-8
  8770.0       2.6955025E-8
  8775.0       2.7314734E-8
  8780.0       2.7686731E-8
  8785.0       2.792045E-8
  8790.0       2.7991362E-8
  8795.0       2.8012208E-8
  8800.0       2.8137094E-8
  8805.0       2.8434787E-8
  8810.0       2.8829165E-8
  8815.0       2.9155887E-8
  8820.0       2.9299539E-8
  8825.0       2.9295391E-8
  8830.0       2.9291789E-8
  8835.0       2.9408776E-8
  8840.0       2.9605598E-8
  8845.0       2.9666289E-8
  8850.0       2.9337492E-8
  8855.0       2.8524402E-8
  8860.0       2.7381045E-8
  8865.0       2.623246E-8
  8870.0       2.5393982E-8
  8875.0       2.5008836E-8
  8880.0       2.501151E-8
  8885.0       2.5231008E-8
  8890.0       2.5530037E-8
  8895.0       2.5871062E-8
  8900.0       2.6333696E-8
  8905.0       2.7086848E-8
  8910.0       2.737568E-8
  8915.0       2.752638E-8
  8920.0       2.7596966E-8
  8925.0       2.7601493E-8
  8930.0       2.7581716E-8
  8935.0       2.7580574E-8
  8940.0       2.7611188E-8
  8945.0       2.765446E-8
  8950.0       2.7691527E-8
  8955.0       2.773297E-8
  8960.0       2.7816672E-8
  8965.0       2.797103E-8
  8970.0       2.8174812E-8
  8975.0       2.8354398E-8
  8980.0       2.8439937E-8
  8985.0       2.843225E-8
  8990.0       2.8419151E-8
  8995.0       2.8518917E-8
  9000.0       2.878184E-8
  9005.0       2.9135789E-8
  9010.0       2.9434135E-8
  9015.0       2.9573414E-8
  9020.0       2.9582472E-8
  9025.0       2.9603036E-8
  9030.0       2.975457E-8
  9035.0       3.0023774E-8
  9040.0       3.0250725E-8
  9045.0       3.0247488E-8
  9050.0       2.9978175E-8
  9055.0       2.957725E-8
  9060.0       2.9272394E-8
  9065.0       2.9231543E-8
  9070.0       2.9425767E-8
  9075.0       2.9701672E-8
  9080.0       2.989699E-8
  9085.0       2.994287E-8
  9090.0       2.9909877E-8
  9095.0       2.9910534E-8
  9100.0       3.0015745E-8
  9105.0       3.0226982E-8
  9110.0       3.047959E-8
  9115.0       3.0715345E-8
  9120.0       3.0907703E-8
  9125.0       3.1047904E-8
  9130.0       3.1144804E-8
  9135.0       3.1210835E-8
  9140.0       3.126865E-8
  9145.0       3.1353196E-8
  9150.0       3.1483243E-8
  9155.0       3.1633363E-8
  9160.0       3.173714E-8
  9165.0       3.173701E-8
  9170.0       3.1644184E-8
  9175.0       3.154418E-8
  9180.0       3.1547145E-8
  9185.0       3.1700015E-8
  9190.0       3.1923854E-8
  9195.0       3.208069E-8
  9200.0       3.206077E-8
  9205.0       3.184961E-8
  9210.0       3.1546776E-8
  9215.0       3.1253382E-8
  9220.0       3.09964E-8
  9225.0       3.0728835E-8
  9230.0       3.0377254E-8
  9235.0       2.9931236E-8
  9240.0       2.9472549E-8
  9245.0       2.9120407E-8
  9250.0       2.8945562E-8
  9255.0       2.8931048E-8
  9260.0       2.8982349E-8
  9265.0       2.899073E-8
  9270.0       2.891085E-8
  9275.0       2.87606E-8
  9280.0       2.8597317E-8
  9285.0       2.8474004E-8
  9290.0       2.837656E-8
  9295.0       2.824612E-8
  9300.0       2.7991698E-8
  9305.0       2.7533972E-8
  9310.0       2.690526E-8
  9315.0       2.6212904E-8
  9320.0       2.5631614E-8
  9325.0       2.5348122E-8
  9330.0       2.5407557E-8
  9335.0       2.575012E-8
  9340.0       2.6215254E-8
  9345.0       2.6594165E-8
  9350.0       2.6783514E-8
  9355.0       2.6772236E-8
  9360.0       2.664983E-8
  9365.0       2.657978E-8
  9370.0       2.6703354E-8
  9375.0       2.7099832E-8
  9380.0       2.7762232E-8
  9385.0       2.858417E-8
  9390.0       2.9364816E-8
  9395.0       2.9907596E-8
  9400.0       3.0068424E-8
  9405.0       2.9791114E-8
  9410.0       2.9173039E-8
  9415.0       2.8364212E-8
  9420.0       2.752214E-8
  9425.0       2.6798745E-8
  9430.0       2.6299563E-8
  9435.0       2.6094618E-8
  9440.0       2.6216474E-8
  9445.0       2.6634611E-8
  9450.0       2.7225509E-8
  9455.0       2.7855979E-8
  9460.0       2.8417029E-8
  9465.0       2.8835531E-8
  9470.0       2.910521E-8
  9475.0       2.9222432E-8
  9480.0       2.9178302E-8
  9485.0       2.8996695E-8
  9490.0       2.8761031E-8
  9495.0       2.8595736E-8
  9500.0       2.8627761E-8
  9505.0       2.8928184E-8
  9510.0       2.9447792E-8
  9515.0       3.0063685E-8
  9520.0       3.0616583E-8
  9525.0       3.0954993E-8
  9530.0       3.1007083E-8
  9535.0       3.078146E-8
  9540.0       3.0368827E-8
  9545.0       2.9917057E-8
  9550.0       2.9557558E-8
  9555.0       2.935466E-8
  9560.0       2.9284054E-8
  9565.0       2.9258809E-8
  9570.0       2.9193629E-8
  9575.0       2.9059882E-8
  9580.0       2.8881825E-8
  9585.0       2.8704154E-8
  9590.0       2.8576672E-8
  9595.0       2.8546065E-8
  9600.0       2.867947E-8
  9605.0       2.904771E-8
  9610.0       2.963528E-8
  9615.0       3.0302832E-8
  9620.0       3.0799495E-8
  9625.0       3.0883385E-8
  9630.0       3.05239E-8
  9635.0       2.994061E-8
  9640.0       2.9495748E-8
  9645.0       2.947279E-8
  9650.0       2.9861514E-8
  9655.0       3.0388293E-8
  9660.0       3.07027E-8
  9665.0       3.06201E-8
  9670.0       3.0248298E-8
  9675.0       2.9868865E-8
  9680.0       2.9730948E-8
  9685.0       2.9896515E-8
  9690.0       3.02304E-8
  9695.0       3.055311E-8
  9700.0       3.0779223E-8
  9705.0       3.0946826E-8
  9710.0       3.1149447E-8
  9715.0       3.141134E-8
  9720.0       3.1646337E-8
  9725.0       3.1722063E-8
  9730.0       3.1555413E-8
  9735.0       3.1201374E-8
  9740.0       3.0829867E-8
  9745.0       3.0616526E-8
  9750.0       3.063651E-8
  9755.0       3.080079E-8
  9760.0       3.0911384E-8
  9765.0       3.0801612E-8
  9770.0       3.047583E-8
  9775.0       3.0124017E-8
  9780.0       3.002806E-8
  9785.0       3.0379738E-8
  9790.0       3.1115835E-8
  9795.0       3.1972466E-8
  9800.0       3.2629632E-8
  9805.0       3.2883847E-8
  9810.0       3.2764827E-8
  9815.0       3.2455464E-8
  9820.0       3.215175E-8
  9825.0       3.1960436E-8
  9830.0       3.1871814E-8
  9835.0       3.1825394E-8
  9840.0       3.177823E-8
  9845.0       3.1718095E-8
  9850.0       3.1644024E-8
  9855.0       3.1541614E-8
  9860.0       3.1411997E-8
  9865.0       3.1311345E-8
  9870.0       3.132558E-8
  9875.0       3.1498338E-8
  9880.0       3.1738033E-8
  9885.0       3.1817358E-8
  9890.0       3.1506836E-8
  9895.0       3.0722266E-8
  9900.0       2.9622013E-8
  9905.0       2.8554846E-8
  9910.0       2.7858592E-8
  9915.0       2.7712371E-8
  9920.0       2.8074252E-8
  9925.0       2.8723669E-8
  9930.0       2.9405582E-8
  9935.0       2.995603E-8
  9940.0       3.0319864E-8
  9945.0       3.0513764E-8
  9950.0       3.0601523E-8
  9955.0       3.0652394E-8
  9960.0       3.072079E-8
  9965.0       3.0825216E-8
  9970.0       3.0924994E-8
  9975.0       3.093128E-8
  9980.0       3.0764074E-8
  9985.0       3.0420072E-8
  9990.0       3.000447E-8
  9995.0       2.987271E-8
  10000.0      3.0849204E-8
  10005.0      3.1366543E-8
  10010.0      3.1767428E-8
  10015.0      3.20662E-8
  10020.0      3.2157278E-8
  10025.0      3.1988577E-8
  10030.0      3.1646685E-8
  10035.0      3.127166E-8
  10040.0      3.1004397E-8
  10045.0      3.0944857E-8
  10050.0      3.108589E-8
  10055.0      3.137906E-8
  10060.0      3.1772068E-8
  10065.0      3.221599E-8
  10070.0      3.2669682E-8
  10075.0      3.309564E-8
  10080.0      3.345651E-8
  10085.0      3.3718237E-8
  10090.0      3.3855073E-8
  10095.0      3.3844188E-8
  10100.0      3.3665476E-8
  10105.0      3.3320074E-8
  10110.0      3.2865653E-8
  10115.0      3.238106E-8
  10120.0      3.194635E-8
  10125.0      3.162678E-8
  10130.0      3.145048E-8
  10135.0      3.1431185E-8
  10140.0      3.1579074E-8
  10145.0      3.1882678E-8
  10150.0      3.2274734E-8
  10155.0      3.2666144E-8
  10160.0      3.2968288E-8
  10165.0      3.311684E-8
  10170.0      3.311038E-8
  10175.0      3.2971798E-8
  10180.0      3.2727524E-8
  10185.0      3.241447E-8
  10190.0      3.2096967E-8
  10195.0      3.184968E-8
  10200.0      3.1744968E-8
  10205.0      3.1818477E-8
  10210.0      3.2011435E-8
  10215.0      3.2228506E-8
  10220.0      3.2372753E-8
  10225.0      3.2366195E-8
  10230.0      3.2180807E-8
  10235.0      3.1807428E-8
  10240.0      3.124298E-8
  10245.0      3.0524724E-8
  10250.0      2.9794167E-8
  10255.0      2.9233334E-8
  10260.0      2.9019423E-8
  10265.0      2.9242281E-8
  10270.0      2.9765536E-8
  10275.0      3.0365243E-8
  10280.0      3.081713E-8
  10285.0      3.0975905E-8
  10290.0      3.0903074E-8
  10295.0      3.073923E-8
  10300.0      3.0628296E-8
  10305.0      3.066581E-8
  10310.0      3.082125E-8
  10315.0      3.1016064E-8
  10320.0      3.1169503E-8
  10325.0      3.123061E-8
  10330.0      3.1225042E-8
  10335.0      3.1207776E-8
  10340.0      3.1235164E-8
  10345.0      3.134513E-8
  10350.0      3.152747E-8
  10355.0      3.1753956E-8
  10360.0      3.199383E-8
  10365.0      3.2213308E-8
  10370.0      3.236956E-8
  10375.0      3.2416736E-8
  10380.0      3.2312162E-8
  10385.0      3.205029E-8
  10390.0      3.172238E-8
  10395.0      3.145689E-8
  10400.0      3.1380054E-8
  10405.0      3.1561147E-8
  10410.0      3.1920205E-8
  10415.0      3.2320276E-8
  10420.0      3.262475E-8
  10425.0      3.275513E-8
  10430.0      3.2785472E-8
  10435.0      3.2848384E-8
  10440.0      3.3075292E-8
  10445.0      3.352949E-8
  10450.0      3.409686E-8
  10455.0      3.459482E-8
  10460.0      3.4840717E-8
  10465.0      3.4719083E-8
  10470.0      3.4288767E-8
  10475.0      3.367555E-8
  10480.0      3.3010608E-8
  10485.0      3.2411528E-8
  10490.0      3.1959758E-8
  10495.0      3.1723108E-8
  10500.0      3.1762863E-8
  10505.0      3.2089094E-8
  10510.0      3.2578193E-8
  10515.0      3.3055542E-8
  10520.0      3.3348996E-8
  10525.0      3.3364902E-8
  10530.0      3.321315E-8
  10535.0      3.3081847E-8
  10540.0      3.315889E-8
  10545.0      3.3549558E-8
  10550.0      3.4145035E-8
  10555.0      3.4754358E-8
  10560.0      3.51842E-8
  10565.0      3.530298E-8
  10570.0      3.5139152E-8
  10575.0      3.478274E-8
  10580.0      3.4329492E-8
  10585.0      3.3871597E-8
  10590.0      3.3492E-8
  10595.0      3.327001E-8
  10600.0      3.328127E-8
  10605.0      3.3568664E-8
  10610.0      3.4089382E-8
  10615.0      3.4767876E-8
  10620.0      2.6545976E-8
