# WAVELENGTH   FLUX           
  1150.0       0.0            
  1155.0       0.0            
  1160.0       0.0            
  1165.0       0.0            
  1170.0       0.0            
  1175.0       0.0            
  1180.0       0.0            
  1185.0       0.0            
  1190.0       0.0            
  1195.0       0.0            
  1200.0       0.0            
  1205.0       0.0            
  1210.0       0.0            
  1215.0       0.0            
  1220.0       0.0            
  1225.0       0.0            
  1230.0       0.0            
  1235.0       0.0            
  1240.0       0.0            
  1245.0       0.0            
  1250.0       0.0            
  1255.0       0.0            
  1260.0       0.0            
  1265.0       0.0            
  1270.0       0.0            
  1275.0       0.0            
  1280.0       0.0            
  1285.0       0.0            
  1290.0       0.0            
  1295.0       0.0            
  1300.0       0.0            
  1305.0       0.0            
  1310.0       0.0            
  1315.0       0.0            
  1320.0       0.0            
  1325.0       0.0            
  1330.0       0.0            
  1335.0       0.0            
  1340.0       0.0            
  1345.0       0.0            
  1350.0       0.0            
  1355.0       0.0            
  1360.0       0.0            
  1365.0       0.0            
  1370.0       0.0            
  1375.0       0.0            
  1380.0       0.0            
  1385.0       0.0            
  1390.0       0.0            
  1395.0       0.0            
  1400.0       0.0            
  1405.0       0.0            
  1410.0       0.0            
  1415.0       0.0            
  1420.0       0.0            
  1425.0       0.0            
  1430.0       0.0            
  1435.0       0.0            
  1440.0       0.0            
  1445.0       0.0            
  1450.0       0.0            
  1455.0       0.0            
  1460.0       0.0            
  1465.0       0.0            
  1470.0       0.0            
  1475.0       0.0            
  1480.0       0.0            
  1485.0       0.0            
  1490.0       0.0            
  1495.0       0.0            
  1500.0       0.0            
  1505.0       0.0            
  1510.0       0.0            
  1515.0       0.0            
  1520.0       0.0            
  1525.0       0.0            
  1530.0       0.0            
  1535.0       0.0            
  1540.0       0.0            
  1545.0       0.0            
  1550.0       0.0            
  1555.0       0.0            
  1560.0       0.0            
  1565.0       0.0            
  1570.0       0.0            
  1575.0       0.0            
  1580.0       0.0            
  1585.0       0.0            
  1590.0       0.0            
  1595.0       0.0            
  1600.0       0.0            
  1605.0       0.0            
  1610.0       0.0            
  1615.0       0.0            
  1620.0       0.0            
  1625.0       0.0            
  1630.0       0.0            
  1635.0       0.0            
  1640.0       0.0            
  1645.0       0.0            
  1650.0       0.0            
  1655.0       0.0            
  1660.0       0.0            
  1665.0       0.0            
  1670.0       0.0            
  1675.0       0.0            
  1680.0       0.0            
  1685.0       0.0            
  1690.0       0.0            
  1695.0       0.0            
  1700.0       0.0            
  1705.0       0.0            
  1710.0       0.0            
  1715.0       0.0            
  1720.0       0.0            
  1725.0       0.0            
  1730.0       0.0            
  1735.0       0.0            
  1740.0       0.0            
  1745.0       0.0            
  1750.0       0.0            
  1755.0       0.0            
  1760.0       0.0            
  1765.0       0.0            
  1770.0       0.0            
  1775.0       0.0            
  1780.0       0.0            
  1785.0       0.0            
  1790.0       0.0            
  1795.0       0.0            
  1800.0       0.0            
  1805.0       0.0            
  1810.0       0.0            
  1815.0       0.0            
  1820.0       0.0            
  1825.0       0.0            
  1830.0       0.0            
  1835.0       0.0            
  1840.0       0.0            
  1845.0       0.0            
  1850.0       4.544193E-16   
  1855.0       3.1735874E-15  
  1860.0       4.079972E-15   
  1865.0       6.7991364E-15  
  1870.0       7.7055206E-15  
  1875.0       1.0424692E-14  
  1880.0       1.0876679E-14  
  1885.0       1.04222856E-14 
  1890.0       7.248725E-15   
  1895.0       3.623169E-15   
  1900.0       4.5200256E-16  
  1905.0       0.0            
  1910.0       0.0            
  1915.0       0.0            
  1920.0       0.0            
  1925.0       0.0            
  1930.0       0.0            
  1935.0       0.0            
  1940.0       0.0            
  1945.0       0.0            
  1950.0       3.1804975E-15  
  1955.0       2.5849518E-14  
  1960.0       5.4856222E-14  
  1965.0       8.6125436E-14  
  1970.0       1.1195407E-13  
  1975.0       1.3234193E-13  
  1980.0       1.4003843E-13  
  1985.0       1.3549723E-13  
  1990.0       1.1282387E-13  
  1995.0       6.613006E-14   
  2000.0       8.589178E-15   
  2005.0       0.0            
  2010.0       0.0            
  2015.0       0.0            
  2020.0       0.0            
  2025.0       0.0            
  2030.0       0.0            
  2035.0       0.0            
  2040.0       0.0            
  2045.0       0.0            
  2050.0       4.5884263E-14  
  2055.0       3.7912438E-13  
  2060.0       8.459744E-13   
  2065.0       1.4066297E-12  
  2070.0       2.0515735E-12  
  2075.0       2.7753687E-12  
  2080.0       3.5689544E-12  
  2085.0       4.4264327E-12  
  2090.0       5.336476E-12   
  2095.0       6.295458E-12   
  2100.0       7.292057E-12   
  2105.0       8.32128E-12    
  2110.0       9.379048E-12   
  2115.0       1.0458563E-11  
  2120.0       1.15534995E-11 
  2125.0       1.2662022E-11  
  2130.0       1.3778235E-11  
  2135.0       1.4897623E-11  
  2140.0       1.6013833E-11  
  2145.0       1.7122343E-11  
  2150.0       1.8217698E-11  
  2155.0       1.9301288E-11  
  2160.0       2.0371746E-11  
  2165.0       2.1434916E-11  
  2170.0       2.2498127E-11  
  2175.0       2.3567636E-11  
  2180.0       2.4645373E-11  
  2185.0       2.5737126E-11  
  2190.0       2.684791E-11   
  2195.0       2.7986356E-11  
  2200.0       2.915423E-11   
  2205.0       3.0352977E-11  
  2210.0       3.15725E-11    
  2215.0       3.2795235E-11  
  2220.0       3.4001614E-11  
  2225.0       3.518127E-11   
  2230.0       3.6316932E-11  
  2235.0       3.7388235E-11  
  2240.0       3.8380243E-11  
  2245.0       3.9279805E-11  
  2250.0       4.0066023E-11  
  2255.0       4.0734346E-11  
  2260.0       4.1294038E-11  
  2265.0       4.1757167E-11  
  2270.0       4.2142817E-11  
  2275.0       4.2464515E-11  
  2280.0       4.2741855E-11  
  2285.0       4.2990663E-11  
  2290.0       4.322811E-11   
  2295.0       4.346917E-11   
  2300.0       4.3728507E-11  
  2305.0       4.401529E-11   
  2310.0       4.4309452E-11  
  2315.0       4.4585453E-11  
  2320.0       4.4817E-11     
  2325.0       4.4973292E-11  
  2330.0       4.5028075E-11  
  2335.0       4.4955987E-11  
  2340.0       4.4730157E-11  
  2345.0       4.4317647E-11  
  2350.0       4.3696644E-11  
  2355.0       4.2868067E-11  
  2360.0       4.1897822E-11  
  2365.0       4.0878564E-11  
  2370.0       3.9898338E-11  
  2375.0       3.9056838E-11  
  2380.0       3.8442898E-11  
  2385.0       3.8156242E-11  
  2390.0       3.8284736E-11  
  2395.0       3.892406E-11   
  2400.0       4.016385E-11   
  2405.0       4.2042658E-11  
  2410.0       4.4463846E-11  
  2415.0       4.7280648E-11  
  2420.0       5.034433E-11   
  2425.0       5.3507653E-11  
  2430.0       5.661418E-11   
  2435.0       5.9514525E-11  
  2440.0       6.206165E-11   
  2445.0       6.410219E-11   
  2450.0       6.549253E-11   
  2455.0       6.615431E-11   
  2460.0       6.617406E-11   
  2465.0       6.570432E-11   
  2470.0       6.490434E-11   
  2475.0       6.393121E-11   
  2480.0       6.2946E-11     
  2485.0       6.2104065E-11  
  2490.0       6.156864E-11   
  2495.0       6.1494525E-11  
  2500.0       6.203511E-11   
  2505.0       6.3285335E-11  
  2510.0       6.517276E-11   
  2515.0       6.7570914E-11  
  2520.0       7.034592E-11   
  2525.0       7.3363746E-11  
  2530.0       7.6489926E-11  
  2535.0       7.958798E-11   
  2540.0       8.252583E-11   
  2545.0       8.516967E-11   
  2550.0       8.739104E-11   
  2555.0       8.914871E-11   
  2560.0       9.061886E-11   
  2565.0       9.206649E-11   
  2570.0       9.376021E-11   
  2575.0       9.596658E-11   
  2580.0       9.895866E-11   
  2585.0       1.03003564E-10 
  2590.0       1.08373616E-10 
  2595.0       1.15334145E-10 
  2600.0       1.2414528E-10  
  2605.0       1.3490978E-10  
  2610.0       1.473494E-10   
  2615.0       1.610391E-10   
  2620.0       1.75537E-10    
  2625.0       1.9040158E-10  
  2630.0       2.0519249E-10  
  2635.0       2.1946828E-10  
  2640.0       2.3278461E-10  
  2645.0       2.447038E-10   
  2650.0       2.5479818E-10  
  2655.0       2.627775E-10   
  2660.0       2.6871755E-10  
  2665.0       2.7283234E-10  
  2670.0       2.7534974E-10  
  2675.0       2.764947E-10   
  2680.0       2.7649755E-10  
  2685.0       2.755863E-10   
  2690.0       2.73987E-10    
  2695.0       2.7192967E-10  
  2700.0       2.6963323E-10  
  2705.0       2.6726704E-10  
  2710.0       2.6485938E-10  
  2715.0       2.6238253E-10  
  2720.0       2.5980465E-10  
  2725.0       2.5709512E-10  
  2730.0       2.5422056E-10  
  2735.0       2.5115196E-10  
  2740.0       2.4785327E-10  
  2745.0       2.4429586E-10  
  2750.0       2.4045282E-10  
  2755.0       2.3634464E-10  
  2760.0       2.3212449E-10  
  2765.0       2.2799217E-10  
  2770.0       2.2415365E-10  
  2775.0       2.2081796E-10  
  2780.0       2.1818661E-10  
  2785.0       2.1646633E-10  
  2790.0       2.1586771E-10  
  2795.0       2.1659113E-10  
  2800.0       2.1884491E-10  
  2805.0       2.2281171E-10  
  2810.0       2.2864029E-10  
  2815.0       2.3645888E-10  
  2820.0       2.463919E-10   
  2825.0       2.585681E-10   
  2830.0       2.7310956E-10  
  2835.0       2.9014513E-10  
  2840.0       3.0980118E-10  
  2845.0       3.3220243E-10  
  2850.0       3.574598E-10   
  2855.0       3.8553222E-10  
  2860.0       4.159609E-10   
  2865.0       4.481436E-10   
  2870.0       4.8145105E-10  
  2875.0       5.1526433E-10  
  2880.0       5.4895816E-10  
  2885.0       5.8190885E-10  
  2890.0       6.1349176E-10  
  2895.0       6.430849E-10   
  2900.0       6.700738E-10   
  2905.0       6.939489E-10   
  2910.0       7.144717E-10   
  2915.0       7.315121E-10   
  2920.0       7.4494283E-10  
  2925.0       7.54638E-10    
  2930.0       7.6047235E-10  
  2935.0       7.6232987E-10  
  2940.0       7.6007994E-10  
  2945.0       7.5359957E-10  
  2950.0       7.4279305E-10  
  2955.0       7.278421E-10   
  2960.0       7.096477E-10   
  2965.0       6.893901E-10   
  2970.0       6.6827643E-10  
  2975.0       6.475158E-10   
  2980.0       6.2831373E-10  
  2985.0       6.1187927E-10  
  2990.0       5.9941635E-10  
  2995.0       5.9213556E-10  
  3000.0       5.911937E-10   
  3005.0       5.972652E-10   
  3010.0       6.0976285E-10  
  3015.0       6.2761774E-10  
  3020.0       6.497043E-10   
  3025.0       6.749102E-10   
  3030.0       7.0210887E-10  
  3035.0       7.301867E-10   
  3040.0       7.580206E-10   
  3045.0       7.844902E-10   
  3050.0       8.0851126E-10  
  3055.0       8.2931434E-10  
  3060.0       8.4697777E-10  
  3065.0       8.618991E-10   
  3070.0       8.7450835E-10  
  3075.0       8.8523067E-10  
  3080.0       8.9449953E-10  
  3085.0       9.027412E-10   
  3090.0       9.103892E-10   
  3095.0       9.1786795E-10  
  3100.0       9.255965E-10   
  3105.0       9.338851E-10   
  3110.0       9.42736E-10    
  3115.0       9.520423E-10   
  3120.0       9.6169E-10     
  3125.0       9.71565E-10    
  3130.0       9.815442E-10   
  3135.0       9.915164E-10   
  3140.0       1.0013598E-9   
  3145.0       1.0109604E-9   
  3150.0       1.0202046E-9   
  3155.0       1.0274334E-9   
  3160.0       1.0290617E-9   
  3165.0       1.054258E-9    
  3170.0       1.0828095E-9   
  3175.0       1.1065767E-9   
  3180.0       1.1143769E-9   
  3185.0       1.1030944E-9   
  3190.0       1.0971276E-9   
  3195.0       1.1232542E-9   
  3200.0       1.1898064E-9   
  3205.0       1.2018487E-9   
  3210.0       1.155932E-9    
  3215.0       1.0707697E-9   
  3220.0       1.0020831E-9   
  3225.0       9.936336E-10   
  3230.0       1.0200079E-9   
  3235.0       1.0485632E-9   
  3240.0       1.0961718E-9   
  3245.0       1.1834507E-9   
  3250.0       1.2895821E-9   
  3255.0       1.3835335E-9   
  3260.0       1.4500571E-9   
  3265.0       1.4794781E-9   
  3270.0       1.4617623E-9   
  3275.0       1.4068664E-9   
  3280.0       1.3763771E-9   
  3285.0       1.4202342E-9   
  3290.0       1.5057203E-9   
  3295.0       1.5724685E-9   
  3300.0       1.5734317E-9   
  3305.0       1.4991611E-9   
  3310.0       1.4211311E-9   
  3315.0       1.402997E-9    
  3320.0       1.4099282E-9   
  3325.0       1.3957926E-9   
  3330.0       1.3834276E-9   
  3335.0       1.4027862E-9   
  3340.0       1.4311661E-9   
  3345.0       1.4341777E-9   
  3350.0       1.4020779E-9   
  3355.0       1.341798E-9    
  3360.0       1.2783018E-9   
  3365.0       1.2407891E-9   
  3370.0       1.2511059E-9   
  3375.0       1.3105788E-9   
  3380.0       1.375513E-9    
  3385.0       1.4073239E-9   
  3390.0       1.4241693E-9   
  3395.0       1.4500622E-9   
  3400.0       1.4742417E-9   
  3405.0       1.494732E-9    
  3410.0       1.4274457E-9   
  3415.0       1.3872656E-9   
  3420.0       1.3923639E-9   
  3425.0       1.4018003E-9   
  3430.0       1.3723502E-9   
  3435.0       1.2902922E-9   
  3440.0       1.2146592E-9   
  3445.0       1.2045945E-9   
  3450.0       1.2471256E-9   
  3455.0       1.302668E-9    
  3460.0       1.3359833E-9   
  3465.0       1.3270217E-9   
  3470.0       1.2892765E-9   
  3475.0       1.2476874E-9   
  3480.0       1.223897E-9    
  3485.0       1.2292213E-9   
  3490.0       1.2528996E-9   
  3495.0       1.2868621E-9   
  3500.0       1.3495527E-9   
  3505.0       1.440905E-9    
  3510.0       1.4851365E-9   
  3515.0       1.4504195E-9   
  3520.0       1.3675846E-9   
  3525.0       1.3184187E-9   
  3530.0       1.3760098E-9   
  3535.0       1.4806932E-9   
  3540.0       1.5654668E-9   
  3545.0       1.5758201E-9   
  3550.0       1.5153836E-9   
  3555.0       1.4314978E-9   
  3560.0       1.3328431E-9   
  3565.0       1.2129772E-9   
  3570.0       1.1448258E-9   
  3575.0       1.1135209E-9   
  3580.0       1.0316012E-9   
  3585.0       9.992218E-10   
  3590.0       1.1489473E-9   
  3595.0       1.4170066E-9   
  3600.0       1.5534928E-9   
  3605.0       1.4486701E-9   
  3610.0       1.3287128E-9   
  3615.0       1.3038771E-9   
  3620.0       1.3846821E-9   
  3625.0       1.5352051E-9   
  3630.0       1.5570878E-9   
  3635.0       1.5668755E-9   
  3640.0       1.5661654E-9   
  3645.0       1.5031526E-9   
  3650.0       1.5937079E-9   
  3655.0       1.8379669E-9   
  3660.0       1.9985205E-9   
  3665.0       1.9865898E-9   
  3670.0       1.92573E-9     
  3675.0       1.8399E-9      
  3680.0       1.7428415E-9   
  3685.0       1.7225692E-9   
  3690.0       1.808708E-9    
  3695.0       1.9238022E-9   
  3700.0       1.9123805E-9   
  3705.0       1.7468826E-9   
  3710.0       1.7262201E-9   
  3715.0       1.7373034E-9   
  3720.0       1.6326535E-9   
  3725.0       1.6090463E-9   
  3730.0       1.5122201E-9   
  3735.0       1.3370266E-9   
  3740.0       1.288787E-9    
  3745.0       1.2448425E-9   
  3750.0       1.3591818E-9   
  3755.0       1.5421E-9      
  3760.0       1.5830556E-9   
  3765.0       1.6172915E-9   
  3770.0       1.7512787E-9   
  3775.0       1.9245743E-9   
  3780.0       2.0018478E-9   
  3785.0       1.8672845E-9   
  3790.0       1.6581648E-9   
  3795.0       1.5412556E-9   
  3800.0       1.5922677E-9   
  3805.0       1.7021299E-9   
  3810.0       1.6681165E-9   
  3815.0       1.4219601E-9   
  3820.0       1.1855597E-9   
  3825.0       1.0282437E-9   
  3830.0       9.677423E-10   
  3835.0       9.907047E-10   
  3840.0       1.0873966E-9   
  3845.0       1.2425168E-9   
  3850.0       1.301959E-9    
  3855.0       1.2421787E-9   
  3860.0       1.210491E-9    
  3865.0       1.2549441E-9   
  3870.0       1.2730897E-9   
  3875.0       1.3148158E-9   
  3880.0       1.364625E-9    
  3885.0       1.4515807E-9   
  3890.0       1.6416153E-9   
  3895.0       1.8016616E-9   
  3900.0       1.8467557E-9   
  3905.0       1.8221467E-9   
  3910.0       1.909828E-9    
  3915.0       1.922718E-9    
  3920.0       1.7842616E-9   
  3925.0       1.5157082E-9   
  3930.0       1.2113649E-9   
  3935.0       1.0824501E-9   
  3940.0       1.2176463E-9   
  3945.0       1.5248056E-9   
  3950.0       1.8363084E-9   
  3955.0       1.944539E-9    
  3960.0       1.7366588E-9   
  3965.0       1.3900222E-9   
  3970.0       1.2807431E-9   
  3975.0       1.5712508E-9   
  3980.0       1.9952382E-9   
  3985.0       2.3041316E-9   
  3990.0       2.507113E-9    
  3995.0       2.6226938E-9   
  4000.0       2.694344E-9    
  4005.0       2.7363218E-9   
  4010.0       2.80278E-9     
  4015.0       2.8692824E-9   
  4020.0       2.9183844E-9   
  4025.0       2.898796E-9    
  4030.0       2.8219498E-9   
  4035.0       2.8289815E-9   
  4040.0       2.8071119E-9   
  4045.0       2.730479E-9    
  4050.0       2.7380231E-9   
  4055.0       2.7013967E-9   
  4060.0       2.6261202E-9   
  4065.0       2.5868307E-9   
  4070.0       2.5857732E-9   
  4075.0       2.6425842E-9   
  4080.0       2.7983855E-9   
  4085.0       2.9802854E-9   
  4090.0       3.0308196E-9   
  4095.0       2.8926452E-9   
  4100.0       2.737196E-9    
  4105.0       2.747188E-9    
  4110.0       2.8649685E-9   
  4115.0       2.9615592E-9   
  4120.0       2.9885736E-9   
  4125.0       2.9509335E-9   
  4130.0       2.8759448E-9   
  4135.0       2.8643692E-9   
  4140.0       2.8466962E-9   
  4145.0       2.807662E-9    
  4150.0       2.78116E-9     
  4155.0       2.7873501E-9   
  4160.0       2.859279E-9    
  4165.0       2.8914013E-9   
  4170.0       2.8252805E-9   
  4175.0       2.7461815E-9   
  4180.0       2.7183567E-9   
  4185.0       2.7356257E-9   
  4190.0       2.7584501E-9   
  4195.0       2.7048748E-9   
  4200.0       2.6947873E-9   
  4205.0       2.8404368E-9   
  4210.0       2.9794505E-9   
  4215.0       3.01167E-9     
  4220.0       2.9407765E-9   
  4225.0       2.765E-9       
  4230.0       2.7292235E-9   
  4235.0       2.7656168E-9   
  4240.0       2.852323E-9    
  4245.0       2.9005476E-9   
  4250.0       2.8757081E-9   
  4255.0       2.8597833E-9   
  4260.0       2.8562568E-9   
  4265.0       2.8595015E-9   
  4270.0       2.7787743E-9   
  4275.0       2.770838E-9    
  4280.0       2.8013671E-9   
  4285.0       2.764714E-9    
  4290.0       2.68056E-9     
  4295.0       2.522149E-9    
  4300.0       2.2732016E-9   
  4305.0       2.1038564E-9   
  4310.0       2.2277105E-9   
  4315.0       2.6838638E-9   
  4320.0       3.0030392E-9   
  4325.0       3.0440122E-9   
  4330.0       3.073216E-9    
  4335.0       3.0387997E-9   
  4340.0       2.981986E-9    
  4345.0       3.0681042E-9   
  4350.0       3.139822E-9    
  4355.0       3.2015732E-9   
  4360.0       3.3019676E-9   
  4365.0       3.370267E-9    
  4370.0       3.3225134E-9   
  4375.0       3.1939684E-9   
  4380.0       3.0015592E-9   
  4385.0       2.874021E-9    
  4390.0       2.9419238E-9   
  4395.0       3.0865075E-9   
  4400.0       3.1468763E-9   
  4405.0       3.1443823E-9   
  4410.0       3.2280798E-9   
  4415.0       3.3315384E-9   
  4420.0       3.4414713E-9   
  4425.0       3.474303E-9    
  4430.0       3.4672065E-9   
  4435.0       3.46824E-9     
  4440.0       3.5221361E-9   
  4445.0       3.57056E-9     
  4450.0       3.5183065E-9   
  4455.0       3.347573E-9    
  4460.0       3.2741732E-9   
  4465.0       3.3827587E-9   
  4470.0       3.5548298E-9   
  4475.0       3.6924777E-9   
  4480.0       3.7359147E-9   
  4485.0       3.746346E-9    
  4490.0       3.7258694E-9   
  4495.0       3.7448133E-9   
  4500.0       3.8594328E-9   
  4505.0       3.9964534E-9   
  4510.0       4.0664654E-9   
  4515.0       4.036572E-9    
  4520.0       3.9119423E-9   
  4525.0       3.6992858E-9   
  4530.0       3.583909E-9    
  4535.0       3.6414278E-9   
  4540.0       3.7209316E-9   
  4545.0       3.7252688E-9   
  4550.0       3.7275267E-9   
  4555.0       3.790044E-9    
  4560.0       3.8563512E-9   
  4565.0       3.8821057E-9   
  4570.0       3.900025E-9    
  4575.0       3.897467E-9    
  4580.0       3.8543466E-9   
  4585.0       3.8249164E-9   
  4590.0       3.79558E-9     
  4595.0       3.7546237E-9   
  4600.0       3.7766275E-9   
  4605.0       3.8415573E-9   
  4610.0       3.9057615E-9   
  4615.0       3.941905E-9    
  4620.0       3.9785037E-9   
  4625.0       3.9990407E-9   
  4630.0       4.003362E-9    
  4635.0       3.941822E-9    
  4640.0       3.839766E-9    
  4645.0       3.729573E-9    
  4650.0       3.685291E-9    
  4655.0       3.717609E-9    
  4660.0       3.742517E-9    
  4665.0       3.6598562E-9   
  4670.0       3.605346E-9    
  4675.0       3.619475E-9    
  4680.0       3.6572954E-9   
  4685.0       3.7117784E-9   
  4690.0       3.714592E-9    
  4695.0       3.6694339E-9   
  4700.0       3.5817187E-9   
  4705.0       3.53048E-9     
  4710.0       3.5512102E-9   
  4715.0       3.6674066E-9   
  4720.0       3.78516E-9     
  4725.0       3.818799E-9    
  4730.0       3.7813073E-9   
  4735.0       3.782035E-9    
  4740.0       3.8368833E-9   
  4745.0       3.9071906E-9   
  4750.0       3.9447214E-9   
  4755.0       3.9238595E-9   
  4760.0       3.881644E-9    
  4765.0       3.8133536E-9   
  4770.0       3.822332E-9    
  4775.0       3.917546E-9    
  4780.0       3.9922434E-9   
  4785.0       3.975453E-9    
  4790.0       3.961282E-9    
  4795.0       3.9964334E-9   
  4800.0       4.0121857E-9   
  4805.0       3.9903223E-9   
  4810.0       3.993819E-9    
  4815.0       4.0277524E-9   
  4820.0       4.034187E-9    
  4825.0       3.9926062E-9   
  4830.0       3.9534425E-9   
  4835.0       3.9287884E-9   
  4840.0       3.894389E-9    
  4845.0       3.887896E-9    
  4850.0       3.8148853E-9   
  4855.0       3.61267E-9     
  4860.0       3.3996579E-9   
  4865.0       3.3529546E-9   
  4870.0       3.40969E-9     
  4875.0       3.5090242E-9   
  4880.0       3.64248E-9     
  4885.0       3.6395948E-9   
  4890.0       3.6376318E-9   
  4895.0       3.7815755E-9   
  4900.0       3.8905843E-9   
  4905.0       3.900982E-9    
  4910.0       3.82578E-9     
  4915.0       3.7421164E-9   
  4920.0       3.6140044E-9   
  4925.0       3.681047E-9    
  4930.0       3.797869E-9    
  4935.0       3.760247E-9    
  4940.0       3.760874E-9    
  4945.0       3.889136E-9    
  4950.0       3.9538577E-9   
  4955.0       3.896526E-9    
  4960.0       3.8390127E-9   
  4965.0       3.8592645E-9   
  4970.0       3.85967E-9     
  4975.0       3.8570325E-9   
  4980.0       3.753005E-9    
  4985.0       3.6903607E-9   
  4990.0       3.7314205E-9   
  4995.0       3.7522963E-9   
  5000.0       3.7107206E-9   
  5005.0       3.611593E-9    
  5010.0       3.552261E-9    
  5015.0       3.4831809E-9   
  5020.0       3.4952508E-9   
  5025.0       3.5758385E-9   
  5030.0       3.6439485E-9   
  5035.0       3.636535E-9    
  5040.0       3.5619743E-9   
  5045.0       3.5886634E-9   
  5050.0       3.6613403E-9   
  5055.0       3.7633705E-9   
  5060.0       3.8558188E-9   
  5065.0       3.8136023E-9   
  5070.0       3.7306815E-9   
  5075.0       3.6570955E-9   
  5080.0       3.5845105E-9   
  5085.0       3.637522E-9    
  5090.0       3.730223E-9    
  5095.0       3.7294066E-9   
  5100.0       3.664016E-9    
  5105.0       3.6476107E-9   
  5110.0       3.6472176E-9   
  5115.0       3.7224677E-9   
  5120.0       3.730894E-9    
  5125.0       3.630097E-9    
  5130.0       3.5682084E-9   
  5135.0       3.5380434E-9   
  5140.0       3.5030134E-9   
  5145.0       3.4921999E-9   
  5150.0       3.4979841E-9   
  5155.0       3.5246055E-9   
  5160.0       3.4615688E-9   
  5165.0       3.1749887E-9   
  5170.0       2.974701E-9    
  5175.0       3.0889256E-9   
  5180.0       3.215562E-9    
  5185.0       3.2027436E-9   
  5190.0       3.2982694E-9   
  5195.0       3.4131293E-9   
  5200.0       3.5261565E-9   
  5205.0       3.5146226E-9   
  5210.0       3.5391838E-9   
  5215.0       3.614778E-9    
  5220.0       3.6363341E-9   
  5225.0       3.5589978E-9   
  5230.0       3.5109573E-9   
  5235.0       3.5964933E-9   
  5240.0       3.7089587E-9   
  5245.0       3.7541206E-9   
  5250.0       3.743942E-9    
  5255.0       3.743822E-9    
  5260.0       3.6429129E-9   
  5265.0       3.3743042E-9   
  5270.0       3.2403822E-9   
  5275.0       3.3441012E-9   
  5280.0       3.5405074E-9   
  5285.0       3.7029124E-9   
  5290.0       3.8304435E-9   
  5295.0       3.7997077E-9   
  5300.0       3.7488768E-9   
  5305.0       3.8233754E-9   
  5310.0       3.9002517E-9   
  5315.0       3.897725E-9    
  5320.0       3.7958903E-9   
  5325.0       3.624357E-9    
  5330.0       3.5626757E-9   
  5335.0       3.6370786E-9   
  5340.0       3.6749452E-9   
  5345.0       3.7122507E-9   
  5350.0       3.768653E-9    
  5355.0       3.8687786E-9   
  5360.0       3.881712E-9    
  5365.0       3.7522225E-9   
  5370.0       3.6380692E-9   
  5375.0       3.7007422E-9   
  5380.0       3.768827E-9    
  5385.0       3.7666226E-9   
  5390.0       3.7013994E-9   
  5395.0       3.6034993E-9   
  5400.0       3.5344523E-9   
  5405.0       3.4765268E-9   
  5410.0       3.4957373E-9   
  5415.0       3.5996262E-9   
  5420.0       3.6654821E-9   
  5425.0       3.6715777E-9   
  5430.0       3.6361478E-9   
  5435.0       3.6451424E-9   
  5440.0       3.7201788E-9   
  5445.0       3.7108863E-9   
  5450.0       3.7243495E-9   
  5455.0       3.7147025E-9   
  5460.0       3.738189E-9    
  5465.0       3.7172898E-9   
  5470.0       3.7105412E-9   
  5475.0       3.6459618E-9   
  5480.0       3.5999772E-9   
  5485.0       3.6425072E-9   
  5490.0       3.6895225E-9   
  5495.0       3.7155734E-9   
  5500.0       3.7055476E-9   
  5505.0       3.6714212E-9   
  5510.0       3.646308E-9    
  5515.0       3.665042E-9    
  5520.0       3.7076329E-9   
  5525.0       3.675824E-9    
  5530.0       3.6281693E-9   
  5535.0       3.6304932E-9   
  5540.0       3.6715466E-9   
  5545.0       3.7134165E-9   
  5550.0       3.7574606E-9   
  5555.0       3.7385615E-9   
  5560.0       3.6920964E-9   
  5565.0       3.6328134E-9   
  5570.0       3.5978245E-9   
  5575.0       3.614175E-9    
  5580.0       3.6178418E-9   
  5585.0       3.515097E-9    
  5590.0       3.4274275E-9   
  5595.0       3.4584928E-9   
  5600.0       3.5113834E-9   
  5605.0       3.6304997E-9   
  5610.0       3.7150187E-9   
  5615.0       3.6270802E-9   
  5620.0       3.570264E-9    
  5625.0       3.5873746E-9   
  5630.0       3.6365295E-9   
  5635.0       3.6355003E-9   
  5640.0       3.6222132E-9   
  5645.0       3.6436885E-9   
  5650.0       3.6459933E-9   
  5655.0       3.5629828E-9   
  5660.0       3.5007817E-9   
  5665.0       3.5426528E-9   
  5670.0       3.6311234E-9   
  5675.0       3.675546E-9    
  5680.0       3.6436036E-9   
  5685.0       3.5970054E-9   
  5690.0       3.6027525E-9   
  5695.0       3.6208767E-9   
  5700.0       3.5741132E-9   
  5705.0       3.4959953E-9   
  5710.0       3.4530971E-9   
  5715.0       3.5453342E-9   
  5720.0       3.6684669E-9   
  5725.0       3.7332377E-9   
  5730.0       3.7308423E-9   
  5735.0       3.72939E-9     
  5740.0       3.7196515E-9   
  5745.0       3.6742016E-9   
  5750.0       3.613458E-9    
  5755.0       3.5912358E-9   
  5760.0       3.614065E-9    
  5765.0       3.6535792E-9   
  5770.0       3.6819232E-9   
  5775.0       3.6366725E-9   
  5780.0       3.5474228E-9   
  5785.0       3.5102088E-9   
  5790.0       3.5665921E-9   
  5795.0       3.6205703E-9   
  5800.0       3.64584E-9     
  5805.0       3.6397272E-9   
  5810.0       3.6476788E-9   
  5815.0       3.670322E-9    
  5820.0       3.7140526E-9   
  5825.0       3.73392E-9     
  5830.0       3.7306322E-9   
  5835.0       3.7194359E-9   
  5840.0       3.717022E-9    
  5845.0       3.691631E-9    
  5850.0       3.6352037E-9   
  5855.0       3.5643357E-9   
  5860.0       3.5635541E-9   
  5865.0       3.6178776E-9   
  5870.0       3.6639538E-9   
  5875.0       3.6646082E-9   
  5880.0       3.5870718E-9   
  5885.0       3.3769658E-9   
  5890.0       3.1404093E-9   
  5895.0       3.1787186E-9   
  5900.0       3.3904852E-9   
  5905.0       3.524336E-9    
  5910.0       3.5639445E-9   
  5915.0       3.5797152E-9   
  5920.0       3.6030279E-9   
  5925.0       3.5905383E-9   
  5930.0       3.5672298E-9   
  5935.0       3.592362E-9    
  5940.0       3.5982404E-9   
  5945.0       3.5523915E-9   
  5950.0       3.5202676E-9   
  5955.0       3.5397907E-9   
  5960.0       3.5794792E-9   
  5965.0       3.5951433E-9   
  5970.0       3.5876087E-9   
  5975.0       3.5455563E-9   
  5980.0       3.5135612E-9   
  5985.0       3.4885033E-9   
  5990.0       3.5121324E-9   
  5995.0       3.5211045E-9   
  6000.0       3.5018204E-9   
  6005.0       3.4776158E-9   
  6010.0       3.4509746E-9   
  6015.0       3.4226546E-9   
  6020.0       3.4157186E-9   
  6025.0       3.4681922E-9   
  6030.0       3.5311642E-9   
  6035.0       3.5552026E-9   
  6040.0       3.5519443E-9   
  6045.0       3.558933E-9    
  6050.0       3.5491667E-9   
  6055.0       3.5235128E-9   
  6060.0       3.5193761E-9   
  6065.0       3.5268706E-9   
  6070.0       3.5400172E-9   
  6075.0       3.4978649E-9   
  6080.0       3.4507222E-9   
  6085.0       3.4358696E-9   
  6090.0       3.4246774E-9   
  6095.0       3.3985676E-9   
  6100.0       3.3717504E-9   
  6105.0       3.4043426E-9   
  6110.0       3.4490188E-9   
  6115.0       3.4231797E-9   
  6120.0       3.381576E-9    
  6125.0       3.3925818E-9   
  6130.0       3.3824983E-9   
  6135.0       3.3199132E-9   
  6140.0       3.336353E-9    
  6145.0       3.3836458E-9   
  6150.0       3.3792307E-9   
  6155.0       3.314169E-9    
  6160.0       3.2364627E-9   
  6165.0       3.2354932E-9   
  6170.0       3.2872773E-9   
  6175.0       3.3555E-9      
  6180.0       3.3889669E-9   
  6185.0       3.3730805E-9   
  6190.0       3.367998E-9    
  6195.0       3.4170307E-9   
  6200.0       3.4524674E-9   
  6205.0       3.4551098E-9   
  6210.0       3.416988E-9    
  6215.0       3.3708898E-9   
  6220.0       3.3485992E-9   
  6225.0       3.3339513E-9   
  6230.0       3.3067027E-9   
  6235.0       3.308263E-9    
  6240.0       3.2935878E-9   
  6245.0       3.2643517E-9   
  6250.0       3.2598995E-9   
  6255.0       3.2416947E-9   
  6260.0       3.2753116E-9   
  6265.0       3.316149E-9    
  6270.0       3.329147E-9    
  6275.0       3.2951204E-9   
  6280.0       3.268189E-9    
  6285.0       3.2993708E-9   
  6290.0       3.3104364E-9   
  6295.0       3.2768133E-9   
  6300.0       3.2431167E-9   
  6305.0       3.2665615E-9   
  6310.0       3.2703524E-9   
  6315.0       3.2363967E-9   
  6320.0       3.2473209E-9   
  6325.0       3.2943344E-9   
  6330.0       3.29926E-9     
  6335.0       3.2751255E-9   
  6340.0       3.2728127E-9   
  6345.0       3.2899865E-9   
  6350.0       3.2924092E-9   
  6355.0       3.2532683E-9   
  6360.0       3.2302876E-9   
  6365.0       3.2691223E-9   
  6370.0       3.3275407E-9   
  6375.0       3.3410548E-9   
  6380.0       3.3347016E-9   
  6385.0       3.3322967E-9   
  6390.0       3.3084302E-9   
  6395.0       3.278332E-9    
  6400.0       3.2471317E-9   
  6405.0       3.2347536E-9   
  6410.0       3.22581E-9     
  6415.0       3.2346583E-9   
  6420.0       3.2447955E-9   
  6425.0       3.272721E-9    
  6430.0       3.2730567E-9   
  6435.0       3.2738539E-9   
  6440.0       3.2638412E-9   
  6445.0       3.261593E-9    
  6450.0       3.2481478E-9   
  6455.0       3.2426035E-9   
  6460.0       3.2251595E-9   
  6465.0       3.2332057E-9   
  6470.0       3.249985E-9    
  6475.0       3.2465515E-9   
  6480.0       3.2270946E-9   
  6485.0       3.2088316E-9   
  6490.0       3.170584E-9    
  6495.0       3.1174163E-9   
  6500.0       3.1734861E-9   
  6505.0       3.2622156E-9   
  6510.0       3.3002696E-9   
  6515.0       3.2824785E-9   
  6520.0       3.264431E-9    
  6525.0       3.261905E-9    
  6530.0       3.2583225E-9   
  6535.0       3.2623615E-9   
  6540.0       3.2462752E-9   
  6545.0       3.1844338E-9   
  6550.0       3.0850762E-9   
  6555.0       2.9493392E-9   
  6560.0       2.8283564E-9   
  6565.0       2.9027738E-9   
  6570.0       3.05137E-9     
  6575.0       3.1439733E-9   
  6580.0       3.1892005E-9   
  6585.0       3.1892842E-9   
  6590.0       3.1711347E-9   
  6595.0       3.1714427E-9   
  6600.0       3.206414E-9    
  6605.0       3.2197338E-9   
  6610.0       3.2311025E-9   
  6615.0       3.248564E-9    
  6620.0       3.2474272E-9   
  6625.0       3.2234153E-9   
  6630.0       3.1820169E-9   
  6635.0       3.1686513E-9   
  6640.0       3.184262E-9    
  6645.0       3.2050487E-9   
  6650.0       3.2189071E-9   
  6655.0       3.2018121E-9   
  6660.0       3.1744871E-9   
  6665.0       3.1666436E-9   
  6670.0       3.1755822E-9   
  6675.0       3.1745853E-9   
  6680.0       3.176578E-9    
  6685.0       3.1955116E-9   
  6690.0       3.1935448E-9   
  6695.0       3.1746468E-9   
  6700.0       3.153288E-9    
  6705.0       3.1270724E-9   
  6710.0       3.1111314E-9   
  6715.0       3.0953453E-9   
  6720.0       3.100579E-9    
  6725.0       3.1141405E-9   
  6730.0       3.1195106E-9   
  6735.0       3.1308283E-9   
  6740.0       3.1300962E-9   
  6745.0       3.121032E-9    
  6750.0       3.108018E-9    
  6755.0       3.118776E-9    
  6760.0       3.1293614E-9   
  6765.0       3.1225238E-9   
  6770.0       3.1039504E-9   
  6775.0       3.1113958E-9   
  6780.0       3.1160108E-9   
  6785.0       3.109717E-9    
  6790.0       3.1109013E-9   
  6795.0       3.10159E-9     
  6800.0       3.0919731E-9   
  6805.0       3.0875078E-9   
  6810.0       3.080682E-9    
  6815.0       3.0780416E-9   
  6820.0       3.0768044E-9   
  6825.0       3.0754517E-9   
  6830.0       3.0628058E-9   
  6835.0       3.0291785E-9   
  6840.0       2.997428E-9    
  6845.0       3.0047171E-9   
  6850.0       3.0136915E-9   
  6855.0       3.0063485E-9   
  6860.0       3.0065856E-9   
  6865.0       3.010087E-9    
  6870.0       2.9961738E-9   
  6875.0       2.9753005E-9   
  6880.0       2.9691463E-9   
  6885.0       2.9773075E-9   
  6890.0       2.9905998E-9   
  6895.0       2.994549E-9    
  6900.0       2.9946956E-9   
  6905.0       2.9915748E-9   
  6910.0       2.9878846E-9   
  6915.0       2.9806901E-9   
  6920.0       2.982149E-9    
  6925.0       2.9739344E-9   
  6930.0       2.969213E-9    
  6935.0       2.9625478E-9   
  6940.0       2.9565934E-9   
  6945.0       2.9470228E-9   
  6950.0       2.9493785E-9   
  6955.0       2.9584646E-9   
  6960.0       2.9643803E-9   
  6965.0       2.9663314E-9   
  6970.0       2.9632345E-9   
  6975.0       2.9436587E-9   
  6980.0       2.9321465E-9   
  6985.0       2.9676204E-9   
  6990.0       2.9722396E-9   
  6995.0       2.962878E-9    
  7000.0       2.9356066E-9   
  7005.0       2.911641E-9    
  7010.0       2.9037168E-9   
  7015.0       2.8758067E-9   
  7020.0       2.8777385E-9   
  7025.0       2.8928717E-9   
  7030.0       2.9214524E-9   
  7035.0       2.934283E-9    
  7040.0       2.9507503E-9   
  7045.0       2.969393E-9    
  7050.0       2.95427E-9     
  7055.0       2.926566E-9    
  7060.0       2.924672E-9    
  7065.0       2.9273037E-9   
  7070.0       2.9310345E-9   
  7075.0       2.9451375E-9   
  7080.0       2.9272371E-9   
  7085.0       2.888313E-9    
  7090.0       2.8712652E-9   
  7095.0       2.8861358E-9   
  7100.0       2.9059393E-9   
  7105.0       2.9075504E-9   
  7110.0       2.8943765E-9   
  7115.0       2.8939369E-9   
  7120.0       2.8895728E-9   
  7125.0       2.8892486E-9   
  7130.0       2.8755822E-9   
  7135.0       2.8825624E-9   
  7140.0       2.8839569E-9   
  7145.0       2.8589076E-9   
  7150.0       2.8475866E-9   
  7155.0       2.853164E-9    
  7160.0       2.840601E-9    
  7165.0       2.823756E-9    
  7170.0       2.8175489E-9   
  7175.0       2.7910778E-9   
  7180.0       2.7474243E-9   
  7185.0       2.682202E-9    
  7190.0       2.6550235E-9   
  7195.0       2.6723928E-9   
  7200.0       2.7017444E-9   
  7205.0       2.7364313E-9   
  7210.0       2.7832996E-9   
  7215.0       2.821722E-9    
  7220.0       2.8252394E-9   
  7225.0       2.8195095E-9   
  7230.0       2.80835E-9     
  7235.0       2.7873075E-9   
  7240.0       2.7730658E-9   
  7245.0       2.7724842E-9   
  7250.0       2.7721954E-9   
  7255.0       2.774156E-9    
  7260.0       2.7770568E-9   
  7265.0       2.7781797E-9   
  7270.0       2.7707625E-9   
  7275.0       2.7433222E-9   
  7280.0       2.7155007E-9   
  7285.0       2.6777893E-9   
  7290.0       2.6551017E-9   
  7295.0       2.701709E-9    
  7300.0       2.7231433E-9   
  7305.0       2.7107372E-9   
  7310.0       2.701168E-9    
  7315.0       2.7127347E-9   
  7320.0       2.7194498E-9   
  7325.0       2.7215972E-9   
  7330.0       2.7444786E-9   
  7335.0       2.7801625E-9   
  7340.0       2.7946672E-9   
  7345.0       2.784329E-9    
  7350.0       2.7607068E-9   
  7355.0       2.7401166E-9   
  7360.0       2.7396518E-9   
  7365.0       2.7507228E-9   
  7370.0       2.7677964E-9   
  7375.0       2.773642E-9    
  7380.0       2.7578997E-9   
  7385.0       2.7014706E-9   
  7390.0       2.6744702E-9   
  7395.0       2.697885E-9    
  7400.0       2.7110565E-9   
  7405.0       2.69886E-9     
  7410.0       2.6703655E-9   
  7415.0       2.6679878E-9   
  7420.0       2.6845803E-9   
  7425.0       2.7204068E-9   
  7430.0       2.754849E-9    
  7435.0       2.7541662E-9   
  7440.0       2.7289309E-9   
  7445.0       2.70593E-9     
  7450.0       2.718012E-9    
  7455.0       2.7248306E-9   
  7460.0       2.7175537E-9   
  7465.0       2.7394986E-9   
  7470.0       2.7502456E-9   
  7475.0       2.733228E-9    
  7480.0       2.7133742E-9   
  7485.0       2.6963631E-9   
  7490.0       2.6715414E-9   
  7495.0       2.6600762E-9   
  7500.0       2.679072E-9    
  7505.0       2.6698534E-9   
  7510.0       2.6557172E-9   
  7515.0       2.680038E-9    
  7520.0       2.6935114E-9   
  7525.0       2.6814795E-9   
  7530.0       2.6767881E-9   
  7535.0       2.692523E-9    
  7540.0       2.6957978E-9   
  7545.0       2.6797136E-9   
  7550.0       2.6684122E-9   
  7555.0       2.6624971E-9   
  7560.0       2.6658245E-9   
  7565.0       2.6645723E-9   
  7570.0       2.652206E-9    
  7575.0       2.6473708E-9   
  7580.0       2.6484186E-9   
  7585.0       2.6585172E-9   
  7590.0       2.695782E-9    
  7595.0       2.7195972E-9   
  7600.0       2.7062332E-9   
  7605.0       2.6681797E-9   
  7610.0       2.6231837E-9   
  7615.0       2.5851477E-9   
  7620.0       2.5904983E-9   
  7625.0       2.6196294E-9   
  7630.0       2.6387794E-9   
  7635.0       2.6458749E-9   
  7640.0       2.63993E-9     
  7645.0       2.626033E-9    
  7650.0       2.6045173E-9   
  7655.0       2.580586E-9    
  7660.0       2.5621516E-9   
  7665.0       2.5742315E-9   
  7670.0       2.5990385E-9   
  7675.0       2.608742E-9    
  7680.0       2.61169E-9     
  7685.0       2.6118427E-9   
  7690.0       2.6009626E-9   
  7695.0       2.5937141E-9   
  7700.0       2.5998617E-9   
  7705.0       2.601387E-9    
  7710.0       2.588204E-9    
  7715.0       2.5837859E-9   
  7720.0       2.5920683E-9   
  7725.0       2.596156E-9    
  7730.0       2.598738E-9    
  7735.0       2.6022655E-9   
  7740.0       2.5864728E-9   
  7745.0       2.5464275E-9   
  7750.0       2.540928E-9    
  7755.0       2.571275E-9    
  7760.0       2.5892848E-9   
  7765.0       2.5956912E-9   
  7770.0       2.5794689E-9   
  7775.0       2.5581963E-9   
  7780.0       2.5539182E-9   
  7785.0       2.5692488E-9   
  7790.0       2.5848346E-9   
  7795.0       2.5638374E-9   
  7800.0       2.537403E-9    
  7805.0       2.5289406E-9   
  7810.0       2.5334466E-9   
  7815.0       2.5677789E-9   
  7820.0       2.5931308E-9   
  7825.0       2.5890023E-9   
  7830.0       2.5499647E-9   
  7835.0       2.5134734E-9   
  7840.0       2.5223101E-9   
  7845.0       2.5281164E-9   
  7850.0       2.5357223E-9   
  7855.0       2.55034E-9     
  7860.0       2.5579474E-9   
  7865.0       2.5529634E-9   
  7870.0       2.537469E-9    
  7875.0       2.521161E-9    
  7880.0       2.5135591E-9   
  7885.0       2.517794E-9    
  7890.0       2.5062608E-9   
  7895.0       2.4792628E-9   
  7900.0       2.4620295E-9   
  7905.0       2.454407E-9    
  7910.0       2.448348E-9    
  7915.0       2.4452884E-9   
  7920.0       2.4462021E-9   
  7925.0       2.4353568E-9   
  7930.0       2.4033089E-9   
  7935.0       2.3809796E-9   
  7940.0       2.3689313E-9   
  7945.0       2.3736215E-9   
  7950.0       2.4020579E-9   
  7955.0       2.4224314E-9   
  7960.0       2.431841E-9    
  7965.0       2.4395563E-9   
  7970.0       2.4404336E-9   
  7975.0       2.4453608E-9   
  7980.0       2.4503604E-9   
  7985.0       2.447803E-9    
  7990.0       2.4369207E-9   
  7995.0       2.403749E-9    
  8000.0       2.3844489E-9   
  8005.0       2.4005125E-9   
  8010.0       2.4186737E-9   
  8015.0       2.4353806E-9   
  8020.0       2.4307787E-9   
  8025.0       2.4024045E-9   
  8030.0       2.3997697E-9   
  8035.0       2.425095E-9    
  8040.0       2.4219302E-9   
  8045.0       2.3816802E-9   
  8050.0       2.3690125E-9   
  8055.0       2.397469E-9    
  8060.0       2.4254438E-9   
  8065.0       2.4246254E-9   
  8070.0       2.4050213E-9   
  8075.0       2.3979048E-9   
  8080.0       2.3855298E-9   
  8085.0       2.3643527E-9   
  8090.0       2.339511E-9    
  8095.0       2.310865E-9    
  8100.0       2.3106985E-9   
  8105.0       2.330344E-9    
  8110.0       2.3430808E-9   
  8115.0       2.3452313E-9   
  8120.0       2.3455125E-9   
  8125.0       2.3465092E-9   
  8130.0       2.3430407E-9   
  8135.0       2.331686E-9    
  8140.0       2.3162554E-9   
  8145.0       2.3053193E-9   
  8150.0       2.3001876E-9   
  8155.0       2.2997504E-9   
  8160.0       2.292129E-9    
  8165.0       2.2745152E-9   
  8170.0       2.2573863E-9   
  8175.0       2.2550006E-9   
  8180.0       2.248603E-9    
  8185.0       2.2424385E-9   
  8190.0       2.2322284E-9   
  8195.0       2.2114595E-9   
  8200.0       2.225935E-9    
  8205.0       2.262508E-9    
  8210.0       2.2914435E-9   
  8215.0       2.296932E-9    
  8220.0       2.2775348E-9   
  8225.0       2.2488273E-9   
  8230.0       2.2313418E-9   
  8235.0       2.2457973E-9   
  8240.0       2.2763715E-9   
  8245.0       2.2863462E-9   
  8250.0       2.2853317E-9   
  8255.0       2.2818787E-9   
  8260.0       2.2893691E-9   
  8265.0       2.30176E-9     
  8270.0       2.3006705E-9   
  8275.0       2.2723723E-9   
  8280.0       2.2480597E-9   
  8285.0       2.236701E-9    
  8290.0       2.2390023E-9   
  8295.0       2.2450346E-9   
  8300.0       2.2458355E-9   
  8305.0       2.237915E-9    
  8310.0       2.2366122E-9   
  8315.0       2.2471158E-9   
  8320.0       2.2479474E-9   
  8325.0       2.2325368E-9   
  8330.0       2.2172126E-9   
  8335.0       2.2107955E-9   
  8340.0       2.2119375E-9   
  8345.0       2.2197775E-9   
  8350.0       2.246442E-9    
  8355.0       2.2650832E-9   
  8360.0       2.269524E-9    
  8365.0       2.2679996E-9   
  8370.0       2.266972E-9    
  8375.0       2.2620652E-9   
  8380.0       2.2508724E-9   
  8385.0       2.2350795E-9   
  8390.0       2.241866E-9    
  8395.0       2.2633642E-9   
  8400.0       2.2750242E-9   
  8405.0       2.2760127E-9   
  8410.0       2.2682891E-9   
  8415.0       2.261403E-9    
  8420.0       2.2505535E-9   
  8425.0       2.2421738E-9   
  8430.0       2.2414948E-9   
  8435.0       2.222526E-9    
  8440.0       2.220213E-9    
  8445.0       2.228898E-9    
  8450.0       2.254531E-9    
  8455.0       2.2723592E-9   
  8460.0       2.2671545E-9   
  8465.0       2.2444915E-9   
  8470.0       2.2378648E-9   
  8475.0       2.2537585E-9   
  8480.0       2.2592208E-9   
  8485.0       2.248961E-9    
  8490.0       2.1877233E-9   
  8495.0       2.0513968E-9   
  8500.0       2.0287843E-9   
  8505.0       2.116867E-9    
  8510.0       2.1664697E-9   
  8515.0       2.1664932E-9   
  8520.0       2.1653026E-9   
  8525.0       2.1447413E-9   
  8530.0       2.0957238E-9   
  8535.0       1.9651343E-9   
  8540.0       1.7884481E-9   
  8545.0       1.7707672E-9   
  8550.0       1.8878232E-9   
  8555.0       2.0059083E-9   
  8560.0       2.1097046E-9   
  8565.0       2.1550643E-9   
  8570.0       2.1457023E-9   
  8575.0       2.1372992E-9   
  8580.0       2.1306927E-9   
  8585.0       2.1316056E-9   
  8590.0       2.1276823E-9   
  8595.0       2.1216624E-9   
  8600.0       2.1291096E-9   
  8605.0       2.133645E-9    
  8610.0       2.126588E-9    
  8615.0       2.1244082E-9   
  8620.0       2.1261863E-9   
  8625.0       2.1390196E-9   
  8630.0       2.1481035E-9   
  8635.0       2.150357E-9    
  8640.0       2.1450919E-9   
  8645.0       2.1140545E-9   
  8650.0       2.0757929E-9   
  8655.0       1.995504E-9    
  8660.0       1.8399063E-9   
  8665.0       1.811628E-9    
  8670.0       1.8852204E-9   
  8675.0       1.974171E-9    
  8680.0       2.0507889E-9   
  8685.0       2.0535187E-9   
  8690.0       2.0619466E-9   
  8695.0       2.0993867E-9   
  8700.0       2.079845E-9    
  8705.0       2.0817716E-9   
  8710.0       2.0735147E-9   
  8715.0       2.08255E-9     
  8720.0       2.0982012E-9   
  8725.0       2.0867814E-9   
  8730.0       2.0634883E-9   
  8735.0       2.0582307E-9   
  8740.0       2.0636364E-9   
  8745.0       2.0712319E-9   
  8750.0       2.0593103E-9   
  8755.0       2.050733E-9    
  8760.0       2.046337E-9    
  8765.0       2.0352018E-9   
  8770.0       2.0199076E-9   
  8775.0       2.0352602E-9   
  8780.0       2.0490072E-9   
  8785.0       2.0415845E-9   
  8790.0       2.01223E-9     
  8795.0       2.0150093E-9   
  8800.0       1.998034E-9    
  8805.0       1.96757E-9     
  8810.0       2.008831E-9    
  8815.0       2.0453377E-9   
  8820.0       2.0415607E-9   
  8825.0       2.0393147E-9   
  8830.0       2.0456008E-9   
  8835.0       2.033765E-9    
  8840.0       2.033251E-9    
  8845.0       2.035666E-9    
  8850.0       2.039266E-9    
  8855.0       2.0303716E-9   
  8860.0       2.0051347E-9   
  8865.0       1.9911224E-9   
  8870.0       2.0076478E-9   
  8875.0       2.0122044E-9   
  8880.0       2.0148176E-9   
  8885.0       2.0225157E-9   
  8890.0       2.0229234E-9   
  8895.0       2.0208724E-9   
  8900.0       2.0155624E-9   
  8905.0       2.0117599E-9   
  8910.0       2.006926E-9    
  8915.0       1.99974E-9     
  8920.0       1.9868738E-9   
  8925.0       1.9684165E-9   
  8930.0       1.9569832E-9   
  8935.0       1.9516946E-9   
  8940.0       1.9499893E-9   
  8945.0       1.9529767E-9   
  8950.0       1.9604856E-9   
  8955.0       1.9698214E-9   
  8960.0       1.9767143E-9   
  8965.0       1.9775521E-9   
  8970.0       1.9715027E-9   
  8975.0       1.9606121E-9   
  8980.0       1.9477138E-9   
  8985.0       1.9345852E-9   
  8990.0       1.92229E-9     
  8995.0       1.911023E-9    
  9000.0       1.9021333E-9   
  9005.0       1.899074E-9    
  9010.0       1.9044608E-9   
  9015.0       1.9196371E-9   
  9020.0       1.942629E-9    
  9025.0       1.9673407E-9   
  9030.0       1.9864257E-9   
  9035.0       1.994457E-9    
  9040.0       1.9904731E-9   
  9045.0       1.9783557E-9   
  9050.0       1.9646305E-9   
  9055.0       1.9533315E-9   
  9060.0       1.943956E-9    
  9065.0       1.933728E-9    
  9070.0       1.9207502E-9   
  9075.0       1.9071242E-9   
  9080.0       1.8977364E-9   
  9085.0       1.8957735E-9   
  9090.0       1.8991488E-9   
  9095.0       1.9023723E-9   
  9100.0       1.9010389E-9   
  9105.0       1.8953565E-9   
  9110.0       1.890191E-9    
  9115.0       1.8897526E-9   
  9120.0       1.8934936E-9   
  9125.0       1.89632E-9     
  9130.0       1.892709E-9    
  9135.0       1.8815784E-9   
  9140.0       1.8670565E-9   
  9145.0       1.8549863E-9   
  9150.0       1.8485036E-9   
  9155.0       1.8461175E-9   
  9160.0       1.8444106E-9   
  9165.0       1.8420458E-9   
  9170.0       1.840922E-9    
  9175.0       1.8446192E-9   
  9180.0       1.8545443E-9   
  9185.0       1.8676414E-9   
  9190.0       1.877613E-9    
  9195.0       1.8791795E-9   
  9200.0       1.8710347E-9   
  9205.0       1.85723E-9     
  9210.0       1.8468014E-9   
  9215.0       1.840793E-9    
  9220.0       1.8397653E-9   
  9225.0       1.8420871E-9   
  9230.0       1.8430896E-9   
  9235.0       1.8389179E-9   
  9240.0       1.828744E-9    
  9245.0       1.8158165E-9   
  9250.0       1.8080017E-9   
  9255.0       1.8122643E-9   
  9260.0       1.8309967E-9   
  9265.0       1.8603764E-9   
  9270.0       1.8900885E-9   
  9275.0       1.911049E-9    
  9280.0       1.9196766E-9   
  9285.0       1.917961E-9    
  9290.0       1.9121265E-9   
  9295.0       1.905836E-9    
  9300.0       1.8981092E-9   
  9305.0       1.8866226E-9   
  9310.0       1.8715278E-9   
  9315.0       1.8576395E-9   
  9320.0       1.8521605E-9   
  9325.0       1.8589801E-9   
  9330.0       1.8735566E-9   
  9335.0       1.8861241E-9   
  9340.0       1.8873196E-9   
  9345.0       1.8737574E-9   
  9350.0       1.8518674E-9   
  9355.0       1.8317562E-9   
  9360.0       1.8216171E-9   
  9365.0       1.8247452E-9   
  9370.0       1.8382594E-9   
  9375.0       1.857564E-9    
  9380.0       1.8786508E-9   
  9385.0       1.8976452E-9   
  9390.0       1.9097837E-9   
  9395.0       1.9102961E-9   
  9400.0       1.8963495E-9   
  9405.0       1.8691944E-9   
  9410.0       1.8356762E-9   
  9415.0       1.8031295E-9   
  9420.0       1.7759295E-9   
  9425.0       1.7551178E-9   
  9430.0       1.7392672E-9   
  9435.0       1.7286564E-9   
  9440.0       1.7259564E-9   
  9445.0       1.7332251E-9   
  9450.0       1.7481409E-9   
  9455.0       1.7643345E-9   
  9460.0       1.7745335E-9   
  9465.0       1.7750698E-9   
  9470.0       1.7693448E-9   
  9475.0       1.7638705E-9   
  9480.0       1.7636557E-9   
  9485.0       1.7690638E-9   
  9490.0       1.7752461E-9   
  9495.0       1.7773241E-9   
  9500.0       1.7743114E-9   
  9505.0       1.7700105E-9   
  9510.0       1.7711022E-9   
  9515.0       1.7819837E-9   
  9520.0       1.8018744E-9   
  9525.0       1.8252571E-9   
  9530.0       1.8443642E-9   
  9535.0       1.8534713E-9   
  9540.0       1.8510851E-9   
  9545.0       1.8394739E-9   
  9550.0       1.8229693E-9   
  9555.0       1.805412E-9    
  9560.0       1.7891648E-9   
  9565.0       1.775164E-9    
  9570.0       1.7629707E-9   
  9575.0       1.7516043E-9   
  9580.0       1.7395786E-9   
  9585.0       1.7255004E-9   
  9590.0       1.7096782E-9   
  9595.0       1.6943993E-9   
  9600.0       1.6838533E-9   
  9605.0       1.6822969E-9   
  9610.0       1.6905431E-9   
  9615.0       1.7055088E-9   
  9620.0       1.7209463E-9   
  9625.0       1.7302932E-9   
  9630.0       1.7310687E-9   
  9635.0       1.7250612E-9   
  9640.0       1.7168639E-9   
  9645.0       1.7110101E-9   
  9650.0       1.7088042E-9   
  9655.0       1.7086371E-9   
  9660.0       1.7075458E-9   
  9665.0       1.7032183E-9   
  9670.0       1.6948719E-9   
  9675.0       1.6830995E-9   
  9680.0       1.6689917E-9   
  9685.0       1.6537633E-9   
  9690.0       1.6396754E-9   
  9695.0       1.6293911E-9   
  9700.0       1.6254839E-9   
  9705.0       1.6293437E-9   
  9710.0       1.6393867E-9   
  9715.0       1.6514375E-9   
  9720.0       1.6600198E-9   
  9725.0       1.660783E-9    
  9730.0       1.6528532E-9   
  9735.0       1.6396464E-9   
  9740.0       1.6272601E-9   
  9745.0       1.621354E-9    
  9750.0       1.6241376E-9   
  9755.0       1.633065E-9    
  9760.0       1.64297E-9     
  9765.0       1.6495315E-9   
  9770.0       1.6517131E-9   
  9775.0       1.6518852E-9   
  9780.0       1.6532787E-9   
  9785.0       1.6568984E-9   
  9790.0       1.660705E-9    
  9795.0       1.6612254E-9   
  9800.0       1.656163E-9    
  9805.0       1.6460969E-9   
  9810.0       1.6340247E-9   
  9815.0       1.6231783E-9   
  9820.0       1.6153269E-9   
  9825.0       1.6105464E-9   
  9830.0       1.6076754E-9   
  9835.0       1.6057063E-9   
  9840.0       1.60389E-9     
  9845.0       1.601361E-9    
  9850.0       1.5977144E-9   
  9855.0       1.5929351E-9   
  9860.0       1.5880957E-9   
  9865.0       1.5853392E-9   
  9870.0       1.5862408E-9   
  9875.0       1.5908531E-9   
  9880.0       1.5971798E-9   
  9885.0       1.6019484E-9   
  9890.0       1.6025685E-9   
  9895.0       1.5982565E-9   
  9900.0       1.590501E-9    
  9905.0       1.5824132E-9   
  9910.0       1.5766646E-9   
  9915.0       1.5752456E-9   
  9920.0       1.5784292E-9   
  9925.0       1.5836025E-9   
  9930.0       1.5869666E-9   
  9935.0       1.5853763E-9   
  9940.0       1.5784289E-9   
  9945.0       1.5691938E-9   
  9950.0       1.5626818E-9   
  9955.0       1.5632271E-9   
  9960.0       1.5715367E-9   
  9965.0       1.5839079E-9   
  9970.0       1.5944625E-9   
  9975.0       1.5982139E-9   
  9980.0       1.5935866E-9   
  9985.0       1.5828E-9      
  9990.0       1.5698581E-9   
  9995.0       1.5600978E-9   
  10000.0      1.5612192E-9   
  10005.0      1.5577116E-9   
  10010.0      1.5526933E-9   
  10015.0      1.5483423E-9   
  10020.0      1.5459332E-9   
  10025.0      1.5460608E-9   
  10030.0      1.5476074E-9   
  10035.0      1.5487717E-9   
  10040.0      1.547779E-9    
  10045.0      1.5436459E-9   
  10050.0      1.5374978E-9   
  10055.0      1.531264E-9    
  10060.0      1.5268783E-9   
  10065.0      1.5255253E-9   
  10070.0      1.5264034E-9   
  10075.0      1.5279644E-9   
  10080.0      1.528631E-9    
  10085.0      1.527369E-9    
  10090.0      1.524574E-9    
  10095.0      1.5211818E-9   
  10100.0      1.5181386E-9   
  10105.0      1.5160774E-9   
  10110.0      1.5147684E-9   
  10115.0      1.5136438E-9   
  10120.0      1.512143E-9    
  10125.0      1.5099426E-9   
  10130.0      1.5073902E-9   
  10135.0      1.5050847E-9   
  10140.0      1.5036129E-9   
  10145.0      1.5031444E-9   
  10150.0      1.5027852E-9   
  10155.0      1.5012414E-9   
  10160.0      1.4972753E-9   
  10165.0      1.4903764E-9   
  10170.0      1.4818701E-9   
  10175.0      1.4737951E-9   
  10180.0      1.46818E-9     
  10185.0      1.4662231E-9   
  10190.0      1.466985E-9    
  10195.0      1.4686856E-9   
  10200.0      1.4695509E-9   
  10205.0      1.4684842E-9   
  10210.0      1.4661863E-9   
  10215.0      1.4640478E-9   
  10220.0      1.4634616E-9   
  10225.0      1.4651563E-9   
  10230.0      1.4681013E-9   
  10235.0      1.4706149E-9   
  10240.0      1.4710095E-9   
  10245.0      1.4683446E-9   
  10250.0      1.4636046E-9   
  10255.0      1.4585273E-9   
  10260.0      1.4548813E-9   
  10265.0      1.453762E-9    
  10270.0      1.4545533E-9   
  10275.0      1.4559436E-9   
  10280.0      1.4566213E-9   
  10285.0      1.455683E-9    
  10290.0      1.453322E-9    
  10295.0      1.4501546E-9   
  10300.0      1.4468289E-9   
  10305.0      1.4438852E-9   
  10310.0      1.4415843E-9   
  10315.0      1.4400924E-9   
  10320.0      1.4395187E-9   
  10325.0      1.4397181E-9   
  10330.0      1.4398333E-9   
  10335.0      1.4387467E-9   
  10340.0      1.4353772E-9   
  10345.0      1.4293197E-9   
  10350.0      1.4219531E-9   
  10355.0      1.4153282E-9   
  10360.0      1.4114374E-9   
  10365.0      1.4113395E-9   
  10370.0      1.4137278E-9   
  10375.0      1.4163805E-9   
  10380.0      1.4170712E-9   
  10385.0      1.4146136E-9   
  10390.0      1.4104699E-9   
  10395.0      1.4071211E-9   
  10400.0      1.4070317E-9   
  10405.0      1.4115141E-9   
  10410.0      1.4188591E-9   
  10415.0      1.426202E-9    
  10420.0      1.430647E-9    
  10425.0      1.4303034E-9   
  10430.0      1.425836E-9    
  10435.0      1.4189021E-9   
  10440.0      1.4112302E-9   
  10445.0      1.4042976E-9   
  10450.0      1.3989637E-9   
  10455.0      1.3958218E-9   
  10460.0      1.3953775E-9   
  10465.0      1.3976376E-9   
  10470.0      1.4013122E-9   
  10475.0      1.4046192E-9   
  10480.0      1.4057979E-9   
  10485.0      1.4038591E-9   
  10490.0      1.3997687E-9   
  10495.0      1.3952717E-9   
  10500.0      1.3921132E-9   
  10505.0      1.391433E-9    
  10510.0      1.3927969E-9   
  10515.0      1.3951483E-9   
  10520.0      1.3973908E-9   
  10525.0      1.3985488E-9   
  10530.0      1.3979714E-9   
  10535.0      1.3951234E-9   
  10540.0      1.389542E-9    
  10545.0      1.3813239E-9   
  10550.0      1.371991E-9    
  10555.0      1.3636305E-9   
  10560.0      1.358292E-9    
  10565.0      1.3571577E-9   
  10570.0      1.3591678E-9   
  10575.0      1.3623798E-9   
  10580.0      1.364846E-9    
  10585.0      1.3652284E-9   
  10590.0      1.3638366E-9   
  10595.0      1.3615994E-9   
  10600.0      1.3594811E-9   
  10605.0      1.3581833E-9   
  10610.0      1.3577165E-9   
  10615.0      1.357818E-9    
  10620.0      1.0185194E-9   
