# WAVELENGTH   FLUX  
  1150.0       0.0   
  1155.0       0.0   
  1160.0       0.0   
  1165.0       0.0   
  1170.0       0.0   
  1175.0       0.0   
  1180.0       0.0   
  1185.0       0.0   
  1190.0       0.0   
  1195.0       0.0   
  1200.0       0.0   
  1205.0       0.0   
  1210.0       0.0   
  1215.0       0.0   
  1220.0       0.0   
  1225.0       0.0   
  1230.0       0.0   
  1235.0       0.0   
  1240.0       0.0   
  1245.0       0.0   
  1250.0       0.0   
  1255.0       0.0   
  1260.0       0.0   
  1265.0       0.0   
  1270.0       0.0   
  1275.0       0.0   
  1280.0       0.0   
  1285.0       0.0   
  1290.0       0.0   
  1295.0       0.0   
  1300.0       0.0   
  1305.0       0.0   
  1310.0       0.0   
  1315.0       0.0   
  1320.0       0.0   
  1325.0       0.0   
  1330.0       0.0   
  1335.0       0.0   
  1340.0       0.0   
  1345.0       0.0   
  1350.0       0.0   
  1355.0       0.0   
  1360.0       0.0   
  1365.0       0.0   
  1370.0       0.0   
  1375.0       0.0   
  1380.0       0.0   
  1385.0       0.0   
  1390.0       0.0   
  1395.0       0.0   
  1400.0       0.0   
  1405.0       0.0   
  1410.0       0.0   
  1415.0       0.0   
  1420.0       0.0   
  1425.0       0.0   
  1430.0       0.0   
  1435.0       0.0   
  1440.0       0.0   
  1445.0       0.0   
  1450.0       0.0   
  1455.0       0.0   
  1460.0       0.0   
  1465.0       0.0   
  1470.0       0.0   
  1475.0       0.0   
  1480.0       0.0   
  1485.0       0.0   
  1490.0       0.0   
  1495.0       0.0   
  1500.0       0.0   
  1505.0       0.0   
  1510.0       0.0   
  1515.0       0.0   
  1520.0       0.0   
  1525.0       0.0   
  1530.0       0.0   
  1535.0       0.0   
  1540.0       0.0   
  1545.0       0.0   
  1550.0       0.0   
  1555.0       0.0   
  1560.0       0.0   
  1565.0       0.0   
  1570.0       0.0   
  1575.0       0.0   
  1580.0       0.0   
  1585.0       0.0   
  1590.0       0.0   
  1595.0       0.0   
  1600.0       0.0   
  1605.0       0.0   
  1610.0       0.0   
  1615.0       0.0   
  1620.0       0.0   
  1625.0       0.0   
  1630.0       0.0   
  1635.0       0.0   
  1640.0       0.0   
  1645.0       0.0   
  1650.0       0.0   
  1655.0       0.0   
  1660.0       0.0   
  1665.0       0.0   
  1670.0       0.0   
  1675.0       0.0   
  1680.0       0.0   
  1685.0       0.0   
  1690.0       0.0   
  1695.0       0.0   
  1700.0       0.0   
  1705.0       0.0   
  1710.0       0.0   
  1715.0       0.0   
  1720.0       0.0   
  1725.0       0.0   
  1730.0       0.0   
  1735.0       0.0   
  1740.0       0.0   
  1745.0       0.0   
  1750.0       0.0   
  1755.0       0.0   
  1760.0       0.0   
  1765.0       0.0   
  1770.0       0.0   
  1775.0       0.0   
  1780.0       0.0   
  1785.0       0.0   
  1790.0       0.0   
  1795.0       0.0   
  1800.0       0.0   
  1805.0       0.0   
  1810.0       0.0   
  1815.0       0.0   
  1820.0       0.0   
  1825.0       0.0   
  1830.0       0.0   
  1835.0       0.0   
  1840.0       0.0   
  1845.0       0.0   
  1850.0       0.0   
  1855.0       0.0   
  1860.0       0.0   
  1865.0       0.0   
  1870.0       0.0   
  1875.0       0.0   
  1880.0       0.0   
  1885.0       0.0   
  1890.0       0.0   
  1895.0       0.0   
  1900.0       0.0   
  1905.0       0.0   
  1910.0       0.0   
  1915.0       0.0   
  1920.0       0.0   
  1925.0       0.0   
  1930.0       0.0   
  1935.0       0.0   
  1940.0       0.0   
  1945.0       0.0   
  1950.0       0.0   
  1955.0       0.0   
  1960.0       0.0   
  1965.0       0.0   
  1970.0       0.0   
  1975.0       0.0   
  1980.0       0.0   
  1985.0       0.0   
  1990.0       0.0   
  1995.0       0.0   
  2000.0       0.0   
  2005.0       0.0   
  2010.0       0.0   
  2015.0       0.0   
  2020.0       0.0   
  2025.0       0.0   
  2030.0       0.0   
  2035.0       0.0   
  2040.0       0.0   
  2045.0       0.0   
  2050.0       0.0   
  2055.0       0.0   
  2060.0       0.0   
  2065.0       0.0   
  2070.0       0.0   
  2075.0       0.0   
  2080.0       0.0   
  2085.0       0.0   
  2090.0       0.0   
  2095.0       0.0   
  2100.0       0.0   
  2105.0       0.0   
  2110.0       0.0   
  2115.0       0.0   
  2120.0       0.0   
  2125.0       0.0   
  2130.0       0.0   
  2135.0       0.0   
  2140.0       0.0   
  2145.0       0.0   
  2150.0       0.0   
  2155.0       0.0   
  2160.0       0.0   
  2165.0       0.0   
  2170.0       0.0   
  2175.0       0.0   
  2180.0       0.0   
  2185.0       0.0   
  2190.0       0.0   
  2195.0       0.0   
  2200.0       0.0   
  2205.0       0.0   
  2210.0       0.0   
  2215.0       0.0   
  2220.0       0.0   
  2225.0       0.0   
  2230.0       0.0   
  2235.0       0.0   
  2240.0       0.0   
  2245.0       0.0   
  2250.0       0.0   
  2255.0       0.0   
  2260.0       0.0   
  2265.0       0.0   
  2270.0       0.0   
  2275.0       0.0   
  2280.0       0.0   
  2285.0       0.0   
  2290.0       0.0   
  2295.0       0.0   
  2300.0       0.0   
  2305.0       0.0   
  2310.0       0.0   
  2315.0       0.0   
  2320.0       0.0   
  2325.0       0.0   
  2330.0       0.0   
  2335.0       0.0   
  2340.0       0.0   
  2345.0       0.0   
  2350.0       4.851931E-16
  2355.0       3.8753583E-15
  2360.0       7.7486566E-15
  2365.0       1.2107142E-14
  2370.0       1.840023E-14
  2375.0       1.9851693E-14
  2380.0       2.2756672E-14
  2385.0       2.2754646E-14
  2390.0       1.8879306E-14
  2395.0       1.1130692E-14
  2400.0       1.4494625E-15
  2405.0       0.0   
  2410.0       0.0   
  2415.0       0.0   
  2420.0       0.0   
  2425.0       0.0   
  2430.0       0.0   
  2435.0       0.0   
  2440.0       0.0   
  2445.0       0.0   
  2450.0       6.7921124E-15
  2455.0       5.570928E-14
  2460.0       1.201059E-13
  2465.0       1.8498147E-13
  2470.0       2.4259208E-13
  2475.0       2.8712517E-13
  2480.0       3.0599286E-13
  2485.0       2.9338698E-13
  2490.0       2.4204453E-13
  2495.0       1.4421847E-13
  2500.0       1.8844567E-14
  2505.0       0.0   
  2510.0       0.0   
  2515.0       0.0   
  2520.0       0.0   
  2525.0       0.0   
  2530.0       0.0   
  2535.0       0.0   
  2540.0       0.0   
  2545.0       0.0   
  2550.0       9.89629E-14
  2555.0       8.147955E-13
  2560.0       1.7928858E-12
  2565.0       2.9191072E-12
  2570.0       4.153283E-12
  2575.0       5.4523087E-12
  2580.0       6.7687535E-12
  2585.0       8.064342E-12
  2590.0       9.294559E-12
  2595.0       1.0416298E-11
  2600.0       1.1388418E-11
  2605.0       1.2183804E-11
  2610.0       1.28117005E-11
  2615.0       1.3303057E-11
  2620.0       1.3685503E-11
  2625.0       1.3983726E-11
  2630.0       1.4227712E-11
  2635.0       1.44475204E-11
  2640.0       1.4667819E-11
  2645.0       1.4916225E-11
  2650.0       1.522417E-11
  2655.0       1.5605238E-11
  2660.0       1.6044886E-11
  2665.0       1.6525668E-11
  2670.0       1.7022432E-11
  2675.0       1.751095E-11
  2680.0       1.796556E-11
  2685.0       1.8365441E-11
  2690.0       1.8687357E-11
  2695.0       1.8905644E-11
  2700.0       1.9000985E-11
  2705.0       1.8968499E-11
  2710.0       1.8853245E-11
  2715.0       1.8721547E-11
  2720.0       1.8637829E-11
  2725.0       1.8672277E-11
  2730.0       1.888636E-11
  2735.0       1.9347916E-11
  2740.0       2.0123691E-11
  2745.0       2.1281992E-11
  2750.0       2.2881879E-11
  2755.0       2.4940248E-11
  2760.0       2.7357784E-11
  2765.0       2.9987852E-11
  2770.0       3.2677343E-11
  2775.0       3.528058E-11
  2780.0       3.76471E-11
  2785.0       3.962323E-11
  2790.0       4.106043E-11
  2795.0       4.180813E-11
  2800.0       4.1723E-11
  2805.0       4.073925E-11
  2810.0       3.899112E-11
  2815.0       3.6682466E-11
  2820.0       3.4029134E-11
  2825.0       3.1248112E-11
  2830.0       2.855573E-11
  2835.0       2.6166111E-11
  2840.0       2.4295095E-11
  2845.0       2.315672E-11
  2850.0       2.2958663E-11
  2855.0       2.3823839E-11
  2860.0       2.5660134E-11
  2865.0       2.8289478E-11
  2870.0       3.1520477E-11
  2875.0       3.5169805E-11
  2880.0       3.9053316E-11
  2885.0       4.29784E-11
  2890.0       4.6764904E-11
  2895.0       5.0220737E-11
  2900.0       5.3168928E-11
  2905.0       5.548109E-11
  2910.0       5.7170983E-11
  2915.0       5.83076E-11
  2920.0       5.8967345E-11
  2925.0       5.922426E-11
  2930.0       5.9151996E-11
  2935.0       5.882471E-11
  2940.0       5.831811E-11
  2945.0       5.7704206E-11
  2950.0       5.7057862E-11
  2955.0       5.64425E-11
  2960.0       5.5895396E-11
  2965.0       5.5442227E-11
  2970.0       5.511164E-11
  2975.0       5.492574E-11
  2980.0       5.4912814E-11
  2985.0       5.509547E-11
  2990.0       5.5504146E-11
  2995.0       5.6159372E-11
  3000.0       5.709102E-11
  3005.0       5.8317094E-11
  3010.0       5.9850486E-11
  3015.0       6.1692366E-11
  3020.0       6.3853284E-11
  3025.0       6.633332E-11
  3030.0       6.913869E-11
  3035.0       7.227629E-11
  3040.0       7.574827E-11
  3045.0       7.9563515E-11
  3050.0       8.3723174E-11
  3055.0       8.821626E-11
  3060.0       9.29883E-11
  3065.0       9.7975815E-11
  3070.0       1.03107335E-10
  3075.0       1.08315544E-10
  3080.0       1.1352911E-10
  3085.0       1.1868306E-10
  3090.0       1.2370613E-10
  3095.0       1.2853064E-10
  3100.0       1.3308986E-10
  3105.0       1.3736885E-10
  3110.0       1.4147118E-10
  3115.0       1.4554974E-10
  3120.0       1.4975997E-10
  3125.0       1.5425748E-10
  3130.0       1.5919951E-10
  3135.0       1.6473979E-10
  3140.0       1.7103785E-10
  3145.0       1.7825054E-10
  3150.0       1.865201E-10
  3155.0       1.9236633E-10
  3160.0       1.8694873E-10
  3165.0       2.2989373E-10
  3170.0       2.664112E-10
  3175.0       2.7857938E-10
  3180.0       2.74189E-10
  3185.0       2.6558228E-10
  3190.0       2.6045896E-10
  3195.0       2.6353197E-10
  3200.0       2.7797606E-10
  3205.0       2.9538608E-10
  3210.0       2.7971417E-10
  3215.0       2.1750249E-10
  3220.0       1.7063234E-10
  3225.0       1.8998114E-10
  3230.0       2.2440401E-10
  3235.0       2.1535455E-10
  3240.0       1.8772593E-10
  3245.0       1.8520131E-10
  3250.0       2.1410855E-10
  3255.0       2.596951E-10
  3260.0       2.926625E-10
  3265.0       2.9389746E-10
  3270.0       2.8360103E-10
  3275.0       2.8624372E-10
  3280.0       2.9889766E-10
  3285.0       3.165614E-10
  3290.0       3.553361E-10
  3295.0       4.1877737E-10
  3300.0       4.57634E-10
  3305.0       4.3353998E-10
  3310.0       3.886857E-10
  3315.0       3.7321501E-10
  3320.0       3.7725595E-10
  3325.0       3.7793998E-10
  3330.0       3.7999426E-10
  3335.0       3.9417372E-10
  3340.0       4.173666E-10
  3345.0       4.3968654E-10
  3350.0       4.4848114E-10
  3355.0       4.3487808E-10
  3360.0       4.0293285E-10
  3365.0       3.6687475E-10
  3370.0       3.5340578E-10
  3375.0       3.7534997E-10
  3380.0       3.9862538E-10
  3385.0       3.9509251E-10
  3390.0       3.9755388E-10
  3395.0       4.39181E-10
  3400.0       4.9244E-10
  3405.0       5.1619986E-10
  3410.0       4.974744E-10
  3415.0       4.514528E-10
  3420.0       4.3446388E-10
  3425.0       4.7663545E-10
  3430.0       5.0275245E-10
  3435.0       4.4743761E-10
  3440.0       3.7474698E-10
  3445.0       3.6134895E-10
  3450.0       3.8579634E-10
  3455.0       4.0088546E-10
  3460.0       3.9406517E-10
  3465.0       3.7618397E-10
  3470.0       3.801902E-10
  3475.0       4.237035E-10
  3480.0       4.6508583E-10
  3485.0       4.6568255E-10
  3490.0       4.532888E-10
  3495.0       4.6626447E-10
  3500.0       5.0225846E-10
  3505.0       5.3822646E-10
  3510.0       5.4113997E-10
  3515.0       4.9862187E-10
  3520.0       4.5984969E-10
  3525.0       4.736206E-10
  3530.0       5.263905E-10
  3535.0       5.854353E-10
  3540.0       6.310068E-10
  3545.0       6.492731E-10
  3550.0       6.2815875E-10
  3555.0       5.683898E-10
  3560.0       5.021605E-10
  3565.0       4.5529794E-10
  3570.0       4.0727638E-10
  3575.0       3.4104713E-10
  3580.0       2.9425004E-10
  3585.0       3.042611E-10
  3590.0       3.5186595E-10
  3595.0       4.0123238E-10
  3600.0       4.3138387E-10
  3605.0       4.360966E-10
  3610.0       4.3111853E-10
  3615.0       4.332492E-10
  3620.0       4.410402E-10
  3625.0       4.4803453E-10
  3630.0       4.53373E-10
  3635.0       4.5883838E-10
  3640.0       4.67369E-10
  3645.0       4.855055E-10
  3650.0       5.2730975E-10
  3655.0       5.973479E-10
  3660.0       6.6774164E-10
  3665.0       7.0466677E-10
  3670.0       6.9238065E-10
  3675.0       6.361393E-10
  3680.0       5.767884E-10
  3685.0       5.522474E-10
  3690.0       5.577409E-10
  3695.0       5.7233235E-10
  3700.0       5.761569E-10
  3705.0       5.562233E-10
  3710.0       5.154432E-10
  3715.0       4.6379003E-10
  3720.0       4.1402526E-10
  3725.0       3.7551307E-10
  3730.0       3.4655673E-10
  3735.0       3.2404202E-10
  3740.0       3.120889E-10
  3745.0       3.1690645E-10
  3750.0       3.4202877E-10
  3755.0       3.8367373E-10
  3760.0       4.229894E-10
  3765.0       4.5186976E-10
  3770.0       5.029695E-10
  3775.0       5.9406446E-10
  3780.0       6.6492045E-10
  3785.0       6.5820116E-10
  3790.0       6.0285377E-10
  3795.0       5.5072397E-10
  3800.0       5.2479837E-10
  3805.0       5.231003E-10
  3810.0       5.1066185E-10
  3815.0       4.5990187E-10
  3820.0       3.9410938E-10
  3825.0       3.4856518E-10
  3830.0       3.3816408E-10
  3835.0       3.629345E-10
  3840.0       4.0530893E-10
  3845.0       4.4210327E-10
  3850.0       4.5314083E-10
  3855.0       4.3340598E-10
  3860.0       4.1334866E-10
  3865.0       4.20095E-10
  3870.0       4.3769754E-10
  3875.0       4.4488058E-10
  3880.0       4.496783E-10
  3885.0       4.6476936E-10
  3890.0       4.849549E-10
  3895.0       5.0380017E-10
  3900.0       5.2971183E-10
  3905.0       5.6855537E-10
  3910.0       6.0415384E-10
  3915.0       6.1584804E-10
  3920.0       5.944242E-10
  3925.0       5.441732E-10
  3930.0       4.928466E-10
  3935.0       4.709521E-10
  3940.0       4.9214843E-10
  3945.0       5.5068816E-10
  3950.0       6.074958E-10
  3955.0       6.2386335E-10
  3960.0       5.96427E-10
  3965.0       5.52229E-10
  3970.0       5.597951E-10
  3975.0       6.6514855E-10
  3980.0       8.157485E-10
  3985.0       9.425339E-10
  3990.0       1.0319491E-9
  3995.0       1.0928245E-9
  4000.0       1.1352477E-9
  4005.0       1.1711582E-9
  4010.0       1.2166702E-9
  4015.0       1.2721234E-9
  4020.0       1.2934501E-9
  4025.0       1.2424297E-9
  4030.0       1.1418793E-9
  4035.0       1.0445751E-9
  4040.0       1.0171148E-9
  4045.0       1.0889344E-9
  4050.0       1.1815358E-9
  4055.0       1.2107911E-9
  4060.0       1.1856433E-9
  4065.0       1.1507181E-9
  4070.0       1.1482874E-9
  4075.0       1.2050196E-9
  4080.0       1.3107777E-9
  4085.0       1.4336878E-9
  4090.0       1.521954E-9
  4095.0       1.5373421E-9
  4100.0       1.4970207E-9
  4105.0       1.4423036E-9
  4110.0       1.4207854E-9
  4115.0       1.4556223E-9
  4120.0       1.5019058E-9
  4125.0       1.5080106E-9
  4130.0       1.4726484E-9
  4135.0       1.4167499E-9
  4140.0       1.3678733E-9
  4145.0       1.3522204E-9
  4150.0       1.385625E-9
  4155.0       1.4593354E-9
  4160.0       1.5121897E-9
  4165.0       1.4953764E-9
  4170.0       1.4439125E-9
  4175.0       1.411588E-9
  4180.0       1.4156583E-9
  4185.0       1.4461733E-9
  4190.0       1.4622512E-9
  4195.0       1.4376065E-9
  4200.0       1.4116124E-9
  4205.0       1.4192184E-9
  4210.0       1.4182607E-9
  4215.0       1.3517475E-9
  4220.0       1.2064767E-9
  4225.0       1.026751E-9
  4230.0       9.558915E-10
  4235.0       1.0846192E-9
  4240.0       1.2719612E-9
  4245.0       1.3579771E-9
  4250.0       1.364482E-9
  4255.0       1.361166E-9
  4260.0       1.3567152E-9
  4265.0       1.3398966E-9
  4270.0       1.3145612E-9
  4275.0       1.2956897E-9
  4280.0       1.3075677E-9
  4285.0       1.3483826E-9
  4290.0       1.3439772E-9
  4295.0       1.2566691E-9
  4300.0       1.2119361E-9
  4305.0       1.3224231E-9
  4310.0       1.5050521E-9
  4315.0       1.6467261E-9
  4320.0       1.7541117E-9
  4325.0       1.869299E-9
  4330.0       2.0007132E-9
  4335.0       2.1264017E-9
  4340.0       2.1860411E-9
  4345.0       2.1540894E-9
  4350.0       2.1297142E-9
  4355.0       2.2036502E-9
  4360.0       2.3186328E-9
  4365.0       2.368718E-9
  4370.0       2.2761804E-9
  4375.0       2.0403004E-9
  4380.0       1.8259003E-9
  4385.0       1.782154E-9
  4390.0       1.8541622E-9
  4395.0       1.929637E-9
  4400.0       1.955096E-9
  4405.0       1.93324E-9
  4410.0       1.945573E-9
  4415.0       2.0470816E-9
  4420.0       2.1509163E-9
  4425.0       2.1726345E-9
  4430.0       2.1743414E-9
  4435.0       2.2302968E-9
  4440.0       2.2975846E-9
  4445.0       2.3068978E-9
  4450.0       2.244157E-9
  4455.0       2.1506172E-9
  4460.0       2.1490305E-9
  4465.0       2.3171962E-9
  4470.0       2.5375853E-9
  4475.0       2.666878E-9
  4480.0       2.6916982E-9
  4485.0       2.662326E-9
  4490.0       2.659601E-9
  4495.0       2.7392535E-9
  4500.0       2.8650182E-9
  4505.0       2.9742384E-9
  4510.0       3.026662E-9
  4515.0       2.9969796E-9
  4520.0       2.8770957E-9
  4525.0       2.692518E-9
  4530.0       2.5395681E-9
  4535.0       2.507557E-9
  4540.0       2.595303E-9
  4545.0       2.7547167E-9
  4550.0       2.9081235E-9
  4555.0       3.003877E-9
  4560.0       3.0826859E-9
  4565.0       3.1834662E-9
  4570.0       3.2507146E-9
  4575.0       3.2287486E-9
  4580.0       3.1574894E-9
  4585.0       3.0986145E-9
  4590.0       3.0726566E-9
  4595.0       3.0802574E-9
  4600.0       3.1135317E-9
  4605.0       3.1635081E-9
  4610.0       3.224657E-9
  4615.0       3.2882315E-9
  4620.0       3.3339427E-9
  4625.0       3.3435896E-9
  4630.0       3.316748E-9
  4635.0       3.2633427E-9
  4640.0       3.202957E-9
  4645.0       3.157498E-9
  4650.0       3.1450031E-9
  4655.0       3.170232E-9
  4660.0       3.2073504E-9
  4665.0       3.2287613E-9
  4670.0       3.2329324E-9
  4675.0       3.233043E-9
  4680.0       3.2520238E-9
  4685.0       3.2915182E-9
  4690.0       3.2912422E-9
  4695.0       3.2076442E-9
  4700.0       3.1023764E-9
  4705.0       3.057216E-9
  4710.0       3.0979295E-9
  4715.0       3.202545E-9
  4720.0       3.284702E-9
  4725.0       3.2763656E-9
  4730.0       3.219016E-9
  4735.0       3.1781637E-9
  4740.0       3.1707077E-9
  4745.0       3.1798908E-9
  4750.0       3.1543412E-9
  4755.0       3.061233E-9
  4760.0       2.9478373E-9
  4765.0       2.866397E-9
  4770.0       2.8035756E-9
  4775.0       2.7415645E-9
  4780.0       2.7172442E-9
  4785.0       2.7689877E-9
  4790.0       2.8818237E-9
  4795.0       3.018884E-9
  4800.0       3.1408498E-9
  4805.0       3.2185141E-9
  4810.0       3.2498912E-9
  4815.0       3.2398082E-9
  4820.0       3.1858898E-9
  4825.0       3.0990541E-9
  4830.0       3.0320453E-9
  4835.0       3.0326583E-9
  4840.0       3.0924339E-9
  4845.0       3.172988E-9
  4850.0       3.2158198E-9
  4855.0       3.1812315E-9
  4860.0       3.0978071E-9
  4865.0       3.0168492E-9
  4870.0       2.9794205E-9
  4875.0       2.9981364E-9
  4880.0       3.0250538E-9
  4885.0       3.0205822E-9
  4890.0       3.0246758E-9
  4895.0       3.0789997E-9
  4900.0       3.1487029E-9
  4905.0       3.1758873E-9
  4910.0       3.123836E-9
  4915.0       2.9996412E-9
  4920.0       2.8993359E-9
  4925.0       2.9043985E-9
  4930.0       2.9710503E-9
  4935.0       3.025841E-9
  4940.0       3.0446201E-9
  4945.0       3.0302065E-9
  4950.0       3.0037497E-9
  4955.0       2.9906837E-9
  4960.0       3.009596E-9
  4965.0       3.0547604E-9
  4970.0       3.0660654E-9
  4975.0       2.998227E-9
  4980.0       2.8977536E-9
  4985.0       2.8248737E-9
  4990.0       2.7827878E-9
  4995.0       2.750389E-9
  5000.0       2.703242E-9
  5005.0       2.6317266E-9
  5010.0       2.566292E-9
  5015.0       2.5440956E-9
  5020.0       2.5785263E-9
  5025.0       2.6562204E-9
  5030.0       2.7194498E-9
  5035.0       2.71888E-9
  5040.0       2.6711038E-9
  5045.0       2.6186222E-9
  5050.0       2.6031377E-9
  5055.0       2.6359845E-9
  5060.0       2.6537033E-9
  5065.0       2.6005487E-9
  5070.0       2.5145583E-9
  5075.0       2.4536622E-9
  5080.0       2.432432E-9
  5085.0       2.4439277E-9
  5090.0       2.4703273E-9
  5095.0       2.4893494E-9
  5100.0       2.477829E-9
  5105.0       2.43099E-9
  5110.0       2.391427E-9
  5115.0       2.3928897E-9
  5120.0       2.4007216E-9
  5125.0       2.3815103E-9
  5130.0       2.3721425E-9
  5135.0       2.4061948E-9
  5140.0       2.4383895E-9
  5145.0       2.422545E-9
  5150.0       2.3888171E-9
  5155.0       2.3692195E-9
  5160.0       2.3240236E-9
  5165.0       2.2107327E-9
  5170.0       2.0551765E-9
  5175.0       1.9197093E-9
  5180.0       1.8888973E-9
  5185.0       2.0062458E-9
  5190.0       2.1875473E-9
  5195.0       2.324118E-9
  5200.0       2.3739628E-9
  5205.0       2.3622393E-9
  5210.0       2.4152766E-9
  5215.0       2.6165545E-9
  5220.0       2.8428493E-9
  5225.0       2.9618976E-9
  5230.0       3.023639E-9
  5235.0       3.1125589E-9
  5240.0       3.216083E-9
  5245.0       3.2817822E-9
  5250.0       3.2571972E-9
  5255.0       3.1194871E-9
  5260.0       2.9222147E-9
  5265.0       2.7522062E-9
  5270.0       2.7046505E-9
  5275.0       2.82755E-9
  5280.0       3.0385001E-9
  5285.0       3.227999E-9
  5290.0       3.3464207E-9
  5295.0       3.390249E-9
  5300.0       3.4126844E-9
  5305.0       3.4612893E-9
  5310.0       3.5141214E-9
  5315.0       3.5230538E-9
  5320.0       3.444905E-9
  5325.0       3.2792395E-9
  5330.0       3.1284242E-9
  5335.0       3.088944E-9
  5340.0       3.1408438E-9
  5345.0       3.237556E-9
  5350.0       3.377762E-9
  5355.0       3.54622E-9
  5360.0       3.6463799E-9
  5365.0       3.6091357E-9
  5370.0       3.5190875E-9
  5375.0       3.485713E-9
  5380.0       3.5261247E-9
  5385.0       3.5954628E-9
  5390.0       3.5870635E-9
  5395.0       3.4389664E-9
  5400.0       3.2636853E-9
  5405.0       3.1991578E-9
  5410.0       3.2725294E-9
  5415.0       3.4386516E-9
  5420.0       3.5808199E-9
  5425.0       3.6115215E-9
  5430.0       3.586033E-9
  5435.0       3.5855756E-9
  5440.0       3.6158745E-9
  5445.0       3.6497643E-9
  5450.0       3.6554848E-9
  5455.0       3.6292094E-9
  5460.0       3.6380612E-9
  5465.0       3.7192232E-9
  5470.0       3.7665293E-9
  5475.0       3.697836E-9
  5480.0       3.6340988E-9
  5485.0       3.698859E-9
  5490.0       3.8176586E-9
  5495.0       3.8727936E-9
  5500.0       3.83821E-9
  5505.0       3.7454653E-9
  5510.0       3.678238E-9
  5515.0       3.7039813E-9
  5520.0       3.7982213E-9
  5525.0       3.90485E-9
  5530.0       3.978496E-9
  5535.0       4.002489E-9
  5540.0       4.020302E-9
  5545.0       4.070359E-9
  5550.0       4.119468E-9
  5555.0       4.12158E-9
  5560.0       4.0709476E-9
  5565.0       3.9879025E-9
  5570.0       3.917672E-9
  5575.0       3.8911763E-9
  5580.0       3.878252E-9
  5585.0       3.832212E-9
  5590.0       3.7282866E-9
  5595.0       3.5949193E-9
  5600.0       3.570583E-9
  5605.0       3.7464174E-9
  5610.0       3.982893E-9
  5615.0       4.1096246E-9
  5620.0       4.1097086E-9
  5625.0       4.045162E-9
  5630.0       4.022152E-9
  5635.0       4.1016475E-9
  5640.0       4.1906776E-9
  5645.0       4.1945287E-9
  5650.0       4.164675E-9
  5655.0       4.168304E-9
  5660.0       4.1671604E-9
  5665.0       4.124351E-9
  5670.0       4.112176E-9
  5675.0       4.189789E-9
  5680.0       4.2729766E-9
  5685.0       4.2738324E-9
  5690.0       4.238368E-9
  5695.0       4.226416E-9
  5700.0       4.1997668E-9
  5705.0       4.122513E-9
  5710.0       4.0643804E-9
  5715.0       4.0969086E-9
  5720.0       4.188498E-9
  5725.0       4.2817843E-9
  5730.0       4.3572816E-9
  5735.0       4.4115542E-9
  5740.0       4.4425112E-9
  5745.0       4.450031E-9
  5750.0       4.439267E-9
  5755.0       4.4173865E-9
  5760.0       4.3916772E-9
  5765.0       4.367917E-9
  5770.0       4.348074E-9
  5775.0       4.3326156E-9
  5780.0       4.3219477E-9
  5785.0       4.3170223E-9
  5790.0       4.3202304E-9
  5795.0       4.334473E-9
  5800.0       4.362503E-9
  5805.0       4.4044537E-9
  5810.0       4.4537223E-9
  5815.0       4.501157E-9
  5820.0       4.537632E-9
  5825.0       4.557291E-9
  5830.0       4.562743E-9
  5835.0       4.5598583E-9
  5840.0       4.554378E-9
  5845.0       4.547936E-9
  5850.0       4.5313158E-9
  5855.0       4.49116E-9
  5860.0       4.4143795E-9
  5865.0       4.2948205E-9
  5870.0       4.144365E-9
  5875.0       3.9818073E-9
  5880.0       3.8264734E-9
  5885.0       3.696103E-9
  5890.0       3.6042775E-9
  5895.0       3.562999E-9
  5900.0       3.5833108E-9
  5905.0       3.6686725E-9
  5910.0       3.802624E-9
  5915.0       3.9611288E-9
  5920.0       4.1198933E-9
  5925.0       4.260075E-9
  5930.0       4.376942E-9
  5935.0       4.4711914E-9
  5940.0       4.544079E-9
  5945.0       4.596856E-9
  5950.0       4.6308974E-9
  5955.0       4.647583E-9
  5960.0       4.6483977E-9
  5965.0       4.635714E-9
  5970.0       4.6142543E-9
  5975.0       4.5896065E-9
  5980.0       4.5672617E-9
  5985.0       4.550649E-9
  5990.0       4.537819E-9
  5995.0       4.524774E-9
  6000.0       4.507581E-9
  6005.0       4.4851385E-9
  6010.0       4.46373E-9
  6015.0       4.4524553E-9
  6020.0       4.460238E-9
  6025.0       4.491291E-9
  6030.0       4.537622E-9
  6035.0       4.586564E-9
  6040.0       4.625412E-9
  6045.0       4.6459907E-9
  6050.0       4.651959E-9
  6055.0       4.6514237E-9
  6060.0       4.652652E-9
  6065.0       4.660144E-9
  6070.0       4.6687885E-9
  6075.0       4.669733E-9
  6080.0       4.654262E-9
  6085.0       4.6182103E-9
  6090.0       4.5694324E-9
  6095.0       4.520382E-9
  6100.0       4.483492E-9
  6105.0       4.4664326E-9
  6110.0       4.4644852E-9
  6115.0       4.46816E-9
  6120.0       4.4677386E-9
  6125.0       4.4559E-9
  6130.0       4.431588E-9
  6135.0       4.396121E-9
  6140.0       4.3511807E-9
  6145.0       4.299159E-9
  6150.0       4.2444284E-9
  6155.0       4.1921506E-9
  6160.0       4.1475494E-9
  6165.0       4.1160004E-9
  6170.0       4.1033337E-9
  6175.0       4.1155186E-9
  6180.0       4.1579598E-9
  6185.0       4.2302917E-9
  6190.0       4.317137E-9
  6195.0       4.3973647E-9
  6200.0       4.4500146E-9
  6205.0       4.461752E-9
  6210.0       4.43909E-9
  6215.0       4.396199E-9
  6220.0       4.3476396E-9
  6225.0       4.304954E-9
  6230.0       4.2716746E-9
  6235.0       4.2482693E-9
  6240.0       4.2348893E-9
  6245.0       4.231279E-9
  6250.0       4.236344E-9
  6255.0       4.248584E-9
  6260.0       4.266487E-9
  6265.0       4.288553E-9
  6270.0       4.313304E-9
  6275.0       4.3392583E-9
  6280.0       4.364928E-9
  6285.0       4.3887116E-9
  6290.0       4.408601E-9
  6295.0       4.422493E-9
  6300.0       4.428401E-9
  6305.0       4.4257904E-9
  6310.0       4.4179314E-9
  6315.0       4.4095314E-9
  6320.0       4.405306E-9
  6325.0       4.408303E-9
  6330.0       4.4173696E-9
  6335.0       4.429707E-9
  6340.0       4.4423687E-9
  6345.0       4.452731E-9
  6350.0       4.45886E-9
  6355.0       4.4591437E-9
  6360.0       4.4520885E-9
  6365.0       4.437376E-9
  6370.0       4.417793E-9
  6375.0       4.397275E-9
  6380.0       4.3797868E-9
  6385.0       4.3683936E-9
  6390.0       4.3637867E-9
  6395.0       4.3657704E-9
  6400.0       4.3739736E-9
  6405.0       4.387509E-9
  6410.0       4.4039807E-9
  6415.0       4.4204693E-9
  6420.0       4.434058E-9
  6425.0       4.4427124E-9
  6430.0       4.446604E-9
  6435.0       4.4467887E-9
  6440.0       4.444448E-9
  6445.0       4.4411297E-9
  6450.0       4.439442E-9
  6455.0       4.442372E-9
  6460.0       4.4527275E-9
  6465.0       4.4713007E-9
  6470.0       4.4935256E-9
  6475.0       4.512791E-9
  6480.0       4.5226023E-9
  6485.0       4.519682E-9
  6490.0       4.509136E-9
  6495.0       4.4992965E-9
  6500.0       4.4985327E-9
  6505.0       4.5124815E-9
  6510.0       4.5397512E-9
  6515.0       4.5762327E-9
  6520.0       4.617495E-9
  6525.0       4.6589217E-9
  6530.0       4.6953414E-9
  6535.0       4.7213478E-9
  6540.0       4.7318207E-9
  6545.0       4.7242237E-9
  6550.0       4.702912E-9
  6555.0       4.6748143E-9
  6560.0       4.647026E-9
  6565.0       4.6253192E-9
  6570.0       4.6119855E-9
  6575.0       4.6080273E-9
  6580.0       4.614138E-9
  6585.0       4.6295563E-9
  6590.0       4.649699E-9
  6595.0       4.6685344E-9
  6600.0       4.6800936E-9
  6605.0       4.6808806E-9
  6610.0       4.6737196E-9
  6615.0       4.6638773E-9
  6620.0       4.656638E-9
  6625.0       4.6547353E-9
  6630.0       4.6544075E-9
  6635.0       4.6493813E-9
  6640.0       4.6335265E-9
  6645.0       4.6044835E-9
  6650.0       4.569777E-9
  6655.0       4.540656E-9
  6660.0       4.528286E-9
  6665.0       4.538454E-9
  6670.0       4.563073E-9
  6675.0       4.588735E-9
  6680.0       4.601943E-9
  6685.0       4.5939457E-9
  6690.0       4.568229E-9
  6695.0       4.53301E-9
  6700.0       4.4967585E-9
  6705.0       4.4657233E-9
  6710.0       4.440485E-9
  6715.0       4.4194284E-9
  6720.0       4.4007393E-9
  6725.0       4.383119E-9
  6730.0       4.3665254E-9
  6735.0       4.351428E-9
  6740.0       4.338306E-9
  6745.0       4.3276587E-9
  6750.0       4.319983E-9
  6755.0       4.3157122E-9
  6760.0       4.3152855E-9
  6765.0       4.3186597E-9
  6770.0       4.3245802E-9
  6775.0       4.331346E-9
  6780.0       4.3372137E-9
  6785.0       4.3405155E-9
  6790.0       4.339766E-9
  6795.0       4.3335926E-9
  6800.0       4.320786E-9
  6805.0       4.301914E-9
  6810.0       4.2821453E-9
  6815.0       4.2684376E-9
  6820.0       4.2675166E-9
  6825.0       4.2819104E-9
  6830.0       4.3033306E-9
  6835.0       4.319331E-9
  6840.0       4.317473E-9
  6845.0       4.289776E-9
  6850.0       4.2398023E-9
  6855.0       4.1755714E-9
  6860.0       4.105496E-9
  6865.0       4.03758E-9
  6870.0       3.9787356E-9
  6875.0       3.9354586E-9
  6880.0       3.913881E-9
  6885.0       3.9168424E-9
  6890.0       3.938727E-9
  6895.0       3.9705963E-9
  6900.0       4.0035006E-9
  6905.0       4.0313033E-9
  6910.0       4.0551282E-9
  6915.0       4.078983E-9
  6920.0       4.106899E-9
  6925.0       4.1413037E-9
  6930.0       4.180149E-9
  6935.0       4.2197525E-9
  6940.0       4.2562838E-9
  6945.0       4.2867905E-9
  6950.0       4.3104107E-9
  6955.0       4.3271005E-9
  6960.0       4.3369495E-9
  6965.0       4.340322E-9
  6970.0       4.3383426E-9
  6975.0       4.332486E-9
  6980.0       4.324187E-9
  6985.0       4.314993E-9
  6990.0       4.306476E-9
  6995.0       4.3002863E-9
  7000.0       4.298045E-9
  7005.0       4.300989E-9
  7010.0       4.3095034E-9
  7015.0       4.323608E-9
  7020.0       4.343182E-9
  7025.0       4.367311E-9
  7030.0       4.3929207E-9
  7035.0       4.4160755E-9
  7040.0       4.4329003E-9
  7045.0       4.4406794E-9
  7050.0       4.439701E-9
  7055.0       4.431408E-9
  7060.0       4.4173905E-9
  7065.0       4.3994923E-9
  7070.0       4.380337E-9
  7075.0       4.362776E-9
  7080.0       4.3495887E-9
  7085.0       4.342327E-9
  7090.0       4.339362E-9
  7095.0       4.3378265E-9
  7100.0       4.334776E-9
  7105.0       4.3277186E-9
  7110.0       4.3152912E-9
  7115.0       4.2965587E-9
  7120.0       4.2708885E-9
  7125.0       4.2399555E-9
  7130.0       4.211435E-9
  7135.0       4.195346E-9
  7140.0       4.2014765E-9
  7145.0       4.2348685E-9
  7150.0       4.288354E-9
  7155.0       4.3501083E-9
  7160.0       4.407974E-9
  7165.0       4.4520547E-9
  7170.0       4.4780992E-9
  7175.0       4.484087E-9
  7180.0       4.4684905E-9
  7185.0       4.432647E-9
  7190.0       4.3854507E-9
  7195.0       4.338615E-9
  7200.0       4.3038018E-9
  7205.0       4.2887276E-9
  7210.0       4.2909813E-9
  7215.0       4.3041886E-9
  7220.0       4.3217603E-9
  7225.0       4.3383377E-9
  7230.0       4.3519064E-9
  7235.0       4.361731E-9
  7240.0       4.367237E-9
  7245.0       4.3685304E-9
  7250.0       4.367377E-9
  7255.0       4.366207E-9
  7260.0       4.367403E-9
  7265.0       4.3724704E-9
  7270.0       4.380591E-9
  7275.0       4.3900474E-9
  7280.0       4.39903E-9
  7285.0       4.405792E-9
  7290.0       4.4087463E-9
  7295.0       4.4063277E-9
  7300.0       4.3971746E-9
  7305.0       4.381234E-9
  7310.0       4.3621107E-9
  7315.0       4.344753E-9
  7320.0       4.3340607E-9
  7325.0       4.332982E-9
  7330.0       4.339355E-9
  7335.0       4.3490904E-9
  7340.0       4.3579638E-9
  7345.0       4.36303E-9
  7350.0       4.3643937E-9
  7355.0       4.363393E-9
  7360.0       4.361489E-9
  7365.0       4.360107E-9
  7370.0       4.3606536E-9
  7375.0       4.364524E-9
  7380.0       4.3730273E-9
  7385.0       4.3864E-9
  7390.0       4.4021555E-9
  7395.0       4.4167487E-9
  7400.0       4.42671E-9
  7405.0       4.430081E-9
  7410.0       4.4288284E-9
  7415.0       4.426471E-9
  7420.0       4.426496E-9
  7425.0       4.4306923E-9
  7430.0       4.4363833E-9
  7435.0       4.43922E-9
  7440.0       4.434904E-9
  7445.0       4.4217554E-9
  7450.0       4.404886E-9
  7455.0       4.3919828E-9
  7460.0       4.3906163E-9
  7465.0       4.4045936E-9
  7470.0       4.4279433E-9
  7475.0       4.450926E-9
  7480.0       4.4637987E-9
  7485.0       4.4607185E-9
  7490.0       4.445959E-9
  7495.0       4.4276574E-9
  7500.0       4.4140624E-9
  7505.0       4.4104027E-9
  7510.0       4.4141393E-9
  7515.0       4.419713E-9
  7520.0       4.4214494E-9
  7525.0       4.415391E-9
  7530.0       4.4019863E-9
  7535.0       4.383415E-9
  7540.0       4.3621506E-9
  7545.0       4.342009E-9
  7550.0       4.329976E-9
  7555.0       4.329997E-9
  7560.0       4.331853E-9
  7565.0       4.3336987E-9
  7570.0       4.3355493E-9
  7575.0       4.3374024E-9
  7580.0       4.3392565E-9
  7585.0       4.341105E-9
  7590.0       4.3429487E-9
  7595.0       4.3448014E-9
  7600.0       4.346656E-9
  7605.0       4.348502E-9
  7610.0       4.3503556E-9
  7615.0       4.35221E-9
  7620.0       4.3540602E-9
  7625.0       4.355909E-9
  7630.0       4.3577617E-9
  7635.0       4.3596047E-9
  7640.0       4.3614548E-9
  7645.0       4.3633133E-9
  7650.0       4.365168E-9
  7655.0       4.3670187E-9
  7660.0       4.3688613E-9
  7665.0       4.370716E-9
  7670.0       4.372561E-9
  7675.0       4.3744226E-9
  7680.0       4.376267E-9
  7685.0       4.3781143E-9
  7690.0       4.379974E-9
  7695.0       4.3818242E-9
  7700.0       4.3836765E-9
  7705.0       4.3855253E-9
  7710.0       4.387366E-9
  7715.0       4.38922E-9
  7720.0       4.391077E-9
  7725.0       4.392928E-9
  7730.0       4.39742E-9
  7735.0       4.4182125E-9
  7740.0       4.4444377E-9
  7745.0       4.4701274E-9
  7750.0       4.490396E-9
  7755.0       4.5001904E-9
  7760.0       4.4947095E-9
  7765.0       4.4722674E-9
  7770.0       4.4392054E-9
  7775.0       4.4049404E-9
  7780.0       4.378903E-9
  7785.0       4.3669552E-9
  7790.0       4.365949E-9
  7795.0       4.3692023E-9
  7800.0       4.3699044E-9
  7805.0       4.363257E-9
  7810.0       4.3497588E-9
  7815.0       4.3319393E-9
  7820.0       4.312513E-9
  7825.0       4.2940833E-9
  7830.0       4.2790482E-9
  7835.0       4.269686E-9
  7840.0       4.2681467E-9
  7845.0       4.275357E-9
  7850.0       4.2890487E-9
  7855.0       4.305748E-9
  7860.0       4.321908E-9
  7865.0       4.334711E-9
  7870.0       4.343185E-9
  7875.0       4.3470765E-9
  7880.0       4.346198E-9
  7885.0       4.340454E-9
  7890.0       4.329971E-9
  7895.0       4.3149506E-9
  7900.0       4.2956363E-9
  7905.0       4.2727644E-9
  7910.0       4.2482595E-9
  7915.0       4.2245287E-9
  7920.0       4.203937E-9
  7925.0       4.187763E-9
  7930.0       4.174625E-9
  7935.0       4.1620627E-9
  7940.0       4.1476853E-9
  7945.0       4.1310395E-9
  7950.0       4.1165222E-9
  7955.0       4.110399E-9
  7960.0       4.1187755E-9
  7965.0       4.1439465E-9
  7970.0       4.178404E-9
  7975.0       4.2108126E-9
  7980.0       4.229945E-9
  7985.0       4.2290957E-9
  7990.0       4.213238E-9
  7995.0       4.191934E-9
  8000.0       4.1748103E-9
  8005.0       4.168369E-9
  8010.0       4.170906E-9
  8015.0       4.177524E-9
  8020.0       4.1831445E-9
  8025.0       4.183991E-9
  8030.0       4.179616E-9
  8035.0       4.170857E-9
  8040.0       4.158694E-9
  8045.0       4.1442636E-9
  8050.0       4.1290624E-9
  8055.0       4.1147397E-9
  8060.0       4.1028927E-9
  8065.0       4.0944674E-9
  8070.0       4.088738E-9
  8075.0       4.084309E-9
  8080.0       4.079839E-9
  8085.0       4.074884E-9
  8090.0       4.0714667E-9
  8095.0       4.072568E-9
  8100.0       4.0810906E-9
  8105.0       4.098637E-9
  8110.0       4.1233563E-9
  8115.0       4.152084E-9
  8120.0       4.1815413E-9
  8125.0       4.2090162E-9
  8130.0       4.2332107E-9
  8135.0       4.253343E-9
  8140.0       4.2686388E-9
  8145.0       4.277804E-9
  8150.0       4.278153E-9
  8155.0       4.266466E-9
  8160.0       4.239661E-9
  8165.0       4.196467E-9
  8170.0       4.140332E-9
  8175.0       4.0765173E-9
  8180.0       4.0104564E-9
  8185.0       3.947487E-9
  8190.0       3.8927683E-9
  8195.0       3.8513908E-9
  8200.0       3.828159E-9
  8205.0       3.825475E-9
  8210.0       3.8394647E-9
  8215.0       3.863795E-9
  8220.0       3.89205E-9
  8225.0       3.919098E-9
  8230.0       3.943176E-9
  8235.0       3.963817E-9
  8240.0       3.9807624E-9
  8245.0       3.994323E-9
  8250.0       4.0063566E-9
  8255.0       4.0192942E-9
  8260.0       4.035557E-9
  8265.0       4.056628E-9
  8270.0       4.081666E-9
  8275.0       4.108932E-9
  8280.0       4.136437E-9
  8285.0       4.1608628E-9
  8290.0       4.1753934E-9
  8295.0       4.171893E-9
  8300.0       4.14255E-9
  8305.0       4.084507E-9
  8310.0       4.007649E-9
  8315.0       3.9267856E-9
  8320.0       3.8568646E-9
  8325.0       3.8091863E-9
  8330.0       3.7856327E-9
  8335.0       3.7844234E-9
  8340.0       3.803224E-9
  8345.0       3.8373167E-9
  8350.0       3.8759076E-9
  8355.0       3.9058463E-9
  8360.0       3.9143773E-9
  8365.0       3.894797E-9
  8370.0       3.8562566E-9
  8375.0       3.8139514E-9
  8380.0       3.783317E-9
  8385.0       3.775641E-9
  8390.0       3.7915058E-9
  8395.0       3.827386E-9
  8400.0       3.8791903E-9
  8405.0       3.9413446E-9
  8410.0       4.0043937E-9
  8415.0       4.057419E-9
  8420.0       4.089689E-9
  8425.0       4.094301E-9
  8430.0       4.074158E-9
  8435.0       4.035984E-9
  8440.0       3.9868344E-9
  8445.0       3.9338093E-9
  8450.0       3.883972E-9
  8455.0       3.8444536E-9
  8460.0       3.8219135E-9
  8465.0       3.819096E-9
  8470.0       3.828392E-9
  8475.0       3.8381938E-9
  8480.0       3.837048E-9
  8485.0       3.8183E-9
  8490.0       3.7880152E-9
  8495.0       3.757113E-9
  8500.0       3.736486E-9
  8505.0       3.7319716E-9
  8510.0       3.736305E-9
  8515.0       3.737114E-9
  8520.0       3.7222028E-9
  8525.0       3.6857624E-9
  8530.0       3.6386458E-9
  8535.0       3.5980983E-9
  8540.0       3.5813095E-9
  8545.0       3.5983267E-9
  8550.0       3.6407237E-9
  8555.0       3.6929142E-9
  8560.0       3.7390646E-9
  8565.0       3.767722E-9
  8570.0       3.778743E-9
  8575.0       3.776356E-9
  8580.0       3.7653116E-9
  8585.0       3.7509182E-9
  8590.0       3.740051E-9
  8595.0       3.740177E-9
  8600.0       3.758346E-9
  8605.0       3.7968575E-9
  8610.0       3.845607E-9
  8615.0       3.889758E-9
  8620.0       3.914548E-9
  8625.0       3.910887E-9
  8630.0       3.884425E-9
  8635.0       3.846452E-9
  8640.0       3.808419E-9
  8645.0       3.777565E-9
  8650.0       3.7502184E-9
  8655.0       3.71847E-9
  8660.0       3.6745993E-9
  8665.0       3.6164263E-9
  8670.0       3.556288E-9
  8675.0       3.5120962E-9
  8680.0       3.5014827E-9
  8685.0       3.5337906E-9
  8690.0       3.5967311E-9
  8695.0       3.6697025E-9
  8700.0       3.731916E-9
  8705.0       3.7687444E-9
  8710.0       3.7815298E-9
  8715.0       3.7777848E-9
  8720.0       3.7655674E-9
  8725.0       3.7519543E-9
  8730.0       3.741543E-9
  8735.0       3.738008E-9
  8740.0       3.7446726E-9
  8745.0       3.762769E-9
  8750.0       3.787853E-9
  8755.0       3.8133714E-9
  8760.0       3.832798E-9
  8765.0       3.8418175E-9
  8770.0       3.842E-9
  8775.0       3.8371524E-9
  8780.0       3.8310763E-9
  8785.0       3.8251127E-9
  8790.0       3.8142347E-9
  8795.0       3.7909795E-9
  8800.0       3.748287E-9
  8805.0       3.6857848E-9
  8810.0       3.6204233E-9
  8815.0       3.5758418E-9
  8820.0       3.5751935E-9
  8825.0       3.6302827E-9
  8830.0       3.7234207E-9
  8835.0       3.825573E-9
  8840.0       3.907488E-9
  8845.0       3.9488555E-9
  8850.0       3.9526924E-9
  8855.0       3.930989E-9
  8860.0       3.8963934E-9
  8865.0       3.85945E-9
  8870.0       3.825074E-9
  8875.0       3.7960777E-9
  8880.0       3.7749355E-9
  8885.0       3.762911E-9
  8890.0       3.7581986E-9
  8895.0       3.757792E-9
  8900.0       3.758567E-9
  8905.0       3.757247E-9
  8910.0       3.7502477E-9
  8915.0       3.7338266E-9
  8920.0       3.7047438E-9
  8925.0       3.6646142E-9
  8930.0       3.6277195E-9
  8935.0       3.6132026E-9
  8940.0       3.639598E-9
  8945.0       3.714035E-9
  8950.0       3.814185E-9
  8955.0       3.9063837E-9
  8960.0       3.9571386E-9
  8965.0       3.9462624E-9
  8970.0       3.8880943E-9
  8975.0       3.810239E-9
  8980.0       3.7407957E-9
  8985.0       3.6993115E-9
  8990.0       3.683117E-9
  8995.0       3.6810073E-9
  9000.0       3.681233E-9
  9005.0       3.675422E-9
  9010.0       3.6638452E-9
  9015.0       3.650157E-9
  9020.0       3.6383092E-9
  9025.0       3.6320356E-9
  9030.0       3.6346357E-9
  9035.0       3.6491972E-9
  9040.0       3.6784034E-9
  9045.0       3.7207257E-9
  9050.0       3.7638785E-9
  9055.0       3.7913908E-9
  9060.0       3.7872723E-9
  9065.0       3.744404E-9
  9070.0       3.678713E-9
  9075.0       3.6149976E-9
  9080.0       3.5778425E-9
  9085.0       3.5809733E-9
  9090.0       3.6097527E-9
  9095.0       3.6386856E-9
  9100.0       3.6423424E-9
  9105.0       3.6066858E-9
  9110.0       3.5474015E-9
  9115.0       3.4915968E-9
  9120.0       3.4663297E-9
  9125.0       3.4871213E-9
  9130.0       3.5393832E-9
  9135.0       3.5969474E-9
  9140.0       3.6334302E-9
  9145.0       3.631701E-9
  9150.0       3.5986398E-9
  9155.0       3.5504186E-9
  9160.0       3.5036545E-9
  9165.0       3.4706584E-9
  9170.0       3.4524372E-9
  9175.0       3.4456453E-9
  9180.0       3.4466177E-9
  9185.0       3.452659E-9
  9190.0       3.463631E-9
  9195.0       3.4803604E-9
  9200.0       3.5035943E-9
  9205.0       3.5322858E-9
  9210.0       3.560649E-9
  9215.0       3.5810808E-9
  9220.0       3.586105E-9
  9225.0       3.5708787E-9
  9230.0       3.537597E-9
  9235.0       3.491128E-9
  9240.0       3.4366974E-9
  9245.0       3.380618E-9
  9250.0       3.3319107E-9
  9255.0       3.3006695E-9
  9260.0       3.2965124E-9
  9265.0       3.3233323E-9
  9270.0       3.3701337E-9
  9275.0       3.4201735E-9
  9280.0       3.4567496E-9
  9285.0       3.4689884E-9
  9290.0       3.4612744E-9
  9295.0       3.4438563E-9
  9300.0       3.4273469E-9
  9305.0       3.4204097E-9
  9310.0       3.4265337E-9
  9315.0       3.4472554E-9
  9320.0       3.4835719E-9
  9325.0       3.5334282E-9
  9330.0       3.5867753E-9
  9335.0       3.630432E-9
  9340.0       3.6515442E-9
  9345.0       3.643007E-9
  9350.0       3.6127332E-9
  9355.0       3.5744088E-9
  9360.0       3.5419205E-9
  9365.0       3.525233E-9
  9370.0       3.5241268E-9
  9375.0       3.5344538E-9
  9380.0       3.551579E-9
  9385.0       3.569653E-9
  9390.0       3.5797296E-9
  9395.0       3.571656E-9
  9400.0       3.5357903E-9
  9405.0       3.4686667E-9
  9410.0       3.382852E-9
  9415.0       3.2970853E-9
  9420.0       3.230138E-9
  9425.0       3.194512E-9
  9430.0       3.1865521E-9
  9435.0       3.1963894E-9
  9440.0       3.2138618E-9
  9445.0       3.231851E-9
  9450.0       3.2513021E-9
  9455.0       3.2762244E-9
  9460.0       3.3106264E-9
  9465.0       3.3552239E-9
  9470.0       3.4022627E-9
  9475.0       3.4406944E-9
  9480.0       3.4596999E-9
  9485.0       3.454045E-9
  9490.0       3.4328604E-9
  9495.0       3.4108647E-9
  9500.0       3.402667E-9
  9505.0       3.416392E-9
  9510.0       3.443264E-9
  9515.0       3.4680308E-9
  9520.0       3.47558E-9
  9525.0       3.4586072E-9
  9530.0       3.4301078E-9
  9535.0       3.4108902E-9
  9540.0       3.421433E-9
  9545.0       3.4709733E-9
  9550.0       3.5395846E-9
  9555.0       3.5961056E-9
  9560.0       3.6096384E-9
  9565.0       3.563124E-9
  9570.0       3.4754464E-9
  9575.0       3.379316E-9
  9580.0       3.3077205E-9
  9585.0       3.2824736E-9
  9590.0       3.2963552E-9
  9595.0       3.3309735E-9
  9600.0       3.3672862E-9
  9605.0       3.3907133E-9
  9610.0       3.3983072E-9
  9615.0       3.3915863E-9
  9620.0       3.372593E-9
  9625.0       3.3439291E-9
  9630.0       3.3096708E-9
  9635.0       3.274509E-9
  9640.0       3.2430774E-9
  9645.0       3.2192928E-9
  9650.0       3.2050937E-9
  9655.0       3.2016678E-9
  9660.0       3.2099818E-9
  9665.0       3.2295613E-9
  9670.0       3.256095E-9
  9675.0       3.2838423E-9
  9680.0       3.307014E-9
  9685.0       3.3208942E-9
  9690.0       3.3235845E-9
  9695.0       3.314282E-9
  9700.0       3.2924694E-9
  9705.0       3.2597005E-9
  9710.0       3.2229053E-9
  9715.0       3.1910299E-9
  9720.0       3.1729945E-9
  9725.0       3.1749388E-9
  9730.0       3.1958478E-9
  9735.0       3.2319663E-9
  9740.0       3.2790477E-9
  9745.0       3.330971E-9
  9750.0       3.3766694E-9
  9755.0       3.4032137E-9
  9760.0       3.3981793E-9
  9765.0       3.3564929E-9
  9770.0       3.2921408E-9
  9775.0       3.2264313E-9
  9780.0       3.1807112E-9
  9785.0       3.1694272E-9
  9790.0       3.1890266E-9
  9795.0       3.2290588E-9
  9800.0       3.2784941E-9
  9805.0       3.3273295E-9
  9810.0       3.3683147E-9
  9815.0       3.395232E-9
  9820.0       3.4023244E-9
  9825.0       3.387295E-9
  9830.0       3.356843E-9
  9835.0       3.3211525E-9
  9840.0       3.2904475E-9
  9845.0       3.2720928E-9
  9850.0       3.2660123E-9
  9855.0       3.2692882E-9
  9860.0       3.2787262E-9
  9865.0       3.2913647E-9
  9870.0       3.3048575E-9
  9875.0       3.3170764E-9
  9880.0       3.326017E-9
  9885.0       3.3304024E-9
  9890.0       3.3309544E-9
  9895.0       3.3291194E-9
  9900.0       3.3263783E-9
  9905.0       3.323679E-9
  9910.0       3.320535E-9
  9915.0       3.3159386E-9
  9920.0       3.3088927E-9
  9925.0       3.299453E-9
  9930.0       3.2902667E-9
  9935.0       3.2849956E-9
  9940.0       3.2871839E-9
  9945.0       3.298062E-9
  9950.0       3.312851E-9
  9955.0       3.3244971E-9
  9960.0       3.3259968E-9
  9965.0       3.3136602E-9
  9970.0       3.2923049E-9
  9975.0       3.2700247E-9
  9980.0       3.2549026E-9
  9985.0       3.2515817E-9
  9990.0       3.2558196E-9
  9995.0       3.2599274E-9
  10000.0      3.2562937E-9
  10005.0      3.2412475E-9
  10010.0      3.221448E-9
  10015.0      3.207504E-9
  10020.0      3.2098297E-9
  10025.0      3.2328726E-9
  10030.0      3.2655694E-9
  10035.0      3.290909E-9
  10040.0      3.2920888E-9
  10045.0      3.26041E-9
  10050.0      3.2083045E-9
  10055.0      3.1563274E-9
  10060.0      3.1249852E-9
  10065.0      3.1265628E-9
  10070.0      3.151956E-9
  10075.0      3.1837821E-9
  10080.0      3.2045064E-9
  10085.0      3.2029743E-9
  10090.0      3.1846354E-9
  10095.0      3.16133E-9
  10100.0      3.1451832E-9
  10105.0      3.1446232E-9
  10110.0      3.1585543E-9
  10115.0      3.1821923E-9
  10120.0      3.210348E-9
  10125.0      3.2373002E-9
  10130.0      3.2560015E-9
  10135.0      3.258844E-9
  10140.0      3.2387717E-9
  10145.0      3.194469E-9
  10150.0      3.1395242E-9
  10155.0      3.0932636E-9
  10160.0      3.0747194E-9
  10165.0      3.0941942E-9
  10170.0      3.1392706E-9
  10175.0      3.1888088E-9
  10180.0      3.2215852E-9
  10185.0      3.2241712E-9
  10190.0      3.203506E-9
  10195.0      3.174305E-9
  10200.0      3.1516032E-9
  10205.0      3.1456553E-9
  10210.0      3.1542295E-9
  10215.0      3.1703185E-9
  10220.0      3.1865282E-9
  10225.0      3.196422E-9
  10230.0      3.1960465E-9
  10235.0      3.1824245E-9
  10240.0      3.1530025E-9
  10245.0      3.1087373E-9
  10250.0      3.059653E-9
  10255.0      3.019275E-9
  10260.0      3.00088E-9
  10265.0      3.0117857E-9
  10270.0      3.0438043E-9
  10275.0      3.082813E-9
  10280.0      3.1145748E-9
  10285.0      3.1298626E-9
  10290.0      3.1324372E-9
  10295.0      3.1310616E-9
  10300.0      3.1345186E-9
  10305.0      3.1469307E-9
  10310.0      3.1602438E-9
  10315.0      3.1617082E-9
  10320.0      3.1389626E-9
  10325.0      3.0879654E-9
  10330.0      3.026332E-9
  10335.0      2.9799923E-9
  10340.0      2.9744023E-9
  10345.0      3.0217429E-9
  10350.0      3.0997074E-9
  10355.0      3.17273E-9
  10360.0      3.2054766E-9
  10365.0      3.178418E-9
  10370.0      3.113048E-9
  10375.0      3.0466103E-9
  10380.0      3.0163705E-9
  10385.0      3.0438847E-9
  10390.0      3.109859E-9
  10395.0      3.1793281E-9
  10400.0      3.2171394E-9
  10405.0      3.2021668E-9
  10410.0      3.1497858E-9
  10415.0      3.0893748E-9
  10420.0      3.0505416E-9
  10425.0      3.0511806E-9
  10430.0      3.0786198E-9
  10435.0      3.1084826E-9
  10440.0      3.116202E-9
  10445.0      3.0871634E-9
  10450.0      3.0327103E-9
  10455.0      2.974105E-9
  10460.0      2.9327993E-9
  10465.0      2.92196E-9
  10470.0      2.9332112E-9
  10475.0      2.9498906E-9
  10480.0      2.9552618E-9
  10485.0      2.940024E-9
  10490.0      2.914211E-9
  10495.0      2.895311E-9
  10500.0      2.9006204E-9
  10505.0      2.9381602E-9
  10510.0      2.9918696E-9
  10515.0      3.0363958E-9
  10520.0      3.0466825E-9
  10525.0      3.0096976E-9
  10530.0      2.9436815E-9
  10535.0      2.878921E-9
  10540.0      2.8456153E-9
  10545.0      2.8615736E-9
  10550.0      2.9122462E-9
  10555.0      2.9706384E-9
  10560.0      3.0096197E-9
  10565.0      3.0127434E-9
  10570.0      2.9914546E-9
  10575.0      2.9678875E-9
  10580.0      2.964311E-9
  10585.0      2.9935083E-9
  10590.0      3.0435998E-9
  10595.0      3.0931762E-9
  10600.0      3.120639E-9
  10605.0      3.111357E-9
  10610.0      3.0689085E-9
  10615.0      3.0038847E-9
  10620.0      2.2052284E-9
