# WAVELENGTH   FLUX           
  1150.0       0.0            
  1155.0       0.0            
  1160.0       0.0            
  1165.0       0.0            
  1170.0       0.0            
  1175.0       0.0            
  1180.0       0.0            
  1185.0       0.0            
  1190.0       0.0            
  1195.0       0.0            
  1200.0       0.0            
  1205.0       0.0            
  1210.0       0.0            
  1215.0       0.0            
  1220.0       0.0            
  1225.0       0.0            
  1230.0       0.0            
  1235.0       0.0            
  1240.0       0.0            
  1245.0       0.0            
  1250.0       0.0            
  1255.0       0.0            
  1260.0       0.0            
  1265.0       0.0            
  1270.0       0.0            
  1275.0       0.0            
  1280.0       0.0            
  1285.0       0.0            
  1290.0       0.0            
  1295.0       0.0            
  1300.0       0.0            
  1305.0       0.0            
  1310.0       0.0            
  1315.0       0.0            
  1320.0       0.0            
  1325.0       0.0            
  1330.0       0.0            
  1335.0       0.0            
  1340.0       0.0            
  1345.0       0.0            
  1350.0       0.0            
  1355.0       0.0            
  1360.0       0.0            
  1365.0       0.0            
  1370.0       0.0            
  1375.0       0.0            
  1380.0       0.0            
  1385.0       0.0            
  1390.0       0.0            
  1395.0       0.0            
  1400.0       0.0            
  1405.0       0.0            
  1410.0       0.0            
  1415.0       0.0            
  1420.0       0.0            
  1425.0       0.0            
  1430.0       0.0            
  1435.0       0.0            
  1440.0       0.0            
  1445.0       0.0            
  1450.0       0.0            
  1455.0       0.0            
  1460.0       0.0            
  1465.0       0.0            
  1470.0       0.0            
  1475.0       0.0            
  1480.0       0.0            
  1485.0       0.0            
  1490.0       0.0            
  1495.0       0.0            
  1500.0       4.527815E-16   
  1505.0       3.6132126E-15  
  1510.0       7.223415E-15   
  1515.0       1.0833625E-14  
  1520.0       1.4443831E-14  
  1525.0       1.760128E-14   
  1530.0       1.8051072E-14  
  1535.0       1.7598322E-14  
  1540.0       1.3985183E-14  
  1545.0       7.2145896E-15  
  1550.0       8.99642E-16    
  1555.0       0.0            
  1560.0       0.0            
  1565.0       0.0            
  1570.0       0.0            
  1575.0       0.0            
  1580.0       0.0            
  1585.0       0.0            
  1590.0       0.0            
  1595.0       0.0            
  1600.0       5.432246E-15   
  1605.0       4.471436E-14   
  1610.0       9.7065185E-14  
  1615.0       1.4760532E-13  
  1620.0       1.9362978E-13  
  1625.0       2.2836556E-13  
  1630.0       2.4278976E-13  
  1635.0       2.341948E-13   
  1640.0       1.9400501E-13  
  1645.0       1.1680533E-13  
  1650.0       1.5296924E-14  
  1655.0       0.0            
  1660.0       0.0            
  1665.0       0.0            
  1670.0       0.0            
  1675.0       0.0            
  1680.0       0.0            
  1685.0       0.0            
  1690.0       0.0            
  1695.0       0.0            
  1700.0       7.9205726E-14  
  1705.0       6.5307064E-13  
  1710.0       1.4478794E-12  
  1715.0       2.3834682E-12  
  1720.0       3.4350177E-12  
  1725.0       4.5804133E-12  
  1730.0       5.798003E-12   
  1735.0       7.0647602E-12  
  1740.0       8.351811E-12   
  1745.0       9.641104E-12   
  1750.0       1.0909623E-11  
  1755.0       1.21433835E-11 
  1760.0       1.3359116E-11  
  1765.0       1.4579834E-11  
  1770.0       1.5834858E-11  
  1775.0       1.7145868E-11  
  1780.0       1.8542183E-11  
  1785.0       2.004817E-11   
  1790.0       2.1693187E-11  
  1795.0       2.3498847E-11  
  1800.0       2.5493647E-11  
  1805.0       2.768878E-11   
  1810.0       3.0059455E-11  
  1815.0       3.2568146E-11  
  1820.0       3.5181122E-11  
  1825.0       3.7861273E-11  
  1830.0       4.0565332E-11  
  1835.0       4.3260777E-11  
  1840.0       4.5909738E-11  
  1845.0       4.847472E-11   
  1850.0       5.091605E-11   
  1855.0       5.3211983E-11  
  1860.0       5.53623E-11    
  1865.0       5.7382103E-11  
  1870.0       5.9286874E-11  
  1875.0       6.1092784E-11  
  1880.0       6.2810375E-11  
  1885.0       6.4457883E-11  
  1890.0       6.604853E-11   
  1895.0       6.759919E-11   
  1900.0       6.912398E-11   
  1905.0       7.063669E-11   
  1910.0       7.2161936E-11  
  1915.0       7.371766E-11   
  1920.0       7.5326884E-11  
  1925.0       7.701239E-11   
  1930.0       7.8797815E-11  
  1935.0       8.0699995E-11  
  1940.0       8.274294E-11   
  1945.0       8.495077E-11   
  1950.0       8.73404E-11    
  1955.0       8.9930424E-11  
  1960.0       9.27095E-11    
  1965.0       9.566725E-11   
  1970.0       9.878519E-11   
  1975.0       1.0205077E-10  
  1980.0       1.0544934E-10  
  1985.0       1.089644E-10   
  1990.0       1.1258334E-10  
  1995.0       1.1628925E-10  
  2000.0       1.2007158E-10  
  2005.0       1.2395847E-10  
  2010.0       1.280743E-10   
  2015.0       1.3258639E-10  
  2020.0       1.376622E-10   
  2025.0       1.4347105E-10  
  2030.0       1.5018214E-10  
  2035.0       1.5796232E-10  
  2040.0       1.6698107E-10  
  2045.0       1.7740748E-10  
  2050.0       1.893954E-10   
  2055.0       2.0296917E-10  
  2060.0       2.1781084E-10  
  2065.0       2.3346947E-10  
  2070.0       2.494835E-10   
  2075.0       2.6538688E-10  
  2080.0       2.8072178E-10  
  2085.0       2.9502084E-10  
  2090.0       3.0781877E-10  
  2095.0       3.1865788E-10  
  2100.0       3.2709213E-10  
  2105.0       3.3287803E-10  
  2110.0       3.362769E-10   
  2115.0       3.3775524E-10  
  2120.0       3.378001E-10   
  2125.0       3.3688916E-10  
  2130.0       3.3550587E-10  
  2135.0       3.3413966E-10  
  2140.0       3.332692E-10   
  2145.0       3.333781E-10   
  2150.0       3.349346E-10   
  2155.0       3.3823164E-10  
  2160.0       3.431227E-10   
  2165.0       3.4929096E-10  
  2170.0       3.5639758E-10  
  2175.0       3.6411074E-10  
  2180.0       3.7209444E-10  
  2185.0       3.8001174E-10  
  2190.0       3.875272E-10   
  2195.0       3.9431067E-10  
  2200.0       4.0002782E-10  
  2205.0       4.044333E-10   
  2210.0       4.0749337E-10  
  2215.0       4.092462E-10   
  2220.0       4.0974596E-10  
  2225.0       4.0903705E-10  
  2230.0       4.07172E-10    
  2235.0       4.042026E-10   
  2240.0       4.0017623E-10  
  2245.0       3.951459E-10   
  2250.0       3.8916348E-10  
  2255.0       3.8229991E-10  
  2260.0       3.7469158E-10  
  2265.0       3.6649322E-10  
  2270.0       3.5785602E-10  
  2275.0       3.4894318E-10  
  2280.0       3.399081E-10   
  2285.0       3.3090652E-10  
  2290.0       3.2209854E-10  
  2295.0       3.136354E-10   
  2300.0       3.056751E-10   
  2305.0       2.9832453E-10  
  2310.0       2.9159003E-10  
  2315.0       2.8542854E-10  
  2320.0       2.79796E-10    
  2325.0       2.746498E-10   
  2330.0       2.6994765E-10  
  2335.0       2.656455E-10   
  2340.0       2.6169786E-10  
  2345.0       2.5806157E-10  
  2350.0       2.546972E-10   
  2355.0       2.5158944E-10  
  2360.0       2.4879154E-10  
  2365.0       2.4638408E-10  
  2370.0       2.444552E-10   
  2375.0       2.4308341E-10  
  2380.0       2.4235383E-10  
  2385.0       2.4234728E-10  
  2390.0       2.4315225E-10  
  2395.0       2.4485192E-10  
  2400.0       2.4751876E-10  
  2405.0       2.5117497E-10  
  2410.0       2.5568334E-10  
  2415.0       2.608433E-10   
  2420.0       2.6645358E-10  
  2425.0       2.723122E-10   
  2430.0       2.7821187E-10  
  2435.0       2.8395533E-10  
  2440.0       2.89338E-10    
  2445.0       2.9415662E-10  
  2450.0       2.982122E-10   
  2455.0       3.013578E-10   
  2460.0       3.0359112E-10  
  2465.0       3.0495886E-10  
  2470.0       3.0551317E-10  
  2475.0       3.0530267E-10  
  2480.0       3.0438127E-10  
  2485.0       3.0280192E-10  
  2490.0       3.00614E-10    
  2495.0       2.978723E-10   
  2500.0       2.946306E-10   
  2505.0       2.909556E-10   
  2510.0       2.8695646E-10  
  2515.0       2.827591E-10   
  2520.0       2.7848956E-10  
  2525.0       2.7427371E-10  
  2530.0       2.7023564E-10  
  2535.0       2.6650418E-10  
  2540.0       2.6320587E-10  
  2545.0       2.6046418E-10  
  2550.0       2.5840696E-10  
  2555.0       2.5715005E-10  
  2560.0       2.5680452E-10  
  2565.0       2.5746436E-10  
  2570.0       2.5922847E-10  
  2575.0       2.621977E-10   
  2580.0       2.6647073E-10  
  2585.0       2.7214417E-10  
  2590.0       2.7931663E-10  
  2595.0       2.8808775E-10  
  2600.0       2.9855154E-10  
  2605.0       3.1075129E-10  
  2610.0       3.2461409E-10  
  2615.0       3.4002032E-10  
  2620.0       3.568374E-10   
  2625.0       3.7494105E-10  
  2630.0       3.9420456E-10  
  2635.0       4.1450005E-10  
  2640.0       4.3570178E-10  
  2645.0       4.5767956E-10  
  2650.0       4.8029863E-10  
  2655.0       5.033397E-10   
  2660.0       5.263684E-10   
  2665.0       5.488622E-10   
  2670.0       5.7029675E-10  
  2675.0       5.901375E-10   
  2680.0       6.078606E-10   
  2685.0       6.2293437E-10  
  2690.0       6.3483135E-10  
  2695.0       6.4302674E-10  
  2700.0       6.4701006E-10  
  2705.0       6.465017E-10   
  2710.0       6.4178957E-10  
  2715.0       6.3339334E-10  
  2720.0       6.218537E-10   
  2725.0       6.077044E-10   
  2730.0       5.914867E-10   
  2735.0       5.7373667E-10  
  2740.0       5.549942E-10   
  2745.0       5.357944E-10   
  2750.0       5.166778E-10   
  2755.0       4.9815524E-10  
  2760.0       4.806787E-10   
  2765.0       4.646781E-10   
  2770.0       4.5058357E-10  
  2775.0       4.3881931E-10  
  2780.0       4.2981202E-10  
  2785.0       4.2398948E-10  
  2790.0       4.217814E-10   
  2795.0       4.2361287E-10  
  2800.0       4.298964E-10   
  2805.0       4.4086737E-10  
  2810.0       4.563256E-10   
  2815.0       4.7589377E-10  
  2820.0       4.9918175E-10  
  2825.0       5.25792E-10    
  2830.0       5.5533717E-10  
  2835.0       5.8742683E-10  
  2840.0       6.216653E-10   
  2845.0       6.5765804E-10  
  2850.0       6.9501915E-10  
  2855.0       7.333572E-10   
  2860.0       7.7230483E-10  
  2865.0       8.1149554E-10  
  2870.0       8.505658E-10   
  2875.0       8.8914914E-10  
  2880.0       9.268812E-10   
  2885.0       9.633995E-10   
  2890.0       9.983354E-10   
  2895.0       1.0313261E-9   
  2900.0       1.0620139E-9   
  2905.0       1.0901305E-9   
  2910.0       1.1156175E-9   
  2915.0       1.1385111E-9   
  2920.0       1.1588445E-9   
  2925.0       1.1766642E-9   
  2930.0       1.1920082E-9   
  2935.0       1.2049113E-9   
  2940.0       1.2154208E-9   
  2945.0       1.2235678E-9   
  2950.0       1.229407E-9    
  2955.0       1.2330874E-9   
  2960.0       1.2350068E-9   
  2965.0       1.2356731E-9   
  2970.0       1.2355985E-9   
  2975.0       1.2352916E-9   
  2980.0       1.2352696E-9   
  2985.0       1.236039E-9    
  2990.0       1.2381143E-9   
  2995.0       1.2420059E-9   
  3000.0       1.2482111E-9   
  3005.0       1.2570402E-9   
  3010.0       1.2683269E-9   
  3015.0       1.2817299E-9   
  3020.0       1.296884E-9    
  3025.0       1.3134229E-9   
  3030.0       1.3309874E-9   
  3035.0       1.349213E-9    
  3040.0       1.3677374E-9   
  3045.0       1.3861945E-9   
  3050.0       1.4042252E-9   
  3055.0       1.4215604E-9   
  3060.0       1.4381384E-9   
  3065.0       1.4539719E-9   
  3070.0       1.4690853E-9   
  3075.0       1.4835074E-9   
  3080.0       1.4972668E-9   
  3085.0       1.5103827E-9   
  3090.0       1.5228816E-9   
  3095.0       1.5347877E-9   
  3100.0       1.5461347E-9   
  3105.0       1.5569411E-9   
  3110.0       1.5672581E-9   
  3115.0       1.5771203E-9   
  3120.0       1.5865722E-9   
  3125.0       1.5956606E-9   
  3130.0       1.6044244E-9   
  3135.0       1.6129114E-9   
  3140.0       1.6211644E-9   
  3145.0       1.6292229E-9   
  3150.0       1.6371372E-9   
  3155.0       1.6449357E-9   
  3160.0       1.6526243E-9   
  3165.0       1.6602038E-9   
  3170.0       1.6676637E-9   
  3175.0       1.6750171E-9   
  3180.0       1.6822431E-9   
  3185.0       1.6893517E-9   
  3190.0       1.6963302E-9   
  3195.0       1.7031793E-9   
  3200.0       1.7099059E-9   
  3205.0       1.7165974E-9   
  3210.0       1.7235684E-9   
  3215.0       1.7312143E-9   
  3220.0       1.7399474E-9   
  3225.0       1.7501618E-9   
  3230.0       1.762269E-9    
  3235.0       1.7766737E-9   
  3240.0       1.7937843E-9   
  3245.0       1.8140073E-9   
  3250.0       1.8377183E-9   
  3255.0       1.8650093E-9   
  3260.0       1.8952522E-9   
  3265.0       1.9275297E-9   
  3270.0       1.9609037E-9   
  3275.0       1.9944213E-9   
  3280.0       2.0271447E-9   
  3285.0       2.0581379E-9   
  3290.0       2.0864448E-9   
  3295.0       2.1111288E-9   
  3300.0       2.1312794E-9   
  3305.0       2.146291E-9    
  3310.0       2.1563504E-9   
  3315.0       2.1619666E-9   
  3320.0       2.1636541E-9   
  3325.0       2.1619455E-9   
  3330.0       2.1573727E-9   
  3335.0       2.1504645E-9   
  3340.0       2.1417417E-9   
  3345.0       2.1317403E-9   
  3350.0       2.1209772E-9   
  3355.0       2.1099429E-9   
  3360.0       2.0989903E-9   
  3365.0       2.0884425E-9   
  3370.0       2.0786093E-9   
  3375.0       2.069806E-9    
  3380.0       2.0623554E-9   
  3385.0       2.0565545E-9   
  3390.0       2.0527327E-9   
  3395.0       2.0511912E-9   
  3400.0       2.0522353E-9   
  3405.0       2.0559312E-9   
  3410.0       2.0617823E-9   
  3415.0       2.0690722E-9   
  3420.0       2.0770703E-9   
  3425.0       2.0850395E-9   
  3430.0       2.0922368E-9   
  3435.0       2.0979307E-9   
  3440.0       2.1013866E-9   
  3445.0       2.1018658E-9   
  3450.0       2.0986652E-9   
  3455.0       2.0914606E-9   
  3460.0       2.080855E-9    
  3465.0       2.0678377E-9   
  3470.0       2.0534126E-9   
  3475.0       2.0386075E-9   
  3480.0       2.0244366E-9   
  3485.0       2.0119137E-9   
  3490.0       2.0020519E-9   
  3495.0       1.9958748E-9   
  3500.0       1.9943596E-9   
  3505.0       2.0223767E-9   
  3510.0       2.1748243E-9   
  3515.0       2.1981326E-9   
  3520.0       2.1861253E-9   
  3525.0       2.1788806E-9   
  3530.0       2.2240954E-9   
  3535.0       2.2934639E-9   
  3540.0       2.3477493E-9   
  3545.0       2.3730151E-9   
  3550.0       2.3710178E-9   
  3555.0       2.3538835E-9   
  3560.0       2.318036E-9    
  3565.0       2.2482045E-9   
  3570.0       2.1923985E-9   
  3575.0       2.1716704E-9   
  3580.0       2.1375102E-9   
  3585.0       2.1322353E-9   
  3590.0       2.222364E-9    
  3595.0       2.3278985E-9   
  3600.0       2.334614E-9    
  3605.0       2.2281075E-9   
  3610.0       2.0858533E-9   
  3615.0       2.0368542E-9   
  3620.0       2.0956814E-9   
  3625.0       2.2012399E-9   
  3630.0       2.2632165E-9   
  3635.0       2.2831634E-9   
  3640.0       2.2772988E-9   
  3645.0       2.2322353E-9   
  3650.0       2.198064E-9    
  3655.0       2.367759E-9    
  3660.0       2.5206954E-9   
  3665.0       2.5294764E-9   
  3670.0       2.4745823E-9   
  3675.0       2.4266607E-9   
  3680.0       2.3834168E-9   
  3685.0       2.3655382E-9   
  3690.0       2.4190328E-9   
  3695.0       2.521807E-9    
  3700.0       2.5479387E-9   
  3705.0       2.4598552E-9   
  3710.0       2.4107805E-9   
  3715.0       2.428681E-9    
  3720.0       2.4264917E-9   
  3725.0       2.458864E-9    
  3730.0       2.3997115E-9   
  3735.0       2.3074198E-9   
  3740.0       2.2518503E-9   
  3745.0       2.1692599E-9   
  3750.0       2.1996305E-9   
  3755.0       2.4048423E-9   
  3760.0       2.546201E-9    
  3765.0       2.5414433E-9   
  3770.0       2.5844842E-9   
  3775.0       2.823731E-9    
  3780.0       3.024922E-9    
  3785.0       2.9241034E-9   
  3790.0       2.632145E-9    
  3795.0       2.4308036E-9   
  3800.0       2.5007492E-9   
  3805.0       2.745581E-9    
  3810.0       2.8418123E-9   
  3815.0       2.6558107E-9   
  3820.0       2.3472968E-9   
  3825.0       2.0542559E-9   
  3830.0       1.8344292E-9   
  3835.0       1.7885526E-9   
  3840.0       2.010545E-9    
  3845.0       2.3758349E-9   
  3850.0       2.5978912E-9   
  3855.0       2.5781597E-9   
  3860.0       2.5088762E-9   
  3865.0       2.5115996E-9   
  3870.0       2.5098303E-9   
  3875.0       2.4833393E-9   
  3880.0       2.4124152E-9   
  3885.0       2.3255458E-9   
  3890.0       2.3827553E-9   
  3895.0       2.610697E-9    
  3900.0       2.8129974E-9   
  3905.0       2.908712E-9    
  3910.0       2.9776193E-9   
  3915.0       2.9892973E-9   
  3920.0       2.78307E-9     
  3925.0       2.2585807E-9   
  3930.0       1.6694288E-9   
  3935.0       1.5085296E-9   
  3940.0       1.8751516E-9   
  3945.0       2.4427846E-9   
  3950.0       2.871719E-9    
  3955.0       2.9404317E-9   
  3960.0       2.5418925E-9   
  3965.0       1.883588E-9    
  3970.0       1.6700901E-9   
  3975.0       2.2304967E-9   
  3980.0       2.9785203E-9   
  3985.0       3.3995788E-9   
  3990.0       3.5689582E-9   
  3995.0       3.6602243E-9   
  4000.0       3.7177028E-9   
  4005.0       3.7486267E-9   
  4010.0       3.801842E-9    
  4015.0       3.834856E-9    
  4020.0       3.883048E-9    
  4025.0       3.8405967E-9   
  4030.0       3.7823176E-9   
  4035.0       3.8243746E-9   
  4040.0       3.8611954E-9   
  4045.0       3.7834473E-9   
  4050.0       3.6946821E-9   
  4055.0       3.6980903E-9   
  4060.0       3.686257E-9    
  4065.0       3.6755499E-9   
  4070.0       3.599132E-9    
  4075.0       3.5733025E-9   
  4080.0       3.642865E-9    
  4085.0       3.7837817E-9   
  4090.0       3.7818824E-9   
  4095.0       3.543878E-9    
  4100.0       3.275091E-9    
  4105.0       3.3683059E-9   
  4110.0       3.6243566E-9   
  4115.0       3.8262336E-9   
  4120.0       3.86216E-9     
  4125.0       3.7988004E-9   
  4130.0       3.767171E-9    
  4135.0       3.84587E-9     
  4140.0       3.923507E-9    
  4145.0       3.902326E-9    
  4150.0       3.854242E-9    
  4155.0       3.862155E-9    
  4160.0       3.9159573E-9   
  4165.0       3.9114156E-9   
  4170.0       3.8122194E-9   
  4175.0       3.7221908E-9   
  4180.0       3.7273273E-9   
  4185.0       3.8024774E-9   
  4190.0       3.8412282E-9   
  4195.0       3.7614716E-9   
  4200.0       3.7000891E-9   
  4205.0       3.813495E-9    
  4210.0       3.9726165E-9   
  4215.0       3.9984287E-9   
  4220.0       3.8813366E-9   
  4225.0       3.7139505E-9   
  4230.0       3.64258E-9     
  4235.0       3.6823513E-9   
  4240.0       3.7535908E-9   
  4245.0       3.7931556E-9   
  4250.0       3.79004E-9     
  4255.0       3.7638244E-9   
  4260.0       3.7383465E-9   
  4265.0       3.725217E-9    
  4270.0       3.705152E-9    
  4275.0       3.7158276E-9   
  4280.0       3.715688E-9    
  4285.0       3.6260481E-9   
  4290.0       3.4761938E-9   
  4295.0       3.2806728E-9   
  4300.0       3.0443044E-9   
  4305.0       2.9015712E-9   
  4310.0       3.053318E-9    
  4315.0       3.4988081E-9   
  4320.0       3.8401424E-9   
  4325.0       3.836347E-9    
  4330.0       3.6523509E-9   
  4335.0       3.439199E-9    
  4340.0       3.3013356E-9   
  4345.0       3.4620893E-9   
  4350.0       3.6852743E-9   
  4355.0       3.8705874E-9   
  4360.0       3.995069E-9    
  4365.0       4.046193E-9    
  4370.0       4.0087293E-9   
  4375.0       3.911871E-9    
  4380.0       3.7774712E-9   
  4385.0       3.665218E-9    
  4390.0       3.681523E-9    
  4395.0       3.805569E-9    
  4400.0       3.9126173E-9   
  4405.0       3.948798E-9    
  4410.0       3.9754973E-9   
  4415.0       4.0307406E-9   
  4420.0       4.0988204E-9   
  4425.0       4.1379167E-9   
  4430.0       4.124382E-9    
  4435.0       4.090689E-9    
  4440.0       4.102238E-9    
  4445.0       4.1735824E-9   
  4450.0       4.216954E-9    
  4455.0       4.055687E-9    
  4460.0       3.938915E-9    
  4465.0       4.017465E-9    
  4470.0       4.137706E-9    
  4475.0       4.278556E-9    
  4480.0       4.2900887E-9   
  4485.0       4.294486E-9    
  4490.0       4.312139E-9    
  4495.0       4.3393276E-9   
  4500.0       4.406495E-9    
  4505.0       4.5125663E-9   
  4510.0       4.5564095E-9   
  4515.0       4.49298E-9     
  4520.0       4.3406336E-9   
  4525.0       4.1357024E-9   
  4530.0       4.031475E-9    
  4535.0       4.131132E-9    
  4540.0       4.247706E-9    
  4545.0       4.2107E-9      
  4550.0       4.1508796E-9   
  4555.0       4.2228034E-9   
  4560.0       4.3350994E-9   
  4565.0       4.3685153E-9   
  4570.0       4.3581556E-9   
  4575.0       4.3201145E-9   
  4580.0       4.255091E-9    
  4585.0       4.2284127E-9   
  4590.0       4.2268176E-9   
  4595.0       4.2098796E-9   
  4600.0       4.213121E-9    
  4605.0       4.29095E-9     
  4610.0       4.356262E-9    
  4615.0       4.3646073E-9   
  4620.0       4.375369E-9    
  4625.0       4.3830988E-9   
  4630.0       4.368146E-9    
  4635.0       4.3162123E-9   
  4640.0       4.2432116E-9   
  4645.0       4.165243E-9    
  4650.0       4.158341E-9    
  4655.0       4.2224584E-9   
  4660.0       4.2226596E-9   
  4665.0       4.0962456E-9   
  4670.0       4.0391224E-9   
  4675.0       4.116519E-9    
  4680.0       4.187106E-9    
  4685.0       4.2236565E-9   
  4690.0       4.212373E-9    
  4695.0       4.1498494E-9   
  4700.0       4.0641073E-9   
  4705.0       4.02814E-9     
  4710.0       4.089306E-9    
  4715.0       4.217978E-9    
  4720.0       4.3025756E-9   
  4725.0       4.2442783E-9   
  4730.0       4.151034E-9    
  4735.0       4.156059E-9    
  4740.0       4.2169757E-9   
  4745.0       4.253255E-9    
  4750.0       4.233395E-9    
  4755.0       4.1789496E-9   
  4760.0       4.1116244E-9   
  4765.0       4.078161E-9    
  4770.0       4.145413E-9    
  4775.0       4.260088E-9    
  4780.0       4.2954276E-9   
  4785.0       4.231651E-9    
  4790.0       4.1964228E-9   
  4795.0       4.2375006E-9   
  4800.0       4.2548836E-9   
  4805.0       4.226311E-9    
  4810.0       4.221388E-9    
  4815.0       4.2665014E-9   
  4820.0       4.276983E-9    
  4825.0       4.2249946E-9   
  4830.0       4.15717E-9     
  4835.0       4.090544E-9    
  4840.0       4.0634913E-9   
  4845.0       4.066942E-9    
  4850.0       3.9124353E-9   
  4855.0       3.488048E-9    
  4860.0       3.156615E-9    
  4865.0       3.2739862E-9   
  4870.0       3.602342E-9    
  4875.0       3.8464885E-9   
  4880.0       3.9299195E-9   
  4885.0       3.8695847E-9   
  4890.0       3.87006E-9     
  4895.0       4.02424E-9     
  4900.0       4.149484E-9    
  4905.0       4.1274295E-9   
  4910.0       4.0165453E-9   
  4915.0       3.8896553E-9   
  4920.0       3.84235E-9     
  4925.0       3.94792E-9     
  4930.0       4.0381654E-9   
  4935.0       4.0062482E-9   
  4940.0       4.008015E-9    
  4945.0       4.0941863E-9   
  4950.0       4.1417296E-9   
  4955.0       4.103025E-9    
  4960.0       4.075893E-9    
  4965.0       4.0882777E-9   
  4970.0       4.0876804E-9   
  4975.0       4.0156856E-9   
  4980.0       3.913067E-9    
  4985.0       3.922153E-9    
  4990.0       3.9974353E-9   
  4995.0       3.9905714E-9   
  5000.0       3.910284E-9    
  5005.0       3.8322057E-9   
  5010.0       3.771401E-9    
  5015.0       3.7358534E-9   
  5020.0       3.782171E-9    
  5025.0       3.8935464E-9   
  5030.0       3.9483226E-9   
  5035.0       3.869553E-9    
  5040.0       3.790294E-9    
  5045.0       3.8345047E-9   
  5050.0       3.9469525E-9   
  5055.0       4.0592014E-9   
  5060.0       4.1013304E-9   
  5065.0       4.0352175E-9   
  5070.0       3.9241845E-9   
  5075.0       3.82679E-9     
  5080.0       3.814074E-9    
  5085.0       3.9185903E-9   
  5090.0       3.9975068E-9   
  5095.0       3.940296E-9    
  5100.0       3.860966E-9    
  5105.0       3.8647228E-9   
  5110.0       3.9230623E-9   
  5115.0       3.963205E-9    
  5120.0       3.924125E-9    
  5125.0       3.8391392E-9   
  5130.0       3.780362E-9    
  5135.0       3.7481467E-9   
  5140.0       3.7246477E-9   
  5145.0       3.7240855E-9   
  5150.0       3.7689785E-9   
  5155.0       3.837296E-9    
  5160.0       3.7551593E-9   
  5165.0       3.4601806E-9   
  5170.0       3.2831502E-9   
  5175.0       3.426872E-9    
  5180.0       3.5939463E-9   
  5185.0       3.594775E-9    
  5190.0       3.5852263E-9   
  5195.0       3.6576733E-9   
  5200.0       3.7294297E-9   
  5205.0       3.7334678E-9   
  5210.0       3.7282057E-9   
  5215.0       3.764703E-9    
  5220.0       3.7580716E-9   
  5225.0       3.665658E-9    
  5230.0       3.6261463E-9   
  5235.0       3.720425E-9    
  5240.0       3.830227E-9    
  5245.0       3.8399377E-9   
  5250.0       3.81002E-9     
  5255.0       3.7936885E-9   
  5260.0       3.693881E-9    
  5265.0       3.5059557E-9   
  5270.0       3.4231857E-9   
  5275.0       3.5274166E-9   
  5280.0       3.7080674E-9   
  5285.0       3.8637076E-9   
  5290.0       3.912118E-9    
  5295.0       3.8340717E-9   
  5300.0       3.7814525E-9   
  5305.0       3.848288E-9    
  5310.0       3.92259E-9     
  5315.0       3.9014036E-9   
  5320.0       3.797071E-9    
  5325.0       3.6755818E-9   
  5330.0       3.6367362E-9   
  5335.0       3.6905512E-9   
  5340.0       3.7446903E-9   
  5345.0       3.7617762E-9   
  5350.0       3.8011736E-9   
  5355.0       3.8776786E-9   
  5360.0       3.876846E-9    
  5365.0       3.758708E-9    
  5370.0       3.6776975E-9   
  5375.0       3.7207024E-9   
  5380.0       3.784126E-9    
  5385.0       3.7839123E-9   
  5390.0       3.732212E-9    
  5395.0       3.6662737E-9   
  5400.0       3.603448E-9    
  5405.0       3.5617065E-9   
  5410.0       3.5788845E-9   
  5415.0       3.6513543E-9   
  5420.0       3.698762E-9    
  5425.0       3.686365E-9    
  5430.0       3.672199E-9    
  5435.0       3.7091048E-9   
  5440.0       3.7486507E-9   
  5445.0       3.7461643E-9   
  5450.0       3.7236432E-9   
  5455.0       3.7095897E-9   
  5460.0       3.7129322E-9   
  5465.0       3.7329304E-9   
  5470.0       3.7149044E-9   
  5475.0       3.6386671E-9   
  5480.0       3.6000025E-9   
  5485.0       3.646189E-9    
  5490.0       3.7020271E-9   
  5495.0       3.7061014E-9   
  5500.0       3.6709809E-9   
  5505.0       3.63886E-9     
  5510.0       3.6411039E-9   
  5515.0       3.6776833E-9   
  5520.0       3.693435E-9    
  5525.0       3.655128E-9    
  5530.0       3.625162E-9    
  5535.0       3.6415182E-9   
  5540.0       3.672379E-9    
  5545.0       3.6971246E-9   
  5550.0       3.7061167E-9   
  5555.0       3.686984E-9    
  5560.0       3.6435845E-9   
  5565.0       3.5935426E-9   
  5570.0       3.5751364E-9   
  5575.0       3.5984318E-9   
  5580.0       3.596259E-9    
  5585.0       3.520838E-9    
  5590.0       3.4466219E-9   
  5595.0       3.4343361E-9   
  5600.0       3.4937058E-9   
  5605.0       3.6121968E-9   
  5610.0       3.666528E-9    
  5615.0       3.5983303E-9   
  5620.0       3.5353567E-9   
  5625.0       3.5608536E-9   
  5630.0       3.5974903E-9   
  5635.0       3.568034E-9    
  5640.0       3.53832E-9     
  5645.0       3.5667405E-9   
  5650.0       3.5640595E-9   
  5655.0       3.4787682E-9   
  5660.0       3.4248235E-9   
  5665.0       3.4790477E-9   
  5670.0       3.5623802E-9   
  5675.0       3.5762482E-9   
  5680.0       3.5266026E-9   
  5685.0       3.4788654E-9   
  5690.0       3.47832E-9     
  5695.0       3.5017005E-9   
  5700.0       3.4803667E-9   
  5705.0       3.403341E-9    
  5710.0       3.3767913E-9   
  5715.0       3.4653582E-9   
  5720.0       3.5674987E-9   
  5725.0       3.5908818E-9   
  5730.0       3.5748984E-9   
  5735.0       3.5738517E-9   
  5740.0       3.571044E-9    
  5745.0       3.5391037E-9   
  5750.0       3.4945504E-9   
  5755.0       3.477412E-9    
  5760.0       3.4914491E-9   
  5765.0       3.5217442E-9   
  5770.0       3.5301377E-9   
  5775.0       3.4936685E-9   
  5780.0       3.442079E-9    
  5785.0       3.4238596E-9   
  5790.0       3.4431908E-9   
  5795.0       3.4778695E-9   
  5800.0       3.4970469E-9   
  5805.0       3.4850436E-9   
  5810.0       3.470773E-9    
  5815.0       3.4794456E-9   
  5820.0       3.5027334E-9   
  5825.0       3.5176182E-9   
  5830.0       3.517455E-9    
  5835.0       3.5116885E-9   
  5840.0       3.504536E-9    
  5845.0       3.4869987E-9   
  5850.0       3.4441021E-9   
  5855.0       3.3894165E-9   
  5860.0       3.371033E-9    
  5865.0       3.4022083E-9   
  5870.0       3.445889E-9    
  5875.0       3.4641683E-9   
  5880.0       3.413291E-9    
  5885.0       3.2758212E-9   
  5890.0       3.150289E-9    
  5895.0       3.1518503E-9   
  5900.0       3.2465366E-9   
  5905.0       3.3352168E-9   
  5910.0       3.3750704E-9   
  5915.0       3.3772791E-9   
  5920.0       3.3688714E-9   
  5925.0       3.357807E-9    
  5930.0       3.3538843E-9   
  5935.0       3.3655494E-9   
  5940.0       3.3659373E-9   
  5945.0       3.3445955E-9   
  5950.0       3.3271264E-9   
  5955.0       3.3333878E-9   
  5960.0       3.351136E-9    
  5965.0       3.3620544E-9   
  5970.0       3.3533054E-9   
  5975.0       3.3254646E-9   
  5980.0       3.294929E-9    
  5985.0       3.279342E-9    
  5990.0       3.2802907E-9   
  5995.0       3.2811283E-9   
  6000.0       3.2701197E-9   
  6005.0       3.2496508E-9   
  6010.0       3.2279301E-9   
  6015.0       3.2059149E-9   
  6020.0       3.197311E-9    
  6025.0       3.2163487E-9   
  6030.0       3.2611653E-9   
  6035.0       3.281047E-9    
  6040.0       3.2747076E-9   
  6045.0       3.269942E-9    
  6050.0       3.2638343E-9   
  6055.0       3.252664E-9    
  6060.0       3.2440095E-9   
  6065.0       3.2430112E-9   
  6070.0       3.2507397E-9   
  6075.0       3.2284662E-9   
  6080.0       3.2045693E-9   
  6085.0       3.1956622E-9   
  6090.0       3.1919793E-9   
  6095.0       3.1796141E-9   
  6100.0       3.1607925E-9   
  6105.0       3.1679637E-9   
  6110.0       3.190111E-9    
  6115.0       3.1798906E-9   
  6120.0       3.1618057E-9   
  6125.0       3.1566647E-9   
  6130.0       3.1429617E-9   
  6135.0       3.09322E-9     
  6140.0       3.070799E-9    
  6145.0       3.104888E-9    
  6150.0       3.1231087E-9   
  6155.0       3.089094E-9    
  6160.0       3.0266016E-9   
  6165.0       3.0180032E-9   
  6170.0       3.0553262E-9   
  6175.0       3.0995861E-9   
  6180.0       3.12785E-9     
  6185.0       3.1167335E-9   
  6190.0       3.0958653E-9   
  6195.0       3.10755E-9     
  6200.0       3.1382277E-9   
  6205.0       3.14968E-9     
  6210.0       3.1321135E-9   
  6215.0       3.0977287E-9   
  6220.0       3.0804086E-9   
  6225.0       3.0751777E-9   
  6230.0       3.0525522E-9   
  6235.0       3.0466352E-9   
  6240.0       3.0432026E-9   
  6245.0       3.0169682E-9   
  6250.0       3.004328E-9    
  6255.0       3.005211E-9    
  6260.0       3.0317755E-9   
  6265.0       3.068471E-9    
  6270.0       3.0691278E-9   
  6275.0       3.00866E-9     
  6280.0       2.974294E-9    
  6285.0       3.0179332E-9   
  6290.0       3.0271028E-9   
  6295.0       2.9889033E-9   
  6300.0       2.9673008E-9   
  6305.0       2.9841825E-9   
  6310.0       2.9980192E-9   
  6315.0       2.9641558E-9   
  6320.0       2.954316E-9    
  6325.0       2.9933251E-9   
  6330.0       3.0076441E-9   
  6335.0       2.9772886E-9   
  6340.0       2.9689573E-9   
  6345.0       2.9899259E-9   
  6350.0       3.0058995E-9   
  6355.0       2.9793203E-9   
  6360.0       2.9539644E-9   
  6365.0       2.9679705E-9   
  6370.0       2.9955403E-9   
  6375.0       2.995699E-9    
  6380.0       2.995486E-9    
  6385.0       2.9983729E-9   
  6390.0       2.985534E-9    
  6395.0       2.9581189E-9   
  6400.0       2.943416E-9    
  6405.0       2.9270686E-9   
  6410.0       2.9151486E-9   
  6415.0       2.9060125E-9   
  6420.0       2.9097937E-9   
  6425.0       2.9312395E-9   
  6430.0       2.948491E-9    
  6435.0       2.94213E-9     
  6440.0       2.939518E-9    
  6445.0       2.939966E-9    
  6450.0       2.9208085E-9   
  6455.0       2.899733E-9    
  6460.0       2.891311E-9    
  6465.0       2.9006337E-9   
  6470.0       2.911193E-9    
  6475.0       2.9069682E-9   
  6480.0       2.8981482E-9   
  6485.0       2.8899745E-9   
  6490.0       2.84239E-9     
  6495.0       2.7852567E-9   
  6500.0       2.8138711E-9   
  6505.0       2.8920433E-9   
  6510.0       2.9170133E-9   
  6515.0       2.8883458E-9   
  6520.0       2.8664013E-9   
  6525.0       2.8696832E-9   
  6530.0       2.876777E-9    
  6535.0       2.8819174E-9   
  6540.0       2.8677678E-9   
  6545.0       2.8364946E-9   
  6550.0       2.739385E-9    
  6555.0       2.5212081E-9   
  6560.0       2.268336E-9    
  6565.0       2.309059E-9    
  6570.0       2.573084E-9    
  6575.0       2.7304765E-9   
  6580.0       2.781404E-9    
  6585.0       2.7906837E-9   
  6590.0       2.789396E-9    
  6595.0       2.8019111E-9   
  6600.0       2.8245788E-9   
  6605.0       2.8283267E-9   
  6610.0       2.8301923E-9   
  6615.0       2.8492941E-9   
  6620.0       2.8557725E-9   
  6625.0       2.8366287E-9   
  6630.0       2.8102363E-9   
  6635.0       2.7970515E-9   
  6640.0       2.8038283E-9   
  6645.0       2.8082834E-9   
  6650.0       2.8175247E-9   
  6655.0       2.8172171E-9   
  6660.0       2.798975E-9    
  6665.0       2.792854E-9    
  6670.0       2.7944616E-9   
  6675.0       2.7842708E-9   
  6680.0       2.7887406E-9   
  6685.0       2.8094709E-9   
  6690.0       2.8165648E-9   
  6695.0       2.800129E-9    
  6700.0       2.7859457E-9   
  6705.0       2.774788E-9    
  6710.0       2.7636804E-9   
  6715.0       2.7402498E-9   
  6720.0       2.7320382E-9   
  6725.0       2.7574503E-9   
  6730.0       2.7659883E-9   
  6735.0       2.760961E-9    
  6740.0       2.7481368E-9   
  6745.0       2.7262639E-9   
  6750.0       2.7163702E-9   
  6755.0       2.7328542E-9   
  6760.0       2.741282E-9    
  6765.0       2.7313887E-9   
  6770.0       2.7222389E-9   
  6775.0       2.7367426E-9   
  6780.0       2.741871E-9    
  6785.0       2.7311897E-9   
  6790.0       2.7219869E-9   
  6795.0       2.7131726E-9   
  6800.0       2.7116205E-9   
  6805.0       2.7108074E-9   
  6810.0       2.7107796E-9   
  6815.0       2.7132756E-9   
  6820.0       2.7124993E-9   
  6825.0       2.7115545E-9   
  6830.0       2.6992761E-9   
  6835.0       2.6883427E-9   
  6840.0       2.6859777E-9   
  6845.0       2.6845135E-9   
  6850.0       2.682664E-9    
  6855.0       2.680805E-9    
  6860.0       2.6789633E-9   
  6865.0       2.6772344E-9   
  6870.0       2.6753995E-9   
  6875.0       2.673278E-9    
  6880.0       2.6711207E-9   
  6885.0       2.669153E-9    
  6890.0       2.6673233E-9   
  6895.0       2.6650155E-9   
  6900.0       2.6624505E-9   
  6905.0       2.6599516E-9   
  6910.0       2.6576503E-9   
  6915.0       2.6557172E-9   
  6920.0       2.6536862E-9   
  6925.0       2.6512903E-9   
  6930.0       2.6489138E-9   
  6935.0       2.646889E-9    
  6940.0       2.645317E-9    
  6945.0       2.6438411E-9   
  6950.0       2.641515E-9    
  6955.0       2.6389355E-9   
  6960.0       2.6383336E-9   
  6965.0       2.6390403E-9   
  6970.0       2.6316858E-9   
  6975.0       2.6055564E-9   
  6980.0       2.5900928E-9   
  6985.0       2.59922E-9     
  6990.0       2.6094837E-9   
  6995.0       2.6066715E-9   
  7000.0       2.5862794E-9   
  7005.0       2.563242E-9    
  7010.0       2.5619757E-9   
  7015.0       2.5474036E-9   
  7020.0       2.54129E-9     
  7025.0       2.5539275E-9   
  7030.0       2.5672482E-9   
  7035.0       2.5674625E-9   
  7040.0       2.5811049E-9   
  7045.0       2.598361E-9    
  7050.0       2.6014053E-9   
  7055.0       2.586294E-9    
  7060.0       2.5741576E-9   
  7065.0       2.5703344E-9   
  7070.0       2.574402E-9    
  7075.0       2.5882703E-9   
  7080.0       2.5853788E-9   
  7085.0       2.5631695E-9   
  7090.0       2.5492541E-9   
  7095.0       2.5542954E-9   
  7100.0       2.565491E-9    
  7105.0       2.569246E-9    
  7110.0       2.5494629E-9   
  7115.0       2.537914E-9    
  7120.0       2.5362823E-9   
  7125.0       2.5374993E-9   
  7130.0       2.538998E-9    
  7135.0       2.5527511E-9   
  7140.0       2.560356E-9    
  7145.0       2.5481517E-9   
  7150.0       2.5375666E-9   
  7155.0       2.5427556E-9   
  7160.0       2.5385916E-9   
  7165.0       2.5055409E-9   
  7170.0       2.481625E-9    
  7175.0       2.4616673E-9   
  7180.0       2.4325069E-9   
  7185.0       2.3906492E-9   
  7190.0       2.3729363E-9   
  7195.0       2.3856166E-9   
  7200.0       2.4018996E-9   
  7205.0       2.419567E-9    
  7210.0       2.4512048E-9   
  7215.0       2.478747E-9    
  7220.0       2.4894782E-9   
  7225.0       2.4896327E-9   
  7230.0       2.4757485E-9   
  7235.0       2.4402576E-9   
  7240.0       2.4250486E-9   
  7245.0       2.4276254E-9   
  7250.0       2.4375257E-9   
  7255.0       2.446541E-9    
  7260.0       2.4467126E-9   
  7265.0       2.4421827E-9   
  7270.0       2.4351017E-9   
  7275.0       2.4155686E-9   
  7280.0       2.4021947E-9   
  7285.0       2.383352E-9    
  7290.0       2.367314E-9    
  7295.0       2.4023237E-9   
  7300.0       2.4283175E-9   
  7305.0       2.410207E-9    
  7310.0       2.394848E-9    
  7315.0       2.4045201E-9   
  7320.0       2.410371E-9    
  7325.0       2.413652E-9    
  7330.0       2.413782E-9    
  7335.0       2.4296407E-9   
  7340.0       2.4401337E-9   
  7345.0       2.4294675E-9   
  7350.0       2.4120868E-9   
  7355.0       2.3938656E-9   
  7360.0       2.3891704E-9   
  7365.0       2.39029E-9     
  7370.0       2.4004494E-9   
  7375.0       2.4001794E-9   
  7380.0       2.385685E-9    
  7385.0       2.345352E-9    
  7390.0       2.322433E-9    
  7395.0       2.343449E-9    
  7400.0       2.3583966E-9   
  7405.0       2.3399924E-9   
  7410.0       2.311434E-9    
  7415.0       2.3020443E-9   
  7420.0       2.3115279E-9   
  7425.0       2.326652E-9    
  7430.0       2.3533955E-9   
  7435.0       2.3611304E-9   
  7440.0       2.3475077E-9   
  7445.0       2.3254043E-9   
  7450.0       2.3243223E-9   
  7455.0       2.335583E-9    
  7460.0       2.3352256E-9   
  7465.0       2.3351323E-9   
  7470.0       2.339841E-9    
  7475.0       2.3283964E-9   
  7480.0       2.3188529E-9   
  7485.0       2.3162676E-9   
  7490.0       2.309691E-9    
  7495.0       2.295585E-9    
  7500.0       2.2982019E-9   
  7505.0       2.2872582E-9   
  7510.0       2.2711184E-9   
  7515.0       2.2799862E-9   
  7520.0       2.2899476E-9   
  7525.0       2.2802908E-9   
  7530.0       2.2759574E-9   
  7535.0       2.2879532E-9   
  7540.0       2.3039572E-9   
  7545.0       2.2942497E-9   
  7550.0       2.2812616E-9   
  7555.0       2.275693E-9    
  7560.0       2.2736149E-9   
  7565.0       2.2709346E-9   
  7570.0       2.2672393E-9   
  7575.0       2.263567E-9    
  7580.0       2.2603652E-9   
  7585.0       2.2573394E-9   
  7590.0       2.254461E-9    
  7595.0       2.251903E-9    
  7600.0       2.2494275E-9   
  7605.0       2.246824E-9    
  7610.0       2.243986E-9    
  7615.0       2.2412545E-9   
  7620.0       2.2387632E-9   
  7625.0       2.2364701E-9   
  7630.0       2.2341653E-9   
  7635.0       2.2317004E-9   
  7640.0       2.2292301E-9   
  7645.0       2.226958E-9    
  7650.0       2.2247915E-9   
  7655.0       2.2225468E-9   
  7660.0       2.2200222E-9   
  7665.0       2.2171405E-9   
  7670.0       2.2141637E-9   
  7675.0       2.2113156E-9   
  7680.0       2.208621E-9    
  7685.0       2.2061788E-9   
  7690.0       2.2039157E-9   
  7695.0       2.2014952E-9   
  7700.0       2.1988382E-9   
  7705.0       2.19602E-9     
  7710.0       2.1936675E-9   
  7715.0       2.191759E-9    
  7720.0       2.18923E-9     
  7725.0       2.1864355E-9   
  7730.0       2.1874413E-9   
  7735.0       2.191673E-9    
  7740.0       2.1825821E-9   
  7745.0       2.152833E-9    
  7750.0       2.138548E-9    
  7755.0       2.1577267E-9   
  7760.0       2.1738407E-9   
  7765.0       2.1734574E-9   
  7770.0       2.1456994E-9   
  7775.0       2.1221618E-9   
  7780.0       2.1323685E-9   
  7785.0       2.1452777E-9   
  7790.0       2.1497097E-9   
  7795.0       2.1377193E-9   
  7800.0       2.1208693E-9   
  7805.0       2.1270985E-9   
  7810.0       2.132656E-9    
  7815.0       2.1480506E-9   
  7820.0       2.1600595E-9   
  7825.0       2.1551323E-9   
  7830.0       2.1347677E-9   
  7835.0       2.1153075E-9   
  7840.0       2.1193312E-9   
  7845.0       2.1268123E-9   
  7850.0       2.1241575E-9   
  7855.0       2.124486E-9    
  7860.0       2.1322049E-9   
  7865.0       2.127811E-9    
  7870.0       2.1266813E-9   
  7875.0       2.1117073E-9   
  7880.0       2.1048927E-9   
  7885.0       2.112532E-9    
  7890.0       2.1160176E-9   
  7895.0       2.1066704E-9   
  7900.0       2.098881E-9    
  7905.0       2.1024198E-9   
  7910.0       2.0983608E-9   
  7915.0       2.0825814E-9   
  7920.0       2.0683684E-9   
  7925.0       2.0618875E-9   
  7930.0       2.051242E-9    
  7935.0       2.0456334E-9   
  7940.0       2.0467088E-9   
  7945.0       2.0405766E-9   
  7950.0       2.0508801E-9   
  7955.0       2.0715911E-9   
  7960.0       2.0700774E-9   
  7965.0       2.0725521E-9   
  7970.0       2.074886E-9    
  7975.0       2.0749413E-9   
  7980.0       2.0782194E-9   
  7985.0       2.0786455E-9   
  7990.0       2.0702073E-9   
  7995.0       2.0469806E-9   
  8000.0       2.0274475E-9   
  8005.0       2.0367579E-9   
  8010.0       2.046964E-9    
  8015.0       2.0576485E-9   
  8020.0       2.0522888E-9   
  8025.0       2.031474E-9    
  8030.0       2.021199E-9    
  8035.0       2.0367745E-9   
  8040.0       2.0391036E-9   
  8045.0       2.0127298E-9   
  8050.0       2.0001296E-9   
  8055.0       2.0177786E-9   
  8060.0       2.0385174E-9   
  8065.0       2.0398743E-9   
  8070.0       2.0317483E-9   
  8075.0       2.0300504E-9   
  8080.0       2.0253008E-9   
  8085.0       2.015042E-9    
  8090.0       2.009098E-9    
  8095.0       2.0002022E-9   
  8100.0       2.0008382E-9   
  8105.0       2.0126205E-9   
  8110.0       2.0132385E-9   
  8115.0       2.0068622E-9   
  8120.0       2.0059219E-9   
  8125.0       2.0040056E-9   
  8130.0       1.9966888E-9   
  8135.0       1.9785067E-9   
  8140.0       1.9675035E-9   
  8145.0       1.9563984E-9   
  8150.0       1.9499011E-9   
  8155.0       1.946331E-9    
  8160.0       1.9304605E-9   
  8165.0       1.9143374E-9   
  8170.0       1.91635E-9     
  8175.0       1.9158923E-9   
  8180.0       1.9099737E-9   
  8185.0       1.9098836E-9   
  8190.0       1.9098583E-9   
  8195.0       1.889036E-9    
  8200.0       1.8932718E-9   
  8205.0       1.936411E-9    
  8210.0       1.9671864E-9   
  8215.0       1.9589368E-9   
  8220.0       1.918112E-9    
  8225.0       1.8676847E-9   
  8230.0       1.8356271E-9   
  8235.0       1.878284E-9    
  8240.0       1.9261455E-9   
  8245.0       1.9400856E-9   
  8250.0       1.934794E-9    
  8255.0       1.9265363E-9   
  8260.0       1.9350486E-9   
  8265.0       1.9445032E-9   
  8270.0       1.9378386E-9   
  8275.0       1.9118727E-9   
  8280.0       1.891098E-9    
  8285.0       1.8926016E-9   
  8290.0       1.8944262E-9   
  8295.0       1.8984423E-9   
  8300.0       1.8950206E-9   
  8305.0       1.8846718E-9   
  8310.0       1.88163E-9     
  8315.0       1.8852064E-9   
  8320.0       1.884126E-9    
  8325.0       1.8787263E-9   
  8330.0       1.866224E-9    
  8335.0       1.853124E-9    
  8340.0       1.8555539E-9   
  8345.0       1.8657422E-9   
  8350.0       1.8791864E-9   
  8355.0       1.8873951E-9   
  8360.0       1.883506E-9    
  8365.0       1.8786963E-9   
  8370.0       1.8734794E-9   
  8375.0       1.8731425E-9   
  8380.0       1.8720085E-9   
  8385.0       1.8578324E-9   
  8390.0       1.8477192E-9   
  8395.0       1.8586599E-9   
  8400.0       1.8687074E-9   
  8405.0       1.871363E-9    
  8410.0       1.864934E-9    
  8415.0       1.8576432E-9   
  8420.0       1.8523947E-9   
  8425.0       1.8560025E-9   
  8430.0       1.8505671E-9   
  8435.0       1.8279058E-9   
  8440.0       1.8127906E-9   
  8445.0       1.8111651E-9   
  8450.0       1.827812E-9    
  8455.0       1.8469287E-9   
  8460.0       1.8464733E-9   
  8465.0       1.8287962E-9   
  8470.0       1.817072E-9    
  8475.0       1.8206524E-9   
  8480.0       1.834506E-9    
  8485.0       1.8422405E-9   
  8490.0       1.8061072E-9   
  8495.0       1.6960768E-9   
  8500.0       1.627075E-9    
  8505.0       1.7015388E-9   
  8510.0       1.7660218E-9   
  8515.0       1.7687144E-9   
  8520.0       1.762471E-9    
  8525.0       1.756733E-9    
  8530.0       1.7380976E-9   
  8535.0       1.6630911E-9   
  8540.0       1.5136068E-9   
  8545.0       1.4550572E-9   
  8550.0       1.5508835E-9   
  8555.0       1.6479914E-9   
  8560.0       1.7176357E-9   
  8565.0       1.7528804E-9   
  8570.0       1.7519838E-9   
  8575.0       1.7447547E-9   
  8580.0       1.7388818E-9   
  8585.0       1.7304069E-9   
  8590.0       1.7213153E-9   
  8595.0       1.7006846E-9   
  8600.0       1.6988142E-9   
  8605.0       1.730232E-9    
  8610.0       1.7524068E-9   
  8615.0       1.7622087E-9   
  8620.0       1.7652895E-9   
  8625.0       1.7772865E-9   
  8630.0       1.7905813E-9   
  8635.0       1.7947477E-9   
  8640.0       1.7880647E-9   
  8645.0       1.7760198E-9   
  8650.0       1.7567908E-9   
  8655.0       1.7092466E-9   
  8660.0       1.5836076E-9   
  8665.0       1.5048774E-9   
  8670.0       1.5579799E-9   
  8675.0       1.6464853E-9   
  8680.0       1.7248386E-9   
  8685.0       1.7466656E-9   
  8690.0       1.7358812E-9   
  8695.0       1.735626E-9    
  8700.0       1.7430344E-9   
  8705.0       1.7495689E-9   
  8710.0       1.741531E-9    
  8715.0       1.7366825E-9   
  8720.0       1.7472344E-9   
  8725.0       1.7399819E-9   
  8730.0       1.7284455E-9   
  8735.0       1.7139467E-9   
  8740.0       1.6909454E-9   
  8745.0       1.6711105E-9   
  8750.0       1.6500924E-9   
  8755.0       1.6502838E-9   
  8760.0       1.673686E-9    
  8765.0       1.6922704E-9   
  8770.0       1.6984866E-9   
  8775.0       1.7022332E-9   
  8780.0       1.7104856E-9   
  8785.0       1.7080447E-9   
  8790.0       1.6952205E-9   
  8795.0       1.6921371E-9   
  8800.0       1.691989E-9    
  8805.0       1.6526446E-9   
  8810.0       1.6575317E-9   
  8815.0       1.6899802E-9   
  8820.0       1.6897155E-9   
  8825.0       1.6838554E-9   
  8830.0       1.687062E-9    
  8835.0       1.6861044E-9   
  8840.0       1.6727957E-9   
  8845.0       1.6728067E-9   
  8850.0       1.6596198E-9   
  8855.0       1.6359696E-9   
  8860.0       1.593653E-9    
  8865.0       1.5741481E-9   
  8870.0       1.6060503E-9   
  8875.0       1.635572E-9    
  8880.0       1.6537794E-9   
  8885.0       1.6722657E-9   
  8890.0       1.6697844E-9   
  8895.0       1.6699497E-9   
  8900.0       1.6676672E-9   
  8905.0       1.6726434E-9   
  8910.0       1.6664391E-9   
  8915.0       1.662819E-9    
  8920.0       1.6612651E-9   
  8925.0       1.6434578E-9   
  8930.0       1.6392077E-9   
  8935.0       1.6595729E-9   
  8940.0       1.6660443E-9   
  8945.0       1.6552255E-9   
  8950.0       1.6509811E-9   
  8955.0       1.6538875E-9   
  8960.0       1.6533138E-9   
  8965.0       1.6211452E-9   
  8970.0       1.6004572E-9   
  8975.0       1.5879995E-9   
  8980.0       1.591241E-9    
  8985.0       1.5537399E-9   
  8990.0       1.5086568E-9   
  8995.0       1.5419294E-9   
  9000.0       1.5252607E-9   
  9005.0       1.5194779E-9   
  9010.0       1.4992844E-9   
  9015.0       1.4737928E-9   
  9020.0       1.5176874E-9   
  9025.0       1.567449E-9    
  9030.0       1.6180455E-9   
  9035.0       1.6574333E-9   
  9040.0       1.6539655E-9   
  9045.0       1.6756398E-9   
  9050.0       1.6631555E-9   
  9055.0       1.6522024E-9   
  9060.0       1.6026245E-9   
  9065.0       1.5770449E-9   
  9070.0       1.5706217E-9   
  9075.0       1.5554849E-9   
  9080.0       1.5355377E-9   
  9085.0       1.5204868E-9   
  9090.0       1.5045908E-9   
  9095.0       1.5164532E-9   
  9100.0       1.5292108E-9   
  9105.0       1.5544568E-9   
  9110.0       1.5683155E-9   
  9115.0       1.5734704E-9   
  9120.0       1.5909611E-9   
  9125.0       1.5955322E-9   
  9130.0       1.5518603E-9   
  9135.0       1.5332157E-9   
  9140.0       1.5736557E-9   
  9145.0       1.5644659E-9   
  9150.0       1.5180243E-9   
  9155.0       1.4969466E-9   
  9160.0       1.5315681E-9   
  9165.0       1.5631887E-9   
  9170.0       1.553895E-9    
  9175.0       1.5348256E-9   
  9180.0       1.5528734E-9   
  9185.0       1.5761326E-9   
  9190.0       1.5749345E-9   
  9195.0       1.5719405E-9   
  9200.0       1.5728393E-9   
  9205.0       1.5685309E-9   
  9210.0       1.5367871E-9   
  9215.0       1.506012E-9    
  9220.0       1.4946738E-9   
  9225.0       1.4646517E-9   
  9230.0       1.4505981E-9   
  9235.0       1.4852266E-9   
  9240.0       1.5069695E-9   
  9245.0       1.5268585E-9   
  9250.0       1.5423243E-9   
  9255.0       1.5560364E-9   
  9260.0       1.5936227E-9   
  9265.0       1.6172095E-9   
  9270.0       1.6249457E-9   
  9275.0       1.6159613E-9   
  9280.0       1.5956284E-9   
  9285.0       1.6261195E-9   
  9290.0       1.6095068E-9   
  9295.0       1.5778554E-9   
  9300.0       1.5531362E-9   
  9305.0       1.5259551E-9   
  9310.0       1.4924088E-9   
  9315.0       1.4530647E-9   
  9320.0       1.4342008E-9   
  9325.0       1.4266744E-9   
  9330.0       1.4304594E-9   
  9335.0       1.3874607E-9   
  9340.0       1.3653553E-9   
  9345.0       1.3633651E-9   
  9350.0       1.4341879E-9   
  9355.0       1.4037506E-9   
  9360.0       1.4311314E-9   
  9365.0       1.4355523E-9   
  9370.0       1.4210081E-9   
  9375.0       1.4451473E-9   
  9380.0       1.434384E-9    
  9385.0       1.5020849E-9   
  9390.0       1.5556904E-9   
  9395.0       1.5813036E-9   
  9400.0       1.5685432E-9   
  9405.0       1.5376557E-9   
  9410.0       1.5170595E-9   
  9415.0       1.5070185E-9   
  9420.0       1.4889733E-9   
  9425.0       1.444026E-9    
  9430.0       1.4042464E-9   
  9435.0       1.4085889E-9   
  9440.0       1.3567297E-9   
  9445.0       1.4135032E-9   
  9450.0       1.4508574E-9   
  9455.0       1.4143366E-9   
  9460.0       1.4197264E-9   
  9465.0       1.4518591E-9   
  9470.0       1.4701332E-9   
  9475.0       1.4521273E-9   
  9480.0       1.4306744E-9   
  9485.0       1.4562902E-9   
  9490.0       1.466706E-9    
  9495.0       1.4053032E-9   
  9500.0       1.3771642E-9   
  9505.0       1.4609655E-9   
  9510.0       1.5021268E-9   
  9515.0       1.4535968E-9   
  9520.0       1.388455E-9    
  9525.0       1.3854954E-9   
  9530.0       1.4161889E-9   
  9535.0       1.4231544E-9   
  9540.0       1.3907053E-9   
  9545.0       1.3464406E-9   
  9550.0       1.3589267E-9   
  9555.0       1.3655389E-9   
  9560.0       1.3804426E-9   
  9565.0       1.3664653E-9   
  9570.0       1.3997428E-9   
  9575.0       1.4367266E-9   
  9580.0       1.4181762E-9   
  9585.0       1.4326181E-9   
  9590.0       1.3877776E-9   
  9595.0       1.38026E-9     
  9600.0       1.4008108E-9   
  9605.0       1.4109877E-9   
  9610.0       1.4080002E-9   
  9615.0       1.3827843E-9   
  9620.0       1.3801299E-9   
  9625.0       1.3823193E-9   
  9630.0       1.3983591E-9   
  9635.0       1.3874215E-9   
  9640.0       1.3811852E-9   
  9645.0       1.3864212E-9   
  9650.0       1.3790844E-9   
  9655.0       1.3708267E-9   
  9660.0       1.3412466E-9   
  9665.0       1.3320384E-9   
  9670.0       1.3734193E-9   
  9675.0       1.3972498E-9   
  9680.0       1.3964292E-9   
  9685.0       1.3871485E-9   
  9690.0       1.3975069E-9   
  9695.0       1.406708E-9    
  9700.0       1.3846475E-9   
  9705.0       1.3904712E-9   
  9710.0       1.3934055E-9   
  9715.0       1.3906665E-9   
  9720.0       1.3697918E-9   
  9725.0       1.3672548E-9   
  9730.0       1.3621303E-9   
  9735.0       1.3365313E-9   
  9740.0       1.3088891E-9   
  9745.0       1.3495922E-9   
  9750.0       1.3614878E-9   
  9755.0       1.341107E-9    
  9760.0       1.3446249E-9   
  9765.0       1.3513188E-9   
  9770.0       1.3634546E-9   
  9775.0       1.3409628E-9   
  9780.0       1.3216334E-9   
  9785.0       1.3368204E-9   
  9790.0       1.3347184E-9   
  9795.0       1.3252172E-9   
  9800.0       1.3288344E-9   
  9805.0       1.3342347E-9   
  9810.0       1.342428E-9    
  9815.0       1.3451662E-9   
  9820.0       1.3549086E-9   
  9825.0       1.3160206E-9   
  9830.0       1.3254831E-9   
  9835.0       1.3376809E-9   
  9840.0       1.3497898E-9   
  9845.0       1.3289801E-9   
  9850.0       1.3162136E-9   
  9855.0       1.3275939E-9   
  9860.0       1.3317588E-9   
  9865.0       1.3323557E-9   
  9870.0       1.3218592E-9   
  9875.0       1.3187993E-9   
  9880.0       1.3091419E-9   
  9885.0       1.3129053E-9   
  9890.0       1.3044251E-9   
  9895.0       1.3080241E-9   
  9900.0       1.307528E-9    
  9905.0       1.3077553E-9   
  9910.0       1.3204248E-9   
  9915.0       1.2995216E-9   
  9920.0       1.2856121E-9   
  9925.0       1.3230355E-9   
  9930.0       1.3147524E-9   
  9935.0       1.2962318E-9   
  9940.0       1.2931162E-9   
  9945.0       1.2985834E-9   
  9950.0       1.2949176E-9   
  9955.0       1.2902323E-9   
  9960.0       1.2801264E-9   
  9965.0       1.2894196E-9   
  9970.0       1.2709462E-9   
  9975.0       1.2864564E-9   
  9980.0       1.2817518E-9   
  9985.0       1.2645593E-9   
  9990.0       1.2756965E-9   
  9995.0       1.2885227E-9   
  10000.0      1.2785812E-9   
  10005.0      1.2741591E-9   
  10010.0      1.2710719E-9   
  10015.0      1.2677729E-9   
  10020.0      1.264371E-9    
  10025.0      1.2609772E-9   
  10030.0      1.257697E-9    
  10035.0      1.2546474E-9   
  10040.0      1.2519304E-9   
  10045.0      1.2496645E-9   
  10050.0      1.24795E-9     
  10055.0      1.2468462E-9   
  10060.0      1.2462861E-9   
  10065.0      1.2461642E-9   
  10070.0      1.2463602E-9   
  10075.0      1.246763E-9    
  10080.0      1.2472545E-9   
  10085.0      1.247723E-9    
  10090.0      1.2480461E-9   
  10095.0      1.2481118E-9   
  10100.0      1.247814E-9    
  10105.0      1.2470724E-9   
  10110.0      1.2459146E-9   
  10115.0      1.2444014E-9   
  10120.0      1.2426087E-9   
  10125.0      1.2406023E-9   
  10130.0      1.2384462E-9   
  10135.0      1.2362068E-9   
  10140.0      1.2339613E-9   
  10145.0      1.2317687E-9   
  10150.0      1.2297017E-9   
  10155.0      1.2278041E-9   
  10160.0      1.2260694E-9   
  10165.0      1.2244766E-9   
  10170.0      1.2229973E-9   
  10175.0      1.2216113E-9   
  10180.0      1.2202882E-9   
  10185.0      1.219002E-9    
  10190.0      1.21773E-9     
  10195.0      1.216444E-9    
  10200.0      1.2151182E-9   
  10205.0      1.2137438E-9   
  10210.0      1.212315E-9    
  10215.0      1.2108488E-9   
  10220.0      1.2093543E-9   
  10225.0      1.2078528E-9   
  10230.0      1.2063452E-9   
  10235.0      1.2048557E-9   
  10240.0      1.2033872E-9   
  10245.0      1.2019606E-9   
  10250.0      1.2005836E-9   
  10255.0      1.199268E-9    
  10260.0      1.1980115E-9   
  10265.0      1.1968101E-9   
  10270.0      1.1956663E-9   
  10275.0      1.194568E-9    
  10280.0      1.1935125E-9   
  10285.0      1.1925008E-9   
  10290.0      1.1915229E-9   
  10295.0      1.1905812E-9   
  10300.0      1.1896616E-9   
  10305.0      1.1887666E-9   
  10310.0      1.1878777E-9   
  10315.0      1.186978E-9    
  10320.0      1.1860424E-9   
  10325.0      1.185061E-9    
  10330.0      1.184007E-9    
  10335.0      1.1828641E-9   
  10340.0      1.1816146E-9   
  10345.0      1.1802445E-9   
  10350.0      1.1787271E-9   
  10355.0      1.1770628E-9   
  10360.0      1.1752733E-9   
  10365.0      1.1733867E-9   
  10370.0      1.1714476E-9   
  10375.0      1.1694883E-9   
  10380.0      1.1675373E-9   
  10385.0      1.1656375E-9   
  10390.0      1.1638226E-9   
  10395.0      1.1621226E-9   
  10400.0      1.1605801E-9   
  10405.0      1.1592036E-9   
  10410.0      1.1579853E-9   
  10415.0      1.156888E-9    
  10420.0      1.155871E-9    
  10425.0      1.1549074E-9   
  10430.0      1.1539548E-9   
  10435.0      1.1529883E-9   
  10440.0      1.1519675E-9   
  10445.0      1.1508564E-9   
  10450.0      1.1496235E-9   
  10455.0      1.148245E-9    
  10460.0      1.1467266E-9   
  10465.0      1.1450826E-9   
  10470.0      1.1433291E-9   
  10475.0      1.1414824E-9   
  10480.0      1.1395639E-9   
  10485.0      1.1375845E-9   
  10490.0      1.1355619E-9   
  10495.0      1.1335134E-9   
  10500.0      1.1314523E-9   
  10505.0      1.1293945E-9   
  10510.0      1.1273443E-9   
  10515.0      1.1253009E-9   
  10520.0      1.123265E-9    
  10525.0      1.1212333E-9   
  10530.0      1.1192083E-9   
  10535.0      1.117193E-9    
  10540.0      1.1151815E-9   
  10545.0      1.1131741E-9   
  10550.0      1.111177E-9    
  10555.0      1.109185E-9    
  10560.0      1.1072016E-9   
  10565.0      1.1052202E-9   
  10570.0      1.1032502E-9   
  10575.0      1.101286E-9    
  10580.0      1.0993252E-9   
  10585.0      1.0973733E-9   
  10590.0      1.0954267E-9   
  10595.0      1.0934857E-9   
  10600.0      1.0915544E-9   
  10605.0      1.089624E-9    
  10610.0      1.0877044E-9   
  10615.0      1.0857866E-9   
  10620.0      8.1308665E-10  
