2.916884698191068637e+01 1.000000000000000000e+00
6.051628004545783757e-01 1.000000000000000000e+00
3.479686102613825494e+00 1.000000000000000000e+00
5.688530324273037841e+00 1.000000000000000000e+00
5.022851243773000185e+00 1.000000000000000000e+00
1.222428856918248385e+01 2.000000000000000000e+00
1.149809320863699025e+00 1.000000000000000000e+00
4.568979143432066792e+00 2.000000000000000000e+00
4.326914023250235886e+00 1.000000000000000000e+00
2.027295381522838014e+01 1.000000000000000000e+00
1.234532112927339931e+01 1.000000000000000000e+00
5.446465204091206491e-01 1.000000000000000000e+00
6.717307085045820969e+00 1.000000000000000000e+00
1.506855373131900322e+01 1.000000000000000000e+00
2.230024919675122064e+01 1.000000000000000000e+00
1.001544434752327284e+01 1.000000000000000000e+00
4.069719833057042990e+01 2.000000000000000000e+00
1.543165141159175135e+01 1.000000000000000000e+00
1.948624217463742880e+01 2.000000000000000000e+00
3.146846562363808530e+01 1.000000000000000000e+00
4.841302403636627560e-01 1.000000000000000000e+00
1.279919322961433359e+01 1.000000000000000000e+00
8.623569906477744240e+00 1.000000000000000000e+00
2.450909341841043698e+01 1.000000000000000000e+00
5.991111724500327362e+00 1.000000000000000000e+00
1.576449095184176841e+01 1.000000000000000000e+00
1.355564673018255917e+01 1.000000000000000000e+00
1.183093274888700819e+01 1.000000000000000000e+00
1.470545605104625331e+01 2.000000000000000000e+00
1.237557926929612861e+01 1.000000000000000000e+00
4.538721003409338373e+00 1.000000000000000000e+00
1.582500723188722525e+01 1.000000000000000000e+00
1.700507469277365047e+01 1.000000000000000000e+00
1.298074206975070588e+01 1.000000000000000000e+00
2.335928409754673041e+01 1.000000000000000000e+00
5.839821024386681714e+00 1.000000000000000000e+00
2.363160735775129240e+01 1.000000000000000000e+00
1.010621876759145898e+01 1.000000000000000000e+00
1.252686996940977338e+01 1.000000000000000000e+00
4.284552627218416632e+01 1.000000000000000000e+00
1.724713981295548759e+00 1.000000000000000000e+00
3.007659118259255138e+01 1.000000000000000000e+00
1.576449095184176841e+01 2.000000000000000000e+00
4.245217045188869776e+01 2.000000000000000000e+00
1.355564673018255917e+01 1.000000000000000000e+00
1.872978867406920145e+01 1.000000000000000000e+00
3.340498658509273611e+01 1.000000000000000000e+00
1.201248158902338048e+01 1.000000000000000000e+00
1.170990018879609273e+01 2.000000000000000000e+00
9.258990846955050813e+00 1.000000000000000000e+00
1.788256075343279150e+01 1.000000000000000000e+00
4.780786123591171055e+00 2.000000000000000000e+00
2.759542370072878015e+01 1.000000000000000000e+00
1.189144902893246503e+01 1.000000000000000000e+00
2.163457011625118298e+01 2.000000000000000000e+00
1.603681421204632684e+01 1.000000000000000000e+00
