2.696701668520634954e+01 1.000000000000000000e+00
2.779445652770919040e+01 2.000000000000000000e+00
1.406647732254836036e+01 1.000000000000000000e+00
2.786967833157309116e+01 1.000000000000000000e+00
1.478108445925536074e+01 1.000000000000000000e+00
1.019255442355776786e+01 1.000000000000000000e+00
5.152693564676805060e+00 1.000000000000000000e+00
1.293815026458993600e+01 1.000000000000000000e+00
1.730101488869584259e+00 1.000000000000000000e+00
1.639835324232910096e+01 1.000000000000000000e+00
2.147582500314200971e+01 1.000000000000000000e+00
1.801562202540284474e+01 1.000000000000000000e+00
1.854217465245010743e+01 1.000000000000000000e+00
2.256654115916849079e+01 1.000000000000000000e+00
2.817056554702867288e+01 1.000000000000000000e+00
8.462452934688183603e+00 1.000000000000000000e+00
2.109971598382253788e+01 1.000000000000000000e+00
1.809084382926673840e+01 1.000000000000000000e+00
3.257104107306651741e+01 1.000000000000000000e+00
4.738973643425382853e+00 2.000000000000000000e+00
