9.536362777779304523e+00 1.155000000000000027e+00
5.783404671488761473e+00 1.247000000000000108e+00
1.869742974492956833e+01 1.272000000000000020e+00
2.742546308443089664e+00 1.050000000000000044e+00
4.849976629667779093e+00 1.062000000000000055e+00
1.168228497701723434e+01 8.709999999999999964e-01
7.169112279965269785e+00 8.659999999999999920e-01
1.499258648615556311e+01 9.260000000000000453e-01
9.988642344434833120e+00 1.213999999999999968e+00
1.660924536271149421e+01 9.579999999999999627e-01
5.148288684270360349e+00 8.870000000000000107e-01
3.801072953807089316e+00 1.197000000000000064e+00
9.719199198342177937e+00 8.679999999999999938e-01
1.864931489741302073e+01 1.008000000000000007e+00
1.386669905426840010e+01 1.056999999999999940e+00
9.093706180627087576e+00 8.479999999999999760e-01
6.890046164369305615e+00 1.022000000000000020e+00
9.921281557911669324e+00 8.810000000000000053e-01
2.704054430429852829e+00 8.729999999999999982e-01
5.359994013343160724e+00 1.229000000000000092e+00
5.610191220429197045e+00 1.090999999999999970e+00
1.168228497701723434e+01 8.359999999999999654e-01
6.485881445230323727e+00 1.038000000000000034e+00
3.839564831820325264e+00 1.131000000000000005e+00
1.393405984079156568e+01 9.140000000000000346e-01
3.733712167283925076e+00 9.120000000000000329e-01
6.447389567217088668e+00 9.250000000000000444e-01
1.612809688754603599e+01 9.489999999999999547e-01
8.939738668574142011e+00 8.519999999999999796e-01
1.112415274582530778e+01 1.038999999999999924e+00
1.106641492880544808e+00 8.579999999999999849e-01
5.744912793475525525e+00 1.080999999999999961e+00
