1.663892747991182830e+01 9.240000000000000435e-01
4.167016864496307704e+00 9.240000000000000435e-01
1.156857129514009941e+01 9.799999999999999822e-01
5.915415548900353926e+00 1.312000000000000055e+00
6.061115439267354965e+00 1.296000000000000041e+00
5.274336031285535853e+00 9.469999999999999529e-01
1.002415245724985837e+01 9.989999999999999991e-01
3.467657390734689482e+00 1.074000000000000066e+00
9.791032632662652446e+00 9.180000000000000382e-01
1.188911105394750756e+01 9.140000000000000346e-01
3.030557719633677483e+00 9.569999999999999618e-01
1.040297217220406978e+01 9.559999999999999609e-01
8.829413356240428001e+00 1.012999999999999901e+00
