5.586743703188740362e+00 1.000000000000000000e+00
4.659685796109385159e+00 1.000000000000000000e+00
7.148104388796073572e+00 1.000000000000000000e+00
4.220553103282322027e+00 1.000000000000000000e+00
1.561360685607333210e+01 1.000000000000000000e+00
6.416216567417635908e+00 1.000000000000000000e+00
3.757024149742646202e+00 1.000000000000000000e+00
2.078561412714762824e+01 1.000000000000000000e+00
8.294728642288959009e+00 1.000000000000000000e+00
1.205175279203160343e+01 1.000000000000000000e+00
