1.050259023678058590e+01 1.000000000000000000e+00
4.938209772578402657e+00 1.000000000000000000e+00
1.632313143846522507e+01 2.000000000000000000e+00
8.702349498362229596e+00 1.000000000000000000e+00
4.995134380907837013e+00 1.000000000000000000e+00
2.099094932147879788e+00 2.000000000000000000e+00
2.639878711277503509e+00 1.000000000000000000e+00
9.435253830603693714e+00 1.000000000000000000e+00
4.461466177819392698e+00 1.000000000000000000e+00
4.838591708001892755e+00 1.000000000000000000e+00
2.803536960224625840e+00 1.000000000000000000e+00
6.702872630790857933e+00 1.000000000000000000e+00
2.718150047730474750e+00 1.000000000000000000e+00
5.955737146467035892e+00 2.000000000000000000e+00
9.890650697239168565e+00 1.000000000000000000e+00
8.652540466073975978e+00 1.000000000000000000e+00
5.749385441272838904e+00 1.000000000000000000e+00
1.165531355545162384e+01 1.000000000000000000e+00
