8.357345711451335646e+00 1.000000000000000000e+00
2.633088418712492640e+01 1.000000000000000000e+00
6.608947027047291201e+00 1.000000000000000000e+00
1.538590842275559822e+01 1.000000000000000000e+00
2.066607244965581458e+01 1.000000000000000000e+00
1.328783000147074489e+01 1.000000000000000000e+00
1.563068423857216338e+01 1.000000000000000000e+00
1.087503981699315858e+01 1.000000000000000000e+00
2.587630052917987200e+00 1.000000000000000000e+00
2.832405868734554133e+01 1.000000000000000000e+00
1.584049208070065085e+01 1.000000000000000000e+00
2.332363844994996072e+01 1.000000000000000000e+00
8.112569895634770489e+00 2.000000000000000000e+00
1.279827836983760925e+01 1.000000000000000000e+00
1.465158097530589920e+01 1.000000000000000000e+00
1.528100450169135627e+01 1.000000000000000000e+00
8.007665974570526757e+00 1.000000000000000000e+00
2.881361031897867164e+01 2.000000000000000000e+00
1.276331039614953156e+01 1.000000000000000000e+00
1.503622868587478845e+00 1.000000000000000000e+00
2.126052800235319040e+01 2.000000000000000000e+00
6.783786895487694757e+00 1.000000000000000000e+00
2.035136068646308871e+01 1.000000000000000000e+00
7.273338527120825958e+00 2.000000000000000000e+00
1.370744568572771449e+01 2.000000000000000000e+00
9.476320869469924801e+00 2.000000000000000000e+00
2.433770968690431147e+01 1.000000000000000000e+00
7.378242448185072355e+00 1.000000000000000000e+00
1.136459144862629422e+01 1.000000000000000000e+00
2.601617242393219342e+01 1.000000000000000000e+00
1.552578031750791965e+01 1.000000000000000000e+00
2.377822210789501511e+01 2.000000000000000000e+00
2.556158876598714613e+01 1.000000000000000000e+00
3.951381026753141956e+00 2.000000000000000000e+00
1.923238552844449956e+01 1.000000000000000000e+00
2.454751752903279538e+01 1.000000000000000000e+00
1.318292608040650116e+01 1.000000000000000000e+00
1.206395092238791378e+01 1.000000000000000000e+00
8.497217606203658846e+00 1.000000000000000000e+00
1.912748160738025405e+01 2.000000000000000000e+00
5.594875790092944667e-01 1.000000000000000000e+00
1.164433523813094240e+01 2.000000000000000000e+00
1.024561629060770507e+01 1.000000000000000000e+00
6.189331342790319823e+00 1.000000000000000000e+00
4.510868605762436978e+00 2.000000000000000000e+00
6.434107158606885868e+00 1.000000000000000000e+00
1.174923915919518613e+01 1.000000000000000000e+00
1.496629273849862507e+01 2.000000000000000000e+00
1.608526789651721245e+01 1.000000000000000000e+00
2.650572405556533084e+01 1.000000000000000000e+00
1.447674110686549476e+01 2.000000000000000000e+00
1.465158097530589920e+01 1.000000000000000000e+00
1.776373063354509796e+01 1.000000000000000000e+00
2.342854237101420978e+01 1.000000000000000000e+00
1.258847052770912356e+01 1.000000000000000000e+00
1.699443521240731769e+01 1.000000000000000000e+00
2.395306197633542311e+01 2.000000000000000000e+00
2.507203713435401227e+01 1.000000000000000000e+00
1.307802215934225920e+01 1.000000000000000000e+00
8.532185579891740090e+00 1.000000000000000000e+00
1.577055613332448836e+01 1.000000000000000000e+00
1.573558815963640445e+00 1.000000000000000000e+00
2.087588029178430205e+01 1.000000000000000000e+00
3.252021552991524800e+01 1.000000000000000000e+00
2.276415087094067147e+01 2.000000000000000000e+00
3.056200900338271964e+01 1.000000000000000000e+00
3.321957500367686578e+01 1.000000000000000000e+00
