2.784765392954086849e+01 1.000000000000000000e+00
2.788458715756413397e+01 1.000000000000000000e+00
3.420016914954223353e+01 1.000000000000000000e+00
1.950074439628325251e+01 2.000000000000000000e+00
1.148623391523502413e+01 2.000000000000000000e+00
3.287057294070473290e+01 1.000000000000000000e+00
2.023940895674853380e+01 2.000000000000000000e+00
3.109777799558807843e+01 1.000000000000000000e+00
2.241846941012109085e+01 1.000000000000000000e+00
2.869711817407593202e+01 1.000000000000000000e+00
4.358120906745122092e+00 1.000000000000000000e+00
4.605573534500990007e+01 1.000000000000000000e+00
2.031327541279506477e+01 1.000000000000000000e+00
2.921418336640162750e+01 1.000000000000000000e+00
3.508656662210055899e+00 1.000000000000000000e+00
2.478219600360997177e+01 1.000000000000000000e+00
4.764386415001023778e+00 1.000000000000000000e+00
1.791261559128291836e+01 1.000000000000000000e+00
4.158681475419498241e+01 1.000000000000000000e+00
5.436571165024426477e+01 1.000000000000000000e+00
5.720957020803557924e+01 1.000000000000000000e+00
9.454906373955520138e+00 1.000000000000000000e+00
4.147601507012519306e+01 2.000000000000000000e+00
3.829975746012451765e+01 1.000000000000000000e+00
3.224270806430925518e+01 1.000000000000000000e+00
1.462555829721244649e+01 1.000000000000000000e+00
3.674856188314743122e+01 1.000000000000000000e+00
4.764386415001024488e+01 1.000000000000000000e+00
3.700709447931028251e+01 1.000000000000000000e+00
2.374806561895858792e+01 1.000000000000000000e+00
1.573355513791035420e+01 1.000000000000000000e+00
2.212300358593498473e+01 2.000000000000000000e+00
1.170783328337460460e+01 1.000000000000000000e+00
4.140214861407866920e+01 2.000000000000000000e+00
2.271393523430720052e+01 1.000000000000000000e+00
5.355318063373245252e+01 1.000000000000000000e+00
3.283363971268146742e+01 1.000000000000000000e+00
3.035911343512280425e+01 1.000000000000000000e+00
3.209497515221620745e+01 1.000000000000000000e+00
3.043297989116933167e+01 1.000000000000000000e+00
3.663776219907764187e+01 1.000000000000000000e+00
