3.090193023597846977e-01 1.000000000000000000e+00
4.461466177819391810e+00 1.000000000000000000e+00
9.502343547563382842e+00 1.000000000000000000e+00
1.236077209439138791e+01 1.000000000000000000e+00
4.654603241794257329e+00 1.000000000000000000e+00
8.536658227689054357e+00 1.000000000000000000e+00
2.105193997326033628e+00 1.000000000000000000e+00
5.967935276823342683e+00 1.000000000000000000e+00
6.740483532722803872e+00 1.000000000000000000e+00
4.886367718564096130e+00 1.000000000000000000e+00
1.670635603382586609e+01 1.000000000000000000e+00
1.718919869376302367e+00 1.000000000000000000e+00
8.111756686944350037e+00 1.000000000000000000e+00
7.339208431044887071e+00 1.000000000000000000e+00
6.856365771107723717e+00 1.000000000000000000e+00
6.450777936760506925e+00 1.000000000000000000e+00
7.879992210174510348e+00 1.000000000000000000e+00
1.653253267624848277e+01 2.000000000000000000e+00
1.585655295233645745e+01 1.000000000000000000e+00
3.669604215522443535e+00 1.000000000000000000e+00
1.149165530650449618e+01 1.000000000000000000e+00
5.369210378501259484e+00 1.000000000000000000e+00
2.877742253225495261e+00 1.000000000000000000e+00
5.427151497693718518e+00 1.000000000000000000e+00
8.246952631726756522e+00 1.000000000000000000e+00
9.096755713216163386e+00 2.000000000000000000e+00
8.015188154956916833e+00 1.000000000000000000e+00
1.763341394090521774e+01 1.000000000000000000e+00
9.985186207500547084e+00 1.000000000000000000e+00
8.942246062036272036e+00 1.000000000000000000e+00
9.830676556320652182e+00 1.000000000000000000e+00
1.243802691998133625e+01 1.000000000000000000e+00
5.137445901731420683e+00 1.000000000000000000e+00
4.364897645831959494e+00 1.000000000000000000e+00
8.420775989304134512e+00 1.000000000000000000e+00
2.047252878133573706e+00 1.000000000000000000e+00
2.916369666020468099e+00 1.000000000000000000e+00
3.611663096329984057e+00 1.000000000000000000e+00
1.286292846072604057e+01 1.000000000000000000e+00
7.339208431044887071e+00 1.000000000000000000e+00
1.678361085941581621e+01 1.000000000000000000e+00
2.066566584531060347e+00 1.000000000000000000e+00
5.388524084898747013e+00 1.000000000000000000e+00
6.585973881542911634e+00 2.000000000000000000e+00
1.108606747215727673e+01 1.000000000000000000e+00
8.304893750919214668e+00 1.000000000000000000e+00
1.263116398395620088e+01 1.000000000000000000e+00
5.813425625643450445e+00 1.000000000000000000e+00
2.089743032208044937e+01 1.000000000000000000e+00
7.706168852597131469e+00 1.000000000000000000e+00
7.223326192659968115e+00 1.000000000000000000e+00
5.581661148873611644e+00 1.000000000000000000e+00
5.311269259308801338e+00 1.000000000000000000e+00
1.392518231258780226e+01 1.000000000000000000e+00
8.440089695701621153e+00 1.000000000000000000e+00
1.245734062637882467e+01 1.000000000000000000e+00
6.701856119927831479e+00 1.000000000000000000e+00
4.867054012166609489e+00 1.000000000000000000e+00
1.073842075700251897e+01 2.000000000000000000e+00
8.150384099739323318e+00 1.000000000000000000e+00
1.518057322842442858e+01 1.000000000000000000e+00
6.894993183902696998e+00 1.000000000000000000e+00
1.873429520556195271e+01 1.000000000000000000e+00
8.845677530048838832e+00 1.000000000000000000e+00
6.952934303095156032e+00 1.000000000000000000e+00
3.669604215522443535e+00 2.000000000000000000e+00
1.268910510314865725e+01 1.000000000000000000e+00
6.914306890300181863e+00 1.000000000000000000e+00
3.206075261982766378e+00 1.000000000000000000e+00
1.361616301022801601e+01 2.000000000000000000e+00
