3.361940260980026185e+00 1.000000000000000000e+00
8.168681295273781728e+00 1.000000000000000000e+00
6.932265248880302266e+00 1.000000000000000000e+00
7.793588786817332803e+00 1.000000000000000000e+00
1.046091329139652970e+01 1.000000000000000000e+00
3.987094441740774542e+00 2.000000000000000000e+00
7.918619622969483629e+00 1.000000000000000000e+00
5.556926051206654726e+00 1.000000000000000000e+00
4.362186950197223467e+00 2.000000000000000000e+00
4.209371483789040802e+00 1.000000000000000000e+00
5.126264282238139458e+00 1.000000000000000000e+00
8.057542774249649042e+00 1.000000000000000000e+00
4.806741034293755988e+00 2.000000000000000000e+00
6.835019042984185944e+00 1.000000000000000000e+00
7.432388593488900241e+00 1.000000000000000000e+00
6.098726341199303569e+00 1.000000000000000000e+00
6.793342097600135077e+00 1.000000000000000000e+00
6.404357274015668899e+00 1.000000000000000000e+00
1.415626911544895528e+01 1.000000000000000000e+00
7.418496278360885654e+00 1.000000000000000000e+00
9.710728274483628297e+00 2.000000000000000000e+00
5.445787530182521152e+00 1.000000000000000000e+00
6.223757177351453507e+00 2.000000000000000000e+00
7.779696471689317328e+00 1.000000000000000000e+00
8.904973997058663215e+00 1.000000000000000000e+00
4.751171773781690533e+00 1.000000000000000000e+00
4.681710198141606050e+00 1.000000000000000000e+00
2.208878105354645349e+00 1.000000000000000000e+00
6.612742000935918796e+00 2.000000000000000000e+00
6.973942194264351357e+00 1.000000000000000000e+00
1.397566901878473722e+01 1.000000000000000000e+00
3.750925084564491474e+00 1.000000000000000000e+00
1.750431706130096643e+01 1.000000000000000000e+00
5.279079748646321235e+00 2.000000000000000000e+00
6.765557467344101461e+00 1.000000000000000000e+00
6.612742000935918796e+00 1.000000000000000000e+00
5.626387626846738321e+00 1.000000000000000000e+00
1.874073310769444944e+01 1.000000000000000000e+00
3.334155630723993013e+00 1.000000000000000000e+00
